3	+	1	1512
4	+	1	1682
126	+	3	1908
127	+	4	1682
128	+	5	1525
183	+	9	1940
184	+	10	1908
337	+	18	1512
553	+	22	1512
554	+	22	2255
624	+	25	1525
625	+	25	1557
626	+	25	2211
629	+	30	1554
630	+	30	1897
631	+	30	1904
632	+	30	2211
699	+	36	1584
733	+	38	1940
740	+	40	1643
832	+	50	1643
833	+	51	1525
834	+	52	1580
835	+	53	1908
836	+	53	1972
910	+	56	2255
920	+	59	1885
972	+	61	1546
1029	+	63	75
1030	+	63	259
1031	+	63	524
1032	+	63	764
1033	+	63	774
1034	+	63	783
1035	+	63	981
1036	+	63	1203
1037	+	63	1268
1038	+	63	1422
1039	+	63	1451
1040	+	63	1481
1041	+	63	1484
1042	+	63	1487
1043	+	63	1666
1044	+	63	1689
1045	+	63	1694
1046	+	63	1697
1047	+	63	1718
1048	+	63	1792
1049	+	63	1868
1050	+	63	1939
1051	+	63	1992
1052	+	63	2003
1053	+	63	2015
1054	+	63	2029
1055	+	63	2036
1056	+	63	2067
1057	+	63	2180
1058	+	63	2292
1059	+	63	2318
1060	+	63	2362
1061	+	63	2670
1062	+	63	2758
1063	+	63	2925
1064	+	63	2934
1065	+	63	3123
1066	+	63	3151
1067	+	63	3157
1068	+	63	3246
1069	+	63	3326
1070	+	63	3419
1071	+	63	3589
1072	+	63	3695
1073	+	63	3696
1074	+	63	3728
1075	+	63	3832
1076	+	63	3907
1077	+	63	3921
1078	+	63	3942
1079	+	63	3963
1080	+	63	4003
1081	+	63	4057
1082	+	63	4107
1083	+	63	4136
1084	+	63	4160
1085	+	63	4277
1086	+	63	4286
1087	+	63	4287
1088	+	63	4301
1089	+	63	4321
1090	+	63	4322
1091	+	63	4363
1092	+	63	4486
1093	+	63	4494
1094	+	63	4517
1095	+	63	4683
1096	+	63	4703
1097	+	63	4721
1098	+	63	4731
1099	+	63	4765
1100	+	63	4776
1101	+	63	4797
1102	+	63	4807
1103	+	63	4839
1104	+	63	4868
1105	+	63	4884
1106	+	63	5000
1107	+	63	5007
1205	+	67	1593
1206	+	69	1548
1346	+	78	1512
1347	+	78	1540
1516	+	86	2188
1517	+	88	1686
1519	+	89	1560
1555	+	91	1987
1556	+	93	1525
1557	+	93	1534
1558	+	93	1549
1559	+	93	1580
1560	+	94	1647
1619	+	97	1987
1620	+	104	1908
1621	+	104	2211
1622	+	106	1512
1623	+	106	1540
1626	+	114	1635
1627	+	114	1675
1628	+	116	1552
1629	+	117	1940
1630	+	119	1824
1631	+	119	2145
1632	+	120	1824
1633	+	121	1635
1691	+	125	2255
1692	+	127	1670
1711	+	131	1635
1712	+	132	2255
1713	+	134	2255
1726	+	138	2255
1727	+	140	1512
1728	+	140	2255
1730	+	145	1525
1731	+	145	1536
1732	+	145	1580
1733	+	145	1908
1734	+	145	1972
1735	+	145	2851
1736	+	146	1635
1737	+	147	1540
1738	+	150	1512
1739	+	155	1546
1740	+	155	1560
1741	+	157	226
1742	+	157	235
1743	+	157	323
1744	+	157	377
1745	+	157	704
1746	+	157	726
1747	+	157	862
1748	+	157	922
1749	+	157	993
1750	+	157	1125
1751	+	157	1145
1752	+	157	1189
1753	+	157	1690
1754	+	157	1695
1755	+	157	1699
1756	+	157	1988
1757	+	157	1994
1758	+	157	2037
1759	+	157	2093
1760	+	157	2331
1761	+	157	3601
1762	+	157	3730
1763	+	157	4219
1764	+	157	4603
1765	+	157	4961
1766	+	158	1824
1767	+	160	1940
1768	+	161	1731
1769	+	165	1940
1770	+	166	1908
1771	+	167	1518
1812	+	170	1682
1813	+	171	1580
1814	+	171	1595
1815	+	176	2248
1816	+	177	1548
1817	+	177	1703
1818	+	177	2043
1819	+	177	2771
1820	+	177	4128
1821	+	179	1557
1826	+	184	2806
1827	+	186	1647
1828	+	190	1952
1829	+	190	3958
1830	+	191	1635
1831	+	196	1144
1832	+	196	1824
1833	+	196	2255
1834	+	200	1548
1835	+	200	1703
1836	+	200	1746
1837	+	200	3348
1838	+	202	1824
1839	+	204	2152
1840	+	209	2255
1841	+	210	1608
1842	+	210	1627
1843	+	210	1635
1844	+	210	1675
1849	+	219	2255
1850	+	219	4104
1851	+	220	1991
1853	+	224	1548
1854	+	225	1548
1855	+	225	1593
1856	+	225	1703
1857	+	226	1675
1858	+	227	1525
1859	+	227	1908
1860	+	231	1511
1861	+	231	1525
1862	+	231	1534
1863	+	232	1700
1864	+	233	1719
1865	+	234	1530
1866	+	234	1641
1867	+	235	1608
1868	+	235	1675
1869	+	237	2043
1870	+	238	1885
1871	+	241	1635
1872	+	244	1682
1873	+	244	1793
1874	+	247	1557
1875	+	249	2966
1876	+	250	1512
1877	+	250	1824
1879	+	252	1525
1880	+	252	1534
1881	+	252	1557
1902	+	256	1709
1903	+	257	1540
1904	+	258	1516
1905	+	260	1746
1906	+	261	1540
1907	+	262	1540
1908	+	263	1512
1934	+	266	1514
1935	+	266	1525
1936	+	266	1580
1937	+	266	1647
1938	+	266	2367
1940	+	270	1512
1941	+	270	2255
1942	+	271	1512
1943	+	271	1540
1944	+	271	1566
1945	+	271	1824
1946	+	271	1991
1947	+	271	2152
1948	+	273	1540
1949	+	276	1144
1950	+	276	4104
1951	+	278	1652
1952	+	280	2299
1953	+	282	2255
1954	+	282	4104
1955	+	284	1540
1956	+	285	1144
1957	+	285	1652
1958	+	285	2255
1959	+	291	1538
1960	+	291	1686
1961	+	293	2211
1989	+	300	2211
2000	+	308	1580
2001	+	310	1700
2002	+	312	1940
2003	+	314	1782
2004	+	315	2108
2005	+	318	1719
2006	+	320	1885
2007	+	323	1608
2008	+	323	1635
2009	+	324	1608
2010	+	325	2248
2011	+	326	1546
2012	+	326	1560
2013	+	328	1422
2014	+	328	1534
2015	+	328	1548
2016	+	328	1593
2017	+	328	1703
2018	+	328	1719
2019	+	328	2103
2020	+	333	1534
2021	+	333	1580
2022	+	335	1647
2023	+	337	1682
2024	+	339	1908
2025	+	349	1546
2026	+	349	1560
2027	+	349	1729
2028	+	350	1608
2029	+	350	1635
2030	+	351	1647
2031	+	356	1512
2032	+	357	1706
2033	+	358	1635
2034	+	359	1940
2035	+	362	1566
2049	+	366	1897
2050	+	369	1824
2051	+	372	1647
2052	+	374	1647
2053	+	377	1516
2054	+	377	1608
2055	+	377	1635
2056	+	379	2255
2057	+	380	1897
2058	+	383	1512
2059	+	383	1540
2060	+	383	1824
2061	+	383	1991
2062	+	383	2211
2063	+	384	2108
2064	+	385	1518
2065	+	389	1675
2066	+	390	1940
2067	+	391	1675
2068	+	394	1516
2069	+	394	1746
2070	+	395	1569
2071	+	402	1518
2072	+	403	1557
2073	+	404	1512
2074	+	404	2299
2075	+	407	2211
2076	+	408	1144
2077	+	410	1144
2078	+	410	1512
2079	+	410	1540
2080	+	410	1566
2081	+	410	1682
2082	+	411	1525
2083	+	412	1554
2084	+	413	1700
2091	+	415	1197
2092	+	421	1779
2093	+	424	2771
2094	+	427	1779
2095	+	428	1940
2097	+	431	1478
2098	+	431	1548
2099	+	431	1686
2100	+	431	1703
2101	+	431	1746
2102	+	431	2043
2103	+	431	2771
2105	+	434	1478
2106	+	434	1548
2107	+	434	1700
2108	+	434	1703
2109	+	434	1746
2110	+	438	1528
2111	+	439	1608
2112	+	439	1675
2113	+	445	1516
2114	+	445	1586
2115	+	445	1746
2116	+	446	1940
2117	+	447	1144
2118	+	450	1897
2119	+	453	1560
2120	+	454	1560
2121	+	456	1647
2122	+	458	1548
2123	+	458	2043
2124	+	459	1790
2125	+	459	2211
2126	+	461	1534
2127	+	462	1516
2128	+	465	1512
2129	+	465	1793
2130	+	466	1144
2131	+	468	1534
2132	+	469	1635
2133	+	469	1885
2134	+	470	1534
2135	+	470	1580
2136	+	470	1972
2137	+	471	1908
2138	+	473	1512
2139	+	473	1682
2140	+	475	1557
2141	+	475	1866
2142	+	476	1779
2143	+	476	1908
2144	+	476	2211
2145	+	485	1522
2146	+	485	1532
2147	+	485	1573
2148	+	485	1664
2149	+	486	1540
2150	+	488	1512
2151	+	488	1540
2152	+	493	1540
2153	+	493	1682
2154	+	493	1824
2155	+	497	1908
2156	+	500	1532
2157	+	500	1573
2158	+	500	1618
2159	+	501	1675
2160	+	503	1144
2161	+	503	1824
2162	+	505	1144
2163	+	509	1144
2164	+	509	1824
2165	+	510	1518
2166	+	511	1549
2167	+	512	1643
2168	+	513	1580
2169	+	515	1675
2170	+	522	1793
2177	+	527	1540
2178	+	528	1540
2179	+	533	1532
2180	+	533	1608
2181	+	533	1635
2182	+	534	1546
2183	+	534	1635
2184	+	549	1580
2185	+	550	1559
2186	+	550	1627
2187	+	550	1885
2188	+	552	1516
2189	+	554	2108
2190	+	556	1552
2191	+	556	2108
2192	+	558	1549
2193	+	560	1530
2194	+	562	1540
2195	+	563	1908
2196	+	564	1897
2197	+	566	1866
2198	+	569	1987
2199	+	569	2108
2200	+	573	1209
2201	+	573	1514
2202	+	573	1525
2203	+	573	1580
2204	+	573	1595
2205	+	573	1972
2206	+	573	2301
2207	+	573	2367
2208	+	574	1525
2209	+	574	1908
2210	+	574	2108
2211	+	574	2851
2212	+	575	1514
2213	+	576	2108
2214	+	577	1512
2215	+	579	2255
2216	+	579	2299
2217	+	579	4104
2218	+	581	1908
2219	+	581	2851
2220	+	588	2112
2221	+	590	1525
2222	+	590	1534
2223	+	590	1549
2224	+	590	1580
2225	+	591	1682
2226	+	593	1144
2227	+	596	1608
2228	+	597	1608
2229	+	599	1608
2230	+	603	1569
2231	+	603	1586
2232	+	603	1866
2233	+	603	1972
2234	+	603	2108
2235	+	603	2367
2236	+	605	1700
2237	+	607	1560
2238	+	608	1540
2239	+	610	1635
2242	+	616	1540
2243	+	618	1512
2244	+	619	1793
2246	+	626	1635
2247	+	628	1647
2248	+	630	1522
2249	+	630	1532
2250	+	630	1573
2251	+	631	1573
2252	+	632	1512
2253	+	632	1793
2254	+	633	1512
2255	+	635	1548
2256	+	635	1703
2257	+	636	1512
2258	+	636	2255
2259	+	639	1512
2260	+	640	1518
2261	+	641	1144
2262	+	642	1548
2263	+	649	1608
2264	+	649	1675
2265	+	650	1552
2266	+	653	1209
2267	+	653	1514
2268	+	653	1525
2269	+	653	1534
2270	+	653	2301
2271	+	653	2367
2272	+	654	1514
2273	+	654	2367
2274	+	659	1548
2275	+	660	1548
2276	+	661	1548
2277	+	662	1700
2278	+	666	2012
2279	+	668	1209
2280	+	669	2108
2281	+	673	1144
2282	+	675	1700
2283	+	677	1655
2284	+	677	1987
2285	+	677	2001
2286	+	681	1655
2287	+	683	1144
2288	+	684	1144
2289	+	686	1534
2290	+	686	1555
2291	+	686	1580
2292	+	686	1595
2293	+	686	1647
2294	+	686	1719
2295	+	686	1824
2296	+	686	1950
2297	+	692	1647
2298	+	695	1897
2299	+	697	1566
2300	+	698	1779
2301	+	700	1144
2302	+	701	1540
2303	+	701	1566
2304	+	704	1546
2305	+	704	1608
2306	+	704	1675
2312	+	711	1987
2313	+	714	1908
2314	+	714	3363
2315	+	717	1580
2323	+	720	1516
2324	+	723	1560
2325	+	724	1512
2326	+	725	1144
2327	+	726	1573
2328	+	738	1557
2329	+	740	1635
2330	+	743	1525
2331	+	748	1779
2332	+	749	1522
2333	+	749	1573
2334	+	749	1618
2335	+	750	1552
2336	+	752	1897
2339	+	754	1682
2340	+	755	1552
2341	+	755	1557
2342	+	759	2108
2343	+	762	1908
2344	+	762	2108
2345	+	765	2108
2346	+	767	1525
2347	+	767	1534
2348	+	767	1580
2352	+	769	2649
2353	+	771	1525
2354	+	771	1534
2355	+	772	1655
2356	+	772	1987
2357	+	772	2108
2358	+	773	1209
2359	+	773	1514
2360	+	773	1525
2361	+	773	1534
2362	+	773	1972
2363	+	773	2301
2364	+	773	2367
2365	+	775	1866
2366	+	780	1593
2367	+	785	1144
2368	+	787	1516
2369	+	792	1635
2370	+	794	1512
2373	+	797	1552
2375	+	817	1560
2376	+	818	1548
2377	+	818	1703
2378	+	819	1593
2379	+	824	2367
2380	+	825	1525
2381	+	827	2310
2382	+	828	1516
2383	+	831	1546
2384	+	831	1560
2385	+	831	1635
2386	+	834	1802
2387	+	844	1525
2388	+	845	1144
2389	+	845	1540
2390	+	848	1144
2391	+	850	1779
2392	+	850	1908
2393	+	851	1782
2394	+	851	2255
2395	+	854	1534
2396	+	854	1672
2397	+	854	2108
2398	+	861	1525
2399	+	861	1534
2403	+	866	1643
2404	+	866	2255
2405	+	867	1478
2406	+	867	1548
2407	+	867	1655
2408	+	867	2043
2409	+	869	1516
2410	+	869	1675
2411	+	870	1675
2412	+	871	1566
2413	+	875	2301
2414	+	876	1635
2415	+	877	1908
2416	+	884	1608
2418	+	888	1477
2419	+	888	1478
2420	+	888	1746
2421	+	888	2043
2422	+	892	1525
2423	+	892	1580
2424	+	892	1908
2425	+	896	1548
2426	+	896	2365
2427	+	897	1522
2428	+	899	1908
2429	+	900	1779
2430	+	904	1593
2431	+	906	1779
2432	+	906	1908
2433	+	906	2211
2434	+	910	1580
2435	+	911	1700
2436	+	912	1908
2437	+	916	1670
2438	+	919	1548
2439	+	919	1703
2440	+	919	1711
2441	+	921	1476
2442	+	921	1608
2443	+	921	1675
2444	+	921	1686
2445	+	922	1573
2446	+	924	1664
2447	+	925	1511
2448	+	927	1209
2449	+	927	1525
2450	+	927	1534
2451	+	927	1719
2452	+	927	1829
2453	+	929	1908
2454	+	929	3363
2455	+	930	1580
2456	+	930	1908
2457	+	930	1972
2458	+	931	1580
2459	+	931	1908
2460	+	931	1972
2461	+	931	2851
2462	+	934	1580
2463	+	935	1511
2464	+	937	1522
2465	+	937	1532
2466	+	937	1573
2467	+	939	1573
2468	+	941	1525
2469	+	941	1534
2470	+	941	1719
2471	+	941	1987
2472	+	941	2108
2473	+	941	2301
2474	+	941	3363
2475	+	944	1522
2476	+	944	1532
2477	+	944	1573
2478	+	949	1516
2479	+	949	1635
2480	+	949	1675
2481	+	953	1534
2482	+	954	1534
2483	+	954	1672
2484	+	954	2108
2485	+	955	1534
2486	+	955	1672
2487	+	955	2108
2488	+	957	1682
2489	+	958	1512
2490	+	958	1566
2491	+	966	1608
2492	+	966	1635
2493	+	966	1675
2494	+	967	1540
2495	+	968	1477
2496	+	968	1516
2497	+	968	1601
2498	+	969	1746
2499	+	970	1511
2500	+	971	1144
2501	+	973	1540
2502	+	973	1991
2503	+	974	1643
2504	+	975	1682
2505	+	977	1643
2506	+	981	1987
2507	+	986	1534
2508	+	987	1525
2509	+	988	1478
2510	+	988	1743
2511	+	990	1512
2512	+	993	1573
2513	+	994	1743
2514	+	997	1635
2515	+	998	1580
2517	+	999	1477
2518	+	999	1511
2519	+	999	1601
2520	+	1000	1512
2521	+	1008	1897
2522	+	1011	1662
2523	+	1015	1522
2524	+	1015	1532
2525	+	1015	1573
2526	+	1015	1635
2527	+	1023	1682
2528	+	1023	2152
2529	+	1027	1549
2530	+	1027	1987
2531	+	1028	1549
2532	+	1031	2108
2536	+	1037	1573
2537	+	1040	1573
2538	+	1042	1802
2539	+	1043	1554
2540	+	1043	1904
2541	+	1045	1209
2542	+	1045	1987
2543	+	1046	1731
2544	+	1046	2649
2545	+	1064	1573
2546	+	1067	1516
2547	+	1067	2043
2548	+	1070	1643
2549	+	1070	1940
2550	+	1076	1511
2551	+	1076	2211
2552	+	1077	1525
2553	+	1077	1534
2554	+	1077	1580
2555	+	1078	1525
2556	+	1078	1534
2557	+	1078	1972
2564	+	1084	1601
2565	+	1085	1525
2566	+	1089	1866
2567	+	1090	1987
2568	+	1096	1782
2569	+	1097	2108
2570	+	1098	1885
2571	+	1099	1422
2572	+	1109	1680
2573	+	1115	1569
2574	+	1115	1586
2575	+	1120	1549
2576	+	1120	1987
2577	+	1121	2248
2578	+	1124	1549
2579	+	1131	1608
2580	+	1136	1512
2581	+	1140	1635
2582	+	1142	1560
2583	+	1143	1560
2584	+	1143	1729
2585	+	1144	2411
2586	+	1144	2642
2587	+	1144	2767
2588	+	1144	3627
2589	+	1144	3645
2590	+	1144	3683
2591	+	1144	4235
2592	+	1144	4643
2593	+	1144	4876
2594	+	1146	4964
2595	+	1149	1549
2596	+	1150	2108
2597	+	1155	1608
2598	+	1155	1635
2599	+	1158	1512
2600	+	1158	1540
2601	+	1159	1675
2602	+	1161	1209
2603	+	1161	1512
2604	+	1161	2152
2605	+	1161	2255
2606	+	1162	1635
2607	+	1163	1987
2608	+	1172	1602
2609	+	1177	1549
2610	+	1177	1987
2611	+	1178	1632
2612	+	1180	1635
2613	+	1181	1635
2614	+	1182	1525
2615	+	1182	1557
2616	+	1182	1580
2617	+	1182	1647
2618	+	1182	2260
2619	+	1184	1512
2620	+	1186	1560
2621	+	1193	1557
2622	+	1197	1321
2623	+	1197	1483
2624	+	1197	1494
2625	+	1198	1647
2626	+	1200	1534
2627	+	1200	1761
2628	+	1203	1422
2629	+	1203	1587
2630	+	1203	1621
2631	+	1205	2301
2632	+	1209	1354
2633	+	1209	1515
2634	+	1209	1568
2635	+	1209	1938
2636	+	1209	1939
2637	+	1209	1981
2638	+	1209	2111
2639	+	1209	2221
2640	+	1209	2223
2641	+	1209	2527
2642	+	1209	3226
2643	+	1209	3476
2644	+	1209	3513
2645	+	1209	3638
2646	+	1209	3780
2647	+	1209	3810
2648	+	1209	3822
2649	+	1215	1647
2650	+	1217	1584
2651	+	1218	1569
2652	+	1218	1793
2653	+	1221	1866
2654	+	1222	1587
2655	+	1223	1530
2656	+	1227	1534
2657	+	1227	1549
2658	+	1227	1866
2659	+	1230	1560
2660	+	1234	1635
2661	+	1235	2255
2662	+	1237	1635
2663	+	1239	1647
2664	+	1241	1546
2665	+	1241	1635
2666	+	1241	1952
2667	+	1242	1560
2668	+	1244	1635
2669	+	1248	1709
2670	+	1250	1518
2671	+	1250	1621
2672	+	1252	1782
2673	+	1255	1516
2674	+	1255	1746
2675	+	1255	2043
2676	+	1260	1940
2677	+	1262	1511
2678	+	1267	1779
2679	+	1268	1534
2681	+	1281	2108
2682	+	1285	2108
2683	+	1288	1635
2684	+	1296	1885
2685	+	1297	1635
2686	+	1299	1670
2687	+	1303	1987
2688	+	1306	1560
2689	+	1308	1635
2690	+	1309	1555
2691	+	1312	1885
2692	+	1313	1560
2693	+	1313	1729
2694	+	1314	2108
2695	+	1316	1940
2696	+	1325	1573
2697	+	1325	1608
2698	+	1326	1518
2699	+	1328	2851
2702	+	1335	2806
2703	+	1339	2299
2704	+	1340	1576
2705	+	1353	1643
2706	+	1356	1540
2707	+	1358	1560
2708	+	1359	1897
2709	+	1361	1560
2710	+	1361	1729
2711	+	1364	1987
2712	+	1365	1560
2713	+	1367	1549
2714	+	1367	1987
2715	+	1370	2310
2716	+	1378	1908
2717	+	1378	2012
2718	+	1378	2211
2719	+	1380	1514
2720	+	1380	1908
2721	+	1383	1560
2723	+	1398	1885
2724	+	1399	1608
2725	+	1409	1853
2726	+	1410	1987
2727	+	1411	1675
2728	+	1414	1580
2729	+	1422	1519
2730	+	1422	1589
2731	+	1422	1622
2732	+	1422	1694
2733	+	1422	1848
2734	+	1422	1992
2735	+	1422	2039
2736	+	1422	2065
2737	+	1422	2067
2738	+	1422	2292
2739	+	1422	2318
2740	+	1422	2362
2741	+	1422	2468
2742	+	1422	2524
2743	+	1422	3088
2744	+	1422	3102
2745	+	1422	3123
2746	+	1422	3326
2747	+	1422	3637
2748	+	1422	3752
2749	+	1422	3815
2750	+	1422	3905
2751	+	1422	4126
2752	+	1422	4285
2753	+	1422	4301
2754	+	1422	4342
2755	+	1422	4343
2756	+	1422	4438
2757	+	1422	4555
2758	+	1422	4654
2759	+	1422	4694
2760	+	1422	4884
2761	+	1425	1682
2762	+	1427	1560
2763	+	1427	1635
2764	+	1430	1908
2765	+	1431	1546
2766	+	1434	1580
2767	+	1434	1595
2768	+	1434	2211
2769	+	1439	2012
2770	+	1439	2301
2771	+	1440	1635
2772	+	1440	1675
2773	+	1441	1647
2774	+	1443	1552
2775	+	1445	1866
2776	+	1446	1557
2777	+	1451	1625
2778	+	1451	1682
2779	+	1452	1897
2780	+	1453	1516
2781	+	1453	2043
2782	+	1454	1940
2783	+	1459	1540
2784	+	1463	1573
2785	+	1464	1549
2786	+	1465	1546
2787	+	1465	1560
2788	+	1465	1729
2789	+	1476	2915
2790	+	1477	1728
2791	+	1477	2366
2792	+	1477	2775
2793	+	1477	3368
2794	+	1477	4989
2795	+	1478	1977
2796	+	1478	2176
2797	+	1478	2226
2798	+	1478	2316
2799	+	1478	2442
2800	+	1478	2505
2801	+	1478	2603
2802	+	1478	2787
2803	+	1478	2995
2804	+	1478	3048
2805	+	1478	3287
2806	+	1478	3662
2807	+	1478	3682
2808	+	1478	3880
2809	+	1478	3930
2810	+	1478	4456
2811	+	1479	1555
2812	+	1480	2649
2813	+	1481	1621
2814	+	1486	1908
2815	+	1488	1908
2816	+	1500	1746
2817	+	1501	2936
2818	+	1505	1548
2819	+	1505	2108
2820	+	1509	1643
2821	+	1511	3069
2822	+	1511	3937
2823	+	1511	4033
2824	+	1511	4479
2825	+	1511	4658
2826	+	1511	4678
2827	+	1511	4701
2828	+	1511	5045
2829	+	1511	5057
2830	+	1512	1513
2831	+	1512	1527
2832	+	1512	1620
2833	+	1512	1679
2834	+	1512	1919
2835	+	1512	2006
2836	+	1512	2164
2837	+	1512	2483
2838	+	1512	2722
2839	+	1512	2780
2840	+	1512	2812
2841	+	1512	2837
2842	+	1512	3004
2843	+	1512	3053
2844	+	1512	3268
2845	+	1512	3805
2846	+	1512	3823
2847	+	1512	4020
2848	+	1512	4185
2849	+	1512	4372
2850	+	1512	4472
2851	+	1512	4533
2852	+	1512	4579
2853	+	1512	4842
2854	+	1513	1793
2855	+	1514	1515
2856	+	1514	1823
2857	+	1514	1893
2858	+	1514	1929
2859	+	1514	2157
2860	+	1514	2159
2861	+	1514	2167
2862	+	1514	2303
2863	+	1514	2360
2864	+	1514	3703
2865	+	1514	3715
2866	+	1514	3822
2867	+	1514	3996
2868	+	1514	4043
2869	+	1514	4054
2870	+	1514	4055
2871	+	1514	4066
2872	+	1514	4067
2873	+	1514	4414
2874	+	1514	4423
2875	+	1514	4535
2876	+	1514	4539
2877	+	1514	4649
2878	+	1515	1534
2879	+	1516	1517
2880	+	1516	1660
2881	+	1516	1744
2882	+	1516	1745
2883	+	1516	1784
2884	+	1516	2017
2885	+	1516	2086
2886	+	1516	2099
2887	+	1516	2264
2888	+	1516	2277
2889	+	1516	2493
2890	+	1516	2495
2891	+	1516	2528
2892	+	1516	2531
2893	+	1516	2533
2894	+	1516	2601
2895	+	1516	2605
2896	+	1516	2682
2897	+	1516	2824
2898	+	1516	2874
2899	+	1516	2886
2900	+	1516	2896
2901	+	1516	2954
2902	+	1516	3003
2903	+	1516	3008
2904	+	1516	3039
2905	+	1516	3098
2906	+	1516	3258
2907	+	1516	3454
2908	+	1516	3472
2909	+	1516	3546
2910	+	1516	3713
2911	+	1516	3729
2912	+	1516	3809
2913	+	1516	3941
2914	+	1516	4007
2915	+	1516	4013
2916	+	1516	4221
2917	+	1516	4542
2918	+	1516	4557
2919	+	1516	4566
2920	+	1516	4606
2921	+	1516	4798
2922	+	1516	4822
2923	+	1516	4918
2924	+	1516	4920
2925	+	1516	4982
2926	+	1516	5033
2927	+	1516	5064
2928	+	1518	1519
2929	+	1518	1589
2930	+	1518	1622
2931	+	1518	1848
2932	+	1518	1858
2933	+	1518	1949
2934	+	1518	2065
2935	+	1518	2452
2936	+	1518	3137
2937	+	1518	3246
2938	+	1518	3305
2939	+	1518	3752
2940	+	1518	3942
2941	+	1518	4000
2942	+	1518	4057
2943	+	1518	4092
2944	+	1518	4093
2945	+	1518	4126
2946	+	1518	4210
2947	+	1518	4285
2948	+	1518	4343
2949	+	1518	4386
2950	+	1518	4458
2951	+	1518	4483
2952	+	1518	4524
2953	+	1518	4563
2954	+	1518	4625
2955	+	1518	4657
2956	+	1518	4708
2957	+	1518	4802
2958	+	1518	4993
2959	+	1518	5011
2960	+	1519	1625
2961	+	1520	1521
2962	+	1520	4445
2963	+	1521	1587
2964	+	1522	1523
2965	+	1522	1524
2966	+	1522	1533
2967	+	1522	1543
2968	+	1522	1562
2969	+	1522	1590
2970	+	1522	1597
2971	+	1522	1610
2972	+	1522	1702
2973	+	1522	1723
2974	+	1522	1864
2975	+	1522	1926
2976	+	1522	1927
2977	+	1522	1989
2978	+	1522	1990
2979	+	1522	1993
2980	+	1522	2009
2981	+	1522	2032
2982	+	1522	2037
2983	+	1522	2052
2984	+	1522	2053
2985	+	1522	2177
2986	+	1522	2242
2987	+	1522	2348
2988	+	1522	2383
2989	+	1522	2440
2990	+	1522	2462
2991	+	1522	2466
2992	+	1522	2479
2993	+	1522	2594
2994	+	1522	2597
2995	+	1522	2752
2996	+	1522	2819
2997	+	1522	2929
2998	+	1522	2935
2999	+	1522	2991
3000	+	1522	3099
3001	+	1522	3164
3002	+	1522	3174
3003	+	1522	3396
3004	+	1522	3398
3005	+	1522	3404
3006	+	1522	3605
3007	+	1522	3711
3008	+	1522	3940
3009	+	1522	3971
3010	+	1522	4503
3011	+	1522	4973
3012	+	1522	4988
3013	+	1522	5008
3014	+	1525	1526
3015	+	1525	1542
3016	+	1525	1568
3017	+	1525	1574
3018	+	1525	1624
3019	+	1525	1649
3020	+	1525	1688
3021	+	1525	1801
3022	+	1525	1840
3023	+	1525	1859
3024	+	1525	1880
3025	+	1525	1893
3026	+	1525	1905
3027	+	1525	1906
3028	+	1525	1907
3029	+	1525	1909
3030	+	1525	1910
3031	+	1525	1912
3032	+	1525	1928
3033	+	1525	1929
3034	+	1525	1941
3035	+	1525	1974
3036	+	1525	2147
3037	+	1525	2159
3038	+	1525	2165
3039	+	1525	2167
3040	+	1525	2183
3041	+	1525	2205
3042	+	1525	2305
3043	+	1525	2307
3044	+	1525	2394
3045	+	1525	2395
3046	+	1525	2424
3047	+	1525	2428
3048	+	1525	2453
3049	+	1525	2501
3050	+	1525	2588
3051	+	1525	2611
3052	+	1525	2615
3053	+	1525	2618
3054	+	1525	2622
3055	+	1525	2629
3056	+	1525	2641
3057	+	1525	2762
3058	+	1525	2813
3059	+	1525	2863
3060	+	1525	2867
3061	+	1525	2913
3062	+	1525	2922
3063	+	1525	3006
3064	+	1525	3031
3065	+	1525	3032
3066	+	1525	3042
3067	+	1525	3056
3068	+	1525	3089
3069	+	1525	3097
3070	+	1525	3168
3071	+	1525	3171
3072	+	1525	3273
3073	+	1525	3283
3074	+	1525	3476
3075	+	1525	3759
3076	+	1525	3764
3077	+	1525	3862
3078	+	1525	3872
3079	+	1525	4692
3080	+	1528	1529
3081	+	1528	1684
3082	+	1528	1696
3083	+	1528	1971
3084	+	1528	2796
3085	+	1528	4366
3086	+	1528	4602
3087	+	1528	4933
3088	+	1528	4969
3089	+	1530	1531
3090	+	1530	1641
3091	+	1530	1642
3092	+	1530	1655
3093	+	1530	1722
3094	+	1530	1752
3095	+	1530	1760
3096	+	1530	1770
3097	+	1530	1775
3098	+	1530	1791
3099	+	1530	1795
3100	+	1530	1798
3101	+	1530	1807
3102	+	1530	1820
3103	+	1530	1821
3104	+	1530	1822
3105	+	1530	1827
3106	+	1530	1842
3107	+	1530	1847
3108	+	1530	1855
3109	+	1530	1856
3110	+	1530	1860
3111	+	1530	1861
3112	+	1530	1881
3113	+	1530	1892
3114	+	1530	1932
3115	+	1530	1953
3116	+	1530	1969
3117	+	1530	1982
3118	+	1530	1998
3119	+	1530	2083
3120	+	1530	2090
3121	+	1530	2094
3122	+	1530	2118
3123	+	1530	2155
3124	+	1530	2174
3125	+	1530	2250
3126	+	1530	2275
3127	+	1530	2304
3128	+	1530	2327
3129	+	1530	2328
3130	+	1530	2340
3131	+	1530	2344
3132	+	1530	2346
3133	+	1530	2347
3134	+	1530	2363
3135	+	1530	2390
3136	+	1530	2393
3137	+	1530	2417
3138	+	1530	2437
3139	+	1530	2443
3140	+	1530	2447
3141	+	1530	2511
3142	+	1530	2512
3143	+	1530	2640
3144	+	1530	2658
3145	+	1530	2684
3146	+	1530	2685
3147	+	1530	2690
3148	+	1530	2703
3149	+	1530	2777
3150	+	1530	2839
3151	+	1530	2846
3152	+	1530	2884
3153	+	1530	2890
3154	+	1530	2893
3155	+	1530	2903
3156	+	1530	2904
3157	+	1530	2924
3158	+	1530	2928
3159	+	1530	2968
3160	+	1530	2979
3161	+	1530	3144
3162	+	1530	3146
3163	+	1530	3178
3164	+	1530	3215
3165	+	1530	3343
3166	+	1530	3353
3167	+	1530	3369
3168	+	1530	3374
3169	+	1530	3397
3170	+	1530	3399
3171	+	1530	3425
3172	+	1530	3594
3173	+	1530	3616
3174	+	1530	3640
3175	+	1530	3831
3176	+	1530	3838
3177	+	1530	3844
3178	+	1530	3966
3179	+	1530	4035
3180	+	1530	4042
3181	+	1530	4045
3182	+	1530	4052
3183	+	1530	4077
3184	+	1530	4080
3185	+	1530	4182
3186	+	1530	4189
3187	+	1530	4194
3188	+	1530	4239
3189	+	1530	4241
3190	+	1530	4247
3191	+	1530	4248
3192	+	1530	4262
3193	+	1530	4267
3194	+	1530	4272
3195	+	1530	4279
3196	+	1530	4284
3197	+	1530	4315
3198	+	1530	4370
3199	+	1530	4383
3200	+	1530	4388
3201	+	1530	4389
3202	+	1530	4390
3203	+	1530	4501
3204	+	1530	4596
3205	+	1530	4604
3206	+	1530	4853
3207	+	1530	5049
3208	+	1530	5072
3209	+	1532	1533
3210	+	1532	1543
3211	+	1532	1562
3212	+	1532	1597
3213	+	1532	1702
3214	+	1532	1864
3215	+	1532	1888
3216	+	1532	1990
3217	+	1532	1993
3218	+	1532	2009
3219	+	1532	2037
3220	+	1532	2050
3221	+	1532	2052
3222	+	1532	2053
3223	+	1532	2242
3224	+	1532	2285
3225	+	1532	2322
3226	+	1532	2361
3227	+	1532	2383
3228	+	1532	2479
3229	+	1532	2523
3230	+	1532	2593
3231	+	1532	2761
3232	+	1532	2819
3233	+	1532	2935
3234	+	1532	2993
3235	+	1532	3016
3236	+	1532	3020
3237	+	1532	3398
3238	+	1532	3540
3239	+	1532	3711
3240	+	1532	3971
3241	+	1533	1573
3242	+	1534	1535
3243	+	1534	1582
3244	+	1534	1666
3245	+	1534	1685
3246	+	1534	1727
3247	+	1534	1744
3248	+	1534	1745
3249	+	1534	1781
3250	+	1534	1804
3251	+	1534	1823
3252	+	1534	1857
3253	+	1534	1874
3254	+	1534	1889
3255	+	1534	1905
3256	+	1534	1983
3257	+	1534	2041
3258	+	1534	2059
3259	+	1534	2073
3260	+	1534	2082
3261	+	1534	2137
3262	+	1534	2233
3263	+	1534	2266
3264	+	1534	2290
3265	+	1534	2297
3266	+	1534	2305
3267	+	1534	2307
3268	+	1534	2314
3269	+	1534	2320
3270	+	1534	2354
3271	+	1534	2425
3272	+	1534	2501
3273	+	1534	2542
3274	+	1534	2566
3275	+	1534	2618
3276	+	1534	2629
3277	+	1534	2713
3278	+	1534	2715
3279	+	1534	2745
3280	+	1534	2836
3281	+	1534	2856
3282	+	1534	2967
3283	+	1534	2969
3284	+	1534	2974
3285	+	1534	2986
3286	+	1534	3006
3287	+	1534	3013
3288	+	1534	3034
3289	+	1534	3042
3290	+	1534	3056
3291	+	1534	3102
3292	+	1534	3190
3293	+	1534	3200
3294	+	1534	3202
3295	+	1534	3210
3296	+	1534	3217
3297	+	1534	3228
3298	+	1534	3257
3299	+	1534	3452
3300	+	1534	3629
3301	+	1534	3648
3302	+	1534	3658
3303	+	1534	3664
3304	+	1534	3666
3305	+	1534	3671
3306	+	1534	3672
3307	+	1534	3679
3308	+	1534	3703
3309	+	1534	3704
3310	+	1534	3783
3311	+	1534	3845
3312	+	1534	3846
3313	+	1534	3849
3314	+	1534	3850
3315	+	1534	3856
3316	+	1534	3857
3317	+	1534	3858
3318	+	1534	3859
3319	+	1534	3877
3320	+	1534	3884
3321	+	1534	3895
3322	+	1534	3978
3323	+	1534	3985
3324	+	1534	4024
3325	+	1534	4044
3326	+	1534	4063
3327	+	1534	4064
3328	+	1534	4079
3329	+	1534	4081
3330	+	1534	4088
3331	+	1534	4181
3332	+	1534	4190
3333	+	1534	4191
3334	+	1534	4208
3335	+	1534	4220
3336	+	1534	4226
3337	+	1534	4322
3338	+	1534	4339
3339	+	1534	4360
3340	+	1534	4395
3341	+	1534	4400
3342	+	1534	4402
3343	+	1534	4405
3344	+	1534	4421
3345	+	1534	4427
3346	+	1534	4434
3347	+	1534	4436
3348	+	1534	4439
3349	+	1534	4440
3350	+	1534	4450
3351	+	1534	4451
3352	+	1534	4540
3353	+	1534	4547
3354	+	1534	4582
3355	+	1534	4583
3356	+	1534	4584
3357	+	1534	4598
3358	+	1534	4608
3359	+	1534	4610
3360	+	1534	4615
3361	+	1534	4623
3362	+	1534	4631
3363	+	1534	4632
3364	+	1534	4633
3365	+	1534	4740
3366	+	1534	4745
3367	+	1534	4752
3368	+	1534	4757
3369	+	1534	4758
3370	+	1534	4763
3371	+	1534	4767
3372	+	1534	4768
3373	+	1534	4770
3374	+	1534	4774
3375	+	1534	4782
3376	+	1534	4785
3377	+	1534	4793
3378	+	1534	4816
3379	+	1534	4893
3380	+	1534	4927
3381	+	1534	4944
3382	+	1534	4945
3383	+	1534	4959
3384	+	1534	5007
3385	+	1534	5043
3386	+	1534	5048
3387	+	1534	5056
3388	+	1534	5073
3389	+	1534	5074
3390	+	1536	1537
3391	+	1536	1616
3392	+	1536	1769
3393	+	1536	2804
3394	+	1536	3120
3395	+	1536	4618
3396	+	1538	1539
3397	+	1538	1668
3398	+	1538	1750
3399	+	1538	1835
3400	+	1538	1849
3401	+	1538	1917
3402	+	1538	1970
3403	+	1538	2189
3404	+	1538	2392
3405	+	1538	2442
3406	+	1538	2522
3407	+	1538	2565
3408	+	1538	2592
3409	+	1538	2603
3410	+	1538	2821
3411	+	1538	2854
3412	+	1538	2869
3413	+	1538	3021
3414	+	1538	3209
3415	+	1538	3379
3416	+	1538	3498
3417	+	1538	3705
3418	+	1538	3706
3419	+	1538	4212
3420	+	1538	4213
3421	+	1538	4276
3422	+	1538	4295
3423	+	1538	4394
3424	+	1538	4415
3425	+	1538	4557
3426	+	1538	4916
3427	+	1538	4935
3428	+	1540	1541
3429	+	1540	2793
3430	+	1540	3231
3431	+	1540	3437
3432	+	1540	4231
3433	+	1540	4233
3434	+	1540	4819
3435	+	1540	5034
3436	+	1543	1573
3437	+	1544	1545
3438	+	1544	1957
3439	+	1544	2178
3440	+	1544	2385
3441	+	1544	2419
3442	+	1544	2463
3443	+	1544	2668
3444	+	1544	2724
3445	+	1544	2859
3446	+	1544	3030
3447	+	1544	3139
3448	+	1544	3282
3449	+	1544	3526
3450	+	1544	3538
3451	+	1544	3833
3452	+	1544	3848
3453	+	1544	3855
3454	+	1544	3879
3455	+	1544	4050
3456	+	1544	4053
3457	+	1544	4418
3458	+	1544	4432
3459	+	1544	4574
3460	+	1544	4620
3461	+	1544	4751
3462	+	1544	4810
3463	+	1546	1547
3464	+	1546	1551
3465	+	1546	1943
3466	+	1546	1954
3467	+	1546	1964
3468	+	1546	2496
3469	+	1546	2569
3470	+	1546	2590
3471	+	1546	2595
3472	+	1546	2788
3473	+	1546	2790
3474	+	1546	2817
3475	+	1546	2818
3476	+	1546	2857
3477	+	1546	2975
3478	+	1546	2980
3479	+	1546	3211
3480	+	1546	3450
3481	+	1546	3465
3482	+	1546	3516
3483	+	1546	3571
3484	+	1546	3582
3485	+	1546	3639
3486	+	1546	3747
3487	+	1546	3748
3488	+	1546	3835
3489	+	1546	3899
3490	+	1546	4125
3491	+	1546	4145
3492	+	1546	4202
3493	+	1546	4399
3494	+	1546	4442
3495	+	1546	4460
3496	+	1546	4619
3497	+	1546	4650
3498	+	1546	4874
3499	+	1546	4942
3500	+	1546	4956
3501	+	1546	5058
3502	+	1546	5059
3503	+	1546	5060
3504	+	1547	1560
3505	+	1548	1676
3506	+	1548	1677
3507	+	1548	1977
3508	+	1548	2240
3509	+	1548	2316
3510	+	1548	2504
3511	+	1548	2840
3512	+	1548	2845
3513	+	1548	3319
3514	+	1548	3880
3515	+	1548	4139
3516	+	1548	4204
3517	+	1548	4205
3518	+	1548	4537
3519	+	1548	4538
3520	+	1548	4544
3521	+	1548	4773
3522	+	1548	4890
3523	+	1549	1550
3524	+	1549	1669
3525	+	1549	1674
3526	+	1549	1691
3527	+	1549	1751
3528	+	1549	1766
3529	+	1549	1850
3530	+	1549	1945
3531	+	1549	1958
3532	+	1549	2038
3533	+	1549	2199
3534	+	1549	2206
3535	+	1549	2407
3536	+	1549	2408
3537	+	1549	2421
3538	+	1549	2432
3539	+	1549	2457
3540	+	1549	2550
3541	+	1549	2551
3542	+	1549	2552
3543	+	1549	2559
3544	+	1549	2620
3545	+	1549	2636
3546	+	1549	2674
3547	+	1549	2782
3548	+	1549	2863
3549	+	1549	2864
3550	+	1549	2887
3551	+	1549	2892
3552	+	1549	2897
3553	+	1549	2946
3554	+	1549	3073
3555	+	1549	3076
3556	+	1549	3077
3557	+	1549	3100
3558	+	1549	3101
3559	+	1549	3156
3560	+	1549	3276
3561	+	1549	3293
3562	+	1549	3300
3563	+	1549	3349
3564	+	1549	3357
3565	+	1549	3358
3566	+	1549	3474
3567	+	1549	3479
3568	+	1549	3480
3569	+	1549	3517
3570	+	1549	3524
3571	+	1549	3550
3572	+	1549	3551
3573	+	1549	4304
3574	+	1549	4444
3575	+	1549	4470
3576	+	1549	4489
3577	+	1549	4493
3578	+	1549	4508
3579	+	1549	4628
3580	+	1549	4690
3581	+	1549	4803
3582	+	1549	4970
3583	+	1549	4986
3584	+	1549	4996
3585	+	1549	5006
3586	+	1549	5016
3587	+	1552	1553
3588	+	1552	1579
3589	+	1552	1600
3590	+	1552	1714
3591	+	1552	1884
3592	+	1552	1924
3593	+	1552	1942
3594	+	1552	1959
3595	+	1552	2174
3596	+	1552	2219
3597	+	1552	2279
3598	+	1552	2436
3599	+	1552	2472
3600	+	1552	2481
3601	+	1552	2509
3602	+	1552	2515
3603	+	1552	2774
3604	+	1552	2873
3605	+	1552	2930
3606	+	1552	2948
3607	+	1552	2952
3608	+	1552	3182
3609	+	1552	3184
3610	+	1552	3212
3611	+	1552	3302
3612	+	1552	3308
3613	+	1552	3379
3614	+	1552	3380
3615	+	1552	3381
3616	+	1552	3431
3617	+	1552	3443
3618	+	1552	3456
3619	+	1552	3469
3620	+	1552	3521
3621	+	1552	3522
3622	+	1552	3545
3623	+	1552	3547
3624	+	1552	3644
3625	+	1552	3650
3626	+	1552	3678
3627	+	1552	3684
3628	+	1552	3697
3629	+	1552	3824
3630	+	1552	3888
3631	+	1552	3914
3632	+	1552	4011
3633	+	1552	4031
3634	+	1552	4039
3635	+	1552	4056
3636	+	1552	4077
3637	+	1552	4087
3638	+	1552	4089
3639	+	1552	4090
3640	+	1552	4091
3641	+	1552	4095
3642	+	1552	4096
3643	+	1552	4097
3644	+	1552	4098
3645	+	1552	4120
3646	+	1552	4121
3647	+	1552	4124
3648	+	1552	4127
3649	+	1552	4143
3650	+	1552	4157
3651	+	1552	4158
3652	+	1552	4278
3653	+	1552	4309
3654	+	1552	4316
3655	+	1552	4435
3656	+	1552	4443
3657	+	1552	4471
3658	+	1552	4551
3659	+	1552	4553
3660	+	1552	4554
3661	+	1552	4561
3662	+	1552	4590
3663	+	1552	4639
3664	+	1552	4648
3665	+	1552	4724
3666	+	1552	4744
3667	+	1552	4952
3668	+	1552	5071
3669	+	1554	1575
3670	+	1554	1905
3671	+	1554	1967
3672	+	1554	1974
3673	+	1554	1975
3674	+	1554	2473
3675	+	1554	2842
3676	+	1554	2844
3677	+	1554	2885
3678	+	1554	2889
3679	+	1554	2895
3680	+	1554	2922
3681	+	1554	3071
3682	+	1554	3082
3683	+	1554	3091
3684	+	1554	3116
3685	+	1554	3169
3686	+	1554	3821
3687	+	1554	3836
3688	+	1554	4132
3689	+	1554	4268
3690	+	1554	4474
3691	+	1554	4700
3692	+	1555	1556
3693	+	1555	1814
3694	+	1555	2016
3695	+	1555	2237
3696	+	1555	2293
3697	+	1555	2480
3698	+	1555	2497
3699	+	1555	2499
3700	+	1555	2520
3701	+	1555	2543
3702	+	1555	2591
3703	+	1555	2755
3704	+	1555	2825
3705	+	1555	2841
3706	+	1555	3216
3707	+	1555	3863
3708	+	1555	4006
3709	+	1555	4417
3710	+	1555	4609
3711	+	1555	4722
3712	+	1555	4863
3713	+	1555	4917
3714	+	1555	5044
3715	+	1555	5075
3716	+	1557	1558
3717	+	1557	1615
3718	+	1557	1650
3719	+	1557	1685
3720	+	1557	1774
3721	+	1557	1776
3722	+	1557	1999
3723	+	1557	2000
3724	+	1557	2247
3725	+	1557	2279
3726	+	1557	2519
3727	+	1557	2525
3728	+	1557	2707
3729	+	1557	2709
3730	+	1557	2919
3731	+	1557	2920
3732	+	1557	2933
3733	+	1557	2952
3734	+	1557	2964
3735	+	1557	3161
3736	+	1557	3187
3737	+	1557	3230
3738	+	1557	3231
3739	+	1557	3238
3740	+	1557	3240
3741	+	1557	3437
3742	+	1557	3603
3743	+	1557	3897
3744	+	1557	3915
3745	+	1557	3991
3746	+	1557	4022
3747	+	1557	4482
3748	+	1557	4558
3749	+	1557	4564
3750	+	1557	4569
3751	+	1557	4811
3752	+	1557	4843
3753	+	1557	4844
3754	+	1557	4872
3755	+	1557	4910
3756	+	1559	1811
3757	+	1559	1902
3758	+	1559	1925
3759	+	1559	1928
3760	+	1559	1943
3761	+	1559	2010
3762	+	1559	2014
3763	+	1559	2124
3764	+	1559	2182
3765	+	1559	2236
3766	+	1559	2267
3767	+	1559	2268
3768	+	1559	2312
3769	+	1559	2380
3770	+	1559	2489
3771	+	1559	2568
3772	+	1559	2579
3773	+	1559	2586
3774	+	1559	2598
3775	+	1559	2609
3776	+	1559	2676
3777	+	1559	2705
3778	+	1559	2733
3779	+	1559	2914
3780	+	1559	3143
3781	+	1559	3179
3782	+	1559	3499
3783	+	1559	3525
3784	+	1559	3606
3785	+	1559	3748
3786	+	1559	3750
3787	+	1559	3778
3788	+	1559	3992
3789	+	1559	4487
3790	+	1559	4521
3791	+	1559	4635
3792	+	1559	4691
3793	+	1559	4695
3794	+	1559	4743
3795	+	1559	4754
3796	+	1559	4889
3797	+	1559	4906
3798	+	1559	5052
3799	+	1560	1561
3800	+	1560	1563
3801	+	1560	1578
3802	+	1560	1591
3803	+	1560	1592
3804	+	1560	1607
3805	+	1560	1613
3806	+	1560	1730
3807	+	1560	1733
3808	+	1560	1741
3809	+	1560	1753
3810	+	1560	1785
3811	+	1560	1799
3812	+	1560	1808
3813	+	1560	1812
3814	+	1560	1813
3815	+	1560	1826
3816	+	1560	1833
3817	+	1560	1838
3818	+	1560	1865
3819	+	1560	1870
3820	+	1560	1873
3821	+	1560	1877
3822	+	1560	1883
3823	+	1560	1900
3824	+	1560	1901
3825	+	1560	1913
3826	+	1560	1915
3827	+	1560	1916
3828	+	1560	1921
3829	+	1560	1964
3830	+	1560	1968
3831	+	1560	2070
3832	+	1560	2105
3833	+	1560	2106
3834	+	1560	2107
3835	+	1560	2110
3836	+	1560	2114
3837	+	1560	2115
3838	+	1560	2117
3839	+	1560	2119
3840	+	1560	2121
3841	+	1560	2124
3842	+	1560	2125
3843	+	1560	2126
3844	+	1560	2133
3845	+	1560	2134
3846	+	1560	2141
3847	+	1560	2142
3848	+	1560	2156
3849	+	1560	2168
3850	+	1560	2169
3851	+	1560	2170
3852	+	1560	2182
3853	+	1560	2193
3854	+	1560	2195
3855	+	1560	2200
3856	+	1560	2204
3857	+	1560	2294
3858	+	1560	2296
3859	+	1560	2332
3860	+	1560	2335
3861	+	1560	2350
3862	+	1560	2351
3863	+	1560	2364
3864	+	1560	2369
3865	+	1560	2371
3866	+	1560	2372
3867	+	1560	2391
3868	+	1560	2412
3869	+	1560	2418
3870	+	1560	2420
3871	+	1560	2507
3872	+	1560	2544
3873	+	1560	2545
3874	+	1560	2547
3875	+	1560	2548
3876	+	1560	2549
3877	+	1560	2554
3878	+	1560	2560
3879	+	1560	2563
3880	+	1560	2564
3881	+	1560	2567
3882	+	1560	2568
3883	+	1560	2570
3884	+	1560	2576
3885	+	1560	2577
3886	+	1560	2578
3887	+	1560	2582
3888	+	1560	2595
3889	+	1560	2600
3890	+	1560	2610
3891	+	1560	2612
3892	+	1560	2613
3893	+	1560	2625
3894	+	1560	2626
3895	+	1560	2631
3896	+	1560	2632
3897	+	1560	2643
3898	+	1560	2645
3899	+	1560	2648
3900	+	1560	2656
3901	+	1560	2657
3902	+	1560	2664
3903	+	1560	2665
3904	+	1560	2666
3905	+	1560	2667
3906	+	1560	2680
3907	+	1560	2689
3908	+	1560	2728
3909	+	1560	2733
3910	+	1560	2740
3911	+	1560	2741
3912	+	1560	2750
3913	+	1560	2768
3914	+	1560	2788
3915	+	1560	2792
3916	+	1560	2805
3917	+	1560	2809
3918	+	1560	2810
3919	+	1560	2815
3920	+	1560	2816
3921	+	1560	2817
3922	+	1560	2818
3923	+	1560	2848
3924	+	1560	2849
3925	+	1560	2850
3926	+	1560	2857
3927	+	1560	2866
3928	+	1560	2870
3929	+	1560	2957
3930	+	1560	2972
3931	+	1560	2973
3932	+	1560	2980
3933	+	1560	3002
3934	+	1560	3009
3935	+	1560	3012
3936	+	1560	3036
3937	+	1560	3037
3938	+	1560	3044
3939	+	1560	3047
3940	+	1560	3070
3941	+	1560	3078
3942	+	1560	3085
3943	+	1560	3109
3944	+	1560	3128
3945	+	1560	3134
3946	+	1560	3136
3947	+	1560	3147
3948	+	1560	3163
3949	+	1560	3193
3950	+	1560	3197
3951	+	1560	3211
3952	+	1560	3214
3953	+	1560	3220
3954	+	1560	3222
3955	+	1560	3241
3956	+	1560	3245
3957	+	1560	3251
3958	+	1560	3252
3959	+	1560	3317
3960	+	1560	3331
3961	+	1560	3362
3962	+	1560	3418
3963	+	1560	3420
3964	+	1560	3421
3965	+	1560	3423
3966	+	1560	3430
3967	+	1560	3432
3968	+	1560	3438
3969	+	1560	3450
3970	+	1560	3451
3971	+	1560	3483
3972	+	1560	3486
3973	+	1560	3493
3974	+	1560	3497
3975	+	1560	3504
3976	+	1560	3505
3977	+	1560	3536
3978	+	1560	3582
3979	+	1560	3596
3980	+	1560	3631
3981	+	1560	3647
3982	+	1560	3663
3983	+	1560	3665
3984	+	1560	3687
3985	+	1560	3699
3986	+	1560	3700
3987	+	1560	3707
3988	+	1560	3716
3989	+	1560	3717
3990	+	1560	3726
3991	+	1560	3735
3992	+	1560	3738
3993	+	1560	3865
3994	+	1560	3870
3995	+	1560	3886
3996	+	1560	3891
3997	+	1560	3900
3998	+	1560	3924
3999	+	1560	3929
4000	+	1560	3998
4001	+	1560	3999
4002	+	1560	4010
4003	+	1560	4023
4004	+	1560	4026
4005	+	1560	4027
4006	+	1560	4029
4007	+	1560	4038
4008	+	1560	4046
4009	+	1560	4049
4010	+	1560	4060
4011	+	1560	4062
4012	+	1560	4069
4013	+	1560	4075
4014	+	1560	4078
4015	+	1560	4084
4016	+	1560	4102
4017	+	1560	4106
4018	+	1560	4207
4019	+	1560	4237
4020	+	1560	4238
4021	+	1560	4242
4022	+	1560	4251
4023	+	1560	4259
4024	+	1560	4266
4025	+	1560	4273
4026	+	1560	4274
4027	+	1560	4275
4028	+	1560	4294
4029	+	1560	4431
4030	+	1560	4468
4031	+	1560	4469
4032	+	1560	4475
4033	+	1560	4485
4034	+	1560	4510
4035	+	1560	4511
4036	+	1560	4561
4037	+	1560	4612
4038	+	1560	4613
4039	+	1560	4629
4040	+	1560	4645
4041	+	1560	4696
4042	+	1560	4760
4043	+	1560	4775
4044	+	1560	4778
4045	+	1560	4779
4046	+	1560	4783
4047	+	1560	4786
4048	+	1560	4827
4049	+	1560	4911
4050	+	1560	4912
4051	+	1560	4914
4052	+	1560	4919
4053	+	1560	4929
4054	+	1560	4941
4055	+	1560	4951
4056	+	1560	4974
4057	+	1560	5046
4058	+	1562	1573
4059	+	1562	1618
4060	+	1562	1952
4061	+	1564	1565
4062	+	1564	1895
4063	+	1564	1896
4064	+	1564	1933
4065	+	1564	1947
4066	+	1564	2003
4067	+	1564	2116
4068	+	1564	2207
4069	+	1564	2280
4070	+	1564	2508
4071	+	1564	2510
4072	+	1564	2712
4073	+	1564	2726
4074	+	1564	3151
4075	+	1564	3157
4076	+	1564	3182
4077	+	1564	3490
4078	+	1564	3568
4079	+	1564	3832
4080	+	1564	4175
4081	+	1565	1587
4082	+	1566	1567
4083	+	1566	1620
4084	+	1566	2931
4085	+	1568	1647
4086	+	1569	1570
4087	+	1569	1586
4088	+	1569	1615
4089	+	1569	1657
4090	+	1569	1658
4091	+	1569	1698
4092	+	1569	1708
4093	+	1569	1764
4094	+	1569	1944
4095	+	1569	1999
4096	+	1569	2136
4097	+	1569	2172
4098	+	1569	2203
4099	+	1569	2671
4100	+	1569	2675
4101	+	1569	2701
4102	+	1569	2779
4103	+	1569	2902
4104	+	1569	2999
4105	+	1569	3083
4106	+	1569	3102
4107	+	1569	3150
4108	+	1569	3176
4109	+	1569	3231
4110	+	1569	3262
4111	+	1569	3401
4112	+	1569	3426
4113	+	1569	3437
4114	+	1569	3442
4115	+	1569	3535
4116	+	1569	3600
4117	+	1569	3725
4118	+	1569	3749
4119	+	1569	3755
4120	+	1569	3769
4121	+	1569	3805
4122	+	1569	3861
4123	+	1569	3871
4124	+	1569	3889
4125	+	1569	3954
4126	+	1569	4087
4127	+	1569	4120
4128	+	1569	4313
4129	+	1569	4627
4130	+	1569	4630
4131	+	1569	4860
4132	+	1569	4867
4133	+	1569	4870
4134	+	1569	5036
4135	+	1571	1572
4136	+	1571	1617
4137	+	1571	1693
4138	+	1571	1891
4139	+	1571	2239
4140	+	1571	2373
4141	+	1571	2405
4142	+	1571	2484
4143	+	1571	2732
4144	+	1571	2804
4145	+	1571	2828
4146	+	1571	3022
4147	+	1571	3049
4148	+	1571	3065
4149	+	1571	3759
4150	+	1571	4925
4151	+	1572	1719
4152	+	1573	1590
4153	+	1573	1597
4154	+	1573	1702
4155	+	1573	1723
4156	+	1573	1864
4157	+	1573	1927
4158	+	1573	1989
4159	+	1573	1990
4160	+	1573	2009
4161	+	1573	2032
4162	+	1573	2037
4163	+	1573	2050
4164	+	1573	2052
4165	+	1573	2053
4166	+	1573	2242
4167	+	1573	2285
4168	+	1573	2322
4169	+	1573	2361
4170	+	1573	2383
4171	+	1573	2479
4172	+	1573	2523
4173	+	1573	2593
4174	+	1573	2594
4175	+	1573	2819
4176	+	1573	2935
4177	+	1573	2993
4178	+	1573	3016
4179	+	1573	3020
4180	+	1573	3540
4181	+	1573	3711
4182	+	1573	3730
4183	+	1574	1580
4184	+	1575	1904
4185	+	1576	1577
4186	+	1576	2513
4187	+	1576	4638
4188	+	1576	5050
4189	+	1578	1627
4190	+	1578	1729
4191	+	1578	1885
4192	+	1580	1581
4193	+	1580	1583
4194	+	1580	1614
4195	+	1580	1623
4196	+	1580	1624
4197	+	1580	1640
4198	+	1580	1659
4199	+	1580	1661
4200	+	1580	1736
4201	+	1580	1737
4202	+	1580	1777
4203	+	1580	1875
4204	+	1580	1893
4205	+	1580	1905
4206	+	1580	1907
4207	+	1580	1909
4208	+	1580	1911
4209	+	1580	1951
4210	+	1580	1955
4211	+	1580	1973
4212	+	1580	1974
4213	+	1580	1979
4214	+	1580	2024
4215	+	1580	2063
4216	+	1580	2077
4217	+	1580	2088
4218	+	1580	2097
4219	+	1580	2100
4220	+	1580	2154
4221	+	1580	2157
4222	+	1580	2159
4223	+	1580	2167
4224	+	1580	2183
4225	+	1580	2186
4226	+	1580	2190
4227	+	1580	2216
4228	+	1580	2238
4229	+	1580	2243
4230	+	1580	2246
4231	+	1580	2270
4232	+	1580	2271
4233	+	1580	2290
4234	+	1580	2315
4235	+	1580	2323
4236	+	1580	2334
4237	+	1580	2341
4238	+	1580	2349
4239	+	1580	2356
4240	+	1580	2449
4241	+	1580	2455
4242	+	1580	2458
4243	+	1580	2486
4244	+	1580	2487
4245	+	1580	2502
4246	+	1580	2516
4247	+	1580	2517
4248	+	1580	2535
4249	+	1580	2562
4250	+	1580	2572
4251	+	1580	2573
4252	+	1580	2581
4253	+	1580	2588
4254	+	1580	2589
4255	+	1580	2608
4256	+	1580	2629
4257	+	1580	2683
4258	+	1580	2697
4259	+	1580	2699
4260	+	1580	2711
4261	+	1580	2714
4262	+	1580	2715
4263	+	1580	2773
4264	+	1580	2813
4265	+	1580	2834
4266	+	1580	2860
4267	+	1580	2867
4268	+	1580	2906
4269	+	1580	2907
4270	+	1580	2908
4271	+	1580	2910
4272	+	1580	2922
4273	+	1580	2945
4274	+	1580	2978
4275	+	1580	3042
4276	+	1580	3055
4277	+	1580	3056
4278	+	1580	3063
4279	+	1580	3081
4280	+	1580	3093
4281	+	1580	3129
4282	+	1580	3135
4283	+	1580	3171
4284	+	1580	3200
4285	+	1580	3239
4286	+	1580	3271
4287	+	1580	3283
4288	+	1580	3291
4289	+	1580	3391
4290	+	1580	3405
4291	+	1580	3408
4292	+	1580	3445
4293	+	1580	3523
4294	+	1580	3533
4295	+	1580	3542
4296	+	1580	3623
4297	+	1580	3672
4298	+	1580	3679
4299	+	1580	3703
4300	+	1580	3714
4301	+	1580	3715
4302	+	1580	3742
4303	+	1580	3746
4304	+	1580	3761
4305	+	1580	3762
4306	+	1580	3775
4307	+	1580	3781
4308	+	1580	3825
4309	+	1580	3857
4310	+	1580	3901
4311	+	1580	3903
4312	+	1580	3918
4313	+	1580	3923
4314	+	1580	3927
4315	+	1580	3934
4316	+	1580	3944
4317	+	1580	3950
4318	+	1580	3988
4319	+	1580	3990
4320	+	1580	4001
4321	+	1580	4016
4322	+	1580	4111
4323	+	1580	4114
4324	+	1580	4116
4325	+	1580	4119
4326	+	1580	4134
4327	+	1580	4135
4328	+	1580	4147
4329	+	1580	4155
4330	+	1580	4159
4331	+	1580	4161
4332	+	1580	4283
4333	+	1580	4298
4334	+	1580	4303
4335	+	1580	4308
4336	+	1580	4310
4337	+	1580	4324
4338	+	1580	4347
4339	+	1580	4350
4340	+	1580	4473
4341	+	1580	4476
4342	+	1580	4484
4343	+	1580	4497
4344	+	1580	4498
4345	+	1580	4500
4346	+	1580	4506
4347	+	1580	4531
4348	+	1580	4534
4349	+	1580	4545
4350	+	1580	4546
4351	+	1580	4556
4352	+	1580	4562
4353	+	1580	4567
4354	+	1580	4621
4355	+	1580	4647
4356	+	1580	4653
4357	+	1580	4660
4358	+	1580	4672
4359	+	1580	4675
4360	+	1580	4692
4361	+	1580	4702
4362	+	1580	4707
4363	+	1580	4804
4364	+	1580	4814
4365	+	1580	4841
4366	+	1580	4866
4367	+	1580	4875
4368	+	1580	4953
4369	+	1580	4971
4370	+	1580	4984
4371	+	1580	4994
4372	+	1580	5029
4373	+	1581	1972
4374	+	1583	1682
4375	+	1583	3488
4376	+	1584	1585
4377	+	1584	3843
4378	+	1584	4532
4379	+	1586	1615
4380	+	1586	1657
4381	+	1586	1658
4382	+	1586	1764
4383	+	1586	1843
4384	+	1586	1944
4385	+	1586	2042
4386	+	1586	2136
4387	+	1586	2209
4388	+	1586	2388
4389	+	1586	2671
4390	+	1586	2779
4391	+	1586	2902
4392	+	1586	2960
4393	+	1586	2992
4394	+	1586	2999
4395	+	1586	3083
4396	+	1586	3176
4397	+	1586	3231
4398	+	1586	3262
4399	+	1586	3272
4400	+	1586	3426
4401	+	1586	3437
4402	+	1586	3442
4403	+	1586	3602
4404	+	1586	3861
4405	+	1586	3866
4406	+	1586	3871
4407	+	1586	3991
4408	+	1586	4087
4409	+	1586	4120
4410	+	1586	4121
4411	+	1586	4178
4412	+	1586	4530
4413	+	1586	4630
4414	+	1586	4777
4415	+	1586	4870
4416	+	1587	1588
4417	+	1587	1656
4418	+	1587	1739
4419	+	1587	1800
4420	+	1587	1868
4421	+	1587	1890
4422	+	1587	1895
4423	+	1587	1896
4424	+	1587	1922
4425	+	1587	1947
4426	+	1587	1965
4427	+	1587	2057
4428	+	1587	2116
4429	+	1587	2122
4430	+	1587	2128
4431	+	1587	2129
4432	+	1587	2140
4433	+	1587	2171
4434	+	1587	2262
4435	+	1587	2278
4436	+	1587	2325
4437	+	1587	2326
4438	+	1587	2406
4439	+	1587	2510
4440	+	1587	2785
4441	+	1587	2798
4442	+	1587	2800
4443	+	1587	2988
4444	+	1587	3019
4445	+	1587	3038
4446	+	1587	3040
4447	+	1587	3194
4448	+	1587	3413
4449	+	1587	3414
4450	+	1587	3422
4451	+	1587	3448
4452	+	1587	3514
4453	+	1587	3637
4454	+	1587	3695
4455	+	1587	3757
4456	+	1587	3767
4457	+	1587	3807
4458	+	1587	3808
4459	+	1587	3813
4460	+	1587	3816
4461	+	1587	3864
4462	+	1587	4028
4463	+	1587	4030
4464	+	1587	4051
4465	+	1587	4126
4466	+	1587	4187
4467	+	1587	4223
4468	+	1587	4374
4469	+	1587	4392
4470	+	1587	4401
4471	+	1587	4480
4472	+	1587	4601
4473	+	1587	4879
4474	+	1587	4901
4475	+	1587	4928
4476	+	1587	4931
4477	+	1587	4940
4478	+	1587	4949
4479	+	1587	4950
4480	+	1587	5042
4481	+	1589	1621
4482	+	1589	1625
4483	+	1589	2301
4484	+	1590	1618
4485	+	1590	1635
4486	+	1591	1729
4487	+	1593	1594
4488	+	1593	1738
4489	+	1593	1767
4490	+	1593	1771
4491	+	1593	1862
4492	+	1593	1872
4493	+	1593	2054
4494	+	1593	2061
4495	+	1593	2163
4496	+	1593	2191
4497	+	1593	2376
4498	+	1593	2401
4499	+	1593	2402
4500	+	1593	2410
4501	+	1593	2501
4502	+	1593	2526
4503	+	1593	2646
4504	+	1593	2659
4505	+	1593	2672
4506	+	1593	2681
4507	+	1593	2693
4508	+	1593	2727
4509	+	1593	2729
4510	+	1593	2743
4511	+	1593	2764
4512	+	1593	2799
4513	+	1593	2861
4514	+	1593	2921
4515	+	1593	2983
4516	+	1593	2989
4517	+	1593	3130
4518	+	1593	3208
4519	+	1593	3259
4520	+	1593	3264
4521	+	1593	3351
4522	+	1593	3359
4523	+	1593	3360
4524	+	1593	3370
4525	+	1593	3383
4526	+	1593	3446
4527	+	1593	3459
4528	+	1593	3467
4529	+	1593	3510
4530	+	1593	3511
4531	+	1593	3557
4532	+	1593	3575
4533	+	1593	3685
4534	+	1593	3688
4535	+	1593	3694
4536	+	1593	3741
4537	+	1593	3751
4538	+	1593	3753
4539	+	1593	3811
4540	+	1593	3814
4541	+	1593	3841
4542	+	1593	3847
4543	+	1593	3851
4544	+	1593	3936
4545	+	1593	3937
4546	+	1593	3938
4547	+	1593	3956
4548	+	1593	4012
4549	+	1593	4014
4550	+	1593	4015
4551	+	1593	4021
4552	+	1593	4024
4553	+	1593	4138
4554	+	1593	4139
4555	+	1593	4154
4556	+	1593	4168
4557	+	1593	4186
4558	+	1593	4197
4559	+	1593	4206
4560	+	1593	4215
4561	+	1593	4271
4562	+	1593	4317
4563	+	1593	4336
4564	+	1593	4346
4565	+	1593	4368
4566	+	1593	4373
4567	+	1593	4466
4568	+	1593	4577
4569	+	1593	4578
4570	+	1593	4586
4571	+	1593	4717
4572	+	1593	4792
4573	+	1593	4821
4574	+	1593	4829
4575	+	1593	4849
4576	+	1593	4865
4577	+	1593	4960
4578	+	1593	5002
4579	+	1595	1596
4580	+	1595	1614
4581	+	1595	1623
4582	+	1595	1640
4583	+	1595	1659
4584	+	1595	1661
4585	+	1595	1909
4586	+	1595	1911
4587	+	1595	1955
4588	+	1595	1979
4589	+	1595	2024
4590	+	1595	2063
4591	+	1595	2077
4592	+	1595	2159
4593	+	1595	2190
4594	+	1595	2216
4595	+	1595	2290
4596	+	1595	2323
4597	+	1595	2449
4598	+	1595	2455
4599	+	1595	2486
4600	+	1595	2502
4601	+	1595	2562
4602	+	1595	2572
4603	+	1595	2573
4604	+	1595	2581
4605	+	1595	2589
4606	+	1595	2683
4607	+	1595	2763
4608	+	1595	2834
4609	+	1595	2838
4610	+	1595	2945
4611	+	1595	3023
4612	+	1595	3055
4613	+	1595	3063
4614	+	1595	3081
4615	+	1595	3093
4616	+	1595	3135
4617	+	1595	3523
4618	+	1595	3542
4619	+	1595	3679
4620	+	1595	3701
4621	+	1595	3715
4622	+	1595	3718
4623	+	1595	3762
4624	+	1595	3781
4625	+	1595	3901
4626	+	1595	3903
4627	+	1595	3913
4628	+	1595	3918
4629	+	1595	3926
4630	+	1595	3944
4631	+	1595	3984
4632	+	1595	4017
4633	+	1595	4025
4634	+	1595	4111
4635	+	1595	4114
4636	+	1595	4308
4637	+	1595	4329
4638	+	1595	4348
4639	+	1595	4379
4640	+	1595	4647
4641	+	1595	4702
4642	+	1595	4788
4643	+	1595	4806
4644	+	1597	1618
4645	+	1598	1599
4646	+	1598	1639
4647	+	1598	1678
4648	+	1598	2020
4649	+	1598	2098
4650	+	1598	2534
4651	+	1598	2880
4652	+	1598	2976
4653	+	1598	3196
4654	+	1598	3372
4655	+	1598	3885
4656	+	1598	3945
4657	+	1601	2008
4658	+	1601	2366
4659	+	1601	2384
4660	+	1601	2386
4661	+	1601	4083
4662	+	1601	4153
4663	+	1601	4828
4664	+	1602	1603
4665	+	1602	1606
4666	+	1602	1844
4667	+	1602	1920
4668	+	1602	2048
4669	+	1602	2075
4670	+	1602	2218
4671	+	1602	2778
4672	+	1602	3375
4673	+	1602	4005
4674	+	1602	4169
4675	+	1602	4560
4676	+	1602	4847
4677	+	1602	4855
4678	+	1602	5030
4679	+	1603	1802
4680	+	1604	1605
4681	+	1604	1748
4682	+	1604	1757
4683	+	1604	1980
4684	+	1604	2442
4685	+	1604	2460
4686	+	1604	2855
4687	+	1604	3090
4688	+	1604	3292
4689	+	1604	3379
4690	+	1604	3659
4691	+	1604	4227
4692	+	1606	1802
4693	+	1608	1609
4694	+	1608	1629
4695	+	1608	1634
4696	+	1608	1645
4697	+	1608	1966
4698	+	1608	2010
4699	+	1608	2032
4700	+	1608	2035
4701	+	1608	2087
4702	+	1608	2150
4703	+	1608	2161
4704	+	1608	2265
4705	+	1608	2296
4706	+	1608	2298
4707	+	1608	2345
4708	+	1608	2492
4709	+	1608	2523
4710	+	1608	2580
4711	+	1608	2593
4712	+	1608	2594
4713	+	1608	2698
4714	+	1608	2705
4715	+	1608	2765
4716	+	1608	2857
4717	+	1608	2879
4718	+	1608	3121
4719	+	1608	3158
4720	+	1608	3354
4721	+	1608	3571
4722	+	1608	3576
4723	+	1608	3577
4724	+	1608	3578
4725	+	1608	3588
4726	+	1608	3595
4727	+	1608	3710
4728	+	1608	3723
4729	+	1608	4152
4730	+	1608	4711
4731	+	1608	4712
4732	+	1608	4720
4733	+	1608	4738
4734	+	1608	4850
4735	+	1608	4886
4736	+	1608	4887
4737	+	1608	4891
4738	+	1608	4934
4739	+	1608	4985
4740	+	1608	4990
4741	+	1611	1612
4742	+	1611	2775
4743	+	1611	3130
4744	+	1618	1619
4745	+	1618	1702
4746	+	1618	1990
4747	+	1618	2032
4748	+	1618	2050
4749	+	1618	2051
4750	+	1618	2052
4751	+	1618	2053
4752	+	1618	2285
4753	+	1618	2322
4754	+	1618	2361
4755	+	1618	2506
4756	+	1618	2523
4757	+	1618	2593
4758	+	1618	2594
4759	+	1618	2744
4760	+	1618	2819
4761	+	1618	2993
4762	+	1618	3016
4763	+	1618	3133
4764	+	1618	3540
4765	+	1621	1622
4766	+	1621	1848
4767	+	1621	2003
4768	+	1621	2046
4769	+	1621	2065
4770	+	1621	2066
4771	+	1621	2214
4772	+	1621	2434
4773	+	1621	2468
4774	+	1621	2891
4775	+	1621	2937
4776	+	1621	2979
4777	+	1621	3088
4778	+	1621	3137
4779	+	1621	3441
4780	+	1621	4209
4781	+	1621	4386
4782	+	1621	4563
4783	+	1621	4845
4784	+	1621	4877
4785	+	1622	1655
4786	+	1625	1626
4787	+	1625	1631
4788	+	1625	1651
4789	+	1625	1848
4790	+	1625	1949
4791	+	1625	2561
4792	+	1625	3246
4793	+	1625	3328
4794	+	1625	3752
4795	+	1625	3942
4796	+	1625	4000
4797	+	1625	4057
4798	+	1625	4210
4799	+	1625	4214
4800	+	1625	4386
4801	+	1625	4625
4802	+	1625	4805
4803	+	1627	1628
4804	+	1627	1667
4805	+	1627	1705
4806	+	1627	2033
4807	+	1627	2194
4808	+	1627	2202
4809	+	1627	2284
4810	+	1627	2548
4811	+	1627	2643
4812	+	1627	2679
4813	+	1627	2696
4814	+	1627	2797
4815	+	1627	3222
4816	+	1627	3254
4817	+	1627	3279
4818	+	1627	3281
4819	+	1627	3312
4820	+	1627	3329
4821	+	1627	3501
4822	+	1627	3599
4823	+	1627	3633
4824	+	1627	3646
4825	+	1627	3669
4826	+	1627	3673
4827	+	1627	3708
4828	+	1627	3734
4829	+	1627	3883
4830	+	1627	3890
4831	+	1627	4061
4832	+	1627	4243
4833	+	1627	4314
4834	+	1627	4325
4835	+	1627	4364
4836	+	1627	4399
4837	+	1627	4461
4838	+	1627	4477
4839	+	1627	4525
4840	+	1627	4568
4841	+	1627	4570
4842	+	1627	4575
4843	+	1627	4581
4844	+	1627	4662
4845	+	1627	4663
4846	+	1627	4665
4847	+	1627	4685
4848	+	1627	4727
4849	+	1627	4728
4850	+	1627	4729
4851	+	1627	4786
4852	+	1627	4789
4853	+	1627	4791
4854	+	1627	4835
4855	+	1627	4943
4856	+	1627	4947
4857	+	1627	4955
4858	+	1627	5015
4859	+	1627	5027
4860	+	1627	5051
4861	+	1630	1631
4862	+	1632	1633
4863	+	1632	2064
4864	+	1632	2069
4865	+	1632	2448
4866	+	1632	2536
4867	+	1632	2538
4868	+	1632	2585
4869	+	1632	2725
4870	+	1632	2751
4871	+	1632	2856
4872	+	1632	2862
4873	+	1632	2961
4874	+	1632	2996
4875	+	1632	3062
4876	+	1632	3074
4877	+	1632	3531
4878	+	1632	3566
4879	+	1632	3614
4880	+	1632	3770
4881	+	1632	4041
4882	+	1632	4291
4883	+	1632	4300
4884	+	1632	4328
4885	+	1632	4334
4886	+	1632	4559
4887	+	1632	4755
4888	+	1632	4825
4889	+	1632	4948
4890	+	1632	4998
4891	+	1632	5055
4892	+	1635	1636
4893	+	1635	1646
4894	+	1635	1724
4895	+	1635	1826
4896	+	1635	1915
4897	+	1635	1964
4898	+	1635	2005
4899	+	1635	2076
4900	+	1635	2089
4901	+	1635	2125
4902	+	1635	2336
4903	+	1635	2398
4904	+	1635	2506
4905	+	1635	2560
4906	+	1635	2569
4907	+	1635	2574
4908	+	1635	2600
4909	+	1635	2656
4910	+	1635	2665
4911	+	1635	2716
4912	+	1635	2717
4913	+	1635	2719
4914	+	1635	2746
4915	+	1635	2747
4916	+	1635	2781
4917	+	1635	2787
4918	+	1635	2788
4919	+	1635	2801
4920	+	1635	2802
4921	+	1635	2805
4922	+	1635	2808
4923	+	1635	2865
4924	+	1635	2882
4925	+	1635	2894
4926	+	1635	3027
4927	+	1635	3029
4928	+	1635	3061
4929	+	1635	3075
4930	+	1635	3079
4931	+	1635	3110
4932	+	1635	3111
4933	+	1635	3118
4934	+	1635	3122
4935	+	1635	3158
4936	+	1635	3163
4937	+	1635	3193
4938	+	1635	3251
4939	+	1635	3256
4940	+	1635	3277
4941	+	1635	3299
4942	+	1635	3303
4943	+	1635	3309
4944	+	1635	3314
4945	+	1635	3320
4946	+	1635	3325
4947	+	1635	3331
4948	+	1635	3385
4949	+	1635	3497
4950	+	1635	3504
4951	+	1635	3518
4952	+	1635	3527
4953	+	1635	3534
4954	+	1635	3549
4955	+	1635	3556
4956	+	1635	3570
4957	+	1635	3617
4958	+	1635	3622
4959	+	1635	3624
4960	+	1635	3656
4961	+	1635	3720
4962	+	1635	3791
4963	+	1635	3795
4964	+	1635	3801
4965	+	1635	3806
4966	+	1635	3819
4967	+	1635	3827
4968	+	1635	3976
4969	+	1635	3977
4970	+	1635	3983
4971	+	1635	4058
4972	+	1635	4068
4973	+	1635	4072
4974	+	1635	4200
4975	+	1635	4369
4976	+	1635	4407
4977	+	1635	4462
4978	+	1635	4595
4979	+	1635	4651
4980	+	1635	4664
4981	+	1637	1638
4982	+	1637	1639
4983	+	1637	1654
4984	+	1637	1692
4985	+	1637	2025
4986	+	1637	2146
4987	+	1637	2263
4988	+	1637	2426
4989	+	1637	2438
4990	+	1637	3196
4991	+	1637	4704
4992	+	1637	4730
4993	+	1637	4897
4994	+	1637	5003
4995	+	1637	5004
4996	+	1637	5014
4997	+	1641	1642
4998	+	1641	1722
4999	+	1641	1760
5000	+	1641	1770
5001	+	1641	1775
5002	+	1641	1791
5003	+	1641	1795
5004	+	1641	1798
5005	+	1641	1807
5006	+	1641	1821
5007	+	1641	1827
5008	+	1641	1842
5009	+	1641	1855
5010	+	1641	1856
5011	+	1641	1860
5012	+	1641	1861
5013	+	1641	1892
5014	+	1641	1932
5015	+	1641	1953
5016	+	1641	1969
5017	+	1641	1982
5018	+	1641	1998
5019	+	1641	2090
5020	+	1641	2094
5021	+	1641	2155
5022	+	1641	2174
5023	+	1641	2250
5024	+	1641	2275
5025	+	1641	2304
5026	+	1641	2327
5027	+	1641	2328
5028	+	1641	2340
5029	+	1641	2344
5030	+	1641	2346
5031	+	1641	2347
5032	+	1641	2363
5033	+	1641	2390
5034	+	1641	2437
5035	+	1641	2447
5036	+	1641	2511
5037	+	1641	2512
5038	+	1641	2640
5039	+	1641	2658
5040	+	1641	2685
5041	+	1641	2690
5042	+	1641	2703
5043	+	1641	2777
5044	+	1641	2839
5045	+	1641	2846
5046	+	1641	2890
5047	+	1641	2893
5048	+	1641	2904
5049	+	1641	2924
5050	+	1641	2928
5051	+	1641	2962
5052	+	1641	2968
5053	+	1641	2979
5054	+	1641	3146
5055	+	1641	3215
5056	+	1641	3343
5057	+	1641	3353
5058	+	1641	3369
5059	+	1641	3374
5060	+	1641	3399
5061	+	1641	3594
5062	+	1641	3831
5063	+	1641	3966
5064	+	1641	4035
5065	+	1641	4042
5066	+	1641	4182
5067	+	1641	4239
5068	+	1641	4241
5069	+	1641	4248
5070	+	1643	1644
5071	+	1643	1778
5072	+	1643	3260
5073	+	1643	3612
5074	+	1643	3898
5075	+	1643	3952
5076	+	1643	4742
5077	+	1643	4930
5078	+	1647	1648
5079	+	1647	1666
5080	+	1647	1704
5081	+	1647	1867
5082	+	1647	2027
5083	+	1647	2157
5084	+	1647	2180
5085	+	1647	2321
5086	+	1647	2491
5087	+	1647	2515
5088	+	1647	2556
5089	+	1647	2566
5090	+	1647	2575
5091	+	1647	2630
5092	+	1647	2634
5093	+	1647	2644
5094	+	1647	2674
5095	+	1647	2697
5096	+	1647	2731
5097	+	1647	2760
5098	+	1647	2786
5099	+	1647	2789
5100	+	1647	2839
5101	+	1647	2907
5102	+	1647	2934
5103	+	1647	3013
5104	+	1647	3022
5105	+	1647	3042
5106	+	1647	3080
5107	+	1647	3185
5108	+	1647	3213
5109	+	1647	3269
5110	+	1647	3278
5111	+	1647	3315
5112	+	1647	3389
5113	+	1647	3445
5114	+	1647	3494
5115	+	1647	3512
5116	+	1647	3530
5117	+	1647	3542
5118	+	1647	3567
5119	+	1647	3581
5120	+	1647	3590
5121	+	1647	3724
5122	+	1647	3760
5123	+	1647	3773
5124	+	1647	3804
5125	+	1647	3922
5126	+	1647	3997
5127	+	1647	4162
5128	+	1647	4225
5129	+	1647	4424
5130	+	1647	4780
5131	+	1647	4939
5132	+	1647	4957
5133	+	1649	1682
5134	+	1652	1653
5135	+	1652	1846
5136	+	1652	2078
5137	+	1652	2079
5138	+	1652	2461
5139	+	1652	2932
5140	+	1652	2958
5141	+	1652	2959
5142	+	1652	2971
5143	+	1652	2977
5144	+	1652	3173
5145	+	1652	3225
5146	+	1652	3330
5147	+	1652	3338
5148	+	1652	3356
5149	+	1652	3484
5150	+	1652	3494
5151	+	1652	3520
5152	+	1652	3560
5153	+	1652	3693
5154	+	1652	3721
5155	+	1652	3794
5156	+	1652	3887
5157	+	1652	3911
5158	+	1652	3953
5159	+	1652	4094
5160	+	1652	4425
5161	+	1652	4634
5162	+	1652	4667
5163	+	1652	4682
5164	+	1652	4689
5165	+	1652	4734
5166	+	1652	4741
5167	+	1652	4848
5168	+	1652	5019
5169	+	1652	5022
5170	+	1655	1656
5171	+	1655	1756
5172	+	1655	1773
5173	+	1655	1789
5174	+	1655	1895
5175	+	1655	1947
5176	+	1655	2002
5177	+	1655	2003
5178	+	1655	2023
5179	+	1655	2049
5180	+	1655	2065
5181	+	1655	2171
5182	+	1655	2223
5183	+	1655	2241
5184	+	1655	2262
5185	+	1655	2278
5186	+	1655	2280
5187	+	1655	2370
5188	+	1655	2444
5189	+	1655	2510
5190	+	1655	3124
5191	+	1655	3127
5192	+	1655	3131
5193	+	1655	3151
5194	+	1655	3157
5195	+	1655	3159
5196	+	1655	3182
5197	+	1655	3183
5198	+	1655	3186
5199	+	1655	3425
5200	+	1655	3427
5201	+	1655	3439
5202	+	1655	3441
5203	+	1655	3447
5204	+	1655	3589
5205	+	1655	3608
5206	+	1655	3611
5207	+	1655	3620
5208	+	1655	3695
5209	+	1655	3722
5210	+	1655	3736
5211	+	1655	3757
5212	+	1655	3782
5213	+	1655	3784
5214	+	1655	3785
5215	+	1655	3786
5216	+	1655	3788
5217	+	1655	3813
5218	+	1655	3815
5219	+	1655	3816
5220	+	1655	3832
5221	+	1655	3931
5222	+	1655	4082
5223	+	1655	4160
5224	+	1655	4222
5225	+	1655	4223
5226	+	1655	4349
5227	+	1655	4499
5228	+	1655	4514
5229	+	1655	4679
5230	+	1655	4687
5231	+	1655	4710
5232	+	1655	4737
5233	+	1655	5031
5234	+	1662	1663
5235	+	1662	2269
5236	+	1662	2783
5237	+	1662	2833
5238	+	1662	2868
5239	+	1662	3017
5240	+	1662	3067
5241	+	1662	3154
5242	+	1662	3234
5243	+	1662	3340
5244	+	1662	3412
5245	+	1662	3463
5246	+	1662	3481
5247	+	1662	3487
5248	+	1662	3502
5249	+	1662	3566
5250	+	1662	3625
5251	+	1662	3634
5252	+	1662	3643
5253	+	1662	3774
5254	+	1662	3802
5255	+	1662	3932
5256	+	1662	4100
5257	+	1662	4164
5258	+	1662	4228
5259	+	1662	4234
5260	+	1662	4240
5261	+	1662	4246
5262	+	1662	4265
5263	+	1662	4396
5264	+	1662	4488
5265	+	1662	4515
5266	+	1662	4571
5267	+	1662	4622
5268	+	1662	4761
5269	+	1662	4997
5270	+	1662	4999
5271	+	1662	5061
5272	+	1662	5065
5273	+	1664	1665
5274	+	1664	1717
5275	+	1664	1735
5276	+	1664	1773
5277	+	1664	2049
5278	+	1664	2058
5279	+	1664	2143
5280	+	1664	2400
5281	+	1664	2614
5282	+	1664	2623
5283	+	1664	3007
5284	+	1664	3155
5285	+	1664	3642
5286	+	1664	4801
5287	+	1664	4864
5288	+	1668	1686
5289	+	1670	1671
5290	+	1670	1934
5291	+	1670	2060
5292	+	1670	2181
5293	+	1670	2213
5294	+	1670	2295
5295	+	1670	2338
5296	+	1670	2429
5297	+	1670	3180
5298	+	1670	3336
5299	+	1670	4289
5300	+	1670	4448
5301	+	1670	4656
5302	+	1670	4684
5303	+	1670	4781
5304	+	1670	4815
5305	+	1672	1673
5306	+	1672	1924
5307	+	1672	2149
5308	+	1672	2160
5309	+	1672	2225
5310	+	1672	2464
5311	+	1672	2514
5312	+	1672	2521
5313	+	1672	2730
5314	+	1672	2742
5315	+	1672	2753
5316	+	1672	2784
5317	+	1672	2948
5318	+	1672	2964
5319	+	1672	2965
5320	+	1672	3236
5321	+	1675	1723
5322	+	1675	1887
5323	+	1675	1988
5324	+	1675	2035
5325	+	1675	2492
5326	+	1675	2653
5327	+	1675	2661
5328	+	1675	3121
5329	+	1675	3588
5330	+	1675	3979
5331	+	1675	4292
5332	+	1675	5012
5333	+	1678	1754
5334	+	1680	1681
5335	+	1680	1914
5336	+	1680	1948
5337	+	1680	1956
5338	+	1680	2011
5339	+	1680	2179
5340	+	1680	2263
5341	+	1680	2427
5342	+	1680	3132
5343	+	1680	3152
5344	+	1680	3253
5345	+	1680	3266
5346	+	1680	3298
5347	+	1680	3301
5348	+	1680	3321
5349	+	1680	3471
5350	+	1680	3561
5351	+	1680	3573
5352	+	1680	3692
5353	+	1680	3995
5354	+	1680	4103
5355	+	1680	4146
5356	+	1680	4224
5357	+	1680	4236
5358	+	1680	4255
5359	+	1680	4318
5360	+	1680	4769
5361	+	1680	4980
5362	+	1680	4983
5363	+	1682	1683
5364	+	1682	1698
5365	+	1682	1707
5366	+	1682	1749
5367	+	1682	1756
5368	+	1682	1764
5369	+	1682	1765
5370	+	1682	1781
5371	+	1682	1814
5372	+	1682	1815
5373	+	1682	1818
5374	+	1682	1903
5375	+	1682	1996
5376	+	1682	2022
5377	+	1682	2036
5378	+	1682	2077
5379	+	1682	2233
5380	+	1682	2235
5381	+	1682	2258
5382	+	1682	2259
5383	+	1682	2270
5384	+	1682	2282
5385	+	1682	2286
5386	+	1682	2291
5387	+	1682	2311
5388	+	1682	2324
5389	+	1682	2333
5390	+	1682	2441
5391	+	1682	2491
5392	+	1682	2599
5393	+	1682	2723
5394	+	1682	2739
5395	+	1682	2748
5396	+	1682	2749
5397	+	1682	2909
5398	+	1682	2918
5399	+	1682	2923
5400	+	1682	2942
5401	+	1682	2944
5402	+	1682	2981
5403	+	1682	2982
5404	+	1682	3112
5405	+	1682	3129
5406	+	1682	3137
5407	+	1682	3145
5408	+	1682	3177
5409	+	1682	3267
5410	+	1682	3305
5411	+	1682	3350
5412	+	1682	3366
5413	+	1682	3388
5414	+	1682	3389
5415	+	1682	3394
5416	+	1682	3395
5417	+	1682	3409
5418	+	1682	3541
5419	+	1682	3572
5420	+	1682	3732
5421	+	1682	3766
5422	+	1682	3771
5423	+	1682	3817
5424	+	1682	3820
5425	+	1682	3892
5426	+	1682	3943
5427	+	1682	3961
5428	+	1682	3962
5429	+	1682	3964
5430	+	1682	3972
5431	+	1682	4047
5432	+	1682	4118
5433	+	1682	4167
5434	+	1682	4171
5435	+	1682	4177
5436	+	1682	4288
5437	+	1682	4290
5438	+	1682	4312
5439	+	1682	4357
5440	+	1682	4446
5441	+	1682	4449
5442	+	1682	4512
5443	+	1682	4513
5444	+	1682	4636
5445	+	1682	4637
5446	+	1682	4669
5447	+	1682	4857
5448	+	1682	4972
5449	+	1686	1687
5450	+	1686	1977
5451	+	1686	1978
5452	+	1686	2004
5453	+	1686	2028
5454	+	1686	2030
5455	+	1686	2092
5456	+	1686	2257
5457	+	1686	2337
5458	+	1686	2498
5459	+	1686	2522
5460	+	1686	2592
5461	+	1686	2603
5462	+	1686	2607
5463	+	1686	2783
5464	+	1686	2811
5465	+	1686	2835
5466	+	1686	2939
5467	+	1686	2950
5468	+	1686	3011
5469	+	1686	3021
5470	+	1686	3052
5471	+	1686	3061
5472	+	1686	3198
5473	+	1686	3199
5474	+	1686	3205
5475	+	1686	3206
5476	+	1686	3209
5477	+	1686	3227
5478	+	1686	3243
5479	+	1686	3256
5480	+	1686	3265
5481	+	1686	3274
5482	+	1686	3327
5483	+	1686	3410
5484	+	1686	3433
5485	+	1686	3453
5486	+	1686	3460
5487	+	1686	3461
5488	+	1686	3464
5489	+	1686	3468
5490	+	1686	3473
5491	+	1686	3475
5492	+	1686	3477
5493	+	1686	3485
5494	+	1686	3487
5495	+	1686	3491
5496	+	1686	3492
5497	+	1686	3495
5498	+	1686	3507
5499	+	1686	3619
5500	+	1686	3668
5501	+	1686	3670
5502	+	1686	3674
5503	+	1686	3675
5504	+	1686	3691
5505	+	1686	3730
5506	+	1686	3758
5507	+	1686	3763
5508	+	1686	3765
5509	+	1686	3873
5510	+	1686	3902
5511	+	1686	3906
5512	+	1686	3908
5513	+	1686	3910
5514	+	1686	3967
5515	+	1686	3968
5516	+	1686	4074
5517	+	1686	4163
5518	+	1686	4170
5519	+	1686	4173
5520	+	1686	4203
5521	+	1686	4211
5522	+	1686	4216
5523	+	1686	4323
5524	+	1686	4335
5525	+	1686	4338
5526	+	1686	4340
5527	+	1686	4345
5528	+	1686	4359
5529	+	1686	4362
5530	+	1686	4365
5531	+	1686	4376
5532	+	1686	4380
5533	+	1686	4381
5534	+	1686	4387
5535	+	1686	4391
5536	+	1686	4408
5537	+	1686	4410
5538	+	1686	4426
5539	+	1686	4428
5540	+	1686	4429
5541	+	1686	4526
5542	+	1686	4527
5543	+	1686	4528
5544	+	1686	4541
5545	+	1686	4548
5546	+	1686	4549
5547	+	1686	4591
5548	+	1686	4592
5549	+	1686	4723
5550	+	1686	4762
5551	+	1686	4794
5552	+	1686	4820
5553	+	1686	4824
5554	+	1686	4831
5555	+	1686	4921
5556	+	1686	4924
5557	+	1686	4938
5558	+	1686	4963
5559	+	1693	1719
5560	+	1694	1987
5561	+	1698	1793
5562	+	1698	2152
5563	+	1700	1701
5564	+	1700	1894
5565	+	1700	1923
5566	+	1700	2144
5567	+	1700	2151
5568	+	1700	2162
5569	+	1700	3919
5570	+	1700	4188
5571	+	1700	4198
5572	+	1700	4676
5573	+	1700	4899
5574	+	1700	4905
5575	+	1703	2151
5576	+	1703	2316
5577	+	1703	2342
5578	+	1703	4139
5579	+	1703	4204
5580	+	1703	4205
5581	+	1703	4299
5582	+	1703	4537
5583	+	1703	4544
5584	+	1706	2263
5585	+	1706	2482
5586	+	1706	2500
5587	+	1706	2541
5588	+	1706	3860
5589	+	1706	4179
5590	+	1706	4726
5591	+	1709	1710
5592	+	1709	2074
5593	+	1709	2096
5594	+	1709	2435
5595	+	1709	2673
5596	+	1709	3043
5597	+	1709	3247
5598	+	1709	3457
5599	+	1709	3826
5600	+	1709	4018
5601	+	1709	4184
5602	+	1709	4344
5603	+	1709	4698
5604	+	1711	1712
5605	+	1711	3400
5606	+	1713	1714
5607	+	1713	1935
5608	+	1713	2029
5609	+	1713	2140
5610	+	1713	2308
5611	+	1713	2318
5612	+	1713	2357
5613	+	1713	2539
5614	+	1713	2596
5615	+	1713	3066
5616	+	1713	3117
5617	+	1713	3393
5618	+	1713	3406
5619	+	1713	3515
5620	+	1713	3637
5621	+	1713	3737
5622	+	1713	3780
5623	+	1713	3933
5624	+	1713	3974
5625	+	1713	3981
5626	+	1713	3982
5627	+	1713	4003
5628	+	1713	4519
5629	+	1713	4655
5630	+	1713	4733
5631	+	1713	4823
5632	+	1713	4968
5633	+	1713	4991
5634	+	1715	1716
5635	+	1715	1839
5636	+	1715	2071
5637	+	1715	2222
5638	+	1715	2389
5639	+	1715	2663
5640	+	1715	2735
5641	+	1715	2853
5642	+	1715	2872
5643	+	1715	2956
5644	+	1715	3046
5645	+	1715	3058
5646	+	1715	3108
5647	+	1715	3149
5648	+	1715	3221
5649	+	1715	3285
5650	+	1715	3296
5651	+	1715	3347
5652	+	1715	3376
5653	+	1715	3377
5654	+	1715	3528
5655	+	1715	3574
5656	+	1715	3626
5657	+	1715	3641
5658	+	1715	3654
5659	+	1715	3660
5660	+	1715	3690
5661	+	1715	3853
5662	+	1715	4133
5663	+	1715	4263
5664	+	1715	4264
5665	+	1715	4269
5666	+	1715	4280
5667	+	1715	4936
5668	+	1716	1720
5669	+	1719	1734
5670	+	1719	1740
5671	+	1719	1768
5672	+	1719	1891
5673	+	1719	2056
5674	+	1719	2173
5675	+	1719	2306
5676	+	1719	2373
5677	+	1719	2405
5678	+	1719	2423
5679	+	1719	2435
5680	+	1719	2652
5681	+	1719	2710
5682	+	1719	2804
5683	+	1719	2807
5684	+	1719	2858
5685	+	1719	2876
5686	+	1719	2878
5687	+	1719	2881
5688	+	1719	2883
5689	+	1719	3054
5690	+	1719	3318
5691	+	1719	3378
5692	+	1719	3537
5693	+	1719	3586
5694	+	1719	3652
5695	+	1719	3759
5696	+	1719	3846
5697	+	1719	3925
5698	+	1719	4037
5699	+	1719	4576
5700	+	1719	4715
5701	+	1719	4830
5702	+	1719	4834
5703	+	1719	4859
5704	+	1719	4861
5705	+	1719	4966
5706	+	1719	4977
5707	+	1719	5013
5708	+	1719	5037
5709	+	1720	1721
5710	+	1720	1742
5711	+	1720	1772
5712	+	1720	1831
5713	+	1720	1834
5714	+	1720	1852
5715	+	1720	1869
5716	+	1720	1878
5717	+	1720	1879
5718	+	1720	2068
5719	+	1720	2071
5720	+	1720	2084
5721	+	1720	2085
5722	+	1720	2101
5723	+	1720	2102
5724	+	1720	2131
5725	+	1720	2132
5726	+	1720	2139
5727	+	1720	2196
5728	+	1720	2215
5729	+	1720	2375
5730	+	1720	2379
5731	+	1720	2382
5732	+	1720	2397
5733	+	1720	2403
5734	+	1720	2414
5735	+	1720	2415
5736	+	1720	2450
5737	+	1720	2451
5738	+	1720	2465
5739	+	1720	2621
5740	+	1720	2624
5741	+	1720	2627
5742	+	1720	2628
5743	+	1720	2635
5744	+	1720	2637
5745	+	1720	2638
5746	+	1720	2647
5747	+	1720	2655
5748	+	1720	2662
5749	+	1720	2663
5750	+	1720	2831
5751	+	1720	2888
5752	+	1720	2905
5753	+	1720	2911
5754	+	1720	2912
5755	+	1720	2917
5756	+	1720	2956
5757	+	1720	3046
5758	+	1720	3051
5759	+	1720	3058
5760	+	1720	3086
5761	+	1720	3103
5762	+	1720	3104
5763	+	1720	3106
5764	+	1720	3108
5765	+	1720	3113
5766	+	1720	3114
5767	+	1720	3115
5768	+	1720	3119
5769	+	1720	3125
5770	+	1720	3149
5771	+	1720	3166
5772	+	1720	3172
5773	+	1720	3188
5774	+	1720	3191
5775	+	1720	3201
5776	+	1720	3204
5777	+	1720	3207
5778	+	1720	3224
5779	+	1720	3341
5780	+	1720	3347
5781	+	1720	3365
5782	+	1720	3373
5783	+	1720	3376
5784	+	1720	3377
5785	+	1720	3384
5786	+	1720	3386
5787	+	1720	3390
5788	+	1720	3392
5789	+	1720	3489
5790	+	1720	3508
5791	+	1720	3528
5792	+	1720	3569
5793	+	1720	3574
5794	+	1720	3598
5795	+	1720	3604
5796	+	1720	3636
5797	+	1720	3641
5798	+	1720	3651
5799	+	1720	3654
5800	+	1720	3660
5801	+	1720	3727
5802	+	1720	3790
5803	+	1720	3793
5804	+	1720	3800
5805	+	1720	3852
5806	+	1720	3853
5807	+	1720	3854
5808	+	1720	3867
5809	+	1720	3874
5810	+	1720	3876
5811	+	1720	3939
5812	+	1720	3986
5813	+	1720	3987
5814	+	1720	4048
5815	+	1720	4108
5816	+	1720	4142
5817	+	1720	4144
5818	+	1720	4172
5819	+	1720	4196
5820	+	1720	4218
5821	+	1720	4229
5822	+	1720	4230
5823	+	1720	4249
5824	+	1720	4254
5825	+	1720	4258
5826	+	1720	4264
5827	+	1720	4269
5828	+	1720	4280
5829	+	1720	4356
5830	+	1720	4385
5831	+	1720	4403
5832	+	1720	4404
5833	+	1720	4406
5834	+	1720	4411
5835	+	1720	4412
5836	+	1720	4433
5837	+	1720	4447
5838	+	1720	4453
5839	+	1720	4457
5840	+	1720	4464
5841	+	1720	4467
5842	+	1720	4478
5843	+	1720	4481
5844	+	1720	4490
5845	+	1720	4491
5846	+	1720	4492
5847	+	1720	4495
5848	+	1720	4496
5849	+	1720	4518
5850	+	1720	4572
5851	+	1720	4626
5852	+	1720	4641
5853	+	1720	4642
5854	+	1720	4668
5855	+	1720	4670
5856	+	1720	4671
5857	+	1720	4686
5858	+	1720	4699
5859	+	1720	4709
5860	+	1720	4714
5861	+	1720	4836
5862	+	1720	4837
5863	+	1720	4851
5864	+	1720	4854
5865	+	1720	4871
5866	+	1720	4882
5867	+	1720	4885
5868	+	1720	4975
5869	+	1720	4976
5870	+	1720	4981
5871	+	1720	4987
5872	+	1720	5021
5873	+	1720	5032
5874	+	1725	1726
5875	+	1725	2047
5876	+	1725	2055
5877	+	1725	2232
5878	+	1725	2951
5879	+	1725	4209
5880	+	1725	4397
5881	+	1725	4416
5882	+	1725	4858
5883	+	1725	4979
5884	+	1729	1730
5885	+	1729	1733
5886	+	1729	1741
5887	+	1729	1753
5888	+	1729	1785
5889	+	1729	1786
5890	+	1729	1799
5891	+	1729	1811
5892	+	1729	1833
5893	+	1729	1838
5894	+	1729	1851
5895	+	1729	1865
5896	+	1729	1871
5897	+	1729	1873
5898	+	1729	1877
5899	+	1729	1885
5900	+	1729	1900
5901	+	1729	1921
5902	+	1729	1968
5903	+	1729	2070
5904	+	1729	2105
5905	+	1729	2106
5906	+	1729	2107
5907	+	1729	2115
5908	+	1729	2126
5909	+	1729	2138
5910	+	1729	2156
5911	+	1729	2168
5912	+	1729	2182
5913	+	1729	2245
5914	+	1729	2294
5915	+	1729	2332
5916	+	1729	2350
5917	+	1729	2351
5918	+	1729	2372
5919	+	1729	2418
5920	+	1729	2420
5921	+	1729	2507
5922	+	1729	2544
5923	+	1729	2545
5924	+	1729	2548
5925	+	1729	2549
5926	+	1729	2554
5927	+	1729	2577
5928	+	1729	2590
5929	+	1729	2595
5930	+	1729	2631
5931	+	1729	2645
5932	+	1729	2740
5933	+	1729	2797
5934	+	1729	2810
5935	+	1729	2815
5936	+	1729	2818
5937	+	1729	2848
5938	+	1729	2849
5939	+	1729	3009
5940	+	1729	3044
5941	+	1729	3128
5942	+	1729	3140
5943	+	1729	3211
5944	+	1729	3220
5945	+	1729	3284
5946	+	1729	3317
5947	+	1729	3418
5948	+	1729	3432
5949	+	1729	3450
5950	+	1729	3451
5951	+	1729	3707
5952	+	1729	3716
5953	+	1729	3717
5954	+	1729	3726
5955	+	1729	3772
5956	+	1729	3870
5957	+	1729	3891
5958	+	1729	3935
5959	+	1729	3959
5960	+	1729	4027
5961	+	1729	4038
5962	+	1729	4106
5963	+	1729	4156
5964	+	1729	4274
5965	+	1729	4375
5966	+	1729	4393
5967	+	1729	4485
5968	+	1729	4510
5969	+	1731	1732
5970	+	1731	1809
5971	+	1731	1810
5972	+	1731	2007
5973	+	1731	2072
5974	+	1731	2352
5975	+	1731	2469
5976	+	1731	2529
5977	+	1731	2702
5978	+	1731	2847
5979	+	1731	3060
5980	+	1731	3068
5981	+	1731	3333
5982	+	1731	3337
5983	+	1731	3352
5984	+	1731	3407
5985	+	1731	3558
5986	+	1731	3565
5987	+	1731	3591
5988	+	1731	3739
5989	+	1731	3743
5990	+	1731	3744
5991	+	1731	3789
5992	+	1731	3792
5993	+	1731	3829
5994	+	1731	3994
5995	+	1731	4165
5996	+	1731	4552
5997	+	1731	4736
5998	+	1731	4878
5999	+	1731	4907
6000	+	1731	5054
6001	+	1743	1744
6002	+	1743	1745
6003	+	1743	2495
6004	+	1743	2682
6005	+	1743	2984
6006	+	1743	3094
6007	+	1743	3686
6008	+	1746	1747
6009	+	1746	1841
6010	+	1746	2264
6011	+	1746	2277
6012	+	1746	2342
6013	+	1746	2601
6014	+	1746	2602
6015	+	1746	2877
6016	+	1746	2900
6017	+	1746	3346
6018	+	1746	3564
6019	+	1750	2188
6020	+	1754	1755
6021	+	1754	2146
6022	+	1754	2438
6023	+	1754	2827
6024	+	1754	4652
6025	+	1756	2152
6026	+	1758	1759
6027	+	1758	1837
6028	+	1758	1882
6029	+	1758	2244
6030	+	1758	2555
6031	+	1758	2571
6032	+	1758	2752
6033	+	1758	2770
6034	+	1758	2772
6035	+	1758	2985
6036	+	1758	3050
6037	+	1758	4245
6038	+	1758	5047
6039	+	1758	5067
6040	+	1761	2220
6041	+	1762	1763
6042	+	1762	2263
6043	+	1762	2404
6044	+	1762	2416
6045	+	1762	2427
6046	+	1762	3132
6047	+	1762	3152
6048	+	1762	3153
6049	+	1762	3428
6050	+	1762	3818
6051	+	1762	3868
6052	+	1775	1790
6053	+	1779	1780
6054	+	1779	1976
6055	+	1779	2008
6056	+	1779	2034
6057	+	1779	2062
6058	+	1779	2074
6059	+	1779	2091
6060	+	1779	2272
6061	+	1779	2273
6062	+	1779	2281
6063	+	1779	2283
6064	+	1779	2355
6065	+	1779	2488
6066	+	1779	2718
6067	+	1779	2756
6068	+	1779	2823
6069	+	1779	2830
6070	+	1779	2953
6071	+	1779	3028
6072	+	1779	3335
6073	+	1779	3367
6074	+	1779	3597
6075	+	1779	4009
6076	+	1779	4543
6077	+	1779	4838
6078	+	1782	1783
6079	+	1782	4465
6080	+	1787	1788
6081	+	1787	1854
6082	+	1787	1936
6083	+	1787	2358
6084	+	1787	2963
6085	+	1787	3307
6086	+	1787	3322
6087	+	1787	3332
6088	+	1787	3334
6089	+	1787	3830
6090	+	1787	3975
6091	+	1787	3989
6092	+	1787	4151
6093	+	1787	4180
6094	+	1787	4367
6095	+	1787	4756
6096	+	1787	4818
6097	+	1787	4992
6098	+	1787	5025
6099	+	1790	1791
6100	+	1790	1798
6101	+	1790	1822
6102	+	1790	2184
6103	+	1790	2192
6104	+	1790	2275
6105	+	1790	2447
6106	+	1790	2511
6107	+	1790	3353
6108	+	1790	3429
6109	+	1790	3812
6110	+	1790	4052
6111	+	1790	4189
6112	+	1790	4241
6113	+	1793	1794
6114	+	1793	2006
6115	+	1793	2387
6116	+	1793	2399
6117	+	1793	2794
6118	+	1793	3107
6119	+	1793	3150
6120	+	1793	3165
6121	+	1793	3175
6122	+	1793	3237
6123	+	1793	3632
6124	+	1793	3749
6125	+	1793	3842
6126	+	1793	4437
6127	+	1793	4516
6128	+	1793	4659
6129	+	1796	1797
6130	+	1796	1814
6131	+	1796	1828
6132	+	1796	1997
6133	+	1796	2109
6134	+	1796	2208
6135	+	1796	2892
6136	+	1796	3272
6137	+	1796	3592
6138	+	1796	4040
6139	+	1796	4070
6140	+	1796	4071
6141	+	1796	4454
6142	+	1796	4787
6143	+	1796	4813
6144	+	1796	4832
6145	+	1796	4896
6146	+	1796	5063
6147	+	1802	1803
6148	+	1802	1844
6149	+	1802	1863
6150	+	1802	1920
6151	+	1802	2021
6152	+	1802	2048
6153	+	1802	2166
6154	+	1802	2185
6155	+	1802	2218
6156	+	1802	2289
6157	+	1802	2467
6158	+	1802	2532
6159	+	1802	2778
6160	+	1802	2829
6161	+	1802	2990
6162	+	1802	2998
6163	+	1802	3041
6164	+	1802	3294
6165	+	1802	3306
6166	+	1802	3375
6167	+	1802	3444
6168	+	1802	3506
6169	+	1802	3777
6170	+	1802	3909
6171	+	1802	3993
6172	+	1802	4150
6173	+	1802	4166
6174	+	1802	4169
6175	+	1802	4351
6176	+	1802	4520
6177	+	1802	4536
6178	+	1802	4587
6179	+	1802	4593
6180	+	1802	4799
6181	+	1802	4847
6182	+	1802	4855
6183	+	1802	4908
6184	+	1802	5001
6185	+	1802	5024
6186	+	1802	5030
6187	+	1805	1806
6188	+	1805	1819
6189	+	1805	1832
6190	+	1805	1845
6191	+	1805	1846
6192	+	1805	2026
6193	+	1805	2431
6194	+	1805	2433
6195	+	1805	3095
6196	+	1805	3225
6197	+	1806	1816
6198	+	1806	2310
6199	+	1806	2430
6200	+	1811	1885
6201	+	1816	1817
6202	+	1816	1846
6203	+	1816	2475
6204	+	1816	2678
6205	+	1816	4995
6206	+	1817	1876
6207	+	1824	1825
6208	+	1824	2803
6209	+	1824	3218
6210	+	1824	3235
6211	+	1824	3416
6212	+	1824	4355
6213	+	1824	4617
6214	+	1824	4796
6215	+	1829	1830
6216	+	1829	2374
6217	+	1829	2377
6218	+	1829	2459
6219	+	1829	2619
6220	+	1829	2695
6221	+	1829	2700
6222	+	1829	2822
6223	+	1829	2871
6224	+	1829	2943
6225	+	1829	3033
6226	+	1829	3045
6227	+	1829	3084
6228	+	1829	3203
6229	+	1829	3242
6230	+	1829	3415
6231	+	1829	3434
6232	+	1829	3435
6233	+	1829	3436
6234	+	1829	4507
6235	+	1829	4573
6236	+	1829	4881
6237	+	1832	2310
6238	+	1832	2430
6239	+	1836	1837
6240	+	1836	2123
6241	+	1836	2135
6242	+	1837	3148
6243	+	1845	1876
6244	+	1845	2430
6245	+	1846	2310
6246	+	1846	2430
6247	+	1851	1885
6248	+	1853	1854
6249	+	1853	1899
6250	+	1853	1936
6251	+	1853	1946
6252	+	1853	1984
6253	+	1853	1985
6254	+	1853	1986
6255	+	1853	1995
6256	+	1853	2031
6257	+	1853	2040
6258	+	1853	2197
6259	+	1853	2456
6260	+	1853	2474
6261	+	1853	2927
6262	+	1853	3035
6263	+	1853	3059
6264	+	1853	3138
6265	+	1853	3141
6266	+	1853	3142
6267	+	1853	3219
6268	+	1853	3233
6269	+	1853	3355
6270	+	1853	3361
6271	+	1853	3371
6272	+	1853	3478
6273	+	1853	3539
6274	+	1853	3554
6275	+	1853	3610
6276	+	1853	3702
6277	+	1853	3709
6278	+	1853	3787
6279	+	1853	3799
6280	+	1853	4244
6281	+	1853	4270
6282	+	1853	4319
6283	+	1853	4463
6284	+	1853	4509
6285	+	1853	4523
6286	+	1853	4677
6287	+	1853	4697
6288	+	1853	4716
6289	+	1853	4718
6290	+	1853	4826
6291	+	1853	4856
6292	+	1853	4962
6293	+	1853	5009
6294	+	1866	1867
6295	+	1866	2109
6296	+	1866	2127
6297	+	1866	2220
6298	+	1866	2341
6299	+	1866	3087
6300	+	1866	3262
6301	+	1866	3272
6302	+	1866	3403
6303	+	1866	3559
6304	+	1866	3649
6305	+	1866	3719
6306	+	1866	3897
6307	+	1866	3991
6308	+	1866	4302
6309	+	1866	4384
6310	+	1866	4594
6311	+	1866	4614
6312	+	1866	4646
6313	+	1866	4800
6314	+	1866	4937
6315	+	1871	1885
6316	+	1873	1885
6317	+	1876	2431
6318	+	1876	2475
6319	+	1876	2678
6320	+	1876	4840
6321	+	1880	3363
6322	+	1885	1886
6323	+	1885	2070
6324	+	1885	2105
6325	+	1885	2115
6326	+	1885	2121
6327	+	1885	2245
6328	+	1885	2350
6329	+	1885	2490
6330	+	1885	2507
6331	+	1885	2546
6332	+	1885	2590
6333	+	1885	2606
6334	+	1885	2654
6335	+	1885	2733
6336	+	1885	2788
6337	+	1885	2797
6338	+	1885	2814
6339	+	1885	3047
6340	+	1885	3140
6341	+	1885	3189
6342	+	1885	3280
6343	+	1885	3284
6344	+	1885	3286
6345	+	1885	3289
6346	+	1885	3290
6347	+	1885	3458
6348	+	1885	3462
6349	+	1885	3499
6350	+	1885	3501
6351	+	1885	3525
6352	+	1885	3543
6353	+	1885	3553
6354	+	1885	3582
6355	+	1885	3583
6356	+	1885	3584
6357	+	1885	3596
6358	+	1885	3613
6359	+	1885	3615
6360	+	1885	3618
6361	+	1885	3621
6362	+	1885	3657
6363	+	1885	3768
6364	+	1885	3772
6365	+	1885	3776
6366	+	1885	3778
6367	+	1885	3869
6368	+	1885	3935
6369	+	1885	3959
6370	+	1885	3980
6371	+	1885	4004
6372	+	1885	4010
6373	+	1885	4026
6374	+	1885	4192
6375	+	1885	4201
6376	+	1885	4320
6377	+	1885	4413
6378	+	1885	4616
6379	+	1885	4680
6380	+	1885	4681
6381	+	1885	4746
6382	+	1885	4852
6383	+	1885	4902
6384	+	1885	5010
6385	+	1895	2001
6386	+	1897	1898
6387	+	1897	1918
6388	+	1897	1937
6389	+	1897	2187
6390	+	1897	2192
6391	+	1897	2201
6392	+	1897	2396
6393	+	1897	2409
6394	+	1897	2650
6395	+	1897	2651
6396	+	1897	2660
6397	+	1897	2842
6398	+	1897	2844
6399	+	1897	2994
6400	+	1897	3064
6401	+	1897	3072
6402	+	1897	3382
6403	+	1897	3440
6404	+	1897	3585
6405	+	1897	3607
6406	+	1897	3630
6407	+	1897	3798
6408	+	1897	4032
6409	+	1897	4130
6410	+	1897	4268
6411	+	1897	4705
6412	+	1897	4719
6413	+	1897	5066
6414	+	1904	1905
6415	+	1904	1974
6416	+	1904	2473
6417	+	1904	2842
6418	+	1904	2895
6419	+	1904	2938
6420	+	1904	3071
6421	+	1904	3091
6422	+	1907	1972
6423	+	1907	2367
6424	+	1908	2422
6425	+	1908	2509
6426	+	1908	2970
6427	+	1908	3244
6428	+	1908	3250
6429	+	1908	4430
6430	+	1908	4522
6431	+	1908	4644
6432	+	1908	4706
6433	+	1908	4713
6434	+	1908	4965
6435	+	1929	2301
6436	+	1930	1931
6437	+	1940	2210
6438	+	1940	3261
6439	+	1950	1951
6440	+	1950	2130
6441	+	1950	3055
6442	+	1950	4109
6443	+	1950	4110
6444	+	1950	4624
6445	+	1950	4795
6446	+	1950	4946
6447	+	1950	4954
6448	+	1952	2677
6449	+	1952	2686
6450	+	1952	3121
6451	+	1952	3277
6452	+	1952	3571
6453	+	1952	3680
6454	+	1960	1961
6455	+	1960	2288
6456	+	1960	2470
6457	+	1960	2471
6458	+	1960	2476
6459	+	1960	2633
6460	+	1960	2702
6461	+	1960	3255
6462	+	1960	3263
6463	+	1960	3270
6464	+	1960	3323
6465	+	1960	3466
6466	+	1960	3503
6467	+	1960	3840
6468	+	1960	3882
6469	+	1960	3955
6470	+	1960	4076
6471	+	1960	4086
6472	+	1960	4137
6473	+	1960	4580
6474	+	1960	4661
6475	+	1960	4833
6476	+	1960	4913
6477	+	1960	5018
6478	+	1960	5039
6479	+	1962	1963
6480	+	1962	2926
6481	+	1962	2955
6482	+	1962	3223
6483	+	1962	3229
6484	+	1962	3470
6485	+	1962	4117
6486	+	1962	4611
6487	+	1962	4812
6488	+	1972	1973
6489	+	1972	2024
6490	+	1972	2147
6491	+	1972	2167
6492	+	1972	2238
6493	+	1972	2502
6494	+	1972	2629
6495	+	1972	3006
6496	+	1972	3089
6497	+	1972	3271
6498	+	1972	3672
6499	+	1972	3677
6500	+	1972	3715
6501	+	1972	3759
6502	+	1972	3764
6503	+	1972	3779
6504	+	1972	3845
6505	+	1972	3949
6506	+	1972	3996
6507	+	1972	4002
6508	+	1972	4019
6509	+	1972	4195
6510	+	1972	4735
6511	+	1977	2043
6512	+	1987	2023
6513	+	1987	2241
6514	+	1987	2254
6515	+	1987	2370
6516	+	1987	2776
6517	+	1987	3096
6518	+	1987	3102
6519	+	1987	3310
6520	+	1987	3532
6521	+	1987	4600
6522	+	1987	4749
6523	+	1987	4759
6524	+	1987	4765
6525	+	1987	4809
6526	+	1991	3544
6527	+	1991	4371
6528	+	2001	2002
6529	+	2001	3427
6530	+	2001	3447
6531	+	2001	3695
6532	+	2001	3788
6533	+	2001	4772
6534	+	2012	2013
6535	+	2012	2158
6536	+	2012	3250
6537	+	2012	3509
6538	+	2012	3969
6539	+	2012	4306
6540	+	2012	4750
6541	+	2012	4790
6542	+	2012	5040
6543	+	2012	5041
6544	+	2018	2019
6545	+	2018	4869
6546	+	2018	4888
6547	+	2043	2095
6548	+	2043	2240
6549	+	2043	2309
6550	+	2043	2316
6551	+	2043	2342
6552	+	2043	2493
6553	+	2043	3039
6554	+	2043	3729
6555	+	2043	3880
6556	+	2043	4253
6557	+	2044	2045
6558	+	2044	4978
6559	+	2071	2669
6560	+	2080	2081
6561	+	2080	2227
6562	+	2080	2413
6563	+	2080	3635
6564	+	2080	3839
6565	+	2080	4036
6566	+	2080	4065
6567	+	2080	4502
6568	+	2080	4693
6569	+	2103	2104
6570	+	2103	2148
6571	+	2103	2175
6572	+	2103	2198
6573	+	2103	2439
6574	+	2103	2454
6575	+	2103	2688
6576	+	2103	2734
6577	+	2103	3094
6578	+	2103	3387
6579	+	2103	3402
6580	+	2103	3731
6581	+	2103	3733
6582	+	2103	3740
6583	+	2103	3745
6584	+	2103	3756
6585	+	2103	3875
6586	+	2103	3904
6587	+	2103	4311
6588	+	2103	4332
6589	+	2103	4516
6590	+	2103	4666
6591	+	2103	4846
6592	+	2103	5020
6593	+	2103	5026
6594	+	2104	2494
6595	+	2104	2769
6596	+	2108	2120
6597	+	2108	2584
6598	+	2108	2697
6599	+	2108	3102
6600	+	2108	3291
6601	+	2108	4129
6602	+	2112	2113
6603	+	2112	2445
6604	+	2112	2754
6605	+	2112	2759
6606	+	2112	2997
6607	+	2112	3181
6608	+	2112	3324
6609	+	2112	4753
6610	+	2123	3148
6611	+	2135	3148
6612	+	2145	2146
6613	+	2145	2263
6614	+	2145	2426
6615	+	2145	2438
6616	+	2145	3192
6617	+	2145	3196
6618	+	2145	4452
6619	+	2152	2153
6620	+	2152	2230
6621	+	2152	2231
6622	+	2152	2233
6623	+	2152	2441
6624	+	2152	2446
6625	+	2152	3112
6626	+	2152	3313
6627	+	2152	3350
6628	+	2152	3496
6629	+	2152	3548
6630	+	2152	3572
6631	+	2152	3892
6632	+	2152	4449
6633	+	2152	4640
6634	+	2152	4967
6635	+	2175	2494
6636	+	2175	2769
6637	+	2188	2189
6638	+	2188	2639
6639	+	2188	2843
6640	+	2188	2972
6641	+	2188	3057
6642	+	2188	3070
6643	+	2188	3327
6644	+	2188	3379
6645	+	2188	3483
6646	+	2188	3493
6647	+	2188	3500
6648	+	2188	3659
6649	+	2188	3676
6650	+	2188	3738
6651	+	2188	4008
6652	+	2188	4256
6653	+	2192	2503
6654	+	2198	2494
6655	+	2198	2769
6656	+	2205	2851
6657	+	2211	2212
6658	+	2211	2217
6659	+	2211	2224
6660	+	2211	2234
6661	+	2211	2251
6662	+	2211	2274
6663	+	2211	2287
6664	+	2211	2343
6665	+	2211	2485
6666	+	2211	2537
6667	+	2211	2553
6668	+	2211	2583
6669	+	2211	2687
6670	+	2211	2694
6671	+	2211	2704
6672	+	2211	2706
6673	+	2211	2708
6674	+	2211	2720
6675	+	2211	2721
6676	+	2211	2736
6677	+	2211	2756
6678	+	2211	2766
6679	+	2211	2916
6680	+	2211	2933
6681	+	2211	2938
6682	+	2211	2949
6683	+	2211	3010
6684	+	2211	3024
6685	+	2211	3160
6686	+	2211	3169
6687	+	2211	3252
6688	+	2211	3262
6689	+	2211	3304
6690	+	2211	3339
6691	+	2211	3344
6692	+	2211	3345
6693	+	2211	3424
6694	+	2211	3555
6695	+	2211	3562
6696	+	2211	3563
6697	+	2211	3681
6698	+	2211	3912
6699	+	2211	3947
6700	+	2211	3957
6701	+	2211	3965
6702	+	2211	3970
6703	+	2211	4099
6704	+	2211	4101
6705	+	2211	4115
6706	+	2211	4307
6707	+	2211	4337
6708	+	2211	4358
6709	+	2211	4739
6710	+	2211	4873
6711	+	2211	4883
6712	+	2211	5017
6713	+	2211	5053
6714	+	2220	3297
6715	+	2226	2248
6716	+	2228	2229
6717	+	2228	4131
6718	+	2244	3148
6719	+	2248	2249
6720	+	2248	2442
6721	+	2248	3712
6722	+	2248	3948
6723	+	2248	4281
6724	+	2248	4361
6725	+	2248	4732
6726	+	2248	4880
6727	+	2252	2253
6728	+	2252	2530
6729	+	2252	2791
6730	+	2255	2256
6731	+	2255	2300
6732	+	2255	2353
6733	+	2255	3232
6734	+	2255	3275
6735	+	2255	3896
6736	+	2255	4909
6737	+	2255	5068
6738	+	2260	2261
6739	+	2260	2276
6740	+	2260	2339
6741	+	2260	2795
6742	+	2260	2875
6743	+	2260	3126
6744	+	2260	3168
6745	+	2260	3170
6746	+	2260	3311
6747	+	2260	3411
6748	+	2260	3455
6749	+	2260	3529
6750	+	2260	3552
6751	+	2260	3689
6752	+	2260	3894
6753	+	2260	3920
6754	+	2260	4193
6755	+	2260	4409
6756	+	2263	3488
6757	+	2274	3363
6758	+	2299	2300
6759	+	2299	3018
6760	+	2301	2302
6761	+	2301	2303
6762	+	2301	2313
6763	+	2301	2314
6764	+	2301	2315
6765	+	2301	2317
6766	+	2301	2319
6767	+	2301	2359
6768	+	2301	2360
6769	+	2301	2378
6770	+	2301	2381
6771	+	2301	2540
6772	+	2301	2542
6773	+	2301	2584
6774	+	2301	2587
6775	+	2301	2604
6776	+	2301	2799
6777	+	2301	3005
6778	+	2301	3006
6779	+	2301	3162
6780	+	2310	2518
6781	+	2315	2367
6782	+	2317	2367
6783	+	2324	2898
6784	+	2329	2330
6785	+	2329	2901
6786	+	2329	3579
6787	+	2329	3803
6788	+	2329	4148
6789	+	2329	4149
6790	+	2329	4422
6791	+	2329	4529
6792	+	2329	4688
6793	+	2329	4862
6794	+	2365	2366
6795	+	2365	2384
6796	+	2365	2386
6797	+	2365	4153
6798	+	2367	2368
6799	+	2367	2969
6800	+	2367	3946
6801	+	2367	4398
6802	+	2404	3488
6803	+	2416	3488
6804	+	2430	2431
6805	+	2430	2947
6806	+	2434	3973
6807	+	2444	2477
6808	+	2477	2478
6809	+	2477	3105
6810	+	2477	3159
6811	+	2477	3580
6812	+	2477	3788
6813	+	2477	3816
6814	+	2477	3893
6815	+	2477	4892
6816	+	2477	4958
6817	+	2477	5035
6818	+	2494	3731
6819	+	2494	3733
6820	+	2494	3740
6821	+	2494	3745
6822	+	2494	3756
6823	+	2494	3904
6824	+	2494	4898
6825	+	2503	2757
6826	+	2503	4894
6827	+	2503	4932
6828	+	2503	5076
6829	+	2557	2558
6830	+	2557	4895
6831	+	2557	5038
6832	+	2602	4128
6833	+	2616	2617
6834	+	2616	3593
6835	+	2616	3655
6836	+	2616	4808
6837	+	2649	3416
6838	+	2649	4183
6839	+	2649	4784
6840	+	2669	3653
6841	+	2669	3654
6842	+	2669	3837
6843	+	2669	4282
6844	+	2691	2692
6845	+	2691	3195
6846	+	2691	4217
6847	+	2691	4232
6848	+	2737	2738
6849	+	2737	3288
6850	+	2737	3417
6851	+	2737	3609
6852	+	2737	3661
6853	+	2737	3698
6854	+	2737	3796
6855	+	2737	3797
6856	+	2737	3951
6857	+	2737	3960
6858	+	2737	4550
6859	+	2737	4599
6860	+	2737	4605
6861	+	2737	4922
6862	+	2737	5070
6863	+	2769	3094
6864	+	2769	3740
6865	+	2769	3745
6866	+	2769	3756
6867	+	2769	4311
6868	+	2769	4332
6869	+	2771	2987
6870	+	2771	4252
6871	+	2780	2832
6872	+	2820	2821
6873	+	2826	2827
6874	+	2826	4565
6875	+	2826	4771
6876	+	2851	2852
6877	+	2851	3042
6878	+	2851	4059
6879	+	2851	4764
6880	+	2898	2899
6881	+	2898	3092
6882	+	2898	3167
6883	+	2898	3342
6884	+	2898	3587
6885	+	2898	4034
6886	+	2898	4073
6887	+	2898	4441
6888	+	2898	4455
6889	+	2898	4597
6890	+	2898	4817
6891	+	2898	4900
6892	+	2898	5062
6893	+	2940	2941
6894	+	2949	4923
6895	+	3000	3001
6896	+	3000	3754
6897	+	3014	3015
6898	+	3014	3295
6899	+	3014	3449
6900	+	3014	3878
6901	+	3014	4085
6902	+	3014	4257
6903	+	3014	4293
6904	+	3025	3026
6905	+	3025	4250
6906	+	3025	5023
6907	+	3043	3248
6908	+	3132	3488
6909	+	3148	3316
6910	+	3148	3667
6911	+	3148	3928
6912	+	3148	4340
6913	+	3148	4341
6914	+	3148	5005
6915	+	3152	3488
6916	+	3153	3488
6917	+	3247	3248
6918	+	3248	3249
6919	+	3248	3457
6920	+	3248	3482
6921	+	3248	3628
6922	+	3248	4199
6923	+	3248	4915
6924	+	3363	3364
6925	+	3363	3519
6926	+	3363	3828
6927	+	3363	4176
6928	+	3363	4556
6929	+	3363	5028
6930	+	3412	4333
6931	+	3488	4354
6932	+	3655	4140
6933	+	3733	3881
6934	+	3834	3835
6935	+	3916	3917
6936	+	3973	4585
6937	+	4104	4105
6938	+	4104	4607
6939	+	4112	4113
6940	+	4122	4123
6941	+	4122	4305
6942	+	4140	4141
6943	+	4174	4175
6944	+	4260	4261
6945	+	4260	4459
6946	+	4296	4297
6947	+	4326	4327
6948	+	4326	4725
6949	+	4330	4331
6950	+	4330	4766
6951	+	4352	4353
6952	+	4352	5069
6953	+	4377	4378
6954	+	4377	4382
6955	+	4419	4420
6956	+	4504	4505
6957	+	4588	4589
6958	+	4673	4674
6959	+	4747	4748
6960	+	4903	4904
6961	+	4923	4926
