2788	+	80	1038
2789	+	80	4064
2792	+	80	6829
2794	+	80	7868
2795	+	80	7874
2796	+	80	7882
2797	+	80	7900
2799	+	80	8307
2800	+	80	8311
2801	+	80	8385
2803	+	80	16767
2806	+	80	20095
2807	+	80	21253
2811	+	80	25166
2815	+	80	27874
2816	+	80	28824
2817	+	80	28958
2819	+	80	29261
2820	+	80	29263
2821	+	80	29264
2822	+	80	29766
2823	+	80	29767
4212	+	118	10423
4220	+	118	24004
4222	+	118	25612
4223	+	118	25737
4224	+	118	25742
4226	+	118	26675
5516	+	160	1070
6920	+	215	10423
12242	+	370	13072
12249	+	370	25314
12705	+	394	431
14000	+	431	7868
14010	+	431	12084
14011	+	431	12086
14020	+	431	13601
14038	+	431	20095
14043	+	431	21887
14054	+	431	30477
14367	+	444	21485
15438	+	478	13601
15447	+	478	21962
15448	+	478	21963
19575	+	609	8042
19593	+	609	24042
22797	+	715	28442
26388	+	853	30461
26718	+	870	4245
26722	+	870	23428
26723	+	870	27872
28942	+	945	1187
28953	+	945	6773
28954	+	945	6986
28964	+	945	19019
28968	+	945	22811
31037	+	1013	30461
31837	+	1038	4064
31839	+	1038	6829
31840	+	1038	7169
31843	+	1038	7868
31844	+	1038	7874
31845	+	1038	7882
31846	+	1038	7900
31848	+	1038	8307
31849	+	1038	8311
31850	+	1038	8385
31852	+	1038	12852
31853	+	1038	12893
31854	+	1038	13251
31855	+	1038	13401
31856	+	1038	16767
31857	+	1038	20095
31859	+	1038	22440
31861	+	1038	25166
31862	+	1038	25421
31865	+	1038	28824
31866	+	1038	28862
31867	+	1038	28865
31868	+	1038	28868
31869	+	1038	28958
31871	+	1038	29261
31872	+	1038	29263
31873	+	1038	29264
31874	+	1038	29766
31875	+	1038	29767
32399	+	1055	13601
32635	+	1070	20354
32638	+	1070	24639
32834	+	1080	30397
33067	+	1089	9343
33068	+	1089	9873
33070	+	1089	11372
33071	+	1089	11491
33077	+	1089	15559
33080	+	1089	21972
33442	+	1115	2701
34968	+	1187	7001
34969	+	1187	8213
34976	+	1187	22740
34977	+	1187	23344
34978	+	1187	26182
34980	+	1187	27585
35169	+	1202	17884
38833	+	1330	8089
38835	+	1330	9785
38842	+	1330	12557
39010	+	1336	7001
39022	+	1336	10060
39028	+	1336	14563
39030	+	1336	15114
39031	+	1336	15123
39038	+	1336	16709
39053	+	1336	26182
39106	+	1342	6424
39107	+	1342	7088
39109	+	1342	7831
39113	+	1342	11253
39119	+	1342	21738
39120	+	1342	22035
39122	+	1342	24533
39123	+	1342	24579
39124	+	1342	24651
39125	+	1342	24705
39127	+	1342	25255
39135	+	1342	26648
39140	+	1342	26991
39150	+	1342	29676
39151	+	1342	30239
39152	+	1342	30384
40611	+	1401	13138
40613	+	1401	14524
40622	+	1401	28442
41599	+	1429	28441
41601	+	1429	28942
41633	+	1432	19571
42136	+	1451	2067
42146	+	1451	3921
42170	+	1451	6396
42183	+	1451	7746
42217	+	1451	10952
42236	+	1451	14366
42237	+	1451	14413
42241	+	1451	15448
42248	+	1451	17318
42259	+	1451	19396
42316	+	1451	25742
42321	+	1451	26166
42323	+	1451	26433
42324	+	1451	26675
42326	+	1451	26817
42327	+	1451	26832
42330	+	1451	27580
42338	+	1451	28305
42341	+	1451	28448
44179	+	1533	1864
44956	+	1558	3438
44987	+	1558	27487
46839	+	1605	19482
47683	+	1633	26265
48699	+	1663	4761
48714	+	1663	19483
49927	+	1704	4064
49955	+	1704	29261
51155	+	1748	14966
51158	+	1748	23226
51161	+	1748	25330
51162	+	1748	25331
53165	+	1831	2084
53198	+	1831	20145
53531	+	1852	2085
53540	+	1852	4836
54633	+	1879	5718
54644	+	1879	23453
54645	+	1879	24216
55010	+	1888	22904
55038	+	1888	28930
58478	+	1979	4347
58479	+	1979	4841
60719	+	2067	6396
60734	+	2067	22558
60739	+	2067	25742
61291	+	2076	14524
61296	+	2076	28442
61390	+	2084	2624
61391	+	2084	2662
61409	+	2085	4836
61416	+	2085	10988
61428	+	2085	19153
61794	+	2101	15051
61806	+	2101	27757
61834	+	2102	15109
62733	+	2131	21984
62741	+	2132	4836
62742	+	2132	5718
62750	+	2132	24216
65448	+	2229	28264
67130	+	2276	27970
67452	+	2290	2834
67456	+	2290	3081
67460	+	2290	4110
67461	+	2290	4324
67462	+	2290	4497
67463	+	2290	4498
67465	+	2290	4624
67484	+	2290	8089
67486	+	2290	8556
67489	+	2290	8981
67504	+	2290	11292
67507	+	2290	11765
67512	+	2290	12092
67521	+	2290	12436
67523	+	2290	12672
67531	+	2290	13564
67532	+	2290	13617
67535	+	2290	14372
67542	+	2290	15906
67544	+	2290	16709
67548	+	2290	19807
67552	+	2290	21644
67556	+	2290	22750
67561	+	2290	28190
67562	+	2290	29751
67564	+	2290	30463
69963	+	2362	6396
69970	+	2362	10742
69971	+	2362	10960
69972	+	2362	10976
69973	+	2362	10985
69977	+	2362	20702
69980	+	2362	25384
69981	+	2362	25737
69982	+	2362	25742
69984	+	2362	27855
71591	+	2441	25742
71594	+	2441	26166
71595	+	2441	26817
71933	+	2448	26265
71965	+	2450	4836
71988	+	2450	24694
72013	+	2451	10988
72551	+	2476	7244
72555	+	2476	27815
72556	+	2476	27887
72557	+	2476	27888
72558	+	2476	27905
74170	+	2536	12369
74184	+	2536	18979
74185	+	2536	19135
74186	+	2536	19207
75434	+	2562	3758
75437	+	2562	4064
75438	+	2562	4324
75441	+	2562	4484
75442	+	2562	4497
75470	+	2562	12092
75483	+	2562	15448
75484	+	2562	15906
75498	+	2562	23760
75500	+	2562	27508
75776	+	2573	8094
76627	+	2606	12233
76630	+	2606	25948
76631	+	2606	26037
76632	+	2606	28442
77051	+	2624	20145
77052	+	2624	24490
77247	+	2633	3255
77248	+	2633	3263
77249	+	2633	3503
77250	+	2633	7355
77251	+	2633	15259
77252	+	2633	15471
77254	+	2633	19691
77255	+	2633	19735
77259	+	2633	25778
77260	+	2633	27815
77261	+	2633	27887
77262	+	2633	27888
77263	+	2633	27905
77264	+	2633	28239
77267	+	2633	29425
77268	+	2633	29708
77269	+	2633	29994
77270	+	2633	30066
77272	+	2633	30442
77315	+	2635	2735
77335	+	2635	7001
77362	+	2635	12719
77410	+	2635	18726
77415	+	2635	19483
77437	+	2635	23594
77446	+	2635	26182
77494	+	2637	3599
77512	+	2637	13692
77524	+	2637	19153
77545	+	2637	28136
77565	+	2639	11816
77687	+	2647	23453
78780	+	2675	9833
80690	+	2733	3438
80868	+	2733	12672
80871	+	2733	12840
80874	+	2733	13072
81000	+	2733	25314
81048	+	2735	3221
81062	+	2735	20145
81070	+	2735	23001
81074	+	2735	24495
81076	+	2735	25268
81117	+	2738	3179
81118	+	2738	3288
81122	+	2738	3960
81125	+	2738	8134
81127	+	2738	8608
81128	+	2738	9957
81133	+	2738	13095
81135	+	2738	14472
81136	+	2738	15884
81137	+	2738	16994
81140	+	2738	18173
81143	+	2738	19088
81144	+	2738	21334
81148	+	2738	26682
81149	+	2738	28643
82615	+	2790	15207
83915	+	2818	3451
84135	+	2834	4484
84136	+	2834	4497
84137	+	2834	4498
84144	+	2834	8981
84164	+	2834	27508
84306	+	2838	4324
84307	+	2838	4498
84310	+	2838	8089
84363	+	2843	11816
85909	+	2904	13211
85961	+	2909	4844
85966	+	2909	5279
85987	+	2909	7989
86001	+	2909	11724
86020	+	2909	23562
86095	+	2914	2914
86096	+	2914	9320
86099	+	2914	12840
90029	+	3063	8556
90546	+	3081	4064
90547	+	3081	4324
90549	+	3081	4484
90550	+	3081	4497
90555	+	3081	8981
90573	+	3081	15906
90582	+	3081	27508
91017	+	3107	3842
91028	+	3107	20276
91029	+	3107	20306
91032	+	3107	24287
91812	+	3143	7308
91814	+	3143	7542
91815	+	3143	9320
91818	+	3143	12840
91829	+	3143	28356
92851	+	3179	14472
93999	+	3221	3919
94011	+	3221	20445
94252	+	3237	3301
95039	+	3255	20119
95040	+	3255	20354
95258	+	3263	28239
95356	+	3267	10039
95364	+	3267	20702
95369	+	3267	25742
95371	+	3267	26675
96082	+	3291	5368
96085	+	3291	5917
96087	+	3291	6382
96093	+	3291	9816
96097	+	3291	12553
96098	+	3291	12661
96099	+	3291	12672
96100	+	3291	12900
96182	+	3301	3471
96200	+	3301	15576
96209	+	3301	26106
96210	+	3301	26323
96211	+	3301	27417
99139	+	3438	3486
99140	+	3438	3504
99143	+	3438	3998
99149	+	3438	7280
99150	+	3438	7361
99151	+	3438	7421
99153	+	3438	8134
99155	+	3438	8608
99157	+	3438	10851
99159	+	3438	11060
99164	+	3438	16230
99165	+	3438	16400
99175	+	3438	29960
99513	+	3451	3998
99523	+	3451	7361
99524	+	3451	7421
99534	+	3451	16371
99535	+	3451	16416
99536	+	3451	16850
99539	+	3451	21829
99540	+	3451	24118
99541	+	3451	27712
99542	+	3451	29960
99657	+	3456	7388
99906	+	3471	11440
100359	+	3486	3504
100360	+	3486	4023
100362	+	3486	7361
100363	+	3486	16471
100364	+	3486	21880
100366	+	3486	25404
101145	+	3503	28239
101150	+	3504	4023
101155	+	3504	8134
101157	+	3504	10851
101173	+	3505	21880
101707	+	3536	22187
103167	+	3599	13338
103169	+	3599	13504
103170	+	3599	13534
103171	+	3599	13566
103190	+	3599	19034
103193	+	3599	19879
103194	+	3599	20378
103197	+	3599	21477
103199	+	3599	21634
103206	+	3599	26770
103208	+	3599	27630
103597	+	3616	30247
103705	+	3619	14759
103707	+	3619	14857
103718	+	3619	25948
103720	+	3619	27630
103911	+	3631	7381
103916	+	3631	9344
104130	+	3640	19604
104133	+	3640	26648
105413	+	3697	16548
106282	+	3728	3921
106957	+	3758	7373
106971	+	3758	10098
106987	+	3758	12845
106990	+	3758	14055
106992	+	3758	14966
106994	+	3758	15906
106996	+	3758	16525
107003	+	3758	19482
107011	+	3758	25236
107012	+	3758	25330
107116	+	3763	5488
107117	+	3763	5539
107125	+	3763	8128
107126	+	3763	8140
107138	+	3763	23675
107139	+	3763	23676
107140	+	3763	25038
107142	+	3763	28643
107175	+	3765	8134
107179	+	3765	9816
107182	+	3765	12553
107183	+	3765	12661
107187	+	3765	12900
107191	+	3765	14372
107193	+	3765	14966
107194	+	3765	15342
107195	+	3765	15346
107196	+	3765	15906
107199	+	3765	19090
107203	+	3765	22780
107204	+	3765	22781
107207	+	3765	23226
107208	+	3765	23675
107209	+	3765	23676
107210	+	3765	25330
107211	+	3765	27530
107212	+	3765	29787
109016	+	3858	3859
109035	+	3858	21964
109037	+	3859	4208
109038	+	3859	4272
109042	+	3859	7868
109043	+	3859	8541
109045	+	3859	12084
109046	+	3859	12852
109048	+	3859	13251
109053	+	3859	29264
109139	+	3865	13072
109142	+	3865	16516
109144	+	3865	20703
109146	+	3865	25314
109523	+	3893	28537
109524	+	3893	28881
110045	+	3917	24041
110046	+	3917	30480
110048	+	3919	4838
110053	+	3919	8333
110055	+	3919	9427
110063	+	3919	13617
110068	+	3919	15437
110069	+	3919	15823
110074	+	3919	16234
110081	+	3919	19031
110083	+	3919	19936
110086	+	3919	22155
110091	+	3919	24904
110094	+	3919	26742
110096	+	3919	27585
110971	+	3960	9957
110981	+	3960	14472
110985	+	3960	15884
110988	+	3960	16994
110998	+	3960	18173
111006	+	3960	18781
111009	+	3960	21334
111017	+	3960	22163
111023	+	3960	27619
111101	+	3963	12143
111437	+	3978	7821
111488	+	3978	24004
111804	+	3991	7542
111808	+	3991	8044
111822	+	3991	11537
111857	+	3991	22035
111860	+	3991	23796
111863	+	3991	25302
112029	+	3998	14837
112031	+	3998	28442
112263	+	4009	30475
113851	+	4064	4191
113852	+	4064	4339
113853	+	4064	4421
113855	+	4064	7900
113863	+	4064	12900
113865	+	4064	21253
113867	+	4064	24150
113869	+	4064	27045
114012	+	4074	21783
114013	+	4074	21855
114891	+	4109	4324
114892	+	4109	4350
114893	+	4109	4484
114894	+	4109	4498
114908	+	4110	4350
114909	+	4110	4484
114910	+	4110	4498
114914	+	4110	8981
114925	+	4110	29782
116003	+	4190	6000
116300	+	4208	7868
116301	+	4208	12086
116302	+	4208	20095
116994	+	4245	22590
116995	+	4245	23428
116996	+	4245	23843
116997	+	4245	26180
116998	+	4245	27872
117366	+	4272	30477
117440	+	4277	17318
118285	+	4324	4624
118289	+	4324	4844
118301	+	4324	8213
118328	+	4324	12672
118334	+	4324	13617
118337	+	4324	14372
118338	+	4324	14458
118341	+	4324	15906
118345	+	4324	19256
118349	+	4324	21075
118353	+	4324	21883
118355	+	4324	22750
118357	+	4324	23344
118359	+	4324	26742
118360	+	4324	27439
118361	+	4324	27508
118363	+	4324	28695
118364	+	4324	29764
118573	+	4339	6981
118581	+	4339	22439
118925	+	4350	4556
118926	+	4350	4624
118932	+	4350	8981
118951	+	4350	12742
118960	+	4350	17868
118961	+	4350	17884
119133	+	4360	11356
119255	+	4363	24533
120706	+	4444	10976
120713	+	4444	22494
120714	+	4444	25384
120716	+	4444	30073
121545	+	4484	4497
121546	+	4484	4498
121548	+	4484	4875
121549	+	4484	6901
121550	+	4484	8981
121553	+	4484	9816
121561	+	4484	12661
121562	+	4484	17884
121869	+	4497	4498
121873	+	4497	5368
121875	+	4497	5917
121876	+	4497	5951
121884	+	4497	8981
121887	+	4497	10987
121893	+	4497	12672
121894	+	4497	12742
121898	+	4497	14458
121901	+	4497	17884
121902	+	4497	19256
121903	+	4497	26088
121904	+	4497	27470
121906	+	4498	4624
121909	+	4498	4875
121913	+	4498	8981
121918	+	4498	10987
122003	+	4508	6207
122023	+	4508	24599
122444	+	4519	10985
122930	+	4547	11356
123125	+	4556	4844
123181	+	4556	12437
123229	+	4556	30480
123887	+	4594	10754
124161	+	4606	18548
124166	+	4606	28901
124315	+	4614	10754
124405	+	4624	4843
124408	+	4624	5373
124415	+	4624	7983
124436	+	4624	11537
124448	+	4624	12436
124449	+	4624	12437
124450	+	4624	12439
124452	+	4624	12672
124456	+	4624	13072
124463	+	4624	14966
124466	+	4624	15906
124481	+	4624	25266
124482	+	4624	25314
124483	+	4624	25508
124486	+	4624	27248
124489	+	4624	29782
125201	+	4655	6396
125206	+	4655	10743
125214	+	4655	20702
125218	+	4655	25742
126268	+	4707	8089
126276	+	4707	22750
126787	+	4717	4792
127142	+	4739	10547
127149	+	4739	14861
127571	+	4761	14646
127582	+	4761	19483
127588	+	4761	23081
128038	+	4780	30322
128331	+	4792	8089
128344	+	4792	21979
128768	+	4814	8047
129271	+	4838	6773
129274	+	4838	6986
129275	+	4838	7001
129287	+	4838	8556
129305	+	4838	10742
129309	+	4838	11266
129317	+	4838	12380
129332	+	4838	15114
129333	+	4838	15123
129366	+	4838	24459
129367	+	4838	24533
129369	+	4838	26182
129435	+	4843	11537
129436	+	4843	11713
129437	+	4843	11808
129447	+	4843	15134
129449	+	4843	19490
129453	+	4843	23760
129454	+	4843	24004
129470	+	4844	6575
129498	+	4844	14372
129500	+	4844	19604
129501	+	4844	19807
129503	+	4844	22750
129798	+	4863	12436
129799	+	4863	12439
129807	+	4863	25508
130053	+	4875	8981
131715	+	4971	8981
131722	+	4971	27508
131888	+	4982	13601
132104	+	4988	14796
132105	+	4988	16516
132108	+	4988	27526
132642	+	5008	25018
132643	+	5008	25820
132644	+	5008	25948
132764	+	5017	8089
132765	+	5017	10060
133263	+	5053	8556
133267	+	5053	10060
133777	+	5065	25266
135045	+	5106	16980
135854	+	5131	5473
135861	+	5131	8114
135862	+	5131	16100
137490	+	5188	5570
137910	+	5211	20186
137915	+	5211	24599
138231	+	5223	6396
138267	+	5223	10743
138271	+	5223	10985
138292	+	5223	14351
138293	+	5223	14352
138305	+	5223	16794
138327	+	5223	20702
138335	+	5223	22558
138367	+	5223	25737
138368	+	5223	25742
138373	+	5223	26675
138375	+	5223	26861
138383	+	5223	27591
138387	+	5223	27855
138396	+	5223	30047
139461	+	5279	6106
139493	+	5279	18902
139622	+	5284	8089
139627	+	5284	9906
139646	+	5284	20083
139650	+	5284	21979
139654	+	5284	24559
140628	+	5342	21477
140629	+	5342	21551
141164	+	5368	5673
141166	+	5368	5917
141168	+	5368	6382
141177	+	5368	9816
141179	+	5368	12553
141180	+	5368	12661
141181	+	5368	12672
141182	+	5368	12900
141183	+	5368	29918
141302	+	5373	5951
141345	+	5373	12557
141346	+	5373	12672
141347	+	5373	12742
141358	+	5373	16709
141359	+	5373	17107
141363	+	5373	19576
141367	+	5373	21644
141371	+	5373	28978
142319	+	5423	20549
143082	+	5473	16385
143087	+	5473	24315
143217	+	5488	7373
143240	+	5488	21334
143453	+	5498	11241
143455	+	5498	11606
143464	+	5498	17638
143476	+	5498	27417
143478	+	5498	27984
143592	+	5502	7358
143596	+	5502	8114
143603	+	5502	17169
143604	+	5502	17178
143607	+	5502	18630
143610	+	5502	23611
143611	+	5502	23891
143612	+	5502	24401
143971	+	5527	6981
144006	+	5527	10039
144008	+	5527	11516
144019	+	5527	17003
144090	+	5532	8089
144128	+	5532	26182
144375	+	5539	7373
144867	+	5565	15016
144876	+	5565	23055
144877	+	5565	24121
145035	+	5574	21919
145813	+	5609	22750
145952	+	5614	6396
145954	+	5614	6718
145959	+	5614	7337
145967	+	5614	14352
145973	+	5614	20122
145974	+	5614	20702
145978	+	5614	25737
145979	+	5614	25742
145980	+	5614	26661
145981	+	5614	26664
145982	+	5614	26675
145983	+	5614	26861
145986	+	5614	29321
148174	+	5718	10797
148178	+	5718	11253
148204	+	5718	14962
148205	+	5718	15386
148221	+	5718	18116
148225	+	5718	18635
148228	+	5718	18758
148229	+	5718	18944
148230	+	5718	19007
148233	+	5718	19162
148244	+	5718	21934
148246	+	5718	22187
148251	+	5718	23987
148252	+	5718	24533
148734	+	5745	24517
148780	+	5749	19179
148782	+	5749	21978
148784	+	5749	22962
151847	+	5897	6130
152218	+	5912	18264
152221	+	5912	25742
152325	+	5917	12672
152328	+	5917	29918
152716	+	5943	16548
152805	+	5951	8355
152810	+	5951	12092
153851	+	6000	12084
153852	+	6000	12086
153860	+	6000	12661
153861	+	6000	12694
155669	+	6088	8047
155670	+	6088	8089
155689	+	6088	14563
155693	+	6088	16709
155701	+	6088	24041
155951	+	6098	6901
155961	+	6098	22717
156474	+	6130	6576
156480	+	6130	8587
156485	+	6130	13325
156488	+	6130	23160
156806	+	6145	11241
156817	+	6145	17638
156822	+	6145	19530
157428	+	6172	16979
157631	+	6186	20284
157966	+	6207	6494
158088	+	6220	8369
158096	+	6220	11356
158107	+	6220	14372
158108	+	6220	14966
158110	+	6220	15906
158114	+	6220	18498
158228	+	6225	26726
160237	+	6319	12159
160443	+	6330	10976
160449	+	6330	13211
160464	+	6330	21803
160465	+	6330	23760
160469	+	6330	28007
160471	+	6330	29848
161025	+	6370	6396
161033	+	6370	8369
161038	+	6370	10295
161039	+	6370	10976
161057	+	6370	25742
161632	+	6396	6410
161633	+	6396	7337
161634	+	6396	7694
161635	+	6396	7746
161637	+	6396	8369
161638	+	6396	10735
161639	+	6396	10743
161640	+	6396	10885
161641	+	6396	10952
161642	+	6396	10976
161643	+	6396	10985
161644	+	6396	11187
161645	+	6396	11216
161646	+	6396	11383
161647	+	6396	11405
161648	+	6396	11432
161649	+	6396	11562
161650	+	6396	11708
161651	+	6396	11808
161653	+	6396	12819
161654	+	6396	13483
161655	+	6396	13485
161656	+	6396	13609
161657	+	6396	13775
161658	+	6396	14641
161659	+	6396	14670
161660	+	6396	14890
161661	+	6396	15474
161663	+	6396	16923
161664	+	6396	19476
161665	+	6396	19604
161666	+	6396	20122
161668	+	6396	20702
161669	+	6396	22639
161670	+	6396	23171
161672	+	6396	23695
161673	+	6396	23793
161674	+	6396	23798
161675	+	6396	23843
161677	+	6396	24651
161678	+	6396	24822
161679	+	6396	25571
161680	+	6396	25629
161681	+	6396	25737
161682	+	6396	25738
161683	+	6396	25742
161684	+	6396	25752
161685	+	6396	25774
161687	+	6396	26166
161688	+	6396	26231
161689	+	6396	26449
161690	+	6396	26661
161691	+	6396	26664
161692	+	6396	26675
161693	+	6396	26791
161694	+	6396	26938
161695	+	6396	27511
161696	+	6396	27591
161697	+	6396	27629
161698	+	6396	27645
161699	+	6396	27828
161700	+	6396	27833
161701	+	6396	27855
161702	+	6396	28509
161703	+	6396	28546
161704	+	6396	28566
161705	+	6396	28572
161706	+	6396	28710
161707	+	6396	28960
161708	+	6396	29037
161709	+	6396	29288
161710	+	6396	29461
161711	+	6396	29495
161712	+	6396	29707
161713	+	6396	29828
161714	+	6396	29829
161715	+	6396	29869
161716	+	6396	29981
161717	+	6396	30231
161718	+	6396	30247
161719	+	6396	30466
161905	+	6410	18498
163265	+	6494	12092
163284	+	6497	15386
164575	+	6575	18456
165353	+	6624	13458
165359	+	6624	30252
165836	+	6649	11259
166296	+	6663	30460
166389	+	6669	29460
166762	+	6696	27682
167078	+	6718	10735
167079	+	6718	10742
167093	+	6720	8114
167328	+	6731	7358
167330	+	6731	9235
167332	+	6731	29300
167477	+	6741	6918
167478	+	6741	7215
167479	+	6741	7260
167480	+	6741	7358
167485	+	6741	19006
167489	+	6741	26444
167491	+	6741	29351
167493	+	6741	29949
167900	+	6773	6986
167905	+	6773	17107
167908	+	6773	22811
167909	+	6773	23131
167910	+	6773	23153
167912	+	6773	26689
167914	+	6773	27436
169096	+	6829	7868
169097	+	6829	7900
169098	+	6829	8095
169103	+	6829	12852
169104	+	6829	13251
169105	+	6829	13375
169113	+	6829	24150
169116	+	6829	29264
169400	+	6849	13375
169403	+	6849	15499
169406	+	6849	20215
169407	+	6849	25878
169408	+	6849	25884
169413	+	6849	28911
169673	+	6874	8134
169675	+	6874	14055
169677	+	6874	23796
170314	+	6918	7215
170321	+	6918	14073
170324	+	6918	19006
170327	+	6918	19738
170334	+	6918	29285
170335	+	6918	29300
170336	+	6918	29351
170402	+	6927	7001
170407	+	6927	15114
170410	+	6927	26182
171220	+	6981	7168
171221	+	6981	7205
171223	+	6981	12893
171230	+	6981	22439
171316	+	6986	22811
171317	+	6986	23131
171318	+	6986	23153
171320	+	6986	26689
171322	+	6986	27436
171499	+	7001	7200
171502	+	7001	15114
171504	+	7001	17107
171505	+	7001	19019
171507	+	7001	22181
171508	+	7001	24368
171509	+	7001	24385
171510	+	7001	27436
172666	+	7068	20122
172670	+	7068	27591
172672	+	7068	29262
172987	+	7088	7337
172998	+	7088	14469
173003	+	7088	23793
173004	+	7088	25255
173007	+	7088	26675
173040	+	7090	10009
173044	+	7090	11126
173059	+	7090	23760
173523	+	7141	29460
173992	+	7169	8094
173993	+	7169	8307
173994	+	7169	8311
173995	+	7169	8385
173999	+	7169	10513
174000	+	7169	16767
174006	+	7169	25166
174007	+	7169	26556
174009	+	7169	28958
174010	+	7169	29026
174012	+	7169	29264
174013	+	7169	29767
174014	+	7169	30477
174468	+	7200	26182
174556	+	7205	19071
174557	+	7205	19121
174561	+	7205	21021
174589	+	7207	15109
174626	+	7207	26202
174630	+	7207	29422
174692	+	7215	29351
175027	+	7244	21021
175034	+	7244	28613
175281	+	7259	13664
175292	+	7259	16558
175305	+	7259	27502
175655	+	7280	27487
175985	+	7299	9772
176024	+	7299	24917
176028	+	7299	28837
176029	+	7299	29048
176030	+	7299	29300
176315	+	7308	7542
176317	+	7308	8608
176327	+	7308	16886
176328	+	7308	17326
176329	+	7308	17487
176331	+	7308	19236
176336	+	7308	26751
176337	+	7308	27045
176693	+	7337	10952
176694	+	7337	11253
176696	+	7337	11383
176703	+	7337	14670
176706	+	7337	19490
176711	+	7337	23793
176714	+	7337	24651
176716	+	7337	25255
176717	+	7337	25737
176718	+	7337	25742
176719	+	7337	25752
176720	+	7337	26648
176721	+	7337	26675
176727	+	7337	29495
176728	+	7337	29571
176907	+	7353	8089
176954	+	7353	29300
176973	+	7355	14571
177039	+	7358	8114
177056	+	7358	15109
177066	+	7358	16558
177072	+	7358	17654
177099	+	7358	27344
177100	+	7358	27757
177103	+	7359	8114
177118	+	7359	21854
177120	+	7359	26105
177279	+	7373	7399
177280	+	7373	7400
177281	+	7373	7559
177282	+	7373	7941
177284	+	7373	8140
177301	+	7373	15386
177317	+	7373	23349
177319	+	7373	23392
177320	+	7373	23675
177321	+	7373	23676
177324	+	7373	25038
177325	+	7373	25302
177327	+	7373	26242
177533	+	7381	9320
177539	+	7381	12497
177540	+	7381	12549
177541	+	7381	12562
177544	+	7381	13072
177633	+	7388	18192
177637	+	7388	23852
177795	+	7396	8089
177798	+	7396	9906
177800	+	7396	13601
177846	+	7399	7400
177847	+	7399	7559
177849	+	7399	8134
177869	+	7399	21334
177882	+	7400	7559
177883	+	7400	8134
177942	+	7408	25473
177944	+	7408	29159
178158	+	7421	7542
178159	+	7421	15448
178162	+	7421	16400
178166	+	7421	28442
180343	+	7494	7926
180346	+	7494	27437
180356	+	7494	29922
180357	+	7494	29932
180416	+	7500	8092
180931	+	7538	30478
181209	+	7542	7941
181210	+	7542	12561
181212	+	7542	16886
181216	+	7542	25548
181218	+	7542	30233
181363	+	7559	8134
181639	+	7581	7723
181640	+	7581	7821
181641	+	7581	7841
183204	+	7668	9840
183205	+	7668	15299
183233	+	7670	16549
183257	+	7671	29300
183607	+	7694	10295
183626	+	7694	21803
183629	+	7694	25634
183630	+	7694	25737
183631	+	7694	25742
183634	+	7694	28007
183713	+	7700	18624
183715	+	7700	21551
184171	+	7733	11241
184183	+	7733	27417
184210	+	7736	16400
184213	+	7736	20823
184306	+	7746	7755
184313	+	7746	25737
184314	+	7746	25742
184317	+	7746	26675
184318	+	7746	28489
184320	+	7746	28899
184321	+	7746	28906
184478	+	7752	16955
184488	+	7752	20661
184493	+	7752	27126
184496	+	7752	29300
184518	+	7755	8022
184522	+	7755	12933
184524	+	7755	13615
184526	+	7755	15499
184533	+	7755	20274
184534	+	7755	21132
184536	+	7755	21737
184537	+	7755	21806
184539	+	7755	23814
184541	+	7755	25344
184549	+	7755	28695
184551	+	7755	28906
184552	+	7755	28915
184553	+	7755	28995
184562	+	7756	19388
184597	+	7760	23160
184601	+	7760	24301
184818	+	7769	15035
185451	+	7821	14366
185455	+	7821	14890
185467	+	7821	16794
185481	+	7821	25634
185483	+	7821	25737
185484	+	7821	25742
185487	+	7821	26675
185493	+	7821	27855
185500	+	7821	29730
185716	+	7831	9203
185717	+	7831	10009
185719	+	7831	11005
185720	+	7831	11126
185723	+	7831	14366
185727	+	7831	22035
185731	+	7831	25742
185735	+	7831	26726
185878	+	7848	13211
186032	+	7861	23174
186033	+	7861	30233
186133	+	7868	7874
186134	+	7868	7900
186136	+	7868	8094
186137	+	7868	8095
186138	+	7868	8152
186139	+	7868	8170
186140	+	7868	8311
186142	+	7868	8541
186144	+	7868	12084
186145	+	7868	12852
186146	+	7868	12893
186149	+	7868	13251
186150	+	7868	20095
186151	+	7868	21887
186153	+	7868	22439
186154	+	7868	22440
186155	+	7868	25378
186157	+	7868	27874
186158	+	7868	28791
186159	+	7868	28799
186160	+	7868	28824
186162	+	7868	28944
186164	+	7868	29263
186165	+	7868	29264
186168	+	7868	29686
186170	+	7868	29767
186171	+	7868	29868
186172	+	7868	30477
186189	+	7871	30366
186194	+	7874	7900
186196	+	7874	8041
186197	+	7874	8094
186198	+	7874	8104
186199	+	7874	8152
186201	+	7874	8307
186202	+	7874	8311
186206	+	7874	26556
186207	+	7874	28497
186208	+	7874	28799
186209	+	7874	28824
186210	+	7874	28958
186214	+	7874	29366
186216	+	7874	29706
186217	+	7874	29767
186402	+	7882	7900
186403	+	7882	8041
186404	+	7882	8094
186405	+	7882	8095
186406	+	7882	8104
186407	+	7882	8307
186408	+	7882	8311
186410	+	7882	12893
186411	+	7882	13251
186412	+	7882	16767
186414	+	7882	22440
186415	+	7882	25166
186416	+	7882	25421
186418	+	7882	28824
186419	+	7882	28958
186421	+	7882	29263
186422	+	7882	29264
186423	+	7882	29767
186493	+	7889	8042
186499	+	7889	14372
186507	+	7889	22400
186509	+	7889	26556
186510	+	7889	28758
186514	+	7889	29038
186516	+	7889	29598
186517	+	7889	29639
186590	+	7900	8094
186591	+	7900	8095
186593	+	7900	8307
186594	+	7900	8311
186595	+	7900	12893
186596	+	7900	13401
186597	+	7900	16767
186598	+	7900	20095
186600	+	7900	22440
186601	+	7900	25166
186602	+	7900	25378
186603	+	7900	25421
186606	+	7900	27874
186607	+	7900	28824
186609	+	7900	28865
186610	+	7900	28958
186612	+	7900	29261
186613	+	7900	29263
186614	+	7900	29264
186615	+	7900	29766
186616	+	7900	29767
186820	+	7914	23349
186842	+	7917	19391
187085	+	7927	20984
187143	+	7932	8213
187157	+	7932	28758
187161	+	7933	8213
187162	+	7933	8333
187168	+	7933	18765
187173	+	7933	23344
187271	+	7941	14837
187276	+	7941	16516
187283	+	7941	20284
187285	+	7941	23349
187289	+	7941	26152
187292	+	7941	28350
187727	+	7973	8089
187730	+	7973	12798
187733	+	7973	13564
187734	+	7973	13586
187735	+	7973	14498
187738	+	7973	22750
187899	+	7983	12661
187900	+	7983	14372
187901	+	7983	14966
187902	+	7983	15906
187903	+	7983	19807
187905	+	7983	20583
187910	+	7983	25331
187912	+	7983	28070
187913	+	7983	28091
188045	+	7989	11790
188454	+	8022	25878
188459	+	8022	28305
188920	+	8041	8104
188923	+	8041	12893
188924	+	8041	28497
188926	+	8041	28799
188931	+	8041	29706
188934	+	8042	15957
188938	+	8042	22400
188939	+	8042	28758
188941	+	8042	29038
188942	+	8042	29598
188943	+	8042	29639
188952	+	8044	15957
188958	+	8044	27725
188968	+	8047	8089
188980	+	8047	12557
188989	+	8047	21550
189069	+	8053	22400
189081	+	8053	28908
189416	+	8077	12370
189418	+	8077	13413
189597	+	8089	8164
189598	+	8089	8213
189599	+	8089	8334
189600	+	8089	8359
189603	+	8089	8552
189604	+	8089	8825
189607	+	8089	9298
189611	+	8089	9833
189612	+	8089	9906
189613	+	8089	9982
189614	+	8089	10060
189616	+	8089	10214
189617	+	8089	10693
189618	+	8089	10818
189622	+	8089	11266
189624	+	8089	11724
189625	+	8089	11765
189628	+	8089	12840
189629	+	8089	13191
189630	+	8089	13617
189633	+	8089	15035
189645	+	8089	18506
189646	+	8089	18719
189647	+	8089	19008
189648	+	8089	19011
189650	+	8089	19606
189652	+	8089	20428
189658	+	8089	21598
189659	+	8089	21644
189660	+	8089	22012
189661	+	8089	22423
189663	+	8089	22750
189666	+	8089	23166
189672	+	8089	26244
189676	+	8089	27480
189677	+	8089	27571
189680	+	8089	27947
189681	+	8089	28059
189682	+	8089	28361
189684	+	8089	28904
189685	+	8089	28957
189689	+	8089	29302
189690	+	8089	29756
189691	+	8089	29764
189692	+	8089	29813
189693	+	8089	29950
189723	+	8092	8334
189736	+	8092	27437
189738	+	8094	8307
189739	+	8094	8311
189741	+	8094	12893
189742	+	8094	16767
189744	+	8094	25166
189745	+	8094	25401
189747	+	8094	28862
189748	+	8094	28863
189749	+	8094	28865
189750	+	8094	28958
189751	+	8094	29018
189753	+	8094	29263
189754	+	8094	29264
189755	+	8094	29706
189756	+	8094	29766
189757	+	8094	29767
189760	+	8095	16767
189761	+	8095	20095
189763	+	8095	22440
189764	+	8095	25166
189765	+	8095	25378
189767	+	8095	28824
189768	+	8095	28958
189770	+	8095	29263
189771	+	8095	29264
189772	+	8095	29766
189773	+	8095	29767
189822	+	8104	12893
189826	+	8104	28497
189828	+	8104	28865
189833	+	8104	29706
189898	+	8114	12241
189899	+	8114	12859
190077	+	8124	8454
190085	+	8124	20284
190086	+	8124	20549
190195	+	8134	9082
190210	+	8134	12672
190211	+	8134	12911
190214	+	8134	13072
190215	+	8134	13095
190222	+	8134	14796
190243	+	8134	18174
190255	+	8134	25314
190257	+	8134	25685
190261	+	8134	28442
190461	+	8152	12086
190462	+	8152	20095
190464	+	8152	21887
190466	+	8152	28799
190469	+	8152	29366
190471	+	8152	30477
190653	+	8164	30463
190701	+	8170	12084
190702	+	8170	12086
190704	+	8170	20095
190705	+	8170	21887
190707	+	8170	30477
191256	+	8213	13601
191264	+	8213	19388
191275	+	8213	28934
191276	+	8213	28935
192534	+	8307	8311
192535	+	8307	8385
192537	+	8307	22440
192541	+	8307	28824
192543	+	8307	28865
192544	+	8307	28868
192547	+	8307	29261
192548	+	8307	29264
192574	+	8311	12893
192575	+	8311	13251
192576	+	8311	16767
192577	+	8311	20095
192579	+	8311	22440
192581	+	8311	25166
192584	+	8311	27874
192585	+	8311	28824
192586	+	8311	28868
192587	+	8311	28958
192589	+	8311	29261
192590	+	8311	29264
192591	+	8311	29766
192592	+	8311	29767
193032	+	8353	12742
193035	+	8353	21363
193038	+	8353	25009
193069	+	8355	12742
193077	+	8355	17868
193078	+	8355	17884
193085	+	8355	25013
193209	+	8359	18136
193216	+	8359	24533
193246	+	8359	29460
193329	+	8369	12143
193330	+	8369	14641
193346	+	8369	25612
193347	+	8369	25742
193349	+	8369	26675
193352	+	8369	27685
193413	+	8376	8449
193805	+	8385	29261
193806	+	8385	29264
193807	+	8385	29766
193808	+	8385	29767
193814	+	8387	12742
193818	+	8387	29782
194729	+	8449	23782
194800	+	8454	26737
195714	+	8494	12761
196524	+	8541	12084
196525	+	8541	12086
196527	+	8541	20095
196528	+	8541	21887
196530	+	8541	30477
196704	+	8552	13511
196712	+	8552	22750
196772	+	8556	12092
196777	+	8556	12436
196778	+	8556	12661
196781	+	8556	13617
196789	+	8556	21644
196790	+	8556	25266
197321	+	8587	12098
197324	+	8587	24973
197329	+	8589	12098
197624	+	8607	14571
197627	+	8607	19523
197632	+	8607	21702
197637	+	8608	13095
197642	+	8608	14472
197646	+	8608	15884
197718	+	8611	20703
197728	+	8611	26231
198366	+	8644	15109
198383	+	8644	23618
198763	+	8665	17838
198777	+	8665	27815
199069	+	8685	12111
199075	+	8685	21139
199076	+	8685	21235
199077	+	8685	22480
199087	+	8685	28352
199313	+	8691	12875
199317	+	8691	18116
199320	+	8691	18944
199607	+	8703	22834
200366	+	8756	11963
200370	+	8756	24973
200695	+	8790	9082
201010	+	8809	9468
201247	+	8822	13628
201248	+	8822	18904
201250	+	8822	20978
201251	+	8822	25479
201252	+	8822	25587
201318	+	8825	24559
201537	+	8838	11383
203063	+	8928	11472
203066	+	8928	22866
203864	+	8981	9816
203865	+	8981	10987
203873	+	8981	12436
204139	+	8998	19689
204140	+	8998	21130
204768	+	9032	12111
205124	+	9050	9343
205125	+	9050	11491
205447	+	9066	9455
205460	+	9066	19689
205461	+	9066	19705
205472	+	9066	21806
205477	+	9066	26622
205652	+	9082	11808
205653	+	9082	11930
205658	+	9082	12549
205665	+	9082	14055
205681	+	9082	26242
205757	+	9092	23363
207704	+	9203	11005
207705	+	9203	11562
207710	+	9203	14366
207713	+	9203	26448
208364	+	9235	16542
208372	+	9235	20440
208377	+	9235	27061
208389	+	9235	29048
209284	+	9298	21130
209289	+	9298	29942
209611	+	9320	9344
209613	+	9320	9635
209618	+	9320	9816
209632	+	9320	12204
209636	+	9320	12549
209637	+	9320	12573
209639	+	9320	12900
209662	+	9320	14966
209920	+	9343	11491
209935	+	9344	11049
209936	+	9344	11220
209937	+	9344	12204
209938	+	9344	12549
209939	+	9344	12561
209940	+	9344	12573
209946	+	9344	17016
209948	+	9344	17651
210269	+	9363	20930
210270	+	9363	23215
211076	+	9427	19936
211077	+	9427	20083
211833	+	9468	22995
211841	+	9468	29209
213343	+	9570	15884
213346	+	9570	20144
213816	+	9600	12582
214206	+	9635	11049
214208	+	9635	11220
214228	+	9635	16516
214229	+	9635	17016
214241	+	9635	27705
214838	+	9671	13614
214839	+	9671	15090
215405	+	9705	30076
216516	+	9772	11463
216525	+	9772	14923
216529	+	9772	15629
216531	+	9772	16582
216559	+	9772	20015
216563	+	9772	20379
216774	+	9785	10060
216776	+	9785	10162
216779	+	9785	10895
216783	+	9785	11357
216789	+	9785	12092
216791	+	9785	12557
216792	+	9785	12790
216795	+	9785	14563
216797	+	9785	15114
216808	+	9785	21550
217198	+	9816	14372
217200	+	9816	14966
217202	+	9816	15906
217204	+	9816	19807
217212	+	9816	25266
217213	+	9816	25508
217214	+	9816	29918
217408	+	9833	27248
218055	+	9873	10009
218065	+	9873	14796
218069	+	9873	16516
218070	+	9873	20448
218100	+	9874	29942
218592	+	9906	10418
218606	+	9906	15915
218613	+	9906	19011
218625	+	9906	22423
218626	+	9906	24047
219187	+	9957	9985
219188	+	9957	9999
219203	+	9957	21330
219204	+	9957	21334
219206	+	9957	21588
219323	+	9964	9966
219332	+	9966	12951
219446	+	9982	15018
219489	+	9985	16525
219496	+	9985	21334
219591	+	9989	16994
219627	+	9989	21979
219854	+	9999	21334
219857	+	9999	21511
219860	+	9999	22096
219861	+	9999	22163
220014	+	10009	10295
220015	+	10009	11383
220016	+	10009	15134
220018	+	10009	24004
220020	+	10009	25774
220022	+	10009	29513
220455	+	10042	10976
220470	+	10042	22494
220475	+	10042	28191
220850	+	10060	10214
220851	+	10060	10895
220855	+	10060	11357
220860	+	10060	12374
220861	+	10060	12557
220862	+	10060	12790
220865	+	10060	13634
220867	+	10060	14563
220886	+	10060	26244
220889	+	10060	27619
221317	+	10098	10875
221319	+	10098	11169
221327	+	10098	12845
221329	+	10098	15346
221335	+	10098	19356
221336	+	10098	19482
221337	+	10098	20426
221342	+	10098	23675
222322	+	10162	10895
222324	+	10162	11357
222327	+	10162	12790
222331	+	10162	14563
222332	+	10162	15464
222951	+	10214	10895
222959	+	10214	12557
222960	+	10214	14563
222962	+	10214	16709
223599	+	10257	14796
224003	+	10295	11005
224008	+	10295	12439
224013	+	10295	14497
224069	+	10295	29018
224071	+	10295	29471
224073	+	10295	29676
224074	+	10295	30239
224482	+	10332	15039
224484	+	10332	15092
224486	+	10332	15097
224492	+	10332	15395
224509	+	10332	16537
225600	+	10423	11005
225812	+	10439	10826
225814	+	10439	12071
225815	+	10439	12875
225837	+	10439	20638
225914	+	10446	10875
225915	+	10446	10965
225919	+	10446	12845
225920	+	10446	14770
225923	+	10446	18842
225925	+	10446	19356
225929	+	10446	29013
227026	+	10522	21334
227573	+	10547	29907
227574	+	10547	30480
227659	+	10559	25862
228203	+	10599	25263
228204	+	10599	28357
228319	+	10610	14567
228330	+	10610	22153
228331	+	10610	22154
228412	+	10617	26675
228414	+	10617	29677
228421	+	10619	12092
228427	+	10619	21334
228429	+	10619	27619
228769	+	10644	13947
229279	+	10693	19388
229280	+	10693	19576
229658	+	10729	11445
229664	+	10729	18829
229704	+	10735	10742
229705	+	10735	10743
229706	+	10735	10960
229710	+	10735	12493
229714	+	10735	20122
229721	+	10735	22558
229724	+	10735	23167
229729	+	10735	24832
229733	+	10735	25737
229734	+	10735	25742
229739	+	10735	26986
229742	+	10735	30261
229791	+	10738	21757
229796	+	10738	30480
229833	+	10742	23859
229840	+	10742	25742
229843	+	10742	28663
229846	+	10742	28795
229850	+	10743	10960
229851	+	10743	10985
229853	+	10743	11216
229855	+	10743	11432
229857	+	10743	11562
229865	+	10743	14670
229872	+	10743	22558
229877	+	10743	24822
229878	+	10743	26584
229879	+	10743	26606
229880	+	10743	26661
229881	+	10743	26675
229884	+	10743	26938
229885	+	10743	27591
229886	+	10743	27855
229887	+	10743	28509
229888	+	10743	29495
229970	+	10753	11931
229978	+	10753	23760
229984	+	10754	14380
230399	+	10795	12380
230407	+	10797	10832
230409	+	10797	10988
230431	+	10797	19153
230436	+	10797	24216
230437	+	10797	24694
230719	+	10826	12875
230733	+	10826	18116
230883	+	10832	27639
231087	+	10851	18715
231531	+	10869	10952
231548	+	10869	28960
231602	+	10875	24053
231658	+	10885	21803
231662	+	10885	25742
231667	+	10885	26675
231668	+	10885	27902
231751	+	10895	11357
231756	+	10895	12790
231761	+	10895	14563
231762	+	10895	15464
232225	+	10933	14646
232351	+	10948	18726
232364	+	10948	27974
232377	+	10952	10960
232378	+	10952	10985
232392	+	10952	24822
232393	+	10952	24890
232398	+	10952	25737
232399	+	10952	25742
232400	+	10952	26331
232401	+	10952	26675
232404	+	10952	28305
232481	+	10960	11187
232482	+	10960	11216
232483	+	10960	11383
232485	+	10960	11405
232486	+	10960	11411
232487	+	10960	11432
232492	+	10960	11708
232496	+	10960	12819
232504	+	10960	22558
232507	+	10960	23695
232508	+	10960	23798
232511	+	10960	24822
232512	+	10960	24890
232513	+	10960	25742
232514	+	10960	26584
232517	+	10960	27828
232518	+	10960	28785
232519	+	10960	29037
232520	+	10960	29089
232521	+	10960	29404
232523	+	10960	29571
232524	+	10960	29828
232525	+	10960	29829
232526	+	10960	30247
232608	+	10965	14770
232612	+	10965	20331
232727	+	10976	10985
232729	+	10976	11405
232740	+	10976	22494
232746	+	10976	25742
232749	+	10976	28191
232751	+	10976	30266
232804	+	10979	10985
232814	+	10979	29083
232815	+	10979	30073
232823	+	10985	11187
232825	+	10985	11383
232826	+	10985	11411
232827	+	10985	11432
232829	+	10985	11708
232831	+	10985	16794
232834	+	10985	23793
232839	+	10985	24822
232841	+	10985	25737
232842	+	10985	25742
232843	+	10985	26675
232847	+	10985	26938
232848	+	10985	27591
232849	+	10985	28191
232886	+	10987	13111
232893	+	10987	30414
232895	+	10988	11394
232906	+	10988	17238
233049	+	11005	11562
233052	+	11005	12439
233053	+	11005	14497
233055	+	11005	15704
233061	+	11005	17876
233065	+	11005	23760
233066	+	11005	24004
233067	+	11005	25742
233068	+	11005	26448
233069	+	11005	26675
233071	+	11005	29664
233464	+	11049	12436
233656	+	11068	24287
233658	+	11068	25278
233782	+	11078	19482
233784	+	11078	30316
233792	+	11080	13601
233796	+	11080	27902
234258	+	11126	11562
234259	+	11126	11599
234261	+	11126	14366
234262	+	11126	15134
234264	+	11126	22035
234266	+	11126	23626
234270	+	11126	25612
234271	+	11126	26448
234272	+	11126	26726
234273	+	11126	28181
234276	+	11126	29264
234277	+	11126	29664
234278	+	11126	29766
234283	+	11127	12557
234286	+	11127	22750
234798	+	11169	25330
235014	+	11187	20702
235017	+	11187	21803
235019	+	11187	22558
235022	+	11187	25737
235023	+	11187	25742
235024	+	11187	26675
235025	+	11187	27855
235026	+	11187	28510
235334	+	11216	25737
235335	+	11216	25742
235340	+	11216	26675
235344	+	11216	28543
235345	+	11216	29712
235377	+	11220	12092
235393	+	11220	20448
235638	+	11241	11267
235639	+	11241	14666
235640	+	11241	15094
235646	+	11241	17638
235647	+	11241	18420
235651	+	11241	18976
235653	+	11241	19523
235656	+	11241	20590
235661	+	11241	25731
235664	+	11241	27417
235665	+	11241	27472
235667	+	11241	29417
235764	+	11245	30419
235835	+	11253	20702
235837	+	11253	23793
235839	+	11253	25255
235841	+	11253	25737
235842	+	11253	25742
235844	+	11253	26675
235845	+	11253	26719
235850	+	11253	28504
235854	+	11253	29676
235957	+	11259	14092
235986	+	11259	23747
235994	+	11259	24014
236106	+	11266	15437
236117	+	11266	27150
236501	+	11292	12672
236508	+	11292	14796
236777	+	11321	29724
236778	+	11321	30270
236779	+	11321	30341
237335	+	11356	11372
237338	+	11356	12667
237339	+	11356	13024
237345	+	11357	12790
237351	+	11357	14563
237429	+	11372	11497
237529	+	11383	14351
237530	+	11383	14352
237532	+	11383	14469
237537	+	11383	16392
237571	+	11383	24783
237579	+	11383	25476
237581	+	11383	25737
237582	+	11383	25742
237585	+	11383	25940
237591	+	11383	26675
237595	+	11383	26861
237856	+	11389	28963
237895	+	11394	19153
237972	+	11405	13211
237979	+	11405	17318
237985	+	11405	20702
237990	+	11405	22558
237993	+	11405	25737
237994	+	11405	25742
237995	+	11405	26675
237996	+	11405	27855
237999	+	11406	11670
238005	+	11406	18774
238009	+	11406	19396
238011	+	11406	19530
238013	+	11406	21753
238015	+	11406	24592
238019	+	11406	26556
238025	+	11406	28940
238154	+	11411	20702
238157	+	11411	22558
238162	+	11411	25737
238163	+	11411	25742
238165	+	11411	26675
238170	+	11411	27591
238174	+	11411	28881
238360	+	11432	20702
238365	+	11432	25742
238370	+	11432	27591
238371	+	11432	27855
238372	+	11432	27974
238373	+	11432	28543
238414	+	11439	28317
238416	+	11439	28356
238421	+	11439	29078
238422	+	11439	29159
238495	+	11445	18829
238518	+	11448	26092
238519	+	11448	26106
238561	+	11452	28060
238941	+	11491	15559
238950	+	11491	29459
238965	+	11497	12852
238968	+	11497	13251
238978	+	11497	24150
239016	+	11502	14608
239018	+	11502	17854
239151	+	11510	25206
239153	+	11510	26726
239157	+	11510	29292
239159	+	11510	30474
239722	+	11537	11713
239723	+	11537	11808
239725	+	11537	12437
239726	+	11537	12439
239729	+	11537	14372
239730	+	11537	14966
239731	+	11537	15134
239735	+	11537	20583
239737	+	11537	22007
239740	+	11537	27248
240081	+	11562	14366
240086	+	11562	20702
240090	+	11562	25742
240468	+	11599	14366
240471	+	11599	22035
240472	+	11599	23626
240477	+	11599	25742
240478	+	11599	26675
240479	+	11599	26726
240482	+	11599	29264
240483	+	11599	29766
240537	+	11606	26092
240548	+	11606	29661
240889	+	11643	26817
241171	+	11670	19396
241593	+	11708	15448
241594	+	11708	20702
241600	+	11708	25737
241601	+	11708	25742
241604	+	11708	26661
241605	+	11708	26675
241666	+	11713	12083
241668	+	11713	12437
241669	+	11713	12439
241671	+	11713	14372
241672	+	11713	14966
242211	+	11765	13564
242212	+	11765	13586
242217	+	11765	22750
242258	+	11770	18192
242564	+	11792	12098
242565	+	11792	20440
242655	+	11800	12437
242660	+	11800	14372
242679	+	11800	23760
242680	+	11800	24533
242789	+	11808	12437
242790	+	11808	12439
242813	+	11808	23760
242816	+	11808	25737
242817	+	11808	25742
242819	+	11808	26675
242821	+	11808	26964
242822	+	11809	16595
242868	+	11815	14442
242877	+	11816	14055
243185	+	11852	24639
243366	+	11870	15249
243979	+	11917	17593
243996	+	11919	20702
244000	+	11919	22558
244005	+	11919	25737
244006	+	11919	25742
244008	+	11919	26675
244009	+	11919	26726
244156	+	11930	23760
244164	+	11931	20112
244534	+	11961	23612
244535	+	11961	23644
244536	+	11961	23645
244537	+	11961	23700
244538	+	11961	23704
244539	+	11961	23706
244540	+	11961	23905
245397	+	12029	12159
245446	+	12036	21505
245486	+	12038	17580
245488	+	12038	28317
245489	+	12038	28356
245492	+	12038	29078
245493	+	12038	29159
245831	+	12071	28457
245924	+	12083	12661
245925	+	12083	12672
245935	+	12083	17868
245936	+	12083	17884
245938	+	12083	19807
245942	+	12083	22750
245945	+	12083	25266
245946	+	12083	25740
245947	+	12083	26088
245948	+	12083	27248
245950	+	12084	12086
245953	+	12084	20095
245954	+	12084	20237
245956	+	12084	21887
245957	+	12084	29686
245958	+	12084	29868
245959	+	12084	30477
245977	+	12086	20095
245978	+	12086	20237
245979	+	12086	21887
245980	+	12086	28791
245981	+	12086	29686
245982	+	12086	29868
245983	+	12086	30477
246027	+	12092	12436
246028	+	12092	12742
246030	+	12092	13634
246034	+	12092	15144
246035	+	12092	15386
246037	+	12092	17073
246038	+	12092	17107
246040	+	12092	20683
246041	+	12092	20693
246045	+	12092	21979
246047	+	12092	26015
246049	+	12092	29782
246074	+	12098	24845
246076	+	12098	27484
246156	+	12111	17677
246160	+	12111	28561
246162	+	12111	29078
246252	+	12118	12875
246256	+	12118	13890
246262	+	12118	18116
246267	+	12118	23524
246713	+	12143	13211
246717	+	12143	14469
246720	+	12143	20702
246731	+	12143	25737
246732	+	12143	25742
246734	+	12143	26661
246735	+	12143	26675
247034	+	12159	22156
247327	+	12187	26381
247396	+	12192	24852
247877	+	12233	14837
247879	+	12233	25948
248066	+	12241	21854
248068	+	12241	25812
248070	+	12241	27588
248663	+	12274	12380
248669	+	12274	26182
249363	+	12337	14770
249364	+	12337	20331
249635	+	12364	24517
249665	+	12369	21428
249671	+	12370	13413
249675	+	12370	13875
249682	+	12370	17358
249684	+	12370	17983
249687	+	12370	19162
249688	+	12370	21428
249695	+	12370	26745
249759	+	12374	12557
249760	+	12374	14579
249766	+	12374	25508
249872	+	12380	19388
249879	+	12380	28060
249901	+	12383	12557
250147	+	12405	14177
250151	+	12405	22189
250152	+	12405	22321
250551	+	12436	12899
250553	+	12436	13634
250558	+	12436	20583
250559	+	12436	20683
250564	+	12436	25266
250565	+	12436	25508
250566	+	12436	27530
250567	+	12436	29782
250568	+	12437	12661
250577	+	12437	15134
250579	+	12437	19768
250586	+	12437	27248
250587	+	12439	12445
250588	+	12439	12661
250591	+	12439	13776
250594	+	12439	20583
250596	+	12439	23760
250597	+	12439	24004
250598	+	12439	25166
250599	+	12439	25266
250622	+	12445	12661
250642	+	12445	23363
250645	+	12445	25266
250650	+	12445	27530
250655	+	12445	29451
251217	+	12489	14469
251218	+	12489	14890
251221	+	12489	26055
251224	+	12489	28354
251230	+	12489	29676
251262	+	12493	14469
251267	+	12493	27591
251309	+	12499	14469
251310	+	12499	14890
251871	+	12549	12672
251878	+	12549	13072
251880	+	12549	13460
251894	+	12549	20703
251895	+	12549	24042
251896	+	12549	25314
251897	+	12549	28944
251918	+	12553	12661
251927	+	12553	14372
251930	+	12553	14966
251932	+	12553	15906
251935	+	12553	19807
251940	+	12553	25266
251942	+	12553	25508
251945	+	12553	29918
251989	+	12557	17107
251990	+	12557	21644
252028	+	12561	13072
252038	+	12561	25309
252039	+	12561	25314
252041	+	12562	13072
252052	+	12562	20703
252054	+	12562	25314
252177	+	12573	13072
252194	+	12574	21854
252240	+	12584	14919
252242	+	12584	17323
252243	+	12584	17358
252245	+	12584	17486
252246	+	12584	17853
252256	+	12584	23127
252262	+	12584	29520
252511	+	12614	14571
252512	+	12614	19523
252514	+	12614	21702
252880	+	12654	28305
252881	+	12654	28475
252886	+	12654	28934
252887	+	12654	28935
252888	+	12654	28943
252889	+	12654	28949
252920	+	12661	12672
252923	+	12661	12900
252926	+	12661	14372
252930	+	12661	14966
252932	+	12661	15906
252934	+	12661	19807
252937	+	12661	22717
252942	+	12661	25266
252944	+	12661	25508
252945	+	12661	26724
252947	+	12661	28070
253056	+	12672	13083
253058	+	12672	14904
253059	+	12672	15611
253060	+	12672	18273
253062	+	12672	26088
253210	+	12696	14372
253211	+	12696	14966
253212	+	12696	19807
253230	+	12698	14372
253449	+	12719	15097
253450	+	12719	15188
253454	+	12719	15262
253456	+	12719	15395
253478	+	12719	26691
253727	+	12742	16709
253736	+	12742	23158
253745	+	12742	27407
253746	+	12742	27508
253749	+	12742	29782
254240	+	12790	13083
254244	+	12790	14563
254245	+	12790	15464
254247	+	12791	13179
254253	+	12791	19008
254254	+	12791	22094
254315	+	12798	13133
254331	+	12799	22989
254335	+	12799	25248
254351	+	12803	13796
254551	+	12819	20702
254557	+	12819	25634
254558	+	12819	25737
254559	+	12819	25742
254562	+	12819	26675
254563	+	12819	27855
254837	+	12840	13072
254850	+	12840	19879
254853	+	12840	25314
254854	+	12840	25531
255028	+	12852	12893
255031	+	12852	13251
255037	+	12852	20095
255038	+	12852	20237
255042	+	12852	25378
255044	+	12852	27874
255045	+	12852	28824
255047	+	12852	28958
255049	+	12852	29263
255050	+	12852	29264
255051	+	12852	29767
255054	+	12853	14073
255067	+	12853	29285
255172	+	12875	15109
255178	+	12875	18116
255180	+	12875	18726
255181	+	12875	18741
255194	+	12875	20638
255205	+	12875	23524
255301	+	12889	20474
255306	+	12889	21737
255317	+	12889	28305
255320	+	12889	28934
255321	+	12889	28935
255322	+	12889	28943
255323	+	12889	28949
255377	+	12893	13251
255383	+	12893	16767
255384	+	12893	25166
255385	+	12893	25421
255388	+	12893	28824
255390	+	12893	29263
255391	+	12893	29264
255392	+	12893	29766
255393	+	12893	29767
255501	+	12899	25508
255507	+	12900	14372
255509	+	12900	14966
255511	+	12900	15906
255512	+	12900	19807
255516	+	12900	25266
255517	+	12900	25508
255518	+	12900	29918
255607	+	12911	18222
255664	+	12913	12937
255667	+	12913	15106
255844	+	12933	14890
255846	+	12933	18520
255851	+	12933	20474
255858	+	12933	21737
255864	+	12933	25257
255868	+	12933	25742
255877	+	12933	28305
255878	+	12933	28475
255881	+	12933	28949
255882	+	12933	28962
255918	+	12937	15106
255934	+	12939	18222
256179	+	12963	13659
256183	+	12963	14789
256187	+	12963	26207
256245	+	12974	20284
256249	+	12974	21477
256250	+	12974	21551
256252	+	12974	22083
256254	+	12974	22413
256255	+	12974	25314
256256	+	12974	26756
256257	+	12974	27630
257185	+	13072	14786
257189	+	13072	17326
257192	+	13072	18243
257193	+	13072	19981
257194	+	13072	20703
257195	+	13072	22535
257196	+	13072	22553
257198	+	13072	23621
257200	+	13072	24215
257201	+	13072	25314
257202	+	13072	26682
257203	+	13072	26737
257204	+	13072	27179
257205	+	13072	27705
257211	+	13074	15051
257214	+	13074	19162
257222	+	13074	26321
257239	+	13077	13329
257243	+	13077	21063
257244	+	13077	21199
257290	+	13083	14796
257422	+	13095	14472
257426	+	13095	15884
257428	+	13095	16994
257436	+	13095	18781
257437	+	13095	19078
257441	+	13095	22962
257446	+	13096	14090
257449	+	13096	15170
257452	+	13096	16385
257453	+	13096	16537
257454	+	13096	16753
257461	+	13096	30228
257706	+	13120	13353
257708	+	13120	13467
257712	+	13120	15024
257714	+	13120	15097
257717	+	13120	15395
257720	+	13120	15413
258575	+	13211	13435
258576	+	13211	13483
258577	+	13211	13597
258578	+	13211	13771
258579	+	13211	13776
258582	+	13211	25742
258583	+	13211	26675
258771	+	13241	26077
258892	+	13251	20095
258895	+	13251	22439
258896	+	13251	22440
258899	+	13251	27874
258902	+	13251	29261
258903	+	13251	29264
258904	+	13251	29766
259595	+	13325	25263
259603	+	13325	28357
259658	+	13329	21063
259666	+	13330	21477
259669	+	13330	22349
259736	+	13338	24665
259739	+	13338	29300
259906	+	13353	16863
259912	+	13353	25323
260148	+	13375	15031
260306	+	13401	29261
260307	+	13401	29263
260308	+	13401	29264
260310	+	13401	29766
260370	+	13413	22083
260540	+	13429	13692
260545	+	13429	22129
260623	+	13435	21803
260897	+	13458	24533
260964	+	13467	13664
260986	+	13467	16558
260988	+	13467	16863
261004	+	13467	25323
261146	+	13482	20702
261147	+	13482	21803
261149	+	13482	25737
261150	+	13482	25742
261152	+	13482	26675
261156	+	13483	20702
261157	+	13483	25737
261158	+	13483	25742
261159	+	13483	26675
261160	+	13483	27855
261320	+	13485	20702
261321	+	13485	25737
261322	+	13485	25742
261324	+	13485	26675
261326	+	13485	30047
261501	+	13504	24665
261511	+	13504	29300
261852	+	13529	20083
261860	+	13529	26273
261888	+	13534	16955
261901	+	13534	24665
261902	+	13534	24719
261904	+	13534	26671
262186	+	13564	13586
262190	+	13564	21550
262194	+	13564	29176
262195	+	13564	30149
262243	+	13566	24719
262250	+	13566	26671
262256	+	13566	29300
262365	+	13586	22754
262368	+	13586	29176
262369	+	13586	30147
262370	+	13586	30149
262425	+	13597	20702
262426	+	13597	23281
262428	+	13597	25737
262429	+	13597	25742
262433	+	13597	26675
262467	+	13601	21887
262469	+	13601	22153
262470	+	13601	22154
262472	+	13601	24793
262474	+	13601	27045
262478	+	13601	29686
262479	+	13601	30477
262542	+	13609	23760
262546	+	13609	25737
262547	+	13609	25742
262548	+	13609	26675
262549	+	13609	26726
262586	+	13614	19033
262591	+	13614	22116
262597	+	13615	25878
262676	+	13622	16241
262747	+	13628	18904
262756	+	13628	25479
262757	+	13628	25587
262794	+	13634	20683
262796	+	13634	26182
262823	+	13637	17446
262991	+	13659	14391
263034	+	13664	15231
263036	+	13664	15413
263042	+	13664	16863
263225	+	13692	13877
263226	+	13692	14059
264218	+	13775	23760
264222	+	13775	25737
264223	+	13775	25742
264224	+	13775	26675
264225	+	13775	26726
264236	+	13776	23760
264283	+	13782	27347
264287	+	13784	25188
264288	+	13784	30460
264933	+	13855	19483
265154	+	13877	22129
265470	+	13912	14177
265475	+	13912	17747
265477	+	13912	22189
265479	+	13912	25726
265485	+	13914	14211
265497	+	13914	19879
265512	+	13914	28231
265533	+	13918	16448
266033	+	13966	16582
266752	+	14055	23796
266754	+	14055	25657
266841	+	14059	22129
266923	+	14073	29300
266924	+	14073	29351
266957	+	14078	28317
266958	+	14078	28356
267048	+	14090	20342
267051	+	14090	23055
267066	+	14092	25378
267067	+	14092	29766
267614	+	14166	19207
267618	+	14167	19132
267688	+	14177	22189
268496	+	14277	20702
268499	+	14277	25742
269239	+	14351	19476
269240	+	14351	20702
269242	+	14351	27833
269247	+	14352	19476
269248	+	14352	20702
269250	+	14352	26675
269251	+	14352	26861
269252	+	14352	29288
269253	+	14352	29321
269254	+	14352	29495
269255	+	14352	30267
269382	+	14366	26448
269387	+	14366	29664
269413	+	14372	14966
269415	+	14372	15342
269416	+	14372	15386
269417	+	14372	16516
269419	+	14372	20683
269424	+	14372	22780
269425	+	14372	22781
269428	+	14372	23110
269430	+	14372	23231
269431	+	14372	23544
269432	+	14372	25266
269433	+	14372	25508
269435	+	14372	25553
269436	+	14372	26088
269437	+	14372	29639
269438	+	14372	29787
269529	+	14391	14760
269533	+	14391	24886
269535	+	14391	25531
269536	+	14391	26207
269750	+	14413	18369
269753	+	14413	22558
269783	+	14420	21661
270095	+	14458	19576
270097	+	14458	22750
270132	+	14469	25940
270133	+	14469	26055
270134	+	14469	26145
270135	+	14469	26611
270139	+	14469	29454
270141	+	14469	29571
270142	+	14469	29894
270158	+	14472	16994
270160	+	14472	18173
270166	+	14472	26682
270201	+	14476	26126
270285	+	14489	14646
270371	+	14498	27480
270372	+	14498	27947
270373	+	14498	28059
270589	+	14516	16680
270682	+	14524	17326
270683	+	14524	18243
270684	+	14524	20823
270685	+	14524	28442
271022	+	14557	16980
271051	+	14562	27503
271052	+	14563	15114
271055	+	14563	21550
271100	+	14571	20354
271105	+	14571	24782
271108	+	14571	26940
271109	+	14571	27036
271110	+	14571	28539
271671	+	14608	14789
271673	+	14608	17854
271897	+	14641	20702
271905	+	14641	25737
271906	+	14641	25742
271911	+	14641	26661
271912	+	14641	26675
271915	+	14641	26861
271918	+	14641	27855
271921	+	14641	29321
271948	+	14646	16677
272102	+	14666	18976
272104	+	14666	19523
272106	+	14666	21101
272134	+	14670	22558
272143	+	14671	19019
272144	+	14671	22153
272145	+	14671	22154
272782	+	14759	15039
272785	+	14759	23016
272867	+	14770	18842
272869	+	14770	20318
272870	+	14770	20331
272914	+	14777	19936
272978	+	14786	25314
272979	+	14786	28442
273033	+	14796	14904
273038	+	14796	16516
273043	+	14796	17651
273056	+	14796	25685
273058	+	14796	26138
273060	+	14796	27526
273318	+	14837	17326
273319	+	14837	18243
273323	+	14837	25948
273324	+	14837	26037
273325	+	14837	26737
273326	+	14837	28442
273507	+	14857	25948
273508	+	14857	27630
273835	+	14881	20115
273868	+	14890	19476
273870	+	14890	23987
273871	+	14890	25737
273872	+	14890	25742
273873	+	14890	25752
273874	+	14890	26611
273875	+	14890	26661
273876	+	14890	26675
273883	+	14890	30377
274589	+	14966	15342
274590	+	14966	15346
274591	+	14966	15386
274593	+	14966	17884
274594	+	14966	17922
274595	+	14966	20683
274596	+	14966	21201
274598	+	14966	22007
274600	+	14966	22517
274601	+	14966	22780
274602	+	14966	22781
274605	+	14966	23226
274606	+	14966	23231
274607	+	14966	23544
274609	+	14966	24243
274610	+	14966	25266
274611	+	14966	25331
274612	+	14966	26088
274613	+	14966	26848
274614	+	14966	26931
274616	+	14966	28070
274617	+	14966	28091
274618	+	14966	29082
274619	+	14966	29639
274620	+	14966	30339
274691	+	14972	15290
274699	+	14972	28060
275125	+	15003	15370
275286	+	15017	23630
275296	+	15018	28060
275483	+	15035	15559
275484	+	15035	15595
275485	+	15035	18804
275685	+	15051	18760
275690	+	15051	19162
275694	+	15051	20506
275704	+	15051	22791
275707	+	15051	23421
275708	+	15051	23428
275710	+	15051	23502
275720	+	15051	25080
275730	+	15051	26077
275732	+	15051	26110
275733	+	15051	26126
275734	+	15051	26127
275735	+	15051	26128
275736	+	15051	26180
275753	+	15051	27872
275754	+	15051	28799
275850	+	15059	17045
275853	+	15059	18780
275854	+	15059	19135
276098	+	15090	15376
276122	+	15092	16314
276124	+	15092	16448
276134	+	15092	28882
276139	+	15094	17638
276147	+	15094	27417
276218	+	15097	16314
276221	+	15097	16448
276222	+	15097	16537
276223	+	15097	16542
276224	+	15097	16558
276246	+	15099	16794
276249	+	15099	20702
276254	+	15099	25737
276255	+	15099	25742
276258	+	15099	26675
276261	+	15099	28305
276375	+	15112	15343
276377	+	15112	21644
276378	+	15112	29931
276380	+	15114	15437
276381	+	15114	15464
276388	+	15114	26182
276389	+	15114	29553
276484	+	15123	21747
276534	+	15134	23760
276535	+	15134	26964
276845	+	15170	23055
276957	+	15183	24695
277021	+	15188	20661
277385	+	15230	16314
277386	+	15230	16558
277417	+	15231	16314
277419	+	15231	16448
277420	+	15231	16537
277421	+	15231	16558
277483	+	15237	16448
277486	+	15237	16979
277491	+	15237	27502
277509	+	15238	16542
277510	+	15238	16558
277706	+	15249	16558
277710	+	15249	16990
277728	+	15249	29300
277884	+	15259	27815
277888	+	15260	20488
277890	+	15260	21919
278155	+	15273	16988
278157	+	15273	26357
278158	+	15273	28870
278193	+	15277	16577
278199	+	15277	23817
278276	+	15290	23594
278278	+	15290	28060
278831	+	15342	15906
278837	+	15342	23110
278839	+	15342	23226
278853	+	15343	19388
278887	+	15346	15906
278892	+	15346	23226
278895	+	15346	25266
278896	+	15346	25330
278915	+	15350	23774
278919	+	15350	30087
279047	+	15363	16577
279048	+	15363	17038
279216	+	15378	17712
279217	+	15378	17879
279297	+	15386	21979
279302	+	15386	24533
279304	+	15386	25331
279402	+	15395	16314
279404	+	15395	16448
279405	+	15395	16537
279406	+	15395	16542
279408	+	15395	16863
279414	+	15395	25323
279415	+	15395	25325
279426	+	15396	16537
279427	+	15396	16553
279750	+	15413	16863
279762	+	15413	25323
280008	+	15437	19388
280013	+	15437	24459
280088	+	15448	30458
280105	+	15450	16979
280309	+	15471	17838
280310	+	15471	21071
280311	+	15471	21919
280344	+	15474	20702
280348	+	15474	25737
280349	+	15474	25742
280353	+	15474	26675
280357	+	15474	27855
280358	+	15474	29461
280664	+	15499	25878
280665	+	15499	25884
281470	+	15569	23987
281472	+	15569	25629
281473	+	15569	25740
281474	+	15569	28181
281475	+	15569	28785
281478	+	15569	29980
281481	+	15571	22989
282227	+	15656	30463
283143	+	15759	16100
283147	+	15759	18829
283151	+	15759	30480
283622	+	15823	26182
284181	+	15884	16057
284182	+	15884	16150
284190	+	15884	17618
284192	+	15884	18039
284199	+	15884	18781
284200	+	15884	19088
284210	+	15884	27448
284297	+	15898	16057
284380	+	15906	16045
284382	+	15906	16356
284383	+	15906	16525
284384	+	15906	17922
284387	+	15906	21201
284388	+	15906	22781
284392	+	15906	23226
284393	+	15906	23427
284395	+	15906	24243
284396	+	15906	25266
284397	+	15906	29639
284398	+	15906	30459
284478	+	15915	16163
284898	+	15957	23349
285007	+	15971	22189
285484	+	16045	16356
285486	+	16045	17922
285490	+	16045	25553
285492	+	16045	27573
285493	+	16045	27842
285678	+	16057	16150
285680	+	16057	16270
285689	+	16057	18039
285694	+	16057	20277
286142	+	16100	30480
287066	+	16211	18328
287077	+	16211	23594
287079	+	16211	25522
287084	+	16211	28837
287254	+	16230	16400
287290	+	16234	19388
288000	+	16314	16537
288001	+	16314	16542
288002	+	16314	26050
288004	+	16314	26847
288339	+	16356	18116
288537	+	16385	18760
288539	+	16385	19147
288546	+	16385	23314
288556	+	16385	26110
288557	+	16385	26121
288569	+	16385	27745
288570	+	16385	27757
288669	+	16400	16471
288670	+	16400	16595
288671	+	16400	29960
288697	+	16403	21063
288748	+	16416	30460
289010	+	16448	19538
289055	+	16458	18548
289253	+	16485	26202
289255	+	16485	29422
289440	+	16516	17326
289442	+	16516	17651
289443	+	16516	18352
289448	+	16516	20703
289455	+	16516	27179
289456	+	16516	27526
289495	+	16525	21334
289558	+	16532	28204
289573	+	16537	16549
289574	+	16537	16553
289575	+	16537	16558
289588	+	16537	25323
289589	+	16537	25325
289605	+	16542	16558
289607	+	16542	17817
289608	+	16542	18631
289610	+	16542	26050
289670	+	16550	27603
289701	+	16556	25518
289723	+	16558	19260
289732	+	16558	25323
289733	+	16558	25325
289868	+	16577	17029
289877	+	16577	28488
289947	+	16582	29580
290905	+	16709	17884
290906	+	16709	19256
290908	+	16709	21644
291120	+	16729	30483
291217	+	16740	29677
291398	+	16767	22440
291405	+	16767	29261
291406	+	16767	29263
291407	+	16767	29264
291408	+	16767	29766
291409	+	16767	29767
291738	+	16794	16923
291745	+	16794	25899
291751	+	16794	27448
291753	+	16794	28305
291755	+	16794	28475
291757	+	16794	29458
291758	+	16794	29495
291759	+	16794	29571
291761	+	16794	30277
291762	+	16794	30312
291978	+	16822	28317
291980	+	16822	28356
291981	+	16822	28389
291982	+	16822	28392
291983	+	16822	28393
291984	+	16822	28399
291985	+	16822	28402
291986	+	16822	28408
291989	+	16822	28930
291990	+	16822	29155
291991	+	16822	29159
291992	+	16822	29963
292112	+	16837	27436
292239	+	16863	25168
292240	+	16863	25323
292241	+	16863	25325
292242	+	16863	29382
292291	+	16869	23565
292380	+	16886	25309
292383	+	16886	27045
292559	+	16923	25742
292565	+	16923	28305
292604	+	16928	21738
292609	+	16928	25737
292610	+	16928	25742
292611	+	16928	26675
292615	+	16928	27855
292617	+	16928	29676
292686	+	16950	17007
292922	+	16979	27502
292924	+	16980	19127
293080	+	16994	18173
293081	+	16994	19078
293112	+	17003	27685
293184	+	17015	21550
293303	+	17025	24290
293304	+	17025	25737
293305	+	17025	25742
293309	+	17025	26675
293314	+	17025	27855
293504	+	17051	25737
293505	+	17051	25742
293506	+	17051	26675
293509	+	17051	27855
294073	+	17107	26182
294404	+	17145	19139
295066	+	17238	19153
295244	+	17267	17446
295402	+	17286	22820
295549	+	17305	25948
295727	+	17318	17460
295728	+	17318	17535
295817	+	17325	25309
295821	+	17325	28350
295829	+	17326	19879
295830	+	17326	20284
295838	+	17326	23349
295843	+	17326	25314
295845	+	17326	28442
296097	+	17358	17446
296098	+	17358	17486
296099	+	17358	17853
296102	+	17358	21992
296484	+	17403	26078
296905	+	17460	17535
297159	+	17487	27045
297279	+	17503	21477
297280	+	17503	21551
297283	+	17503	26756
297284	+	17503	27630
297432	+	17512	18726
297437	+	17512	27745
297438	+	17512	27757
297439	+	17512	28837
297683	+	17539	21392
297953	+	17589	18929
298306	+	17621	18039
298403	+	17638	18976
298409	+	17638	27417
298410	+	17638	27472
298411	+	17638	27984
298538	+	17654	18089
298545	+	17654	19260
298552	+	17654	26127
298663	+	17677	28310
298665	+	17677	28356
299551	+	17790	21048
299584	+	17795	18312
299762	+	17817	27061
299871	+	17838	21071
299872	+	17838	22025
299873	+	17838	22577
299874	+	17838	24019
300118	+	17868	29782
300236	+	17884	29782
300638	+	17922	21876
300642	+	17922	25266
301773	+	18089	21974
301776	+	18089	26127
301974	+	18114	20445
301989	+	18116	18726
301990	+	18116	18741
301992	+	18116	18944
301999	+	18116	21130
302083	+	18136	26556
302323	+	18173	19088
302324	+	18173	19090
302413	+	18192	21048
302526	+	18205	30227
302808	+	18243	19879
302809	+	18243	20284
302816	+	18243	25314
302817	+	18243	28442
303034	+	18264	28010
303099	+	18268	27061
303488	+	18312	21919
303574	+	18328	23131
303684	+	18352	23363
303944	+	18369	29263
303946	+	18369	30287
303964	+	18372	30463
304022	+	18384	23363
304330	+	18435	20284
304781	+	18498	22517
304784	+	18498	29639
304785	+	18498	29787
304786	+	18498	30464
304850	+	18515	18976
304889	+	18520	26556
305034	+	18548	28988
305035	+	18548	28989
305140	+	18568	18645
305141	+	18568	18657
305480	+	18624	21477
305481	+	18624	21551
305484	+	18624	22413
305485	+	18624	26207
305486	+	18624	29171
305576	+	18635	21738
305592	+	18635	29676
305595	+	18635	30239
306009	+	18715	19078
306064	+	18719	29942
306074	+	18721	21198
306108	+	18726	22565
306111	+	18726	27457
306118	+	18730	19571
306120	+	18731	19571
306163	+	18741	19689
306167	+	18741	22187
306169	+	18741	24448
306223	+	18758	19007
306224	+	18758	19162
306277	+	18760	26110
306278	+	18760	26198
306407	+	18774	28934
306408	+	18774	28935
306448	+	18780	19006
306449	+	18781	19088
306453	+	18781	27619
306968	+	18842	20331
307321	+	18868	20702
307323	+	18868	25737
307324	+	18868	25742
307330	+	18868	26675
307331	+	18868	27855
307614	+	18902	19256
307631	+	18904	25479
307637	+	18909	25657
307725	+	18929	19457
307962	+	18976	19523
307965	+	18976	21702
307967	+	18976	27417
308118	+	19008	30463
308255	+	19019	26182
308367	+	19031	26742
308376	+	19034	20378
308378	+	19034	28130
308438	+	19051	19116
308443	+	19051	30233
308476	+	19058	19301
308478	+	19058	21670
308481	+	19058	30143
308549	+	19071	19121
308615	+	19088	27619
308619	+	19090	21330
308642	+	19093	27745
308643	+	19093	27757
308788	+	19116	30233
309011	+	19132	26251
309012	+	19132	26252
309027	+	19135	22535
309098	+	19147	23314
309099	+	19147	23527
309104	+	19147	26121
309107	+	19147	27745
309108	+	19147	27757
309124	+	19153	22249
309236	+	19179	30204
309331	+	19199	25404
309332	+	19199	26831
309359	+	19207	26251
309360	+	19207	26252
309539	+	19242	25518
309593	+	19256	25508
309601	+	19260	23726
309819	+	19301	21670
309827	+	19301	27404
309828	+	19301	30143
310281	+	19356	29078
310295	+	19360	21613
310297	+	19360	23349
310392	+	19365	19762
310720	+	19388	22116
310723	+	19388	26259
310728	+	19388	30372
310770	+	19391	19756
310812	+	19396	19530
311436	+	19470	30475
311468	+	19476	20702
311473	+	19476	25737
311474	+	19476	25742
311475	+	19476	25940
311479	+	19476	26675
311482	+	19476	26861
311488	+	19476	27855
311489	+	19476	29321
311490	+	19476	29461
311535	+	19482	25236
311541	+	19483	23081
311543	+	19483	24448
311546	+	19483	26622
311578	+	19490	21738
311584	+	19490	26675
311585	+	19490	26986
311588	+	19490	27804
311590	+	19490	28007
311593	+	19490	29676
311594	+	19490	30231
311595	+	19490	30481
311867	+	19523	21101
311870	+	19523	29417
312336	+	19604	25737
312337	+	19604	25742
312338	+	19604	26675
312722	+	19670	20002
313096	+	19734	29351
313120	+	19738	29300
313121	+	19738	29351
313257	+	19768	25314
313267	+	19772	24694
313462	+	19807	25266
313463	+	19807	26088
313464	+	19807	27470
313465	+	19807	30421
313929	+	19879	25548
313932	+	19879	26737
313933	+	19879	26770
313934	+	19879	28350
313936	+	19879	30204
314049	+	19902	27394
314258	+	19936	20385
314260	+	19936	22040
314261	+	19936	22116
314262	+	19936	27067
314303	+	19946	22553
314466	+	19981	25314
314575	+	20015	28837
314626	+	20025	24047
314942	+	20083	21550
314944	+	20083	21979
314945	+	20083	22423
314950	+	20083	25850
315023	+	20095	21887
315026	+	20095	27874
315027	+	20095	28824
315029	+	20095	29263
315030	+	20095	29264
315031	+	20095	29686
315032	+	20095	29868
315033	+	20095	30477
315084	+	20112	26848
315094	+	20114	30113
315109	+	20119	20354
315112	+	20119	29724
315113	+	20119	30270
315121	+	20122	25737
315122	+	20122	25742
315123	+	20122	26675
315125	+	20122	27591
315208	+	20140	23076
315213	+	20140	28946
315230	+	20145	25268
315233	+	20145	30256
315268	+	20152	28946
315542	+	20219	27344
315803	+	20274	28906
315832	+	20284	21477
315834	+	20284	22311
315835	+	20284	22349
315844	+	20284	26737
315858	+	20289	27653
315863	+	20290	26770
315864	+	20290	27843
316020	+	20318	20331
316032	+	20318	30479
316116	+	20344	26818
316148	+	20354	29724
316149	+	20354	30270
316151	+	20358	22949
316430	+	20428	27974
316517	+	20448	21177
316520	+	20448	26138
316521	+	20448	27439
316588	+	20474	20770
316595	+	20474	22410
316596	+	20474	22855
316597	+	20474	25257
316602	+	20474	28305
316604	+	20474	28489
316606	+	20474	28995
316607	+	20474	29034
316608	+	20474	29195
316645	+	20488	27313
316687	+	20502	26675
316859	+	20540	20645
316862	+	20540	24315
317043	+	20578	21235
317052	+	20578	28411
317072	+	20583	25508
317303	+	20642	20825
317313	+	20644	27839
317376	+	20652	25850
317415	+	20661	21409
317418	+	20661	28565
317419	+	20661	29300
317515	+	20683	27825
317585	+	20702	22639
317586	+	20702	23695
317587	+	20702	23798
317588	+	20702	24290
317592	+	20702	25571
317593	+	20702	25737
317594	+	20702	25738
317595	+	20702	25742
317596	+	20702	26449
317597	+	20702	26584
317598	+	20702	26661
317599	+	20702	26675
317600	+	20702	26791
317602	+	20702	26861
317603	+	20702	26938
317607	+	20702	27448
317610	+	20702	27629
317611	+	20702	27631
317612	+	20702	27645
317615	+	20702	27833
317616	+	20702	28195
317618	+	20702	28405
317619	+	20702	28546
317620	+	20702	28572
317621	+	20702	28576
317622	+	20702	29037
317623	+	20702	29038
317624	+	20702	29321
317625	+	20702	29349
317626	+	20702	29461
317627	+	20702	29495
317628	+	20702	29559
317629	+	20702	29571
317630	+	20702	29670
317631	+	20702	29765
317632	+	20702	29842
317633	+	20702	29846
317634	+	20703	22553
317635	+	20703	23621
317636	+	20703	25314
317637	+	20703	26737
317638	+	20703	27179
317644	+	20704	23055
317692	+	20715	26948
317700	+	20719	23498
317701	+	20719	24643
317898	+	20770	21755
317901	+	20770	25257
318106	+	20823	28442
318709	+	20974	23852
319017	+	21045	25742
319018	+	21045	26675
319019	+	21045	26938
319069	+	21063	21199
319136	+	21071	22577
319137	+	21071	24019
319394	+	21132	26433
319404	+	21133	23618
319436	+	21139	21235
319437	+	21139	23076
319440	+	21139	25570
319645	+	21197	26388
319784	+	21235	25570
319787	+	21235	28394
319789	+	21235	28449
319869	+	21271	23428
320158	+	21330	23387
320186	+	21334	21588
320571	+	21384	30461
320627	+	21395	30461
320934	+	21477	21551
320936	+	21477	21770
320939	+	21477	22311
320940	+	21477	22413
320943	+	21477	26207
320944	+	21477	26756
320945	+	21477	26831
320946	+	21477	29171
321292	+	21550	25395
321295	+	21550	30149
321297	+	21551	21634
321298	+	21551	21770
321299	+	21551	21978
321301	+	21551	22311
321303	+	21551	22413
321306	+	21551	24448
321311	+	21551	26756
321312	+	21551	26831
321313	+	21551	28231
321314	+	21551	29171
321425	+	21585	22558
321437	+	21585	26719
321439	+	21585	26964
321440	+	21585	26986
321441	+	21585	26991
321448	+	21585	29358
321450	+	21585	29712
321469	+	21588	21876
321513	+	21598	26273
321517	+	21598	27105
321576	+	21613	21692
321578	+	21613	23349
321654	+	21631	28442
321659	+	21634	22349
321661	+	21634	26756
321676	+	21640	28346
321688	+	21644	29931
321760	+	21670	30143
321779	+	21679	21882
321884	+	21702	25731
321885	+	21702	25732
321886	+	21702	29417
322152	+	21737	25344
322160	+	21737	28890
322162	+	21737	28995
322163	+	21737	29034
322165	+	21737	29195
322167	+	21738	24651
322177	+	21738	26719
322180	+	21738	26964
322181	+	21738	27000
322186	+	21738	28572
322187	+	21738	28612
322193	+	21738	29676
322195	+	21738	30247
322196	+	21738	30384
322197	+	21738	30474
322201	+	21740	23231
322203	+	21740	27842
322254	+	21755	21899
322341	+	21783	21855
322374	+	21790	22010
322405	+	21803	28191
322407	+	21803	30458
322497	+	21829	30460
322559	+	21843	23594
322694	+	21887	25401
322699	+	21887	28799
322704	+	21887	30465
322705	+	21887	30477
322837	+	21940	29937
322921	+	21963	29459
322948	+	21972	28830
322952	+	21973	24533
322962	+	21974	26127
322966	+	21974	30367
322974	+	21979	22423
322976	+	21979	23544
322977	+	21979	27712
322978	+	21979	27947
323064	+	21992	22834
323120	+	22010	22897
323173	+	22035	26448
323176	+	22035	29664
323177	+	22035	30135
323178	+	22035	30388
323427	+	22095	30231
323684	+	22163	24107
323750	+	22181	26182
323769	+	22189	22321
323782	+	22195	22558
323785	+	22195	24533
323790	+	22195	26675
324194	+	22311	22349
324199	+	22311	26756
324200	+	22311	27630
324292	+	22339	24719
324320	+	22349	26831
324321	+	22349	28442
324387	+	22371	28934
324388	+	22371	28935
324389	+	22371	28943
324473	+	22400	28046
324480	+	22400	29639
324518	+	22410	25257
324522	+	22410	28305
324525	+	22413	26756
324526	+	22413	27630
324527	+	22413	28231
324528	+	22413	29171
324597	+	22439	22440
324598	+	22439	29264
324599	+	22440	25166
324601	+	22440	28824
324602	+	22440	28958
324604	+	22440	29263
324605	+	22440	29264
324606	+	22440	29766
324685	+	22480	28352
324689	+	22480	28395
324690	+	22480	28402
324707	+	22480	29078
324735	+	22489	29743
324736	+	22489	30025
324749	+	22498	29923
324870	+	22535	25314
324974	+	22553	24215
324976	+	22553	26231
325046	+	22558	24290
325048	+	22558	26611
325049	+	22558	26643
325050	+	22558	26675
325051	+	22558	26725
325052	+	22558	26791
325053	+	22558	26986
325054	+	22558	29358
325055	+	22558	29404
325056	+	22558	29495
325088	+	22564	29155
325092	+	22565	23153
325093	+	22565	30480
325149	+	22583	24041
325152	+	22583	30480
325163	+	22590	27872
325183	+	22593	26131
325185	+	22593	28955
325421	+	22639	25206
325422	+	22639	25737
325423	+	22639	25742
325425	+	22639	26675
325426	+	22639	26861
325595	+	22677	24694
325768	+	22711	23747
325770	+	22711	24014
325839	+	22731	25405
325840	+	22731	25944
325841	+	22731	29830
325905	+	22750	27248
325906	+	22750	27480
325907	+	22750	28059
325909	+	22750	28361
325911	+	22750	29302
325937	+	22754	30147
326018	+	22777	23226
326019	+	22777	25330
326020	+	22777	25331
326036	+	22780	23226
326038	+	22780	25331
326118	+	22790	22989
326481	+	22871	23088
326886	+	22949	29099
326904	+	22956	23630
327027	+	22989	24548
327034	+	22989	25248
327035	+	22989	25278
327178	+	23014	24717
327179	+	23014	24973
327460	+	23076	23093
327594	+	23110	23226
327595	+	23110	23427
327596	+	23110	23544
327654	+	23128	28944
327729	+	23160	23388
327743	+	23167	27591
327762	+	23171	25737
327763	+	23171	25742
327764	+	23171	26152
327766	+	23171	26675
327768	+	23171	28340
327770	+	23171	28792
327954	+	23226	23427
327955	+	23226	23544
327958	+	23226	25266
327962	+	23226	30459
327974	+	23231	25553
327977	+	23231	27037
327978	+	23231	27039
327981	+	23231	27842
327984	+	23231	28370
327985	+	23231	30209
328100	+	23281	28651
328211	+	23314	23502
328212	+	23314	23527
328218	+	23314	26121
328222	+	23314	27745
328223	+	23314	27757
328304	+	23344	28934
328305	+	23344	28935
328381	+	23363	26848
328488	+	23388	28366
328495	+	23390	26273
328498	+	23390	27105
328623	+	23421	26107
328624	+	23421	26110
328625	+	23421	26126
328636	+	23421	27745
328637	+	23421	27757
328704	+	23428	24557
328707	+	23428	26180
328708	+	23428	27872
328782	+	23453	25434
328783	+	23453	29190
328828	+	23466	25118
328829	+	23467	23503
328976	+	23502	26077
328978	+	23502	26110
328979	+	23502	26126
328987	+	23502	27757
328988	+	23503	23690
329014	+	23517	26273
329017	+	23517	27105
329053	+	23527	27745
329054	+	23527	27757
329259	+	23594	23741
329266	+	23594	26273
329267	+	23594	26622
329315	+	23611	23894
329335	+	23621	25314
329351	+	23626	27045
329370	+	23630	23891
329406	+	23645	29588
329415	+	23656	24215
329416	+	23656	25314
329489	+	23683	24216
329508	+	23695	24783
329511	+	23695	25737
329512	+	23695	25742
329515	+	23695	26675
329519	+	23695	27855
329520	+	23695	29321
329524	+	23700	28955
329525	+	23700	29588
329526	+	23702	23814
329528	+	23702	26433
329529	+	23702	28305
329533	+	23704	29588
329644	+	23747	24014
329666	+	23760	24004
329672	+	23760	28566
329750	+	23793	24651
329751	+	23793	24705
329752	+	23793	25255
329753	+	23793	25752
329754	+	23793	26648
329758	+	23793	28881
329759	+	23793	29676
329764	+	23798	25737
329765	+	23798	25742
329769	+	23798	26675
329770	+	23798	27855
329814	+	23814	28305
329815	+	23814	28474
329816	+	23814	28475
329818	+	23814	28915
329916	+	23859	24533
329995	+	23884	25629
330056	+	23905	28955
330057	+	23905	29588
330296	+	23987	25214
330304	+	23987	26964
330314	+	23987	29677
330358	+	24000	26271
330362	+	24004	24575
330366	+	24004	25384
330369	+	24004	25634
330370	+	24004	25742
330373	+	24004	26675
330376	+	24004	28007
330551	+	24066	30461
330792	+	24121	26818
330796	+	24121	30242
330941	+	24167	30477
330974	+	24178	26818
331086	+	24215	25314
331087	+	24216	27639
331088	+	24216	28358
331192	+	24243	25742
331193	+	24243	26675
331338	+	24290	25476
331339	+	24290	25737
331340	+	24290	25774
331341	+	24290	26449
331345	+	24290	26675
331349	+	24290	26986
331721	+	24420	24643
331782	+	24448	28442
331900	+	24495	24694
332014	+	24533	25255
332015	+	24533	25737
332016	+	24533	25742
332018	+	24533	26675
332033	+	24533	29669
332095	+	24554	26675
332101	+	24556	30422
332102	+	24556	30454
332130	+	24571	26202
332226	+	24612	28340
332325	+	24651	25255
332334	+	24651	26675
332336	+	24651	26964
332338	+	24651	26991
332341	+	24651	27743
332352	+	24651	29676
332353	+	24651	29677
332383	+	24665	24719
332384	+	24665	28170
332497	+	24705	25255
332527	+	24717	24761
332531	+	24717	25944
332654	+	24783	25737
332655	+	24783	25742
332656	+	24783	25774
332659	+	24783	26675
332682	+	24793	27045
332683	+	24793	27902
332754	+	24812	29957
332786	+	24832	25476
332789	+	24832	29677
332884	+	24842	29743
333007	+	24897	27591
333009	+	24897	29262
333113	+	24961	28340
333192	+	24973	25370
333279	+	25018	25820
333282	+	25018	29803
333353	+	25033	26202
333354	+	25033	29422
333527	+	25080	26078
333739	+	25161	29661
333751	+	25166	29261
333752	+	25166	29264
333753	+	25166	29766
333754	+	25166	29767
333756	+	25168	25325
333815	+	25181	30247
333902	+	25206	29676
333904	+	25206	30247
333918	+	25214	26725
333919	+	25214	26964
333920	+	25214	26991
333921	+	25214	30384
334026	+	25255	25752
334031	+	25255	26648
334045	+	25257	28995
334046	+	25257	29034
334047	+	25257	29195
334071	+	25263	28357
334073	+	25263	28392
334074	+	25263	28395
334097	+	25266	26931
334098	+	25266	27685
334100	+	25266	28652
334104	+	25266	29639
334202	+	25314	26682
334203	+	25314	26737
334204	+	25314	27179
334205	+	25314	27705
334216	+	25323	25325
334258	+	25338	28837
334275	+	25344	26433
334286	+	25347	28934
334287	+	25347	28935
334288	+	25347	28943
334289	+	25347	28949
334299	+	25351	28935
334404	+	25378	27874
334405	+	25378	28824
334407	+	25378	29264
334408	+	25378	29434
334409	+	25378	29766
334417	+	25384	25571
334418	+	25384	25738
334489	+	25401	29264
334511	+	25418	30306
334521	+	25425	30316
334644	+	25476	25774
334646	+	25476	26986
334647	+	25476	29461
334655	+	25479	25587
334796	+	25508	27530
334822	+	25518	27568
334886	+	25548	26271
334899	+	25553	27842
334941	+	25571	25634
335056	+	25612	25629
335060	+	25612	27804
335139	+	25629	25738
335140	+	25629	25740
335141	+	25629	25742
335144	+	25629	26675
335153	+	25629	29980
335161	+	25634	25738
335162	+	25634	25742
335166	+	25634	27833
335170	+	25634	28566
335171	+	25634	29038
335174	+	25634	29471
335175	+	25634	29707
335198	+	25658	27360
335245	+	25676	27105
335377	+	25737	25752
335378	+	25737	25774
335380	+	25737	26166
335381	+	25737	26449
335383	+	25737	26584
335384	+	25737	26661
335385	+	25737	26664
335386	+	25737	26675
335387	+	25737	26726
335388	+	25737	26791
335389	+	25737	26938
335390	+	25737	27511
335391	+	25737	27591
335392	+	25737	27828
335393	+	25737	27833
335394	+	25737	27855
335395	+	25737	28546
335396	+	25737	28572
335397	+	25737	28576
335398	+	25737	28710
335399	+	25737	29323
335400	+	25737	29495
335401	+	25737	29513
335403	+	25737	29571
335405	+	25737	29670
335406	+	25737	29765
335407	+	25737	29842
335408	+	25737	29846
335409	+	25737	30231
335410	+	25737	30466
335411	+	25738	25742
335423	+	25740	26986
335433	+	25742	25752
335434	+	25742	25774
335435	+	25742	25940
335437	+	25742	26166
335438	+	25742	26316
335439	+	25742	26449
335440	+	25742	26584
335441	+	25742	26661
335442	+	25742	26664
335443	+	25742	26726
335444	+	25742	26791
335447	+	25742	26926
335448	+	25742	26938
335449	+	25742	27448
335450	+	25742	27511
335451	+	25742	27631
335452	+	25742	27645
335453	+	25742	27804
335454	+	25742	27828
335455	+	25742	27833
335456	+	25742	27855
335457	+	25742	28509
335458	+	25742	28546
335459	+	25742	28566
335460	+	25742	28575
335461	+	25742	28576
335462	+	25742	28710
335463	+	25742	28960
335464	+	25742	29037
335465	+	25742	29287
335466	+	25742	29288
335467	+	25742	29461
335468	+	25742	29469
335469	+	25742	29471
335470	+	25742	29495
335471	+	25742	29513
335472	+	25742	29559
335473	+	25742	29571
335474	+	25742	29648
335475	+	25742	29670
335476	+	25742	29707
335477	+	25742	29730
335478	+	25742	29765
335479	+	25742	29842
335480	+	25742	29846
335481	+	25742	29981
335482	+	25742	30231
335483	+	25742	30466
335484	+	25742	30473
335498	+	25752	25940
335499	+	25752	26675
335617	+	25774	26675
335682	+	25807	28792
335723	+	25820	25948
335726	+	25820	29803
335769	+	25850	28934
335770	+	25850	28935
335772	+	25850	28949
335805	+	25862	25973
335806	+	25862	30374
335833	+	25878	25884
335915	+	25899	28405
336012	+	25934	27619
336026	+	25940	26664
336027	+	25940	26861
336028	+	25940	26939
336043	+	25948	26037
336245	+	26015	29782
336279	+	26037	28442
336315	+	26055	26145
336316	+	26055	26611
336318	+	26055	27448
336319	+	26055	29349
336321	+	26055	29571
336364	+	26077	26198
336366	+	26077	26272
336389	+	26088	27842
336409	+	26110	26198
336415	+	26110	27292
336437	+	26121	26126
336438	+	26121	27745
336439	+	26121	27757
336455	+	26126	27745
336463	+	26129	26198
336468	+	26131	28827
336469	+	26131	28904
336470	+	26131	28957
336476	+	26131	30358
336492	+	26148	30327
336590	+	26162	27822
336610	+	26166	26316
336611	+	26166	26675
336649	+	26180	27872
336652	+	26182	26258
336653	+	26182	27436
336654	+	26182	27586
336695	+	26207	27630
336706	+	26219	27974
336739	+	26239	28354
336740	+	26239	28408
336747	+	26239	29724
336748	+	26239	29963
336767	+	26251	27979
336771	+	26252	27979
336795	+	26265	27331
336802	+	26273	27105
336808	+	26273	29573
336907	+	26306	30029
336959	+	26316	26675
337082	+	26357	26381
337083	+	26357	28870
337084	+	26357	29023
337216	+	26426	26433
337218	+	26426	28475
337233	+	26449	26675
337237	+	26449	29848
337626	+	26556	30287
337627	+	26556	30477
337636	+	26575	27487
337641	+	26584	26675
337689	+	26606	30267
337695	+	26611	26643
337696	+	26611	26675
337826	+	26643	26791
337827	+	26643	26986
337841	+	26648	29676
337869	+	26661	26675
337871	+	26661	26938
337874	+	26661	28007
337875	+	26661	28576
337876	+	26661	29571
337878	+	26661	29846
337879	+	26661	30261
337883	+	26664	26675
337886	+	26664	28195
337888	+	26664	29559
337889	+	26664	30267
337913	+	26675	26726
337914	+	26675	26791
337916	+	26675	26926
337917	+	26675	26935
337918	+	26675	26938
337919	+	26675	26939
337921	+	26675	27448
337922	+	26675	27511
337923	+	26675	27631
337924	+	26675	27645
337926	+	26675	27828
337927	+	26675	27833
337928	+	26675	27855
337929	+	26675	28195
337930	+	26675	28546
337931	+	26675	28572
337932	+	26675	28576
337933	+	26675	28710
337934	+	26675	29037
337935	+	26675	29288
337936	+	26675	29321
337937	+	26675	29469
337938	+	26675	29495
337939	+	26675	29513
337940	+	26675	29571
337941	+	26675	29648
337942	+	26675	29765
337943	+	26675	29846
337944	+	26675	29869
337945	+	26675	29981
337946	+	26675	30231
337947	+	26675	30466
337955	+	26679	29300
337956	+	26679	29351
338038	+	26694	28934
338039	+	26694	28935
338105	+	26719	27000
338106	+	26719	27024
338107	+	26719	27048
338108	+	26719	27049
338110	+	26719	27448
338113	+	26719	28569
338114	+	26719	28572
338117	+	26719	29677
338118	+	26719	29712
338132	+	26725	29676
338133	+	26726	30384
338134	+	26726	30388
338151	+	26737	28442
338167	+	26751	27045
338176	+	26756	26831
338177	+	26756	27630
338178	+	26756	28231
338179	+	26756	29171
338212	+	26770	28350
338213	+	26770	30204
338244	+	26791	27855
338291	+	26818	27096
338294	+	26819	27653
338318	+	26823	28934
338319	+	26823	28935
338321	+	26826	29300
338334	+	26845	27575
338335	+	26845	27619
338337	+	26845	28264
338339	+	26845	29596
338371	+	26847	27502
338385	+	26861	26939
338386	+	26861	29321
338387	+	26861	29842
338388	+	26861	30267
338444	+	26891	30077
338540	+	26938	28007
338542	+	26938	29848
338544	+	26939	29321
338551	+	26944	27030
338556	+	26944	28150
338560	+	26948	26951
338564	+	26948	30471
338565	+	26948	30472
338587	+	26964	27743
338597	+	26964	29676
338598	+	26964	30384
338620	+	26976	27068
338648	+	26986	26991
338649	+	26986	27000
338655	+	26986	27804
338664	+	26986	29546
338667	+	26986	29676
338668	+	26986	29677
338680	+	26991	28569
338682	+	26991	29344
338683	+	26991	29571
338684	+	26991	30384
338698	+	27000	29676
338723	+	27023	27743
338732	+	27024	29677
338769	+	27045	27045
338788	+	27061	28491
338789	+	27061	28601
338905	+	27126	27227
338906	+	27126	27237
338908	+	27126	28565
338910	+	27126	29457
338911	+	27126	30027
338928	+	27138	28317
338930	+	27138	28356
338946	+	27138	29078
339181	+	27237	30027
339194	+	27248	28059
339227	+	27272	28530
339230	+	27272	29261
339324	+	27347	30420
339393	+	27417	27472
339394	+	27417	27984
339432	+	27439	27508
339486	+	27472	27984
339546	+	27523	29678
339552	+	27530	28786
339599	+	27558	27706
339600	+	27558	27724
339602	+	27558	29354
339603	+	27558	29748
339638	+	27571	28150
339648	+	27575	28264
339652	+	27577	29687
339657	+	27580	28475
339662	+	27591	27645
339663	+	27591	27871
339664	+	27591	28575
339665	+	27591	29262
339666	+	27591	30261
339702	+	27619	28264
339730	+	27630	29171
339733	+	27631	29292
339734	+	27631	29712
339748	+	27645	27855
339756	+	27653	29761
339757	+	27653	30441
339864	+	27724	29354
339869	+	27725	28954
339909	+	27743	28509
339912	+	27743	29765
339913	+	27745	27757
339939	+	27757	27757
340078	+	27804	28572
340079	+	27804	30231
340087	+	27815	27817
340088	+	27815	27887
340090	+	27815	30356
340098	+	27816	30356
340109	+	27822	29034
340111	+	27822	30482
340141	+	27828	30231
340143	+	27833	27855
340157	+	27855	29089
340158	+	27855	29321
340159	+	27855	29461
340160	+	27855	29495
340162	+	27855	29670
340163	+	27855	29828
340176	+	27874	28824
340177	+	27874	28862
340178	+	27874	28863
340179	+	27874	28865
340181	+	27874	29261
340182	+	27874	29766
340183	+	27874	29767
340229	+	27916	29263
340301	+	27965	28007
340306	+	27968	30247
340309	+	27970	30226
340311	+	27974	28838
340323	+	27979	28049
340367	+	28007	28566
340368	+	28007	28576
340420	+	28046	28758
340424	+	28046	29120
340427	+	28049	28101
340429	+	28049	30166
340436	+	28060	28061
340446	+	28070	28091
340564	+	28121	30475
340577	+	28140	30252
340641	+	28167	30239
340773	+	28264	29596
340828	+	28305	28405
340829	+	28305	28474
340830	+	28305	28475
340831	+	28305	28489
340833	+	28305	29441
340834	+	28305	29730
340835	+	28305	29842
340872	+	28308	30470
340876	+	28310	28394
340877	+	28310	28449
340899	+	28317	28348
340900	+	28317	28356
340901	+	28317	28357
340904	+	28317	28389
340905	+	28317	28391
340906	+	28317	28392
340907	+	28317	28393
340908	+	28317	28394
340909	+	28317	28399
340910	+	28317	28402
340912	+	28317	28439
340913	+	28317	28445
340927	+	28317	29078
340928	+	28317	29155
340929	+	28317	29159
341086	+	28340	29082
341109	+	28350	30204
341112	+	28352	28395
341118	+	28352	28602
341120	+	28352	29724
341121	+	28352	29873
341131	+	28353	28602
341135	+	28353	29198
341138	+	28354	28399
341139	+	28354	28402
341141	+	28354	28407
341142	+	28354	28408
341152	+	28354	29078
341153	+	28354	29724
341154	+	28354	29745
341155	+	28354	29873
341157	+	28356	28389
341158	+	28356	28391
341159	+	28356	28392
341160	+	28356	28393
341161	+	28356	28394
341162	+	28356	28399
341163	+	28356	28402
341167	+	28356	28439
341174	+	28356	29155
341175	+	28356	29159
341178	+	28357	28392
341184	+	28357	29078
341350	+	28389	29078
341351	+	28389	29155
341361	+	28391	29159
341370	+	28392	29155
341371	+	28392	29159
341387	+	28393	29078
341388	+	28393	29155
341389	+	28393	29159
341394	+	28394	29078
341415	+	28399	29078
341416	+	28399	29155
341417	+	28399	29159
341424	+	28402	29155
341489	+	28407	29078
341493	+	28408	29155
341494	+	28408	29963
341540	+	28411	28440
341541	+	28411	28449
341633	+	28439	29078
341660	+	28450	29159
341772	+	28475	28489
341773	+	28475	29441
341820	+	28497	28799
341825	+	28497	29706
341831	+	28509	28510
341832	+	28509	28543
341835	+	28509	29676
341836	+	28510	28543
341837	+	28510	28544
341839	+	28510	30247
341889	+	28519	30077
341970	+	28543	28544
341984	+	28546	29461
342068	+	28557	28625
342076	+	28565	30027
342081	+	28569	29292
342085	+	28571	29292
342088	+	28571	29676
342090	+	28572	29676
342092	+	28572	30231
342097	+	28575	29262
342098	+	28575	29676
342144	+	28601	30228
342166	+	28612	28881
342169	+	28612	29676
342245	+	28652	28911
342246	+	28652	29772
342341	+	28695	28915
342383	+	28710	29321
342446	+	28758	29639
342453	+	28760	29264
342763	+	28783	28962
342769	+	28783	29598
342775	+	28786	28883
342795	+	28792	28891
342823	+	28799	29018
342827	+	28799	29366
342917	+	28824	28958
342919	+	28824	29261
342920	+	28824	29263
342921	+	28824	29264
342922	+	28824	29766
342923	+	28824	29767
342926	+	28827	28955
342927	+	28827	28957
342928	+	28827	28962
342931	+	28827	29262
342932	+	28827	29588
342941	+	28830	29598
343201	+	28890	28934
343203	+	28892	28934
343204	+	28892	28935
343205	+	28892	28943
343206	+	28892	28949
343211	+	28894	28934
343212	+	28894	28935
343213	+	28894	28943
343220	+	28897	28962
343223	+	28898	28934
343224	+	28898	28935
343225	+	28898	28943
343227	+	28899	28906
343228	+	28899	28934
343229	+	28899	28935
343254	+	28904	28955
343255	+	28904	28957
343259	+	28904	29588
343262	+	28907	28934
343263	+	28907	28935
343264	+	28907	28943
343265	+	28907	28949
343266	+	28908	28934
343267	+	28908	28935
343268	+	28908	28943
343356	+	28930	29078
343357	+	28930	29155
343358	+	28934	28935
343359	+	28934	28943
343360	+	28934	28949
343361	+	28934	28987
343362	+	28934	28990
343363	+	28934	28995
343364	+	28934	29021
343365	+	28934	29027
343366	+	28934	29034
343367	+	28934	29035
343368	+	28934	29045
343370	+	28934	29195
343371	+	28935	28943
343372	+	28935	28949
343373	+	28935	28987
343374	+	28935	28990
343376	+	28935	28995
343377	+	28935	29021
343378	+	28935	29027
343379	+	28935	29034
343380	+	28935	29035
343381	+	28935	29045
343382	+	28935	29195
343390	+	28939	28945
343406	+	28943	28949
343407	+	28943	28987
343408	+	28943	28990
343409	+	28943	28995
343410	+	28943	29027
343411	+	28943	29034
343412	+	28943	29195
343413	+	28944	29018
343414	+	28944	29787
343425	+	28949	28987
343426	+	28949	28990
343427	+	28949	28995
343428	+	28949	29021
343429	+	28949	29027
343430	+	28949	29034
343431	+	28949	29045
343433	+	28949	29195
343448	+	28954	29032
343456	+	28955	28957
343459	+	28955	29588
343460	+	28955	29609
343462	+	28955	30222
343463	+	28955	30343
343464	+	28955	30358
343468	+	28957	29588
343470	+	28957	30219
343471	+	28957	30358
343472	+	28958	28962
343475	+	28958	29261
343476	+	28958	29264
343477	+	28958	29538
343478	+	28958	29766
343479	+	28958	29767
343497	+	28966	29957
343725	+	29018	29706
343734	+	29026	30477
343736	+	29029	29263
343756	+	29038	29263
343758	+	29038	29598
343759	+	29038	29639
343760	+	29038	30088
343849	+	29083	30047
343850	+	29083	30073
343881	+	29089	29448
343882	+	29089	30266
344040	+	29155	29159
344093	+	29229	29230
344122	+	29261	29264
344123	+	29261	29766
344124	+	29262	29588
344125	+	29262	29609
344127	+	29263	29264
344128	+	29263	29598
344130	+	29263	29669
344131	+	29263	29766
344132	+	29263	30088
344133	+	29264	29766
344134	+	29264	29767
344143	+	29285	29300
344146	+	29288	29461
344159	+	29300	29351
344171	+	29315	29661
344182	+	29321	29461
344183	+	29321	30267
344185	+	29323	30267
344211	+	29366	29706
344212	+	29368	30476
344229	+	29404	29676
344254	+	29448	29828
344255	+	29448	29829
344256	+	29448	30467
344272	+	29478	29502
344276	+	29506	29661
344294	+	29538	29767
344322	+	29588	29609
344323	+	29588	30222
344324	+	29591	30471
344325	+	29591	30472
344330	+	29598	29639
344331	+	29598	30088
344333	+	29602	29942
344347	+	29639	29787
344348	+	29639	30088
344358	+	29664	29676
344363	+	29682	29848
344364	+	29686	30477
344387	+	29724	30341
344399	+	29743	30025
344400	+	29743	30036
344411	+	29766	29767
344415	+	29787	30464
344424	+	29804	29851
344430	+	29828	30266
344431	+	29829	30266
344442	+	29868	30477
344450	+	29894	30231
344451	+	29897	29898
344497	+	29981	30481
344502	+	30025	30036
344509	+	30047	30217
344559	+	30247	30458
344560	+	30247	30474
344561	+	30251	30266
344566	+	30270	30341
344584	+	30334	30472
344589	+	30363	30462
344607	+	30465	30477
344608	+	30468	30469
344609	+	30471	30472
