5539	+	160	24639
5763	+	168	8213
11151	+	329	5017
11152	+	329	6088
11159	+	329	8213
11160	+	329	8334
11161	+	329	10214
11163	+	329	13617
11166	+	329	16677
11167	+	329	18372
11169	+	329	19008
11170	+	329	19011
11172	+	329	22423
12252	+	370	715
12256	+	370	12974
12259	+	370	13330
12260	+	370	14786
12268	+	370	26737
14019	+	431	8360
14043	+	431	14567
14070	+	431	25401
15463	+	478	18530
19572	+	609	2398
19595	+	609	6663
19625	+	609	29813
22814	+	715	12974
26404	+	853	1013
26411	+	853	21524
26412	+	853	21588
26413	+	853	21674
26415	+	853	26478
26752	+	870	6460
31066	+	1013	21524
31067	+	1013	21674
31068	+	1013	24066
31069	+	1013	26478
31072	+	1013	30045
38462	+	1315	8360
38873	+	1330	9679
38878	+	1330	11127
38882	+	1330	12383
38891	+	1330	21747
38894	+	1330	24904
39076	+	1336	15437
40144	+	1376	3237
40155	+	1376	11364
40650	+	1401	2076
40663	+	1401	17326
40664	+	1401	18243
40666	+	1401	20823
40669	+	1401	26737
41658	+	1429	29687
42191	+	1451	2441
42209	+	1451	4519
42271	+	1451	10423
42272	+	1451	10869
42300	+	1451	15704
42318	+	1451	20274
42358	+	1451	24822
42364	+	1451	24967
42414	+	1451	29441
45029	+	1558	6663
46886	+	1605	2460
46890	+	1605	8077
46897	+	1605	11169
49998	+	1704	7723
50006	+	1704	9816
50012	+	1704	12553
50014	+	1704	13083
50575	+	1724	10418
50585	+	1724	16061
50586	+	1724	16163
51215	+	1748	2460
51216	+	1748	2838
51217	+	1748	3081
51224	+	1748	4624
51225	+	1748	4838
51226	+	1748	5917
51227	+	1748	6088
51230	+	1748	9816
51233	+	1748	11169
51234	+	1748	11930
51235	+	1748	12374
51236	+	1748	12553
51239	+	1748	13083
51240	+	1748	13617
51242	+	1748	15342
51243	+	1748	15346
51244	+	1748	17868
51245	+	1748	18273
51246	+	1748	19356
51248	+	1748	21740
51249	+	1748	22007
51250	+	1748	22777
51251	+	1748	22780
51252	+	1748	22781
51255	+	1748	23543
51256	+	1748	23544
51259	+	1748	24243
51262	+	1748	25553
51263	+	1748	27330
51264	+	1748	27530
51265	+	1748	29113
51266	+	1748	30217
53270	+	1831	2451
53271	+	1831	2624
53272	+	1831	2662
53639	+	1852	2450
54752	+	1879	21198
54754	+	1879	23683
54757	+	1879	27639
65561	+	2229	30420
67243	+	2276	28883
70087	+	2362	11187
70089	+	2362	11405
70090	+	2362	11432
70096	+	2362	23695
70097	+	2362	23798
71702	+	2441	15580
71705	+	2441	17876
71716	+	2441	29707
72079	+	2450	2465
72080	+	2450	2637
72101	+	2450	14476
72109	+	2450	19772
72110	+	2450	21934
72111	+	2450	22249
72112	+	2450	22321
72114	+	2450	22916
72116	+	2450	23001
72118	+	2450	24504
72120	+	2450	24899
72123	+	2450	25385
72125	+	2450	25726
72126	+	2450	26209
72128	+	2450	29666
72129	+	2450	30166
72152	+	2451	11394
72162	+	2451	17238
72391	+	2460	12374
72395	+	2460	15346
72396	+	2460	22777
72397	+	2460	22780
72401	+	2461	25161
74320	+	2536	15277
75614	+	2562	11808
75906	+	2572	15571
75907	+	2572	22790
75912	+	2572	26015
75926	+	2573	8854
77474	+	2635	4270
77486	+	2635	6927
77489	+	2635	7200
77490	+	2635	7207
77498	+	2635	9322
77520	+	2635	13504
77531	+	2635	15346
77538	+	2635	15579
77558	+	2635	17321
77569	+	2635	18719
77571	+	2635	19056
77577	+	2635	19490
77578	+	2635	19705
77591	+	2635	22423
77597	+	2635	22780
77598	+	2635	22826
77604	+	2635	23741
77615	+	2635	26622
77616	+	2635	26691
77626	+	2635	29190
77629	+	2635	29493
77632	+	2635	30493
77671	+	2637	7293
77689	+	2637	14786
77691	+	2637	17512
77704	+	2637	21978
77708	+	2637	23220
77723	+	2637	30229
77724	+	2638	2647
77743	+	2638	21198
77866	+	2647	22007
78938	+	2675	2701
79252	+	2690	4284
80938	+	2733	6460
84315	+	2834	3063
84316	+	2834	3081
84325	+	2834	4971
84492	+	2838	3081
84498	+	2838	6382
84509	+	2838	13617
84511	+	2838	15346
90224	+	3063	17884
90764	+	3081	15346
90773	+	3081	22777
90774	+	3081	22780
92022	+	3143	16886
92025	+	3143	26831
94206	+	3221	18114
94210	+	3221	21271
94466	+	3237	24066
94468	+	3237	26323
95249	+	3255	27887
95455	+	3263	3503
95457	+	3263	19085
95576	+	3267	29648
96220	+	3288	21588
96328	+	3294	20877
99877	+	3456	17790
99878	+	3456	18192
100108	+	3471	3573
101350	+	3503	19085
101397	+	3506	8665
101406	+	3506	10599
103770	+	3612	30019
103935	+	3619	27666
104129	+	3631	8596
104141	+	3631	12549
104149	+	3631	23656
104150	+	3631	27179
109351	+	3865	7090
109352	+	3865	9050
109356	+	3865	11220
109364	+	3865	14415
109370	+	3865	27179
109654	+	3886	3999
109655	+	3886	4046
109670	+	3886	21880
109701	+	3890	11463
110266	+	3917	5017
110273	+	3917	22583
111237	+	3960	19088
111245	+	3960	21511
111246	+	3960	21588
111251	+	3960	22883
111257	+	3960	24107
112074	+	3991	17325
112097	+	3991	24027
112101	+	3991	25530
112152	+	3994	17040
112155	+	3994	19108
112276	+	3999	21880
113252	+	4034	29469
113257	+	4036	4693
113691	+	4046	21880
115139	+	4109	4624
115156	+	4110	4624
116250	+	4190	6382
116271	+	4191	4421
116549	+	4208	8152
116550	+	4208	8170
116551	+	4208	8541
116554	+	4208	29686
116555	+	4208	29868
117584	+	4270	13855
117586	+	4270	24448
117694	+	4277	12742
117945	+	4292	29085
119383	+	4360	4547
119387	+	4360	6382
119397	+	4360	13024
119518	+	4363	25401
119525	+	4363	28830
119530	+	4363	29669
120964	+	4444	4655
120969	+	4444	10042
120980	+	4444	25612
122711	+	4519	11187
123200	+	4547	12667
123202	+	4547	13024
124155	+	4594	7090
124157	+	4594	9873
124158	+	4594	10254
124166	+	4594	16887
124167	+	4594	21177
124687	+	4624	6382
124714	+	4624	11713
124715	+	4624	11800
124716	+	4624	11939
124732	+	4624	12899
124733	+	4624	12900
124743	+	4624	14904
124745	+	4624	15346
124753	+	4624	20583
124759	+	4624	22777
124760	+	4624	22780
126550	+	4707	4750
126551	+	4707	4838
126553	+	4707	6901
128278	+	4777	9402
128293	+	4777	24725
128638	+	4792	26676
128999	+	4811	19935
129055	+	4814	6088
129061	+	4814	7396
129085	+	4814	16131
129254	+	4822	8360
129555	+	4838	5053
129570	+	4838	6929
129575	+	4838	7359
129617	+	4838	12383
129632	+	4838	14861
129636	+	4838	15437
129665	+	4838	23153
129668	+	4838	23859
129680	+	4838	27150
129681	+	4838	27586
130086	+	4863	5211
130087	+	4863	6382
130109	+	4863	12899
130114	+	4863	19937
130115	+	4863	21403
132199	+	4982	8213
132203	+	4982	27092
132955	+	5008	19981
133077	+	5017	5053
133080	+	5017	8334
133082	+	5017	10667
133084	+	5017	12374
133600	+	5053	22583
135363	+	5106	14557
136182	+	5131	12574
138206	+	5211	6220
138222	+	5211	11790
138228	+	5211	15346
138231	+	5211	16459
138245	+	5211	27674
138602	+	5223	11432
138623	+	5223	14641
138638	+	5223	17025
139955	+	5284	8825
139981	+	5284	22423
139983	+	5284	22623
139985	+	5284	23845
139990	+	5284	27712
139991	+	5284	27947
140966	+	5342	21634
142649	+	5423	8124
143555	+	5488	7941
143557	+	5488	8140
143582	+	5488	21588
144432	+	5532	8825
144436	+	5532	9322
144437	+	5532	9365
144720	+	5539	8134
144721	+	5539	8140
144735	+	5539	28643
144737	+	5540	7972
146305	+	5614	7088
146314	+	5614	11411
146318	+	5614	14641
146327	+	5614	22639
146331	+	5614	25752
146336	+	5614	26938
146339	+	5614	28195
146340	+	5614	29154
146343	+	5614	30267
147727	+	5673	5917
147733	+	5673	9816
147734	+	5673	12553
147735	+	5673	12900
150697	+	5830	6576
150704	+	5830	12038
152574	+	5912	10645
152585	+	5912	28181
152586	+	5912	29568
152679	+	5917	6382
152692	+	5917	12900
152694	+	5917	14904
152695	+	5917	15346
152696	+	5917	22780
153183	+	5951	15346
153191	+	5951	25013
153193	+	5951	26884
156063	+	6088	15346
156070	+	6088	22423
156071	+	6088	22583
157188	+	6145	15094
157792	+	6170	6460
157997	+	6186	8608
158003	+	6186	13566
158008	+	6186	18243
158017	+	6186	21631
158468	+	6220	6410
158482	+	6220	11800
158602	+	6225	6410
158610	+	6225	15559
160823	+	6330	7694
160832	+	6330	12143
160838	+	6330	13482
160839	+	6330	13483
160841	+	6330	13776
160857	+	6330	24004
160863	+	6330	28576
161434	+	6370	11405
161450	+	6370	24004
161452	+	6370	25612
161778	+	6382	9816
161784	+	6382	12553
161786	+	6382	12899
161787	+	6382	12900
161790	+	6382	16270
161792	+	6382	20583
162585	+	6424	10042
162599	+	6424	24579
163134	+	6460	7280
163143	+	6460	30257
163197	+	6463	17325
163198	+	6463	17326
164985	+	6575	22279
165786	+	6628	12033
165795	+	6628	20804
165802	+	6628	22897
165805	+	6628	24178
166702	+	6663	7280
166710	+	6663	29960
166796	+	6669	7141
166798	+	6669	8359
170820	+	6927	7200
170825	+	6927	13634
170829	+	6927	22181
170830	+	6927	24385
170832	+	6927	27436
170837	+	6929	7397
170845	+	6929	9874
170861	+	6929	14181
170866	+	6929	16952
170867	+	6929	18719
170868	+	6929	18806
170869	+	6929	20825
170873	+	6929	26534
170880	+	6929	29895
173109	+	7069	19859
173121	+	7070	17512
173124	+	7070	23527
173359	+	7085	7256
173435	+	7088	14670
173440	+	7088	24651
173442	+	7088	25752
173445	+	7088	26611
173446	+	7088	26648
173450	+	7088	29894
173486	+	7090	11220
173699	+	7111	7670
173704	+	7111	25812
173705	+	7111	28643
173962	+	7141	8359
174915	+	7200	27436
175028	+	7207	13353
175049	+	7207	17512
175063	+	7207	21271
175064	+	7207	21272
175066	+	7207	21276
175141	+	7215	7670
175636	+	7256	17747
175738	+	7259	15097
175767	+	7260	30066
176105	+	7280	17325
176110	+	7280	21634
176479	+	7299	21272
177373	+	7353	15097
177383	+	7353	15452
177410	+	7353	23891
177412	+	7353	25033
177434	+	7355	11840
177503	+	7358	7670
177515	+	7358	13467
177522	+	7358	15024
177523	+	7358	15097
177525	+	7358	15230
177532	+	7358	15867
177555	+	7358	20219
177577	+	7359	12574
177578	+	7359	12859
177586	+	7359	16952
178277	+	7396	20693
178307	+	7397	16952
178311	+	7397	18719
178421	+	7408	28391
178422	+	7408	28392
178638	+	7421	12974
183709	+	7670	13353
183710	+	7670	13467
183713	+	7670	14073
183732	+	7671	15579
183734	+	7671	17512
183742	+	7671	26826
184094	+	7694	10423
184115	+	7694	24004
184126	+	7694	29471
184556	+	7723	7821
184557	+	7723	7841
184560	+	7723	30322
184754	+	7743	20289
184756	+	7743	26306
184757	+	7743	26819
184759	+	7743	29761
184962	+	7752	15097
185941	+	7821	12933
185967	+	7821	16928
185973	+	7821	22639
185986	+	7821	26449
185991	+	7821	26938
185999	+	7821	28405
186002	+	7821	29441
186005	+	7821	30084
186006	+	7821	30312
186007	+	7821	30488
186226	+	7831	10423
186229	+	7831	11808
186390	+	7848	13771
186391	+	7848	13776
186413	+	7849	18363
187575	+	7926	16458
187588	+	7926	29881
187589	+	7926	29922
187590	+	7926	29932
187597	+	7927	17876
187600	+	7927	19625
187605	+	7927	21186
187609	+	7927	26106
187777	+	7941	8140
187792	+	7941	14211
187794	+	7941	14879
187807	+	7941	21631
187814	+	7941	26306
187818	+	7941	28507
187819	+	7941	30257
187820	+	7941	30322
188270	+	7973	29176
188990	+	8022	29842
189946	+	8077	11078
189951	+	8077	14177
189954	+	8077	15346
189963	+	8077	22777
189964	+	8077	22780
190624	+	8124	21631
190627	+	8124	22535
190634	+	8124	26737
190656	+	8128	8140
190662	+	8128	14055
190668	+	8128	28643
190751	+	8134	12549
190760	+	8134	13659
190762	+	8134	13816
190763	+	8134	14055
190792	+	8134	19090
190793	+	8134	20378
190804	+	8134	25530
190805	+	8134	25548
190808	+	8134	25965
190857	+	8140	23675
190858	+	8140	23676
190859	+	8140	25038
190860	+	8140	28643
191025	+	8152	30403
191262	+	8170	29686
191802	+	8213	8384
191818	+	8213	17321
191826	+	8213	22181
191827	+	8213	22423
191828	+	8213	22583
191829	+	8213	22859
191832	+	8213	24904
191835	+	8213	26689
191838	+	8213	27585
191840	+	8213	28898
191844	+	8213	29021
191846	+	8213	30007
193367	+	8333	23344
193785	+	8359	22012
193788	+	8359	25401
193796	+	8359	27563
193799	+	8359	27825
193801	+	8359	28762
193824	+	8360	10513
193827	+	8360	22400
193828	+	8360	28762
193830	+	8360	28872
194376	+	8385	13401
194377	+	8385	20237
194381	+	8385	25401
194384	+	8385	28824
194386	+	8385	28868
197913	+	8589	15232
197914	+	8589	20645
197915	+	8589	20653
197919	+	8589	23014
197920	+	8589	24107
197921	+	8589	27433
198211	+	8607	12614
198225	+	8607	24639
198315	+	8611	22962
199351	+	8665	15259
199368	+	8665	23163
199662	+	8685	10725
199686	+	8685	28393
199698	+	8685	28590
200296	+	8716	11917
200969	+	8756	25359
200971	+	8756	27433
201117	+	8772	15571
201119	+	8772	22790
201306	+	8790	14055
201910	+	8825	13529
201919	+	8825	22423
202394	+	8854	19937
202397	+	8854	27439
203677	+	8928	25405
205379	+	9032	28561
205743	+	9050	27900
205746	+	9050	29459
208981	+	9235	17817
208982	+	9235	18268
209894	+	9298	19689
209903	+	9298	29602
210430	+	9333	30010
210903	+	9365	26258
211693	+	9427	19033
211700	+	9427	22116
211701	+	9427	22404
212254	+	9455	19705
212259	+	9455	21806
212264	+	9455	26622
212452	+	9468	20770
214443	+	9600	13609
214446	+	9600	13775
215469	+	9671	17512
215545	+	9679	12383
217817	+	9816	12497
217819	+	9816	12553
217821	+	9816	12900
217833	+	9816	15346
217839	+	9816	22777
217844	+	9816	25013
217848	+	9816	26884
218705	+	9873	19935
218707	+	9873	21177
218725	+	9874	16952
218727	+	9874	18719
218739	+	9874	29602
220200	+	9989	10851
220233	+	9989	17015
220243	+	9989	19078
221108	+	10042	16923
221668	+	10075	24287
221680	+	10075	30153
223039	+	10165	12383
223606	+	10214	12383
223611	+	10214	22423
224227	+	10254	14380
226251	+	10423	11562
226254	+	10423	26448
227505	+	10513	28889
227509	+	10513	29451
227682	+	10522	21588
227690	+	10522	29013
228303	+	10559	10848
228304	+	10559	10849
228305	+	10559	10893
228308	+	10559	11246
228319	+	10559	25320
229060	+	10617	14641
229072	+	10617	23695
229074	+	10617	25774
229078	+	10617	29404
229092	+	10619	19088
229177	+	10621	26920
229451	+	10645	27833
229630	+	10667	22781
229947	+	10693	17321
229961	+	10693	30372
231105	+	10797	22249
231360	+	10818	22012
231420	+	10826	23306
231726	+	10848	10893
231728	+	10848	11246
231764	+	10851	19078
231767	+	10851	27386
232214	+	10869	21973
232215	+	10869	23888
232230	+	10869	29037
232231	+	10869	29038
232235	+	10869	29670
232285	+	10875	19356
232928	+	10933	30493
233030	+	10948	15077
233037	+	10948	17512
233044	+	10948	21806
233051	+	10948	26219
233054	+	10948	28678
233297	+	10965	12337
233301	+	10965	18842
234152	+	11049	11220
234288	+	11060	26138
234289	+	11060	30153
234473	+	11078	11169
234479	+	11078	24027
234481	+	11078	28398
234987	+	11127	28868
235492	+	11169	14177
235494	+	11169	15346
235496	+	11169	17747
235499	+	11169	22777
235716	+	11187	11405
235717	+	11187	11432
235726	+	11187	23695
235727	+	11187	23798
236052	+	11216	28785
236091	+	11220	13083
236102	+	11220	17016
236534	+	11253	11432
236542	+	11253	14670
236550	+	11253	24651
236556	+	11253	25752
236558	+	11253	26648
236564	+	11253	27828
236567	+	11253	28572
236634	+	11257	29662
236677	+	11259	14240
236678	+	11259	14277
236704	+	11259	23575
237222	+	11292	12549
237228	+	11292	13816
237232	+	11292	14904
237240	+	11292	23852
238617	+	11394	17238
238697	+	11405	12819
238719	+	11405	23695
238720	+	11405	23798
238881	+	11411	15386
238888	+	11411	22639
238891	+	11411	23167
238901	+	11411	26938
238908	+	11411	29404
239092	+	11432	14641
239097	+	11432	23167
239110	+	11432	28785
239111	+	11432	29037
239112	+	11432	29495
239156	+	11439	28391
239157	+	11439	28392
239891	+	11510	23987
239894	+	11510	25740
239896	+	11510	26725
239898	+	11510	27629
239902	+	11510	28571
240837	+	11562	26448
240840	+	11562	29664
241240	+	11600	29035
241284	+	11606	21904
241297	+	11606	29506
241928	+	11670	28897
242343	+	11708	11808
242347	+	11708	15580
242348	+	11708	19490
242352	+	11708	22639
242367	+	11708	30153
242423	+	11713	11800
242431	+	11713	15134
242555	+	11724	23562
243320	+	11791	21505
243323	+	11791	27433
243327	+	11792	18844
243329	+	11792	20506
243330	+	11792	20748
243345	+	11792	24761
243418	+	11800	11808
243429	+	11800	15134
243438	+	11800	19692
243449	+	11800	23987
243569	+	11808	15134
243575	+	11808	19692
243587	+	11808	24004
243648	+	11815	25944
243892	+	11840	16850
243895	+	11840	24118
243897	+	11840	30371
244756	+	11917	17403
244918	+	11930	13775
244921	+	11930	15346
244934	+	11930	22777
244935	+	11930	22780
245010	+	11939	19679
246273	+	12038	28391
247497	+	12143	12819
247509	+	12143	22639
247512	+	12143	24554
248325	+	12204	12573
249459	+	12274	27586
249639	+	12296	13753
249721	+	12304	14957
250155	+	12337	18842
250554	+	12374	15346
250557	+	12374	22279
250558	+	12374	22777
250559	+	12374	22780
250697	+	12383	12548
252019	+	12489	26145
252023	+	12489	28405
252026	+	12489	28897
252029	+	12489	29349
252032	+	12489	29894
252074	+	12495	17391
252088	+	12497	12549
252089	+	12497	12900
252117	+	12499	26145
252120	+	12499	29869
252121	+	12499	29894
252695	+	12549	14055
252698	+	12549	14904
252707	+	12549	26242
252732	+	12553	12900
252744	+	12553	15346
252751	+	12553	22278
252752	+	12553	22777
252753	+	12553	22780
252854	+	12561	21631
252872	+	12562	27705
253005	+	12573	16869
253008	+	12573	19360
253012	+	12573	29071
253337	+	12614	24617
253697	+	12654	12889
253702	+	12654	25347
253703	+	12654	26694
253704	+	12654	26823
253712	+	12654	28892
253713	+	12654	28894
253714	+	12654	28898
253715	+	12654	28899
253716	+	12654	28907
253717	+	12654	28908
253723	+	12654	29021
253724	+	12654	29034
253726	+	12654	29195
253727	+	12654	29441
253840	+	12667	13024
254561	+	12742	14641
254563	+	12742	15346
254567	+	12742	17922
254569	+	12742	19476
254576	+	12742	22777
254577	+	12742	22780
254592	+	12742	29439
255020	+	12781	27666
255399	+	12819	24004
255411	+	12819	28566
256156	+	12889	22371
256157	+	12889	25347
256158	+	12889	25351
256160	+	12889	26691
256162	+	12889	26694
256164	+	12889	26823
256173	+	12889	28892
256174	+	12889	28894
256175	+	12889	28897
256176	+	12889	28898
256177	+	12889	28899
256178	+	12889	28907
256179	+	12889	28908
256184	+	12889	28987
256185	+	12889	28990
256187	+	12889	28995
256188	+	12889	29034
256189	+	12889	29035
256190	+	12889	29045
256195	+	12889	29195
256368	+	12899	20583
256382	+	12900	20583
256715	+	12933	18101
256735	+	12933	25344
256736	+	12933	25347
256745	+	12933	26691
256753	+	12933	28695
256755	+	12933	28898
256758	+	12933	29034
256763	+	12933	29195
257114	+	12974	13330
257120	+	12974	17326
257124	+	12974	18243
257125	+	12974	18435
257133	+	12974	21631
257134	+	12974	21634
257138	+	12974	22535
257139	+	12974	22962
257141	+	12974	26737
257143	+	12974	26770
257144	+	12974	26831
257146	+	12974	29960
258180	+	13083	14904
258181	+	13083	15346
258182	+	13083	15611
258183	+	13083	22278
258184	+	13083	22279
258185	+	13083	22777
258186	+	13083	22780
258191	+	13083	27898
259256	+	13191	22623
259667	+	13241	23421
259671	+	13241	26198
259790	+	13251	16767
260560	+	13329	21199
261523	+	13435	13771
261524	+	13435	13776
261869	+	13467	13782
261873	+	13467	15024
261874	+	13467	15025
261876	+	13467	15097
261877	+	13467	15231
261881	+	13467	15277
261882	+	13467	15395
261883	+	13467	15396
261885	+	13467	15413
261910	+	13467	19738
261915	+	13467	21059
261918	+	13467	23891
262060	+	13482	13771
262242	+	13485	27448
262415	+	13504	24027
262767	+	13529	14611
262775	+	13529	21598
262779	+	13529	23390
262811	+	13534	17346
262820	+	13534	21634
262827	+	13534	25520
262834	+	13534	30229
262835	+	13534	30417
263197	+	13568	13622
263204	+	13568	19093
263250	+	13574	18631
263354	+	13597	13776
263356	+	13597	17025
263367	+	13597	29568
263368	+	13597	29846
263458	+	13609	13775
263466	+	13609	17025
263480	+	13609	24004
263488	+	13609	29722
263538	+	13617	15346
263543	+	13617	22777
263544	+	13617	22780
263547	+	13617	29764
263740	+	13634	30153
265104	+	13771	13776
265154	+	13775	19121
265164	+	13775	23868
265166	+	13775	24004
265227	+	13782	15277
265467	+	13816	16887
265887	+	13855	26622
267701	+	14055	20275
267703	+	14055	23676
267870	+	14073	19734
267871	+	14073	19738
267992	+	14090	15170
267995	+	14090	16753
268645	+	14177	22321
268662	+	14181	16952
268671	+	14181	26534
268680	+	14181	29602
269134	+	14240	23575
269139	+	14240	30496
270454	+	14388	15350
270758	+	14421	25580
271161	+	14476	23421
271252	+	14489	16174
271323	+	14497	15704
271329	+	14497	30489
271993	+	14557	19244
272056	+	14567	18530
272657	+	14611	17512
272856	+	14641	15099
272858	+	14641	15474
272867	+	14641	19476
272876	+	14641	23695
272877	+	14641	23884
272878	+	14641	24004
272880	+	14641	24651
272881	+	14641	24705
272892	+	14641	26791
272896	+	14641	26938
272897	+	14641	27448
272899	+	14641	27629
272900	+	14641	27631
272901	+	14641	27645
272905	+	14641	28195
272906	+	14641	28228
272907	+	14641	28572
272908	+	14641	29037
272909	+	14641	29038
272911	+	14641	29288
272913	+	14641	29384
272914	+	14641	29495
272915	+	14641	29559
272917	+	14641	29846
272918	+	14641	29869
272919	+	14641	30145
272920	+	14641	30267
273133	+	14670	25752
273918	+	14777	22116
274263	+	14830	26891
274994	+	14904	15611
274996	+	14904	18273
275130	+	14923	20379
276262	+	15016	15450
276270	+	15016	20428
276275	+	15016	25434
276278	+	15016	29190
276286	+	15017	16378
276293	+	15017	19006
276299	+	15017	26679
276304	+	15018	19011
276364	+	15024	15097
276365	+	15024	15231
276370	+	15024	15395
276371	+	15024	15396
276399	+	15025	15097
276401	+	15025	15230
276402	+	15025	15238
276404	+	15025	15262
276406	+	15025	15395
276475	+	15031	15499
276574	+	15039	15097
276594	+	15039	23016
277057	+	15077	20819
277160	+	15092	28917
277174	+	15094	27472
277223	+	15097	15230
277224	+	15097	15231
277225	+	15097	15239
277226	+	15097	15249
277229	+	15097	15262
277234	+	15097	15395
277235	+	15097	15396
277238	+	15097	15413
277240	+	15097	15452
277267	+	15097	19538
277269	+	15097	27935
277287	+	15099	16928
277300	+	15099	27448
277575	+	15134	24004
277683	+	15144	20693
278403	+	15229	15231
278404	+	15229	15237
278405	+	15229	15239
278420	+	15230	15231
278437	+	15231	15239
278444	+	15231	15396
278524	+	15237	15260
278547	+	15238	15395
278563	+	15238	17817
278565	+	15239	15249
278568	+	15239	15395
278585	+	15239	27935
278769	+	15249	17512
278935	+	15259	19735
279259	+	15278	19695
279262	+	15278	25965
279889	+	15342	15346
279899	+	15342	23427
279900	+	15342	23544
279948	+	15346	15386
279950	+	15346	16356
279952	+	15346	17868
279953	+	15346	19356
279954	+	15346	21201
279956	+	15346	21740
279957	+	15346	22007
279958	+	15346	22777
279959	+	15346	22780
279960	+	15346	22781
279964	+	15346	23543
279965	+	15346	23544
279966	+	15346	23675
279969	+	15346	24243
279972	+	15346	25553
279973	+	15346	27330
279974	+	15346	27530
279975	+	15346	29113
279976	+	15346	29772
279977	+	15346	30217
279978	+	15346	30357
280130	+	15363	16798
280311	+	15379	17326
280381	+	15386	21964
280383	+	15386	22517
280384	+	15386	22777
280385	+	15386	22780
280397	+	15386	29441
280398	+	15386	29682
280399	+	15386	29772
280401	+	15386	30201
280402	+	15386	30339
280417	+	15388	20344
280426	+	15388	30352
280538	+	15396	23755
281210	+	15450	29190
281340	+	15464	29553
281441	+	15474	19476
282232	+	15539	24107
282579	+	15571	15610
282617	+	15579	19056
282622	+	15580	17876
282628	+	15580	25161
283068	+	15629	20379
283072	+	15629	28490
283844	+	15704	30489
284130	+	15744	30441
284728	+	15823	19033
286402	+	16013	29827
286848	+	16061	20002
287658	+	16150	16270
287663	+	16150	18039
287700	+	16156	28450
287731	+	16163	20277
288703	+	16270	18039
289572	+	16371	21829
289662	+	16385	22956
289866	+	16416	21829
290177	+	16458	28901
290187	+	16458	29881
290189	+	16458	29931
290527	+	16505	16850
290529	+	16505	21186
290531	+	16505	24118
292338	+	16740	19490
292528	+	16767	25166
292531	+	16767	28824
292913	+	16798	24761
293319	+	16850	22883
293321	+	16850	24118
293323	+	16850	30371
293498	+	16886	17487
293507	+	16886	19236
293522	+	16887	21177
293684	+	16923	16928
293686	+	16923	17051
293741	+	16928	17025
293742	+	16928	17051
293756	+	16928	28742
293831	+	16952	18719
293832	+	16952	18806
293834	+	16952	26534
293842	+	16952	29895
294192	+	16989	28827
294448	+	17025	23695
294456	+	17025	26791
294589	+	17040	22177
295216	+	17107	17321
295667	+	17169	17178
295670	+	17169	18630
295868	+	17202	17404
295957	+	17216	28169
296910	+	17321	19019
296912	+	17321	22423
296914	+	17321	24812
296927	+	17323	17853
296971	+	17325	22569
296986	+	17326	18435
296992	+	17326	21631
297004	+	17326	25929
297006	+	17326	26682
297634	+	17403	17983
297645	+	17403	25080
297990	+	17446	17486
298309	+	17486	17853
298322	+	17487	19179
298446	+	17503	19236
298602	+	17512	18975
298603	+	17512	19093
298606	+	17512	26826
298608	+	17512	27457
298612	+	17512	28899
299690	+	17651	21978
299693	+	17651	26138
299694	+	17651	26207
299833	+	17677	17942
299843	+	17677	28393
299844	+	17677	28394
299846	+	17677	28449
300120	+	17698	17821
300263	+	17718	28250
300732	+	17790	18192
300980	+	17825	25778
301220	+	17853	21992
301302	+	17868	22780
301826	+	17922	22780
301829	+	17922	23544
302195	+	17983	20825
302716	+	18047	25352
303165	+	18114	21271
303606	+	18192	23852
304004	+	18243	21631
304010	+	18243	26682
304294	+	18268	28601
304308	+	18273	23845
304958	+	18363	18774
304969	+	18363	28897
305527	+	18435	18558
306143	+	18530	19019
306844	+	18645	18657
307249	+	18719	18806
307253	+	18719	24448
307267	+	18719	29602
307321	+	18729	18844
307535	+	18765	22859
307613	+	18774	28897
307618	+	18774	29024
307621	+	18774	29195
308178	+	18842	21588
308185	+	18842	25548
308186	+	18842	26884
308197	+	18844	23014
308200	+	18844	25370
308202	+	18844	25973
308538	+	18868	23798
308540	+	18868	25738
308542	+	18868	25774
308547	+	18868	26316
308551	+	18868	29404
308552	+	18868	29707
309177	+	18975	20026
309191	+	18976	29417
309325	+	19003	27356
309330	+	19006	26679
309600	+	19033	22116
309708	+	19059	26848
309776	+	19070	24765
309821	+	19085	22025
309834	+	19085	29903
309838	+	19088	19090
309846	+	19088	23427
309847	+	19088	25934
309865	+	19090	23319
309873	+	19093	23153
309947	+	19108	20115
309951	+	19108	22115
309954	+	19108	27313
310384	+	19162	23502
310386	+	19162	26198
310759	+	19236	23174
310761	+	19236	27900
310788	+	19249	26819
310837	+	19256	27439
311513	+	19356	23675
311543	+	19360	29071
312491	+	19446	24617
312718	+	19476	24651
312732	+	19476	26935
312733	+	19476	26938
312739	+	19476	28195
312740	+	19476	28572
312741	+	19476	29038
312742	+	19476	29288
312746	+	19476	29765
312747	+	19476	29828
312748	+	19476	29829
312749	+	19476	29869
312837	+	19490	24651
312848	+	19490	27828
312852	+	19490	28572
312853	+	19490	28575
312856	+	19490	29682
313990	+	19672	28454
314099	+	19689	22116
314102	+	19689	26534
314116	+	19691	20246
314139	+	19695	20426
314196	+	19705	21806
314365	+	19734	26826
314366	+	19734	28678
314518	+	19762	26106
314529	+	19768	19946
315119	+	19861	30443
315174	+	19868	19873
315184	+	19872	29455
315326	+	19902	27542
315544	+	19937	27674
315784	+	20002	20277
316374	+	20115	22115
316379	+	20115	25008
316501	+	20143	26730
316503	+	20144	22408
316803	+	20215	20219
316877	+	20237	25401
316942	+	20246	30443
317089	+	20274	28695
317090	+	20274	28899
317092	+	20274	28995
317098	+	20276	30153
317148	+	20289	26306
317212	+	20306	30153
317408	+	20344	26493
317445	+	20358	29099
317536	+	20379	28490
317555	+	20385	22404
318339	+	20577	30486
318576	+	20636	23543
318860	+	20693	23845
318863	+	20693	29186
319199	+	20770	21899
319203	+	20770	25354
319613	+	20877	22883
320456	+	21075	27439
320709	+	21133	23755
320715	+	21133	29784
320914	+	21186	21403
320916	+	21186	25161
320955	+	21197	28878
320963	+	21198	27313
320964	+	21198	28878
321138	+	21248	21271
321139	+	21248	21272
321140	+	21248	21276
321171	+	21262	21403
321172	+	21262	25161
321173	+	21262	29432
321184	+	21271	21272
321185	+	21271	21276
321187	+	21271	21534
321191	+	21272	21276
321210	+	21276	21534
321689	+	21363	30296
321890	+	21384	21395
321891	+	21384	21674
321893	+	21384	26478
321941	+	21392	25385
321981	+	21403	25161
321982	+	21403	29432
322411	+	21511	25548
322457	+	21524	21674
322760	+	21585	23987
322771	+	21585	26938
322777	+	21585	27828
322785	+	21585	30084
322844	+	21598	23390
322863	+	21598	29573
322989	+	21631	21634
322996	+	21634	21770
323000	+	21634	26737
323098	+	21669	24385
323100	+	21669	29553
323108	+	21674	26478
323570	+	21747	22154
323719	+	21790	22897
323762	+	21806	27933
323820	+	21822	21908
324020	+	21880	23174
324021	+	21880	26044
324022	+	21880	26083
324272	+	21964	23845
324273	+	21964	30339
324309	+	21973	28663
324324	+	21978	22962
324463	+	22007	22780
324507	+	22024	22025
324548	+	22040	22116
324916	+	22115	27313
325074	+	22174	23755
325086	+	22177	29486
325159	+	22195	29404
325195	+	22201	23544
325443	+	22275	26205
325447	+	22278	22279
325449	+	22279	29922
325583	+	22321	22916
325584	+	22321	25385
325748	+	22371	25347
325751	+	22371	26694
325752	+	22371	26823
325757	+	22371	28892
325758	+	22371	28894
325759	+	22371	28898
325760	+	22371	28899
325761	+	22371	28907
325762	+	22371	28908
325767	+	22371	29021
325768	+	22371	29034
325770	+	22371	29195
325853	+	22400	28758
325857	+	22400	29024
325904	+	22410	29441
325940	+	22423	22623
325943	+	22423	23845
325946	+	22423	27573
325947	+	22423	27712
325948	+	22423	27947
326004	+	22448	22518
326205	+	22517	25612
326206	+	22517	25774
326209	+	22517	30339
326576	+	22593	28827
326580	+	22593	30219
326581	+	22593	30222
326583	+	22593	30343
326584	+	22593	30358
326753	+	22623	22844
326814	+	22639	23695
326818	+	22639	24862
326823	+	22639	25774
326828	+	22639	28195
326830	+	22639	28572
326831	+	22639	29038
326832	+	22639	29288
327184	+	22717	26724
327266	+	22740	27585
327423	+	22777	22780
327426	+	22777	23544
327427	+	22777	24243
327430	+	22777	25553
327431	+	22777	27530
327450	+	22780	25553
327451	+	22780	27530
327452	+	22780	29113
327453	+	22780	29787
327454	+	22780	30217
327455	+	22780	30339
327544	+	22791	23421
327546	+	22791	25080
327656	+	22811	27436
327674	+	22820	23845
327695	+	22826	23153
327696	+	22826	27436
327812	+	22855	28663
327940	+	22883	24118
327943	+	22883	30371
328081	+	22916	23016
328331	+	22956	23576
328348	+	22962	26737
328611	+	23014	25405
328781	+	23038	23040
328783	+	23038	29011
328784	+	23038	30409
328788	+	23040	29011
328790	+	23040	30409
329089	+	23127	23931
329091	+	23128	30403
329142	+	23153	27457
329182	+	23167	27645
329184	+	23167	30261
329215	+	23174	25530
329216	+	23174	26044
329480	+	23247	28897
329617	+	23306	26616
329671	+	23319	30309
329673	+	23320	26848
329747	+	23344	24904
329751	+	23344	27585
329755	+	23344	29195
329960	+	23392	25038
330058	+	23421	23502
330059	+	23421	23527
330079	+	23421	26198
330081	+	23421	26272
330174	+	23437	23526
330285	+	23467	23690
330436	+	23502	26198
330439	+	23502	26272
330668	+	23576	29433
330776	+	23612	23700
330777	+	23612	23704
330863	+	23644	23700
330866	+	23645	23700
330976	+	23695	25752
330977	+	23695	25774
330978	+	23695	26331
330979	+	23695	26449
330986	+	23695	27833
330988	+	23695	29038
330991	+	23700	23704
330992	+	23700	23905
330993	+	23700	24799
330996	+	23700	28827
331004	+	23704	23706
331005	+	23704	23905
331006	+	23704	23909
331009	+	23704	27834
331011	+	23704	29687
331107	+	23737	28887
331134	+	23753	28488
331244	+	23798	25571
331246	+	23798	25738
331251	+	23798	26584
331254	+	23798	29707
331331	+	23824	30494
331379	+	23845	29813
331483	+	23884	29404
331514	+	23891	23894
331515	+	23891	24401
331521	+	23892	29565
331796	+	23987	27000
331797	+	23987	27049
331798	+	23987	28181
331809	+	23987	29980
332215	+	24107	24761
332217	+	24107	25360
332268	+	24118	30371
332376	+	24140	24159
332826	+	24287	26323
332834	+	24287	30153
333153	+	24385	29553
333373	+	24488	24504
333403	+	24495	25268
333404	+	24495	27912
333422	+	24504	24899
333829	+	24651	24705
333845	+	24651	27023
333846	+	24651	27048
333847	+	24651	27049
333855	+	24651	28572
334030	+	24713	25929
334033	+	24713	27725
334196	+	24793	29028
334198	+	24793	30201
334303	+	24832	26791
334457	+	24862	26938
334525	+	24897	28575
334645	+	24967	26331
334646	+	24967	29842
334783	+	25009	30296
334786	+	25013	26884
335260	+	25161	29165
335261	+	25161	29432
335289	+	25172	30189
335536	+	25251	25260
335581	+	25260	26322
335677	+	25278	26323
335681	+	25278	28279
335801	+	25344	25347
335802	+	25344	25351
335813	+	25347	25351
335814	+	25347	26823
335818	+	25347	28892
335819	+	25347	28894
335820	+	25347	28898
335821	+	25347	28899
335826	+	25347	28990
335828	+	25347	28995
335829	+	25347	29034
335830	+	25347	29045
335834	+	25347	29195
335840	+	25351	28886
335841	+	25351	28890
335845	+	25351	29195
335859	+	25360	26506
335894	+	25370	29724
335974	+	25385	25726
336030	+	25401	27725
336034	+	25401	28824
336036	+	25401	29038
336043	+	25401	29669
336044	+	25401	29868
336067	+	25421	28824
336125	+	25434	27942
336172	+	25457	27536
336380	+	25520	25521
336408	+	25530	27900
336496	+	25570	25580
336499	+	25570	28399
336501	+	25571	25738
336508	+	25571	27833
336618	+	25612	25774
336622	+	25612	26938
336624	+	25612	27833
336931	+	25731	29417
336932	+	25732	29417
336986	+	25738	29707
336995	+	25740	28181
337067	+	25752	26648
337187	+	25774	26938
337189	+	25774	29670
337194	+	25778	30442
337195	+	25778	30443
337338	+	25850	26694
337340	+	25850	28758
337341	+	25850	28762
337344	+	25850	28862
337345	+	25850	28872
337346	+	25850	28894
337688	+	25973	30374
337878	+	26044	26083
338066	+	26145	26611
338068	+	26145	28571
338069	+	26145	29349
338072	+	26145	29869
338073	+	26145	29894
338299	+	26223	30247
338494	+	26306	26819
338495	+	26306	27705
338496	+	26306	29761
338498	+	26306	30497
338551	+	26316	29707
338583	+	26331	29441
338826	+	26448	29664
338828	+	26449	26791
338831	+	26449	26938
338832	+	26449	27828
338833	+	26449	28110
338835	+	26449	29846
338837	+	26449	29864
338838	+	26449	29865
338948	+	26493	30352
339246	+	26584	29828
339247	+	26584	29829
339307	+	26611	29894
339346	+	26622	28283
339560	+	26679	27479
339565	+	26682	26737
339566	+	26682	27705
339581	+	26689	30007
339646	+	26694	26823
339649	+	26694	28894
339650	+	26694	28898
339651	+	26694	28899
339652	+	26694	28907
339655	+	26694	28987
339656	+	26694	29021
339657	+	26694	29034
339658	+	26694	29035
339659	+	26694	29045
339752	+	26725	28571
339754	+	26725	30247
339755	+	26725	30495
339941	+	26823	28898
339942	+	26823	28899
339943	+	26823	28907
339946	+	26823	29021
339947	+	26823	29034
339949	+	26823	29195
340068	+	26890	27888
340168	+	26935	26939
340172	+	26938	28576
340174	+	26938	29846
340324	+	27000	27024
340329	+	27000	28572
340365	+	27024	27048
340366	+	27024	27049
340368	+	27024	28572
340369	+	27024	29404
340397	+	27037	27039
340410	+	27048	27049
340415	+	27049	30247
340574	+	27138	28389
340788	+	27218	29784
340802	+	27227	28565
340825	+	27237	28565
340924	+	27312	27330
340977	+	27360	29023
341004	+	27386	29827
341094	+	27448	29404
341097	+	27448	30084
341135	+	27467	30190
341208	+	27530	29787
341314	+	27586	27622
341383	+	27629	28571
341384	+	27629	30495
341389	+	27631	28569
341392	+	27631	30495
341402	+	27638	27888
341403	+	27638	27905
341409	+	27645	28575
341431	+	27666	29803
341503	+	27706	27724
341511	+	27712	27947
341520	+	27718	29280
341530	+	27724	29748
341785	+	27825	28902
341807	+	27828	28572
341808	+	27828	29404
341809	+	27828	29894
342219	+	28110	28571
342222	+	28110	29546
342352	+	28195	29559
342368	+	28202	30225
342369	+	28202	30229
342370	+	28202	30417
342415	+	28228	29404
342424	+	28236	29565
342425	+	28236	30491
342729	+	28324	28743
342782	+	28346	29552
342870	+	28365	29149
343018	+	28389	28394
343021	+	28389	28449
343038	+	28390	28445
343044	+	28391	28392
343046	+	28391	28450
343052	+	28392	28439
343053	+	28392	28450
343064	+	28393	28445
343072	+	28393	28602
343082	+	28394	28440
343083	+	28394	28445
343093	+	28395	28590
343097	+	28396	28447
343175	+	28405	30488
343190	+	28408	29724
343339	+	28445	28449
343349	+	28445	30319
343485	+	28489	29441
343589	+	28519	30066
343591	+	28519	30212
343672	+	28539	29724
343790	+	28571	29344
343793	+	28571	30495
343798	+	28572	30495
343804	+	28575	29513
343840	+	28590	28602
343876	+	28612	29404
343878	+	28612	29664
343950	+	28640	29033
343953	+	28640	29965
344150	+	28758	28762
344154	+	28758	28872
344170	+	28762	28872
344633	+	28824	29026
344642	+	28827	28904
344831	+	28865	30403
344906	+	28886	28889
344907	+	28886	28908
344909	+	28886	29034
344914	+	28886	29451
344915	+	28888	29033
344919	+	28889	28908
344924	+	28889	29451
344927	+	28890	29045
344929	+	28892	28894
344930	+	28892	28897
344931	+	28892	28898
344932	+	28892	28899
344933	+	28892	28907
344934	+	28892	28908
344939	+	28892	28987
344940	+	28892	28990
344942	+	28892	28995
344943	+	28892	29034
344944	+	28892	29035
344945	+	28892	29045
344949	+	28892	29195
344950	+	28894	28899
344951	+	28894	28907
344952	+	28894	28908
344956	+	28894	28987
344957	+	28894	29034
344958	+	28894	29035
344959	+	28894	29045
344961	+	28894	29195
344968	+	28897	28990
344969	+	28897	28995
344970	+	28897	29024
344971	+	28897	29034
344974	+	28898	28907
344978	+	28898	28987
344979	+	28898	28990
344981	+	28898	28995
344982	+	28898	29021
344983	+	28898	29027
344984	+	28898	29034
344985	+	28898	29045
344986	+	28898	29195
344988	+	28899	28907
344989	+	28899	28908
344993	+	28899	28995
344994	+	28899	29024
344995	+	28899	29034
344996	+	28899	29035
344997	+	28899	29045
344999	+	28899	29195
345002	+	28901	28989
345035	+	28907	28987
345036	+	28907	28990
345037	+	28907	28995
345038	+	28907	29021
345039	+	28907	29027
345040	+	28907	29034
345041	+	28907	29195
345045	+	28908	28987
345046	+	28908	29034
345047	+	28908	29045
345049	+	28908	29195
345050	+	28908	29451
345335	+	28987	29034
345336	+	28987	29195
345344	+	28990	29034
345347	+	28990	29195
345451	+	28995	29034
345453	+	28995	29195
345496	+	29011	30409
345517	+	29021	29034
345524	+	29028	29948
345525	+	29028	30201
345538	+	29033	29965
345539	+	29034	29045
345543	+	29034	29195
345545	+	29035	29195
345547	+	29035	30415
345550	+	29037	29670
345569	+	29045	29195
345680	+	29089	29828
345681	+	29089	29829
345787	+	29113	30484
345849	+	29176	30149
345861	+	29193	29657
345866	+	29212	29268
345900	+	29236	29997
345901	+	29236	30485
346026	+	29384	29707
346036	+	29404	29495
346038	+	29404	29869
346039	+	29404	29894
346052	+	29417	29417
346061	+	29425	30303
346064	+	29432	29506
346123	+	29559	30267
346134	+	29578	30219
346164	+	29645	29689
346178	+	29669	29866
346182	+	29687	29689
346205	+	29724	29745
346206	+	29724	30270
346235	+	29787	30403
346263	+	29864	29865
346265	+	29869	29894
346266	+	29881	29922
346267	+	29881	29932
346283	+	29915	29937
346311	+	29943	29944
346353	+	30099	30487
346380	+	30218	30490
346381	+	30220	30343
346382	+	30222	30343
346416	+	30343	30358
346442	+	30492	30492
