14007	+	431	4822
14066	+	431	22099
32431	+	1055	7396
32435	+	1055	11080
38879	+	1330	10214
39082	+	1336	15478
42374	+	1451	25299
42390	+	1451	26331
42423	+	1451	29682
45024	+	1558	2733
45057	+	1558	25530
48798	+	1663	24448
61416	+	2076	20823
72405	+	2460	12553
77283	+	2628	17192
80896	+	2733	3998
80897	+	2733	3999
81153	+	2733	18273
81171	+	2733	20289
81173	+	2733	20378
84583	+	2843	26242
90230	+	3063	3081
90231	+	3063	3093
90238	+	3063	4971
91065	+	3093	4971
95277	+	3255	29724
96240	+	3288	3960
96244	+	3288	11246
96352	+	3294	3777
96356	+	3294	17029
99890	+	3456	3697
109069	+	3842	20276
109070	+	3842	20306
111238	+	3960	11246
112306	+	3999	4046
112779	+	4023	21829
117655	+	4272	24167
117657	+	4272	28862
117658	+	4272	28863
117659	+	4272	28865
117660	+	4272	28868
117663	+	4272	30499
117987	+	4292	16605
119558	+	4363	22195
119559	+	4363	23884
119562	+	4363	24961
119577	+	4363	29722
119578	+	4363	29980
120532	+	4421	13251
120533	+	4421	13401
123892	+	4573	12189
128672	+	4792	5284
129650	+	4838	9671
129653	+	4838	10165
129669	+	4838	12274
129674	+	4838	12548
129679	+	4838	13617
129738	+	4838	27457
129746	+	4838	30372
129776	+	4841	13634
138269	+	5211	7821
138307	+	5211	29722
138787	+	5223	29682
139864	+	5279	8552
160691	+	6319	20506
173489	+	7088	11253
173507	+	7088	24705
173517	+	7088	29495
173518	+	7088	29869
173565	+	7090	15499
177511	+	7355	19093
177512	+	7355	20704
177522	+	7355	24782
177525	+	7355	27036
177526	+	7355	29724
178366	+	7397	9874
178388	+	7397	18806
178389	+	7397	19093
178401	+	7397	29895
178499	+	7408	26755
185067	+	7752	21133
185075	+	7752	29949
186009	+	7821	7821
186018	+	7821	11411
186022	+	7821	12143
186023	+	7821	12489
186030	+	7821	13485
186060	+	7821	22195
186063	+	7821	23884
186064	+	7821	24004
186066	+	7821	24961
186087	+	7821	28228
186093	+	7821	28742
186097	+	7821	29682
186099	+	7821	29869
186100	+	7821	29980
186102	+	7821	30145
186103	+	7821	30217
186327	+	7831	11562
186334	+	7831	17876
186336	+	7831	21585
186338	+	7831	22195
186354	+	7831	29722
186355	+	7831	30388
187909	+	7941	19236
189085	+	8022	13615
190053	+	8077	11169
190063	+	8077	17305
190462	+	8103	8108
190463	+	8103	8227
190500	+	8108	8227
191136	+	8152	29868
191138	+	8152	30465
191924	+	8213	12274
191939	+	8213	21883
191940	+	8213	21960
191945	+	8213	22740
197230	+	8541	29868
198026	+	8587	27484
199818	+	8685	28602
199829	+	8685	29724
201086	+	8756	14167
201088	+	8756	18844
223161	+	10165	10214
223164	+	10165	12548
223165	+	10165	13617
223740	+	10214	30147
224352	+	10254	13634
229208	+	10617	29798
229582	+	10645	29722
235628	+	11169	19356
236682	+	11253	24705
238832	+	11405	13435
238833	+	11405	13485
238855	+	11405	24004
238863	+	11405	29384
239046	+	11411	30261
242058	+	11670	18774
244926	+	11919	28181
244927	+	11919	29384
245081	+	11930	29482
247651	+	12143	23884
247652	+	12143	24004
247670	+	12143	28181
247671	+	12143	28228
247672	+	12143	29384
247673	+	12143	29722
247674	+	12143	29869
252825	+	12548	13617
252908	+	12553	25553
253852	+	12654	22371
253873	+	12654	28987
253874	+	12654	28990
253876	+	12654	28995
253879	+	12654	29045
258338	+	13083	18273
259954	+	13251	24150
261363	+	13401	29186
261681	+	13435	13483
261682	+	13435	13597
262230	+	13482	29722
262395	+	13485	15099
262400	+	13485	22195
262401	+	13485	23884
262408	+	13485	28228
262409	+	13485	29384
262411	+	13485	30145
262412	+	13485	30217
263527	+	13597	24004
263705	+	13615	28695
263706	+	13615	28995
263719	+	13617	30372
263720	+	13617	30498
263912	+	13634	28059
268750	+	14167	23051
273967	+	14760	24886
277468	+	15099	24961
277473	+	15099	26316
277482	+	15099	29722
277483	+	15099	29980
277484	+	15099	30145
280172	+	15350	15363
280177	+	15350	19290
280607	+	15388	26493
280697	+	15396	15452
281395	+	15450	27942
282415	+	15539	22389
289643	+	16356	20277
290375	+	16458	29813
290378	+	16458	29922
292531	+	16740	27386
294525	+	17016	19981
294528	+	17016	27705
296891	+	17305	18435
296897	+	17305	26831
296898	+	17305	27389
306212	+	18506	29756
308015	+	18806	29895
308397	+	18844	23051
308404	+	18844	30374
309385	+	18976	20590
309390	+	18976	25731
310076	+	19093	24448
310080	+	19093	27457
313403	+	19538	28613
313828	+	19606	25395
316754	+	20152	22099
317303	+	20276	20306
317357	+	20289	26819
318193	+	20502	29495
318194	+	20502	29722
318591	+	20590	23051
320925	+	21133	27218
322217	+	21409	28565
323082	+	21598	30386
323761	+	21740	25553
323799	+	21753	24592
323801	+	21753	26106
324319	+	21904	28439
324492	+	21964	29682
325364	+	22195	23884
325368	+	22195	24961
325371	+	22195	26316
325377	+	22195	28228
325385	+	22195	30217
325991	+	22371	28990
325993	+	22371	28995
326131	+	22410	28489
330865	+	23562	23884
330867	+	23562	26316
330868	+	23562	29722
330869	+	23562	29980
331618	+	23852	23852
331714	+	23884	24961
331717	+	23884	26316
331718	+	23884	29384
331720	+	23884	29980
331721	+	23884	30145
331722	+	23884	30217
332171	+	24027	28398
332650	+	24150	29868
332909	+	24237	25732
334767	+	24897	27645
334770	+	24897	30261
334874	+	24961	28228
334876	+	24961	29722
334877	+	24961	29980
334879	+	24961	30145
334880	+	24961	30217
334881	+	24961	30466
336266	+	25395	28963
338227	+	26097	28244
338606	+	26251	26252
338611	+	26251	30500
338616	+	26252	30500
338806	+	26316	28228
338807	+	26316	29384
338809	+	26316	29722
338810	+	26316	29980
338811	+	26316	30145
340128	+	26791	29154
340595	+	27000	29798
341206	+	27332	29727
341673	+	27645	30261
342110	+	27871	30261
342594	+	28181	29384
342595	+	28181	29980
342683	+	28228	29722
342684	+	28228	29980
342685	+	28228	30145
343631	+	28453	28599
344264	+	28663	29037
344397	+	28742	29722
345094	+	28862	28863
345095	+	28862	28865
345096	+	28862	28868
345098	+	28863	28865
345099	+	28863	28868
345108	+	28865	28868
345614	+	28987	28987
345615	+	28987	28990
345616	+	28987	28995
345618	+	28987	29045
345627	+	28990	28995
346302	+	29368	29388
346312	+	29384	29980
346466	+	29682	29722
346492	+	29722	29980
346493	+	29722	30145
346494	+	29722	30217
346495	+	29722	30466
346519	+	29756	29950
346543	+	29828	29829
346546	+	29829	30467
346618	+	29980	30145
346619	+	29980	30217
346623	+	29997	30485
346658	+	30145	30466
346681	+	30222	30358
