65
65
8
8
8
8
26
26
41
41
35
35
5
5
3
3
3
8
36
36
3
3
3
35
35
26
3
3
3
3
3
8
8
41
8
26
8
8
3
8
41
3
3
3
5
13
13
50
50
14
14
9
9
17
17
17
17
13
51
51
52
52
9
9
21
21
17
17
17
13
30
30
17
9
17
9
9
13
17
13
9
13
17
21
17
9
17
9
9
17
13
13
9
6
6
13
9
9
51
21
14
14
13
42
42
13
13
13
52
17
30
9
9
13
42
9
9
13
13
21
66
66
13
9
17
13
17
17
17
67
67
21
21
9
21
30
21
21
13
13
13
21
17
9
9
21
50
6
30
13
9
13
30
9
42
17
12
12
3
4
4
9
10
10
3
6
6
16
16
4
43
43
15
15
37
37
10
10
10
4
53
53
28
28
16
11
11
6
53
54
54
31
31
6
15
6
4
4
10
31
12
68
68
3
6
12
44
44
23
23
24
24
2
2
3
4
10
20
20
12
12
8
15
4
69
69
25
25
12
4
3
70
70
10
24
6
3
3
4
12
6
4
4
6
6
9
3
3
28
4
5
23
31
11
12
32
32
71
71
23
4
2
6
6
9
25
24
3
3
3
3
4
11
6
6
16
3
3
18
2
4
3
4
2
44
20
31
25
3
28
9
8
6
6
20
14
9
9
10
37
4
4
9
3
12
6
15
4
3
23
3
6
6
25
4
25
9
4
12
9
4
32
4
23
3
43
6
15
15
4
4
4
16
72
72
3
1
6
43
12
44
3
1
1
10
55
55
3
12
16
16
3
4
5
10
16
11
3
13
13
11
9
3
15
9
3
3
12
15
12
12
12
37
20
20
6
3
3
37
4
15
73
73
10
74
74
3
4
1
3
4
6
10
28
4
3
4
11
4
4
32
54
23
32
32
28
9
55
3
3
14
4
15
28
56
56
75
75
76
76
5
12
3
16
1
5
5
16
2
6
23
77
77
31
3
3
56
23
5
5
5
5
5
6
6
11
6
12
5
22
22
5
10
10
11
11
25
1
5
14
10
10
5
4
12
78
78
11
11
5
5
4
17
22
6
12
5
3
3
45
45
12
11
33
33
45
33
11
11
6
3
5
12
36
10
6
12
11
3
10
6
5
33
6
6
4
12
5
10
6
11
25
11
33
12
4
11
5
5
5
10
57
57
5
11
11
11
58
58
4
10
8
8
11
11
11
33
10
5
5
5
5
10
5
5
6
6
6
6
5
58
22
5
5
10
11
38
38
3
5
11
38
15
4
38
1
11
10
5
5
6
5
5
5
11
38
10
5
5
35
5
5
10
10
5
5
11
5
10
45
5
4
12
11
4
6
10
5
5
57
1
22
24
59
59
60
60
59
46
46
79
79
46
24
24
24
46
60
10
1
1
1
1
86
86
4
4
2
1
0
7
0
34
34
1
8
8
0
14
14
7
7
7
0
0
0
0
20
1
0
12
13
13
15
0
0
0
0
8
39
39
1
1
4
0
0
0
0
0
1
1
48
48
0
16
16
22
22
2
2
1
1
2
2
2
2
0
0
0
0
0
1
29
29
0
8
40
40
0
1
1
1
26
6
18
18
2
49
49
2
0
0
0
0
48
7
14
0
0
15
0
0
0
18
0
2
16
16
19
19
1
7
0
0
0
0
0
0
0
1
0
0
7
7
7
7
15
0
47
47
19
6
29
4
4
14
18
2
0
2
18
0
0
15
2
0
0
0
0
0
19
2
0
0
0
10
0
0
14
0
0
0
0
0
2
0
2
40
2
1
1
2
0
0
22
22
0
0
2
18
18
1
1
14
13
19
8
1
22
1
15
27
27
0
7
0
0
0
48
1
19
0
1
7
2
18
18
1
12
1
14
8
27
1
0
0
1
27
1
84
84
2
0
4
1
29
1
34
18
1
1
4
1
81
81
0
0
0
1
1
0
0
1
0
7
1
0
0
13
13
0
0
15
8
8
0
1
1
1
1
0
0
0
0
14
8
1
8
1
0
0
8
7
1
8
2
18
16
1
1
1
0
1
1
0
0
0
1
47
7
14
20
16
8
1
10
6
0
1
16
0
0
0
1
0
0
0
0
0
34
1
1
1
1
1
0
0
8
0
0
0
19
8
0
0
0
2
0
2
2
2
2
8
11
11
14
2
8
0
18
0
7
19
7
22
19
0
0
0
0
0
0
62
62
0
7
27
2
7
0
0
39
2
2
2
8
8
2
2
0
20
0
0
0
0
0
29
83
83
1
2
0
0
0
0
0
10
26
8
1
0
1
1
0
14
1
36
36
2
16
1
4
1
14
0
0
0
0
0
0
7
0
64
64
0
26
0
0
0
1
0
7
0
1
1
1
0
2
1
1
47
0
80
80
0
1
0
0
0
1
2
4
7
0
1
16
0
1
1
7
0
0
0
1
7
1
14
49
0
1
18
19
18
1
2
0
7
2
27
8
16
19
1
18
1
2
0
1
0
0
14
15
15
7
2
12
1
62
8
7
2
7
0
0
18
1
7
16
8
0
0
0
0
0
2
40
61
61
7
1
2
1
1
14
0
3
39
7
0
49
15
64
14
8
15
2
1
0
27
10
20
18
3
27
1
6
14
11
61
40
2
7
0
0
0
7
34
0
2
0
7
0
8
18
2
1
20
1
0
0
0
7
0
7
7
19
9
7
7
0
0
0
0
39
0
0
29
0
14
1
14
0
0
0
0
0
0
0
0
0
12
0
0
1
26
29
14
1
1
85
85
63
63
13
1
0
20
20
14
0
0
1
0
7
0
0
0
0
7
15
19
15
14
1
0
82
82
0
0
0
12
0
7
0
2
4
2
1
14
0
0
0
6
1
19
63
0
2
34
2
87
87
0
0
0
20
0
8
1
0
0
0
1
0
12
10
0
0
0
0
0
0
0
0
0
0
16
2
18
0
0
0
1
0
0
15
0
19
0
1
0
0
0
16
0
0
0
0
0
0
0
2
0
2
