86
86
13
13
15
15
7
7
18
18
6
6
7
7
8
8
8
13
30
30
8
8
8
6
6
7
8
8
8
9
1
16
13
18
13
7
5
16
8
16
18
8
8
8
7
4
4
58
58
13
13
4
4
0
0
0
0
4
5
0
20
20
4
4
13
16
0
0
0
4
5
5
0
4
0
4
4
4
0
4
14
4
0
13
0
4
0
4
4
0
4
4
4
7
7
4
4
4
5
13
13
13
14
5
5
4
4
4
20
0
5
3
4
4
5
8
14
4
4
13
87
87
4
4
0
4
0
0
0
88
88
17
17
4
17
5
13
8
4
4
4
13
0
4
4
17
58
7
5
4
4
14
5
4
5
0
2
2
8
2
4
5
7
7
8
7
11
8
8
13
19
19
14
12
41
41
11
7
7
2
16
16
4
4
8
11
11
7
16
4
4
9
9
7
14
7
16
16
7
1
2
89
89
8
7
14
40
40
9
9
4
4
5
5
8
16
7
10
10
12
12
13
2
2
25
25
22
22
12
2
2
90
90
7
4
7
8
8
2
12
7
3
3
7
7
4
8
8
16
2
2
9
9
11
14
2
2
59
59
9
16
5
7
7
4
1
4
8
8
8
8
2
11
7
8
8
8
5
8
5
10
8
16
5
40
10
9
1
8
4
4
13
7
7
10
13
7
7
7
2
16
0
4
9
11
7
10
1
8
9
1
7
7
1
16
1
13
13
2
4
2
2
3
9
8
19
7
14
14
16
16
2
8
0
0
8
16
7
19
2
40
8
10
10
7
5
5
8
2
20
20
8
16
7
7
8
11
2
8
8
11
4
8
14
4
8
8
2
0
12
12
12
41
10
10
7
6
1
41
13
14
12
12
7
5
5
9
2
16
8
2
7
7
4
2
8
2
11
2
8
2
4
9
3
2
6
4
5
2
8
13
2
0
4
1
1
19
19
91
91
2
2
8
20
16
7
7
1
0
7
9
92
92
9
8
8
1
9
2
2
2
3
14
7
7
11
7
14
2
9
9
2
11
11
11
11
22
16
11
7
11
11
3
2
2
60
60
11
11
2
2
0
0
9
7
2
14
8
8
42
42
2
11
9
9
42
9
11
11
7
8
2
2
30
11
1
2
11
8
11
7
14
9
7
7
3
2
14
11
7
11
22
11
9
2
13
11
2
2
2
11
23
23
2
11
11
11
9
9
4
3
7
7
11
11
10
9
11
2
14
2
14
11
3
2
7
7
7
7
14
9
9
2
2
11
11
17
17
8
7
11
17
13
13
17
16
11
11
2
2
7
11
2
14
11
17
11
2
2
6
2
14
11
11
14
2
11
14
11
2
14
3
2
11
1
7
11
12
2
23
16
9
4
12
12
2
2
12
11
11
0
0
11
4
12
4
5
2
11
3
2
3
3
5
5
13
13
2
3
0
16
14
18
18
16
13
13
0
13
13
2
0
0
0
0
0
5
10
16
16
12
4
4
14
0
0
12
0
13
10
1
6
3
13
0
0
0
0
0
3
12
17
17
0
20
20
9
9
0
2
3
1
2
0
0
11
0
0
0
0
0
1
0
0
16
13
19
19
0
10
10
5
7
7
8
8
0
2
2
0
0
0
0
0
1
1
3
4
16
14
4
0
0
8
0
0
8
8
8
8
3
2
0
0
0
0
0
10
0
2
0
0
0
6
2
0
2
0
27
27
8
7
2
13
13
13
8
2
0
12
8
0
14
12
3
2
3
3
0
1
8
0
10
0
0
11
0
0
13
0
4
0
0
0
0
0
0
19
2
10
10
2
2
14
9
9
0
0
0
8
8
2
1
13
4
8
13
8
1
3
3
5
0
0
14
0
0
0
17
0
8
0
3
16
11
8
8
3
14
10
13
13
5
1
6
1
12
5
3
93
93
3
0
13
3
0
3
18
8
3
3
13
3
43
43
0
0
4
2
3
3
0
3
0
3
3
0
0
4
4
0
2
14
3
13
2
3
3
2
0
2
0
0
0
13
13
2
13
3
0
0
13
4
2
13
2
8
20
3
2
2
5
4
3
0
0
14
3
27
16
3
10
9
13
3
11
7
0
16
20
0
0
0
10
0
14
12
0
0
18
3
2
3
2
2
16
0
13
0
0
0
8
3
0
0
0
0
13
3
0
2
2
13
11
5
13
2
13
0
8
0
3
8
3
9
8
3
0
0
0
0
3
13
13
14
4
5
0
11
0
0
10
0
10
2
13
13
2
12
0
2
0
0
1
0
0
1
0
0
2
2
0
14
0
0
0
0
7
13
3
0
3
3
0
13
3
30
30
2
20
3
13
16
13
14
0
0
1
0
14
0
0
6
6
0
9
0
0
0
11
0
0
0
2
3
3
0
1
3
3
27
0
24
24
0
3
0
0
0
3
16
13
5
0
3
20
0
2
3
0
0
0
0
2
0
3
13
2
0
3
0
8
8
10
2
13
1
0
5
13
20
8
4
8
0
0
14
2
0
0
13
14
2
2
3
14
10
13
13
3
4
4
0
0
8
10
3
20
3
0
0
0
10
0
2
19
8
8
1
2
0
3
4
13
0
5
10
4
12
2
3
6
13
13
14
0
3
0
5
11
10
8
9
5
3
7
3
11
8
19
2
2
2
2
0
5
18
0
2
0
0
0
13
8
0
3
10
3
0
0
0
0
14
14
3
8
4
0
12
2
0
0
0
1
0
0
0
0
13
3
3
0
4
0
14
0
0
0
0
0
14
0
2
2
7
0
13
16
2
11
11
1
1
4
4
14
10
10
13
0
0
3
0
1
0
0
0
0
11
14
8
14
3
3
0
19
19
0
0
0
12
0
16
5
2
2
3
3
2
16
0
0
7
3
8
1
0
0
18
16
1
1
4
0
4
10
1
13
4
0
0
0
3
0
14
11
0
0
0
0
0
16
0
0
0
0
20
0
8
0
0
0
2
0
0
13
0
8
0
3
0
0
0
8
0
0
0
0
0
0
0
5
0
3
13
13
13
13
94
94
19
19
13
0
13
13
1
1
10
3
3
8
7
0
3
3
3
11
8
10
3
10
11
1
13
13
11
5
4
4
5
0
0
54
13
1
13
4
43
22
22
11
7
1
12
0
0
13
1
10
1
61
61
8
0
4
6
3
13
0
11
7
1
11
11
0
10
4
8
8
10
3
3
12
10
4
10
18
10
11
10
5
5
0
4
10
1
12
1
4
10
13
4
1
1
1
4
9
9
11
1
8
7
8
8
0
12
1
10
12
12
13
22
13
10
3
0
18
2
1
1
9
9
13
13
4
2
13
0
13
2
12
1
14
13
13
12
3
4
8
8
4
4
19
19
4
1
12
12
10
13
10
5
12
0
1
10
4
12
13
13
9
6
5
1
4
13
10
11
4
10
13
5
22
13
4
20
0
1
10
10
10
23
10
13
3
2
8
1
13
5
9
20
10
12
3
3
3
10
1
9
8
3
3
3
3
14
6
16
13
13
8
1
22
23
23
19
2
22
12
6
5
5
10
3
11
14
14
12
12
61
5
9
12
2
5
12
2
1
1
1
6
3
8
4
12
2
4
7
10
4
1
9
12
1
3
2
12
8
10
10
10
10
7
22
17
3
0
1
10
13
4
3
4
0
1
10
13
4
59
12
0
12
11
19
14
12
4
1
13
1
3
4
5
4
13
8
0
0
12
3
10
20
20
1
4
4
6
4
3
0
3
12
22
4
22
1
6
14
2
1
13
13
2
4
11
2
9
0
12
15
12
13
1
2
13
3
12
10
3
12
4
2
10
14
12
11
1
22
10
10
0
10
0
7
7
11
12
12
44
44
3
2
12
10
4
4
1
2
1
1
1
2
10
3
3
0
2
10
0
1
1
4
11
7
7
1
0
1
0
3
14
1
3
9
0
1
10
14
14
12
13
1
9
9
10
3
10
4
1
1
4
3
7
95
95
16
14
14
3
5
1
1
10
1
12
4
10
12
12
14
1
17
17
25
25
16
13
4
1
10
19
19
2
1
3
12
1
1
3
3
3
2
4
4
13
3
25
1
1
1
13
16
16
16
1
14
13
44
12
8
2
10
0
10
3
4
3
14
0
4
10
1
11
12
20
16
1
0
0
2
13
12
16
16
17
4
7
11
14
2
3
5
12
12
14
9
9
12
3
3
12
7
3
14
7
0
7
0
2
6
1
1
96
96
10
1
4
2
1
6
12
1
0
0
0
2
13
10
0
4
1
1
7
7
4
4
3
10
1
6
1
5
97
97
4
4
16
1
1
3
1
2
1
9
0
1
1
3
1
17
0
0
0
3
11
16
25
5
5
7
7
1
3
1
7
4
8
6
10
2
0
7
12
8
16
2
1
1
6
2
3
1
14
2
1
3
0
3
12
12
3
1
0
4
10
17
17
1
11
3
9
5
13
1
2
2
2
8
8
0
0
0
25
25
11
2
5
1
13
13
1
3
2
12
7
16
3
98
98
4
2
1
10
1
4
4
2
4
1
8
10
1
4
1
5
7
12
10
20
12
16
10
1
1
5
7
8
5
15
15
13
2
99
99
14
2
1
3
62
62
1
1
12
0
9
10
4
1
3
2
9
4
12
10
3
1
16
10
4
4
1
16
1
8
1
3
3
8
4
14
3
7
2
14
16
3
1
16
19
11
4
4
10
22
13
22
5
5
16
8
0
22
25
25
1
12
9
9
1
10
1
2
10
5
1
4
1
12
1
7
2
3
4
1
1
12
3
7
5
17
1
1
1
1
1
9
3
1
3
9
4
0
0
4
1
14
1
1
12
1
6
1
3
4
1
6
6
13
16
1
3
8
8
12
2
4
1
1
1
1
0
1
3
17
4
5
1
2
13
3
7
2
11
1
7
44
19
2
3
5
1
4
7
3
12
1
5
3
1
20
1
6
4
13
3
1
1
5
14
1
7
12
1
1
4
4
0
10
10
4
1
2
4
4
10
2
1
16
16
12
7
1
6
0
60
0
12
2
1
4
4
3
1
4
2
1
14
1
3
3
1
11
0
2
9
3
4
3
10
4
4
12
16
14
16
4
16
4
10
1
8
8
1
4
2
4
19
9
2
4
2
3
4
19
10
4
12
4
5
4
4
1
4
10
8
4
5
19
4
4
12
4
16
16
3
9
9
12
9
9
9
8
8
19
4
4
4
1
4
12
3
14
4
19
9
10
9
3
9
2
3
7
8
3
16
9
4
14
11
7
4
2
7
1
16
4
4
19
1
4
4
4
3
10
4
2
4
4
3
10
100
100
4
101
101
12
1
9
9
3
9
4
19
12
4
2
9
9
2
4
10
19
8
5
3
10
12
13
13
4
102
102
5
0
4
103
103
4
5
5
3
1
1
3
14
14
2
13
3
3
62
24
24
4
2
14
3
2
14
4
12
12
1
13
2
4
4
4
1
1
18
3
15
15
12
12
11
4
8
3
3
3
1
4
4
13
11
11
7
1
1
8
2
0
11
12
15
15
14
0
1
3
17
17
1
11
8
10
10
9
9
2
4
2
2
18
16
6
5
4
3
8
8
11
0
11
11
11
0
8
18
18
12
3
3
2
10
1
7
7
1
1
1
3
27
7
14
19
12
5
5
2
5
14
2
3
1
1
10
7
1
1
7
5
13
13
13
1
7
4
5
3
7
0
4
4
13
2
2
1
104
104
18
2
1
1
11
11
3
2
1
6
9
5
4
1
1
4
18
15
18
10
1
15
13
5
9
9
2
22
22
22
11
1
10
8
4
5
1
11
11
8
8
13
1
3
2
13
13
1
18
5
10
2
6
5
5
5
43
1
4
18
4
8
1
3
0
13
0
2
1
10
2
4
13
3
2
10
2
4
1
10
1
1
1
1
2
32
32
3
18
18
2
2
5
12
2
2
8
5
5
1
1
7
18
4
5
0
12
3
2
19
2
11
24
1
14
1
27
1
4
4
3
3
1
10
12
1
8
4
105
105
13
18
3
1
24
7
5
5
13
17
17
1
1
3
4
4
12
4
18
4
18
1
18
13
12
9
12
5
13
8
5
7
10
2
8
12
2
2
0
0
15
24
12
1
12
1
4
1
16
8
8
11
24
10
5
11
11
17
17
6
2
2
12
10
10
10
5
2
6
2
1
1
19
19
15
15
5
4
19
2
4
2
5
1
4
2
11
2
5
2
2
8
5
4
11
10
1
19
3
1
0
5
17
11
11
5
1
5
17
17
2
0
3
4
2
5
12
12
4
4
5
2
19
19
13
10
9
5
3
5
11
5
12
14
2
7
5
24
13
13
14
0
0
11
0
19
10
2
2
11
4
1
4
1
2
16
12
2
19
14
14
14
1
16
2
1
1
2
1
2
2
4
15
2
5
5
5
10
14
1
1
1
5
19
2
16
16
5
5
3
8
10
5
5
0
8
17
5
5
9
5
2
2
10
15
15
8
11
5
5
6
6
4
11
2
6
6
1
10
2
8
0
14
2
13
5
5
11
31
31
8
31
2
106
106
15
2
2
11
11
11
4
3
11
5
13
7
0
19
2
3
15
11
8
4
6
15
16
16
4
4
2
5
7
2
2
22
11
11
6
0
11
11
1
6
1
10
1
0
64
64
11
17
13
11
11
11
1
6
6
3
6
10
14
1
19
2
3
3
0
16
2
5
2
1
4
2
4
6
17
1
17
5
5
3
5
6
4
1
6
6
3
31
5
6
11
5
5
3
0
19
2
5
11
17
4
2
5
0
4
12
5
1
6
5
14
8
17
14
10
2
15
11
17
5
12
5
2
4
45
45
5
2
5
10
6
6
4
2
14
5
10
1
11
4
3
16
5
0
6
1
17
2
2
19
2
1
5
13
2
15
1
3
5
3
0
3
4
11
6
1
12
4
7
1
14
15
2
3
4
1
2
6
5
6
14
3
2
2
0
0
2
11
64
5
2
2
2
1
17
2
0
0
7
7
0
0
3
1
14
3
7
7
4
12
16
5
0
6
6
0
107
107
4
6
5
0
0
5
1
4
12
3
3
3
6
4
0
2
4
2
3
3
3
4
6
6
3
5
3
0
0
0
0
3
6
4
6
3
16
7
15
4
6
6
6
18
1
9
6
4
7
12
2
15
5
5
0
3
3
16
7
7
6
3
5
6
0
2
6
16
14
0
1
3
3
19
16
6
3
14
3
19
7
19
11
16
3
14
16
7
7
0
0
12
3
3
9
0
12
0
3
3
16
3
6
6
0
6
16
11
19
4
3
2
3
4
0
1
7
0
0
0
9
3
3
3
2
12
6
1
16
5
3
1
5
14
16
0
13
1
3
7
2
3
8
0
5
3
17
17
24
24
19
0
6
16
19
3
16
4
16
0
0
4
4
0
8
8
5
6
16
3
4
3
13
1
8
3
8
0
5
0
16
3
14
0
3
0
3
6
0
6
0
0
13
13
1
16
16
4
5
8
3
3
7
6
13
11
0
3
6
19
1
7
6
5
9
9
2
6
5
5
3
3
12
15
15
6
6
10
6
6
15
5
5
6
13
1
5
9
9
5
3
16
10
3
6
1
46
46
15
5
6
2
15
15
5
2
5
5
5
0
3
6
5
19
12
1
1
5
76
1
9
5
1
0
12
12
0
0
15
15
5
10
14
10
10
2
11
2
6
6
10
5
9
5
0
5
9
6
5
2
16
2
5
6
1
7
6
6
6
0
6
1
6
5
6
15
2
2
6
6
2
2
2
14
6
9
0
6
15
2
5
9
3
14
0
7
11
12
10
15
0
0
5
8
10
9
6
15
3
5
3
15
14
5
1
9
5
19
6
6
5
5
2
9
9
5
5
6
6
5
15
15
16
46
6
15
9
76
2
12
9
0
16
7
5
14
5
6
1
11
3
3
1
1
0
3
15
3
13
3
46
2
6
5
5
9
1
2
12
15
0
16
11
2
12
11
2
16
6
10
14
12
15
14
9
6
5
5
15
108
108
6
7
0
9
15
5
6
7
0
0
3
2
14
1
1
5
9
18
18
18
5
3
7
5
21
21
5
21
21
5
13
19
5
2
5
14
3
13
4
4
3
6
2
2
0
47
47
0
3
1
4
10
6
6
7
1
4
0
3
0
18
18
9
9
1
6
16
16
16
1
8
7
2
17
17
13
1
1
10
16
0
1
1
5
3
21
21
11
11
11
13
19
19
6
6
6
16
19
5
2
16
5
3
7
7
6
8
2
3
6
9
17
6
5
2
2
2
1
4
2
2
14
2
13
6
1
8
8
2
1
4
1
14
5
1
1
1
1
21
10
16
14
5
1
109
109
1
18
3
14
3
5
4
5
14
14
2
3
2
2
18
2
1
3
6
5
5
21
66
66
2
1
1
1
3
3
5
5
15
67
67
16
4
0
21
13
11
21
1
6
1
3
10
2
1
1
1
3
5
2
11
4
17
13
6
1
1
6
2
4
14
1
1
47
47
5
6
1
1
1
11
110
110
7
1
17
1
1
1
1
1
32
32
2
19
6
11
11
6
1
10
11
3
17
1
2
3
6
1
1
8
6
26
26
1
2
4
10
1
1
19
3
6
21
11
16
5
13
1
2
3
6
18
13
23
1
1
17
17
21
1
11
4
1
1
1
5
6
3
6
3
3
10
2
1
1
3
5
3
3
21
6
67
10
2
20
20
5
32
13
16
3
3
1
0
1
16
6
15
15
3
3
7
7
5
1
1
4
16
21
1
1
1
42
19
1
1
1
4
16
2
11
5
3
19
8
5
1
1
1
5
1
3
6
6
11
6
17
1
1
1
5
4
18
2
11
5
2
1
6
6
1
14
16
13
4
3
11
8
6
1
11
19
13
5
1
2
19
1
2
2
4
2
1
6
1
4
1
1
2
2
5
15
11
3
1
2
1
1
2
5
2
1
3
3
16
18
3
21
1
3
3
16
1
1
6
1
68
68
68
2
4
1
1
1
1
2
6
9
1
1
1
1
1
6
21
1
1
1
1
1
1
1
16
10
1
1
21
1
1
1
4
2
3
6
13
1
111
111
16
1
1
1
1
1
1
1
2
3
2
21
16
10
1
6
19
1
3
1
10
1
6
5
9
19
1
13
1
20
1
1
1
1
2
10
1
3
112
112
1
3
7
8
11
1
3
20
4
3
2
0
2
12
20
20
2
2
2
9
6
3
16
15
5
0
5
0
4
4
4
8
15
15
19
16
0
1
1
2
9
15
15
0
26
26
12
0
0
17
15
0
20
0
1
5
15
0
16
12
2
8
3
2
5
5
2
2
1
1
5
0
2
2
1
2
1
6
6
6
2
2
3
2
3
2
2
3
2
2
0
2
2
2
10
2
15
2
113
113
2
0
8
8
3
3
15
15
0
5
0
5
2
2
2
5
11
0
13
15
15
1
1
17
0
13
5
2
1
4
4
0
6
1
11
5
0
5
1
3
6
12
12
0
1
2
6
5
5
15
5
15
5
15
4
2
11
6
9
2
2
2
3
11
1
10
2
15
15
15
2
3
1
1
5
15
15
2
10
0
0
2
5
5
9
1
9
14
14
9
26
2
2
4
2
2
0
2
2
0
2
5
3
5
6
10
2
2
1
5
0
3
2
5
15
5
22
8
0
10
9
2
16
1
1
17
6
17
17
14
2
1
2
26
2
2
1
9
2
6
1
1
1
6
1
17
3
2
1
5
9
5
2
5
13
13
5
3
5
3
5
1
9
15
0
3
2
10
6
9
2
2
0
2
5
6
3
5
3
1
0
0
15
0
0
19
2
2
2
2
2
0
6
1
5
3
6
2
2
0
0
0
2
2
2
12
2
0
3
11
2
1
4
114
114
15
0
15
2
3
13
0
0
0
1
0
6
5
0
1
0
0
1
1
17
2
0
0
9
1
1
2
2
17
3
2
15
11
0
2
2
19
3
0
10
10
1
15
0
0
2
1
1
0
2
2
1
1
11
1
19
1
12
2
2
0
15
2
2
3
0
1
1
19
1
0
2
2
115
115
2
2
14
1
0
6
5
2
2
14
10
3
0
0
10
0
10
1
1
20
1
0
3
6
0
4
0
0
0
14
0
5
0
17
12
8
4
4
9
2
10
0
0
17
4
2
63
63
3
3
1
2
17
0
0
0
0
0
10
12
4
0
4
0
0
0
1
8
0
0
17
4
17
4
0
4
4
14
0
3
0
5
3
3
4
1
0
0
0
17
5
4
0
23
23
4
48
48
6
6
4
1
10
2
3
3
12
3
11
0
13
3
17
6
13
13
4
4
7
7
12
5
10
1
0
0
4
7
19
6
5
0
3
0
7
0
0
4
0
1
0
7
12
0
18
18
4
63
0
0
0
16
12
19
12
0
0
0
4
0
0
6
12
0
13
17
2
6
4
4
0
0
6
0
12
12
0
7
7
4
2
12
0
9
23
6
2
3
0
0
0
48
12
6
1
0
0
0
4
0
4
2
0
2
6
10
0
0
0
0
0
9
0
10
0
17
0
0
19
0
0
0
0
4
2
2
2
0
0
0
2
0
17
4
0
116
116
0
18
17
0
0
3
12
1
4
1
18
0
23
0
23
23
0
4
0
0
4
5
0
0
3
0
0
2
10
0
4
0
13
8
4
12
12
12
4
3
10
17
10
9
14
2
117
117
0
0
3
0
0
4
3
33
33
7
19
6
8
1
12
18
5
3
6
8
0
0
5
4
9
5
5
2
1
0
1
6
2
2
0
9
9
7
1
1
7
1
2
3
3
15
15
6
1
5
2
0
19
19
2
2
5
4
1
19
6
21
21
21
7
6
6
18
18
0
0
2
8
8
18
18
6
18
0
11
11
1
1
1
19
1
0
1
19
0
9
9
0
0
7
18
3
1
3
6
6
1
9
5
4
0
13
13
5
9
14
9
5
3
5
14
12
0
0
49
49
0
9
14
0
2
15
15
5
0
0
0
2
0
17
16
5
1
12
22
3
5
2
4
2
20
2
0
14
14
2
0
25
1
5
1
14
0
19
0
0
1
0
5
14
1
2
2
6
2
6
1
6
1
0
1
2
2
3
0
4
1
2
1
8
8
19
0
0
3
1
0
2
5
2
0
3
0
2
0
0
10
12
12
2
0
17
0
3
0
1
8
7
7
14
0
19
1
1
0
0
10
0
16
7
7
49
2
2
2
0
2
9
2
4
1
5
2
18
2
2
2
9
0
2
2
2
2
18
2
21
2
5
6
14
5
2
6
6
2
3
15
2
5
2
19
3
8
0
11
19
19
2
9
9
3
3
0
4
2
7
19
0
1
4
1
2
2
0
7
0
1
1
0
2
0
0
1
2
9
3
1
4
1
6
1
6
2
4
15
0
0
2
12
7
7
1
1
0
9
2
0
9
9
0
34
34
9
0
1
9
34
5
34
0
7
1
6
9
1
9
9
50
50
1
6
12
8
9
6
0
0
1
9
1
0
0
5
15
15
3
2
2
11
15
3
5
11
8
2
2
7
4
3
3
9
1
7
0
1
2
4
21
0
2
0
0
0
17
16
11
1
0
9
11
50
9
5
0
0
0
0
0
0
7
18
1
7
10
17
0
4
2
4
0
1
0
0
8
8
8
0
0
2
12
9
7
6
0
5
2
0
3
66
2
14
1
0
2
0
4
0
5
1
7
6
0
18
7
0
1
2
0
15
17
10
1
0
0
2
1
15
5
7
0
9
2
0
1
49
0
0
1
0
34
3
2
0
7
3
0
1
15
12
2
2
2
2
0
12
118
118
0
2
2
9
2
2
2
2
0
5
13
6
2
5
2
12
0
1
2
6
9
0
1
2
11
1
3
1
3
15
0
12
0
1
26
26
14
0
119
119
0
11
6
0
1
2
8
2
1
0
2
0
2
0
0
5
0
0
0
0
2
1
0
0
3
16
5
0
6
6
2
4
4
5
1
0
5
2
1
1
0
1
1
0
1
3
1
1
5
4
6
1
1
0
1
6
0
18
1
0
3
0
6
5
0
0
18
0
10
0
9
1
1
7
1
9
1
11
1
9
9
9
1
3
0
11
6
1
11
0
5
2
3
1
0
0
1
6
0
1
1
6
0
0
0
8
0
5
15
15
6
6
3
1
1
1
1
15
10
1
1
15
0
15
1
1
1
20
20
0
1
1
51
51
1
10
0
0
0
0
2
1
1
1
3
1
0
4
0
1
1
1
28
28
1
0
5
2
2
17
5
0
1
1
1
1
3
3
1
2
69
69
0
1
0
2
3
0
0
14
6
5
11
11
18
0
0
15
15
0
2
1
15
12
5
9
1
10
2
0
9
6
5
4
2
15
12
1
2
1
1
0
1
2
0
17
6
0
0
2
7
7
0
0
1
5
0
0
9
0
5
1
18
1
16
16
120
120
5
0
1
5
1
14
0
1
0
0
8
4
2
10
10
0
0
10
5
5
0
3
76
1
15
15
1
1
0
5
11
11
8
8
17
3
0
0
4
8
6
6
0
9
8
0
3
1
1
14
12
14
14
1
6
1
9
1
11
0
1
5
4
2
1
2
2
15
21
0
0
4
1
0
70
70
4
6
1
2
1
14
0
5
2
1
4
0
0
13
0
0
0
0
6
15
19
19
1
1
1
5
5
0
0
2
19
19
4
6
1
10
5
10
3
1
0
0
4
4
0
17
17
0
11
5
9
5
2
8
1
14
1
1
1
1
7
0
7
1
6
1
1
4
3
2
0
5
2
0
2
4
4
7
4
9
1
1
0
1
1
0
121
121
1
0
5
11
4
4
1
1
3
15
15
7
7
2
9
1
1
1
7
1
0
5
5
5
17
17
0
1
16
14
14
5
8
7
18
17
17
10
5
14
14
10
8
5
0
8
5
2
1
10
6
0
1
1
19
19
0
0
17
17
10
1
1
0
3
2
0
0
0
18
2
0
0
12
1
19
19
4
4
4
1
35
35
15
1
8
8
1
0
12
3
8
1
0
7
7
17
14
21
14
22
2
16
16
0
0
1
0
2
5
0
0
1
1
15
2
17
122
122
1
9
1
0
3
1
1
0
0
1
5
51
17
0
17
17
4
0
4
6
1
17
19
123
123
0
10
9
9
15
17
17
1
9
9
1
1
1
16
15
0
1
1
15
1
1
0
12
31
6
7
2
15
2
0
22
18
0
5
3
1
1
11
15
5
18
3
1
18
3
1
5
1
1
16
1
2
5
3
1
0
8
1
4
1
7
1
1
1
5
3
18
18
0
6
1
18
8
1
3
0
10
1
1
2
1
0
7
18
0
3
0
1
12
12
19
19
0
0
2
2
0
2
11
12
4
71
71
124
124
0
2
0
0
1
10
1
3
15
17
6
11
18
3
1
6
12
4
5
0
1
52
52
125
125
0
126
126
1
15
6
3
0
24
14
17
14
1
1
5
6
1
1
33
1
52
54
54
14
52
10
1
5
5
5
15
17
3
3
3
5
0
5
5
11
1
35
1
3
16
2
14
5
5
13
1
8
7
5
0
0
5
9
1
1
12
10
1
2
2
6
20
5
0
1
2
12
72
72
5
5
1
0
0
5
1
3
1
73
73
14
0
3
0
2
2
5
0
127
127
0
9
1
0
1
2
9
8
9
2
4
4
5
5
8
14
1
1
3
51
6
6
1
6
0
1
1
1
1
15
0
15
9
5
0
8
22
36
36
12
12
9
0
1
18
128
128
1
3
54
8
8
3
1
7
1
9
19
12
6
23
23
10
4
18
0
2
6
15
16
2
1
3
10
2
85
3
13
18
10
10
11
18
0
4
7
3
5
15
12
19
8
0
6
1
5
9
1
8
1
8
23
6
0
11
0
1
11
9
4
3
2
5
8
1
15
3
1
12
3
18
0
0
0
1
129
129
1
2
1
1
1
10
1
10
11
11
17
15
3
1
2
7
0
0
1
3
2
3
1
2
1
5
2
9
73
0
0
15
9
130
130
0
5
15
1
1
2
0
10
10
2
14
2
2
1
1
8
17
1
3
15
1
4
21
0
0
17
1
2
18
5
19
14
20
7
3
3
16
12
1
1
5
0
11
11
0
5
7
15
5
6
3
3
3
20
1
17
9
16
6
35
35
9
1
3
5
3
18
15
8
18
18
14
0
17
48
18
1
3
70
15
18
7
19
0
9
1
6
0
0
5
1
1
6
14
1
17
1
1
1
3
10
5
5
5
4
4
7
6
4
4
74
74
19
14
0
5
0
2
12
12
1
15
1
3
5
5
7
16
21
2
0
6
12
1
15
75
75
13
1
4
1
2
14
1
4
0
11
1
5
11
11
12
3
2
3
2
1
6
3
2
8
15
3
3
5
2
17
4
16
14
17
8
11
15
6
14
14
3
7
37
37
2
15
7
4
4
0
2
0
18
3
7
5
9
14
15
18
33
3
1
1
3
3
4
1
71
11
0
4
8
0
0
6
21
10
6
6
18
6
1
15
2
5
4
18
18
12
2
7
1
11
14
4
1
4
0
5
17
17
3
14
3
0
1
0
6
15
7
1
5
1
8
0
11
13
2
3
2
55
55
1
16
1
131
131
132
132
11
4
18
0
9
1
7
7
7
6
5
7
69
0
1
0
7
133
133
134
134
3
0
1
4
7
5
15
1
1
1
4
135
135
74
9
136
136
4
6
8
9
1
1
7
18
1
11
137
137
6
1
15
15
6
11
6
3
138
138
9
19
77
77
7
11
2
6
1
9
6
5
9
1
139
139
8
15
140
140
7
1
17
2
0
0
7
18
1
18
5
1
11
5
15
1
1
2
2
2
0
10
8
11
1
5
1
6
0
2
15
4
1
75
77
4
3
1
1
12
55
2
10
8
1
2
9
8
10
1
20
2
2
4
10
13
21
9
1
7
2
7
7
5
6
17
23
2
2
5
13
1
2
23
13
0
1
24
1
10
5
6
2
11
1
1
11
56
56
15
38
38
5
5
78
78
7
19
19
2
7
7
0
15
2
0
17
11
5
5
0
0
1
12
1
79
79
1
1
18
141
141
4
9
15
13
7
5
1
9
10
0
1
1
0
9
18
18
7
6
8
1
142
142
9
9
143
143
5
5
5
1
9
24
7
7
1
9
4
5
2
7
7
18
18
1
78
1
1
9
17
9
2
7
7
65
65
144
144
145
145
10
1
0
12
18
18
1
11
0
15
6
5
17
1
146
146
10
5
17
6
19
1
147
147
12
2
12
8
2
2
13
4
17
7
12
1
12
0
3
18
2
2
7
38
2
1
9
8
1
7
1
2
80
80
17
0
9
12
5
5
14
9
13
2
11
1
6
4
148
148
5
5
149
149
17
7
12
1
0
7
6
0
18
12
4
4
18
18
1
1
19
1
8
1
9
17
3
9
17
17
9
6
18
20
18
18
0
7
7
17
13
3
3
0
19
0
11
6
1
0
10
2
6
19
4
15
14
7
2
5
1
2
1
1
14
65
7
7
1
14
72
12
4
17
3
7
15
0
56
19
6
9
0
2
10
17
17
36
12
10
10
10
1
7
9
1
3
14
15
79
17
17
6
18
13
7
2
0
17
18
38
5
10
2
5
150
150
3
5
6
4
1
1
4
0
9
9
18
56
2
17
7
7
57
57
1
19
17
2
3
151
151
6
6
7
10
2
1
4
4
10
19
152
152
2
2
18
7
153
153
7
1
5
0
17
14
5
1
17
36
18
28
1
14
23
2
5
2
18
7
2
1
4
1
0
36
3
10
5
5
17
154
154
1
14
12
7
9
14
5
81
81
0
14
81
9
21
38
4
6
0
23
9
82
82
7
9
1
28
12
5
12
6
0
1
7
80
5
155
155
10
5
1
11
3
156
156
5
82
11
15
14
9
7
7
3
1
1
2
12
9
18
9
157
157
4
1
170
170
0
1
1
2
17
17
17
9
1
167
167
29
29
2
18
18
18
7
0
9
17
39
39
18
3
53
53
1
20
159
159
0
1
1
33
2
55
5
15
84
84
0
4
7
3
12
9
15
17
0
162
162
4
10
1
16
8
1
18
8
4
158
158
1
1
160
160
10
163
163
50
4
0
12
166
166
29
29
29
1
4
4
4
0
5
1
0
1
0
11
14
19
0
5
14
1
37
2
7
17
1
19
0
1
1
4
5
85
85
23
16
1
37
17
3
161
161
3
29
37
2
1
1
53
7
7
21
1
15
9
1
4
7
18
0
1
20
1
1
0
17
45
4
4
10
4
1
7
7
7
1
3
14
53
17
2
15
20
57
9
28
16
83
83
28
84
1
1
4
8
9
5
24
24
8
3
17
7
12
165
165
0
5
8
2
1
9
2
18
4
8
45
3
1
2
20
12
0
7
2
39
39
164
164
1
7
18
18
12
169
169
7
18
4
39
1
6
17
7
9
17
17
5
2
2
0
9
15
17
17
57
18
9
171
171
10
7
83
7
1
17
168
168
4
4
5
