80
80
12
12
12
12
7
7
36
36
44
44
9
9
10
10
10
12
45
45
10
10
10
44
44
7
10
10
10
10
10
12
12
36
12
7
12
12
10
12
36
10
10
10
9
5
5
59
59
13
13
14
14
6
6
6
6
5
60
60
16
16
14
14
25
25
6
6
6
5
37
37
6
14
6
14
14
5
6
5
14
5
6
25
6
14
6
14
14
6
5
5
14
7
7
5
14
14
60
25
13
13
5
49
49
5
5
5
16
6
37
14
14
5
49
14
14
5
5
25
81
81
5
14
6
5
6
6
6
82
82
25
25
14
25
37
25
25
5
5
5
25
6
14
14
25
59
7
37
5
14
5
37
14
49
6
6
6
10
1
1
14
7
7
10
7
7
16
16
1
27
27
19
19
46
46
8
7
7
1
4
4
5
5
16
11
11
7
4
61
61
28
28
7
19
7
4
4
7
28
6
83
83
10
7
6
50
50
22
22
31
31
2
2
10
4
7
24
24
21
21
12
1
1
78
78
18
18
21
1
10
84
84
7
31
7
10
10
1
21
7
1
4
7
12
14
10
10
5
1
9
22
28
11
21
38
38
62
62
22
4
2
7
7
14
2
31
10
10
10
10
1
11
7
7
16
10
10
20
2
4
10
4
2
50
24
28
18
10
5
14
12
7
7
24
13
14
14
7
46
4
1
14
10
6
9
3
1
10
22
10
7
7
2
4
2
14
1
21
14
1
38
1
22
10
27
7
19
19
4
4
1
16
85
85
10
4
7
27
6
50
10
3
3
7
63
63
10
6
16
16
10
4
9
7
16
11
10
5
5
11
14
10
19
14
10
10
6
19
21
6
21
46
24
24
7
10
10
46
1
19
86
86
7
87
87
10
1
4
10
1
12
7
5
1
10
1
11
1
4
38
61
22
38
38
5
14
63
10
10
13
1
19
5
64
64
88
88
89
89
9
21
10
16
4
9
9
16
2
7
22
90
90
28
10
10
64
22
9
9
9
9
9
7
7
11
7
3
9
8
8
9
17
17
11
11
18
4
9
13
17
17
9
1
21
65
65
11
11
9
9
1
6
8
7
21
9
10
10
51
51
21
11
26
26
51
26
11
11
7
10
9
21
45
17
7
21
11
10
17
7
9
26
7
7
1
21
0
17
9
11
18
11
26
21
13
11
9
9
9
17
39
39
9
11
11
11
66
66
1
17
13
13
11
11
11
26
17
9
9
9
19
17
9
9
7
7
7
7
9
66
8
9
9
17
11
30
30
10
9
11
30
1
1
30
4
11
17
9
9
7
9
9
9
11
30
17
9
9
44
9
9
17
17
9
9
11
9
17
51
9
1
21
11
1
7
17
9
9
39
4
8
31
67
67
68
68
67
52
52
91
91
52
31
31
31
52
68
17
4
19
4
1
92
92
8
8
6
4
0
4
19
40
40
4
12
8
0
13
13
4
4
0
0
0
1
0
24
4
0
21
5
5
1
0
0
0
0
12
2
2
1
4
8
0
0
0
0
0
1
1
2
2
0
16
16
8
8
6
6
3
3
4
15
15
15
0
0
0
0
0
2
34
34
0
12
47
47
0
3
3
3
7
9
20
20
6
53
53
6
0
0
0
0
2
2
15
0
0
19
2
0
0
20
0
6
16
16
23
23
3
4
0
0
0
6
0
3
0
4
0
0
4
4
4
6
1
0
54
54
23
9
34
8
8
13
20
9
0
6
20
0
0
1
3
0
0
0
0
2
23
15
3
0
0
17
6
0
13
0
5
0
0
0
6
0
6
47
6
3
3
3
0
9
8
8
0
0
0
20
20
4
4
13
5
23
12
4
8
1
1
32
32
0
4
0
0
0
2
1
23
0
19
4
6
20
20
1
6
3
13
12
32
3
0
2
2
32
4
93
93
15
0
8
1
34
4
40
20
1
1
8
3
69
69
0
0
0
4
3
0
0
3
0
4
3
0
0
5
5
0
0
6
8
12
0
4
1
4
4
0
0
0
0
13
12
4
12
4
0
0
12
2
4
12
6
20
16
4
4
4
0
4
1
0
0
0
1
54
4
13
24
16
12
4
17
9
0
4
16
6
0
0
3
0
0
0
0
0
40
4
4
3
4
1
0
0
12
6
0
0
23
15
0
0
0
6
1
15
6
6
6
12
11
11
13
6
12
0
20
0
4
23
4
8
23
0
0
6
0
0
0
3
3
0
4
32
15
11
0
0
2
6
3
6
12
12
6
6
0
24
0
0
0
0
0
34
55
55
1
6
0
2
0
6
0
17
7
12
4
0
1
1
0
13
1
45
45
6
16
4
1
4
13
0
0
0
2
0
0
4
0
70
70
0
7
0
0
0
1
0
4
0
1
4
4
0
6
4
4
54
0
94
94
0
4
0
0
0
1
15
1
4
0
3
16
0
1
4
4
0
0
0
4
4
4
13
53
0
1
20
23
20
3
6
1
2
15
32
12
16
23
4
20
1
6
0
1
3
0
13
19
1
1
6
6
3
3
12
15
5
4
0
0
20
3
4
16
8
0
0
0
3
0
6
47
71
71
4
1
15
1
4
13
0
10
2
4
2
53
1
70
13
12
19
6
1
0
32
17
24
20
10
32
1
9
13
11
71
47
6
4
4
4
6
2
40
0
6
0
2
0
12
20
6
4
24
4
0
0
0
4
0
4
1
23
14
4
2
0
6
0
0
2
0
0
34
0
13
4
13
0
2
0
0
0
0
0
0
0
6
0
0
4
7
34
13
4
1
77
77
72
72
5
4
0
24
24
13
0
0
3
0
4
0
0
0
0
11
1
23
1
13
1
0
41
41
0
0
0
21
0
4
0
4
1
15
4
13
0
0
0
9
1
23
72
0
15
40
15
73
73
5
0
2
24
2
12
3
0
0
0
1
0
21
17
0
0
0
0
0
0
0
0
0
0
16
15
20
0
0
0
4
0
0
1
0
23
3
1
0
0
0
16
0
0
0
0
0
0
0
15
0
15
13
13
13
13
95
95
96
96
13
55
13
8
8
73
3
1
1
28
7
0
1
1
1
17
29
3
3
3
3
5
8
8
27
3
6
6
3
0
0
0
8
1
8
8
69
18
18
1
7
5
2
0
0
8
1
3
3
74
74
10
0
15
3
1
8
55
11
7
17
27
27
0
3
15
10
10
2
1
1
2
3
5
3
36
3
3
3
11
11
1
3
3
1
2
8
2
3
8
2
1
2
2
14
22
22
11
2
10
7
29
29
6
2
2
3
42
42
12
18
8
3
1
3
36
9
48
48
8
8
8
13
27
1
8
0
13
4
2
28
9
8
8
2
1
8
10
10
5
2
41
41
5
48
33
33
3
8
5
11
2
0
18
3
5
42
8
8
22
5
3
5
5
8
3
17
6
3
13
11
18
8
14
16
11
2
3
3
3
39
3
8
11
3
28
2
8
3
22
16
3
2
1
1
1
2
28
22
10
1
1
1
1
9
3
5
8
8
2
3
18
39
39
41
9
18
33
8
11
11
3
3
3
9
9
2
42
74
11
22
1
1
11
42
15
48
97
97
3
1
28
1
33
9
15
7
3
15
2
22
2
5
1
9
33
10
3
3
3
4
7
18
25
15
15
2
3
8
8
1
5
3
2
3
8
5
62
33
15
2
27
41
9
2
14
2
8
0
17
5
11
5
8
29
0
0
2
1
3
16
16
5
5
5
3
5
1
1
1
2
18
14
18
5
3
5
1
2
1
1
3
5
27
14
22
0
2
2
2
8
2
2
8
15
42
15
13
33
2
3
3
5
33
27
2
18
3
3
0
3
0
7
7
11
8
8
56
56
1
1
0
2
5
5
2
1
5
3
3
1
3
105
105
1
1
2
0
2
2
2
11
43
43
2
0
1
0
0
19
18
1
16
0
3
3
19
19
0
12
4
26
26
4
3
3
8
2
2
1
1
7
107
107
4
5
19
15
15
2
2
2
2
0
5
2
2
2
19
2
79
79
35
35
4
8
5
5
3
76
76
2
2
1
0
3
3
1
1
3
2
3
5
1
1
35
2
2
18
1
2
4
4
2
4
1
56
8
20
4
5
0
3
3
4
4
5
6
2
2
2
11
0
16
4
2
0
6
2
12
19
1
4
30
30
7
17
2
2
1
1
8
15
1
58
58
1
1
1
0
7
1
19
7
6
7
0
4
5
2
3
99
99
24
2
3
1
2
3
1
2
0
0
0
1
8
3
1
2
4
5
7
7
4
8
1
2
2
2
2
12
110
110
57
57
4
2
2
3
3
4
1
58
0
2
2
1
2
30
101
101
0
1
17
2
78
11
11
75
75
2
3
1
12
5
20
8
3
1
6
43
1
4
4
4
3
2
2
1
15
3
19
1
2
15
0
1
0
0
1
2
13
3
2
108
108
3
2
1
26
2
1
3
1
1
2
29
29
0
6
6
35
35
17
1
6
3
13
12
1
1
1
0
43
4
3
98
98
5
1
2
2
3
100
100
1
3
18
29
3
2
3
2
4
43
1
3
16
0
4
3
2
2
3
7
29
2
112
112
1
12
111
111
19
1
2
1
104
104
1
2
8
0
26
3
3
2
1
1
58
5
0
3
8
2
2
3
5
5
2
4
2
9
2
15
1
9
3
2
1
43
1
5
12
15
2
2
76
77
5
5
3
18
8
18
106
106
4
20
0
18
35
35
2
0
109
109
18
2
1
1
2
6
3
2
1
1
2
75
1
15
5
1
2
1
1
7
2
30
2
2
2
2
18
26
1
3
3
26
4
0
0
0
1
5
3
2
0
2
4
2
1
3
1
103
103
13
4
2
1
29
29
0
5
5
2
2
2
48
1
2
1
79
5
2
2
2
1
1
7
2
3
2
7
56
2
4
1
11
3
4
7
3
8
2
11
3
2
16
2
1
8
1
3
12
1
15
1
2
7
1
2
9
2
2
15
102
102
4
18
3
57
5
2
4
2
4
4
0
7
2
3
6
65
0
0
1
2
5
5
1
1
3
1
2
4
3
1
1
3
11
15
1
26
1
57
1
3
