77
77
11
11
11
11
30
30
36
36
44
44
6
6
5
5
5
11
45
45
5
5
5
44
44
30
5
5
5
5
5
11
11
36
11
30
11
11
5
11
36
5
5
5
6
7
7
58
58
14
14
12
12
19
19
19
19
7
59
59
60
60
12
12
25
25
19
19
19
7
37
37
19
12
19
12
12
7
19
7
12
7
19
25
19
12
19
12
12
19
7
7
12
6
6
7
12
12
59
25
14
14
7
49
49
7
7
7
60
19
37
12
12
7
49
12
14
7
7
25
78
78
7
12
19
7
19
19
19
79
79
25
25
12
25
37
25
25
7
7
7
25
19
12
12
25
58
6
37
7
12
7
37
12
49
19
15
15
5
1
1
12
13
13
5
6
6
18
18
1
27
27
15
15
46
46
13
13
13
1
61
61
34
34
18
9
9
6
61
62
62
28
28
6
15
6
4
4
13
28
15
80
80
5
6
8
50
50
22
22
31
31
10
10
5
4
13
24
24
15
15
11
1
1
81
81
21
21
15
1
5
82
82
13
31
6
5
5
1
15
6
1
1
6
6
12
5
5
34
1
6
22
28
9
15
38
38
63
63
22
4
10
6
6
12
21
31
5
5
5
5
1
9
6
6
18
5
5
20
10
4
5
4
10
50
24
28
21
5
34
12
11
6
6
24
14
12
12
13
46
4
1
12
5
15
6
2
1
5
22
5
6
6
21
4
21
12
1
15
12
1
38
1
22
5
27
6
15
15
4
4
1
18
83
83
5
4
6
27
15
50
5
2
2
13
64
64
5
15
18
18
5
4
6
13
18
9
5
7
7
9
12
5
15
12
5
5
15
15
15
15
15
46
24
24
6
5
5
46
1
15
84
84
13
85
85
5
1
4
5
1
6
13
34
1
5
1
9
1
4
38
62
22
38
38
34
12
64
5
5
14
1
15
34
65
65
86
86
87
87
6
15
5
18
4
6
6
18
10
6
22
88
88
28
5
5
65
22
8
8
8
8
8
6
6
9
6
8
8
26
26
8
13
13
9
9
21
4
8
11
13
13
8
1
15
89
89
9
9
8
8
1
19
26
6
15
8
5
5
51
51
15
9
39
39
51
39
9
9
6
5
8
15
45
13
6
15
9
5
13
6
8
39
6
6
1
15
0
13
6
9
21
9
39
15
1
9
8
8
8
13
40
40
8
9
9
9
66
66
1
13
11
11
9
9
9
39
13
8
8
8
8
13
8
8
6
6
6
6
8
66
26
8
8
13
9
47
47
5
8
9
47
1
1
47
4
9
13
8
8
6
8
8
8
9
47
13
8
8
44
8
8
13
13
8
8
9
8
13
51
8
1
15
9
1
6
13
8
8
40
4
26
31
67
67
68
68
67
52
52
90
90
52
31
31
31
52
68
13
4
2
4
1
91
91
1
1
10
4
0
0
0
41
41
3
11
11
0
14
14
3
3
0
0
0
0
0
24
4
0
15
7
7
1
0
0
0
0
11
3
3
4
4
1
0
0
0
0
0
4
4
53
53
0
18
18
26
26
10
10
2
2
10
17
0
17
0
0
0
0
0
2
35
35
0
11
48
48
0
2
2
2
30
6
20
20
10
54
54
10
0
0
0
0
53
3
14
0
0
1
3
0
0
20
29
10
18
18
23
23
2
3
0
0
0
0
0
2
0
4
0
0
3
3
3
3
1
0
55
55
23
6
35
1
1
14
20
10
0
10
20
0
0
1
17
0
0
0
0
0
23
17
0
0
0
13
0
0
14
0
7
0
0
0
10
0
10
48
10
2
2
10
0
8
26
26
0
0
0
20
20
4
4
14
7
23
11
4
26
1
1
32
32
0
3
0
0
0
53
1
23
0
4
3
10
20
20
1
8
2
14
11
32
2
0
0
3
32
4
92
92
17
0
1
1
35
4
41
20
1
1
1
2
76
76
0
0
0
4
3
0
0
2
0
4
2
0
0
7
7
0
0
1
11
11
0
4
4
4
17
0
0
0
0
14
11
4
16
4
0
0
11
3
4
11
10
20
18
4
4
4
0
4
1
0
0
0
1
55
3
14
24
18
11
4
13
6
0
4
18
0
0
0
2
0
0
0
0
29
41
4
4
2
4
1
0
0
11
0
0
0
23
11
0
0
0
10
0
17
10
10
10
11
9
9
14
10
11
0
20
0
3
23
4
26
23
0
0
0
0
0
0
2
2
0
3
32
17
3
0
0
3
10
10
10
11
11
10
10
0
24
0
0
0
0
0
35
56
56
1
10
0
0
0
0
0
13
30
11
4
0
1
1
0
14
4
45
45
10
18
4
1
4
14
0
0
0
0
0
0
3
0
69
69
0
30
0
0
0
1
0
3
0
1
4
4
0
10
4
4
55
0
93
93
0
4
0
0
0
1
17
1
3
0
2
18
0
1
4
3
0
0
0
4
3
4
14
54
0
1
20
23
20
2
10
0
3
17
32
11
18
23
4
20
1
10
0
1
2
0
14
1
1
4
10
8
2
2
11
4
7
3
0
0
20
2
4
18
11
0
0
0
2
0
10
48
70
70
3
1
17
1
4
14
0
5
3
3
3
54
1
69
14
11
15
10
1
0
32
13
24
20
5
32
1
6
14
9
70
48
10
3
0
0
0
3
41
0
10
0
3
0
11
20
10
4
24
4
0
0
0
3
0
3
1
23
12
3
3
0
0
0
0
3
0
0
35
0
14
4
14
0
3
0
0
0
0
0
0
0
8
0
0
4
30
35
14
4
1
94
94
71
71
7
4
0
24
24
14
0
0
4
0
3
0
0
0
0
3
1
23
1
14
1
0
42
42
0
0
0
15
0
3
0
10
1
17
4
14
0
0
0
6
1
23
71
0
17
41
17
72
72
7
0
3
24
0
11
4
0
0
0
1
0
15
13
0
0
0
0
0
0
0
0
0
0
18
17
20
0
0
0
4
0
0
1
0
23
0
1
0
0
0
18
0
0
0
0
0
0
0
17
0
17
14
14
14
14
95
95
96
96
14
56
14
16
16
72
2
1
1
28
6
0
1
1
1
13
1
2
2
2
2
7
16
16
27
2
74
74
2
29
29
0
16
1
16
16
76
21
21
1
6
7
3
0
0
16
1
2
2
73
73
5
0
17
2
1
16
56
3
6
13
27
27
29
2
17
5
5
2
1
1
3
2
7
2
36
2
2
2
9
9
1
2
2
1
3
16
3
2
16
17
1
3
3
12
22
22
3
3
5
6
75
75
3
3
3
2
43
43
11
21
16
2
1
2
36
8
57
57
26
26
16
16
27
1
16
29
14
2
3
28
8
16
16
3
1
16
5
5
7
3
42
42
7
57
33
33
2
16
7
9
3
0
21
2
7
43
16
16
22
7
2
7
7
16
2
13
74
2
14
9
21
16
12
18
9
3
2
2
2
40
2
16
3
2
28
3
16
2
22
18
2
3
1
1
16
2
28
22
5
1
1
1
1
8
2
7
16
16
3
3
21
40
40
42
8
21
33
16
9
9
2
2
2
8
8
3
43
73
9
22
16
1
9
43
17
57
97
97
2
1
28
1
33
8
17
6
2
17
3
22
3
7
1
8
33
5
2
2
2
2
6
21
25
17
17
2
2
16
16
1
7
2
3
2
16
7
63
33
17
3
27
42
8
3
12
17
16
0
13
7
9
7
16
75
29
29
3
1
2
98
98
7
7
7
2
7
1
1
1
3
21
12
21
7
2
7
1
3
1
1
3
7
27
12
22
0
3
3
3
16
3
3
16
17
43
17
14
33
3
2
2
7
33
27
3
21
2
2
29
2
