51
51
13
13
13
13
31
31
32
32
27
27
14
14
0
0
0
13
39
39
0
0
0
27
27
31
0
0
0
0
0
33
33
32
13
31
13
33
0
33
32
0
0
0
14
8
8
40
40
18
18
3
3
9
9
9
9
8
41
41
42
42
3
3
11
11
9
9
9
8
20
20
9
3
9
3
3
8
9
8
3
8
9
11
9
3
9
3
3
9
8
8
3
2
2
8
3
3
41
11
18
18
8
34
34
8
8
8
42
9
20
3
3
8
34
3
3
8
8
11
52
52
8
3
9
8
9
9
9
53
53
11
11
3
11
20
11
11
8
8
8
11
9
3
3
11
40
2
20
8
3
8
20
3
34
9
4
4
0
5
5
3
6
6
0
2
2
12
12
5
35
35
4
4
28
28
6
6
6
5
43
43
19
19
12
7
7
2
43
44
44
21
21
2
4
2
10
10
6
21
4
54
54
0
2
4
36
36
15
15
16
16
22
22
0
10
6
23
23
4
4
13
5
5
55
55
17
17
4
5
0
56
56
6
16
2
0
0
5
4
2
5
5
2
2
3
0
0
19
5
14
15
21
7
4
24
24
57
57
15
10
22
2
2
3
17
16
0
0
0
0
5
7
2
2
12
0
0
0
22
10
0
10
22
36
23
21
17
0
19
3
13
2
2
23
18
3
3
6
28
10
5
3
0
4
14
4
5
0
15
0
2
2
17
10
17
3
5
4
3
5
24
5
15
0
35
2
4
4
10
10
5
12
58
58
0
10
2
35
4
36
25
59
59
6
45
45
0
4
12
12
0
10
14
6
12
7
0
8
8
7
3
0
4
3
0
0
4
4
4
4
5
28
23
23
2
0
0
28
5
4
60
60
6
61
61
0
5
10
0
5
2
6
19
5
0
5
7
5
10
24
44
15
24
24
19
3
45
0
0
18
5
4
19
46
46
62
62
63
63
14
4
0
12
10
14
14
12
22
2
15
64
64
21
0
0
46
15
1
1
1
1
1
2
2
7
2
1
1
29
29
1
6
6
7
7
17
10
1
18
6
6
1
5
4
65
65
7
7
1
1
5
9
29
2
4
1
25
25
37
37
4
7
26
26
37
26
7
7
2
25
1
4
39
6
2
4
7
25
6
2
1
26
2
2
5
4
1
6
2
7
17
7
26
4
5
7
1
1
1
6
47
47
1
7
7
7
48
48
5
6
66
66
7
7
7
26
6
1
1
1
1
6
1
1
2
2
2
2
1
48
29
1
1
6
7
30
30
25
1
7
30
5
5
30
10
7
6
1
1
2
1
1
1
7
30
6
1
1
27
1
1
6
6
1
1
7
1
6
37
1
5
4
7
5
2
6
1
1
47
10
29
16
49
49
50
50
49
38
38
67
67
38
16
16
16
38
50
