93
93
11
11
11
11
12
12
36
36
2
2
8
8
13
13
13
11
43
43
13
13
13
2
2
12
13
13
13
13
13
11
11
36
11
12
6
5
13
11
36
13
13
13
8
2
2
66
66
15
15
10
10
0
0
0
0
2
7
7
21
21
10
10
15
15
0
0
0
2
9
9
0
10
0
10
10
2
0
2
5
11
0
15
0
10
0
10
10
0
2
2
10
12
12
2
10
10
7
15
15
15
2
4
4
2
2
2
21
0
9
4
10
2
4
10
10
2
2
15
94
94
2
10
0
2
0
0
0
95
95
15
15
2
15
9
15
15
2
2
2
15
0
10
10
15
66
12
9
2
10
8
9
10
4
0
4
1
13
1
2
10
12
12
13
12
7
21
21
1
29
29
4
4
44
44
8
12
12
1
4
4
2
10
21
14
14
12
4
2
2
18
18
12
4
12
18
18
12
18
4
96
96
13
12
8
48
48
18
18
17
17
7
7
13
18
12
9
9
17
17
11
1
1
30
30
22
22
17
1
13
97
97
12
0
12
13
13
1
17
12
1
1
12
12
10
13
13
2
1
8
18
18
14
17
37
37
67
67
18
18
7
12
12
10
3
17
13
13
13
13
1
14
12
25
21
13
13
24
7
18
13
18
7
48
9
18
22
13
2
10
11
12
12
9
15
12
12
12
44
18
1
2
13
4
8
9
1
13
18
3
12
12
3
18
3
1
1
1
10
1
37
1
18
18
29
12
4
4
4
18
1
21
98
98
13
18
12
29
4
48
13
9
9
12
68
68
13
4
21
21
13
18
8
12
21
14
8
2
2
14
10
13
4
10
13
13
4
4
17
4
17
44
9
9
12
13
13
44
1
4
16
16
12
2
2
13
1
18
13
1
12
12
2
1
13
1
0
1
18
37
2
18
37
37
2
10
68
13
13
15
1
4
2
5
5
19
19
99
99
8
1
13
21
18
8
8
21
7
12
18
100
100
18
13
13
5
18
8
8
8
8
8
12
12
14
12
8
8
20
20
8
14
14
14
14
22
18
8
15
14
14
8
1
1
69
69
14
14
8
0
1
0
20
12
1
8
13
13
4
4
1
14
20
20
4
20
14
14
12
13
2
1
43
14
12
1
14
13
14
12
8
20
12
12
1
1
8
14
12
14
22
14
20
1
15
14
8
8
8
14
32
32
8
14
14
14
70
70
1
14
15
15
14
14
14
20
14
8
8
8
4
14
8
8
12
12
12
12
8
70
20
14
8
14
14
28
28
13
8
14
28
1
1
28
18
14
14
8
8
12
8
8
8
14
28
14
8
8
2
8
8
14
14
8
8
14
8
14
4
8
1
1
14
5
12
14
8
4
32
18
20
17
71
71
8
8
71
49
49
0
0
49
17
17
17
49
8
14
4
9
2
9
6
6
11
11
0
4
0
4
4
26
26
4
11
11
0
15
15
0
0
0
0
0
0
5
9
0
0
17
2
2
1
16
0
0
0
11
3
3
4
4
11
0
0
0
0
0
1
10
15
15
0
21
21
20
20
0
0
5
5
8
0
0
2
0
0
0
0
0
5
16
16
5
11
19
19
0
9
9
9
12
12
24
24
0
50
50
0
0
0
0
0
3
5
0
0
0
1
10
0
0
24
0
0
21
21
25
25
5
1
0
0
0
0
0
9
0
4
0
0
0
10
0
0
1
0
38
38
25
12
16
11
11
15
24
8
0
0
24
1
0
1
7
4
10
0
0
0
25
0
4
0
1
14
0
0
15
0
2
0
0
16
0
0
0
19
0
9
9
0
0
8
20
20
5
0
0
24
24
4
3
15
2
25
11
4
20
1
1
7
7
0
0
0
0
0
15
1
25
0
4
4
0
24
24
1
8
9
15
11
7
3
10
5
10
7
4
101
101
0
0
11
1
16
4
26
24
7
1
20
9
51
51
0
0
0
4
4
0
16
5
0
4
5
16
0
2
2
0
1
1
11
11
1
4
4
0
2
4
0
0
0
15
11
4
11
2
0
0
11
2
4
11
0
24
21
1
4
4
0
4
1
0
0
5
4
38
4
15
9
21
11
4
14
12
0
4
21
0
0
0
4
0
0
10
0
0
26
2
2
5
4
4
0
0
11
0
0
0
25
0
0
0
0
0
11
0
0
0
0
11
0
0
15
8
11
4
24
0
4
25
4
20
25
0
0
0
0
0
0
1
1
0
0
7
0
0
17
4
3
0
9
1
11
11
0
0
0
9
0
0
0
0
0
16
52
52
8
0
4
5
0
0
0
14
12
11
4
0
1
1
0
15
4
43
43
0
21
4
1
5
15
0
0
0
5
16
0
0
0
3
3
0
12
0
0
0
9
0
0
0
1
2
1
0
0
4
4
38
0
102
102
0
2
0
0
0
1
0
1
13
0
5
21
0
1
4
0
0
0
0
1
0
4
15
50
0
4
24
25
24
9
1
11
5
0
7
11
21
25
4
24
0
0
8
1
9
0
15
1
1
4
0
8
9
1
11
4
2
9
0
0
24
9
4
21
11
0
1
0
9
16
0
19
72
72
0
1
0
1
4
15
0
13
3
2
10
50
1
3
15
11
4
0
1
0
7
14
9
24
13
7
1
12
15
0
72
19
0
1
4
4
0
0
26
0
0
16
0
0
11
24
0
4
9
4
0
0
16
0
0
4
1
25
10
0
10
8
0
0
0
3
16
0
9
16
15
4
1
0
2
0
8
0
0
16
0
0
8
0
0
4
12
16
15
4
4
73
73
39
39
2
2
8
9
9
15
0
0
4
16
5
0
0
0
0
0
8
25
1
1
1
0
19
19
0
0
0
10
16
4
5
9
1
0
4
1
0
0
0
12
4
25
39
0
4
26
0
11
11
2
0
10
9
5
11
4
0
0
0
1
0
17
14
0
16
16
16
0
0
0
0
0
0
21
0
24
0
10
0
4
0
0
11
0
25
5
1
16
16
0
13
16
0
0
0
0
0
0
0
0
4
15
15
15
15
103
103
19
19
15
52
15
11
11
11
7
1
1
17
12
0
1
1
1
14
17
9
9
9
9
2
11
11
29
6
0
0
9
0
0
0
5
1
1
1
51
22
22
1
12
2
10
0
0
11
1
9
9
74
74
13
0
2
9
1
11
52
0
12
14
29
29
0
9
2
13
13
9
1
1
10
9
2
9
36
9
9
9
7
7
1
7
9
3
10
1
10
9
11
10
5
5
3
2
18
18
0
10
13
12
17
17
0
10
5
9
10
10
11
22
11
9
1
7
36
6
3
3
20
20
1
11
29
1
1
0
15
9
10
17
8
11
11
10
1
11
13
13
2
10
19
19
2
3
10
10
9
11
2
7
10
0
22
4
2
10
11
5
18
2
9
6
2
11
9
14
4
9
15
7
22
11
2
21
7
10
9
9
9
32
9
11
1
9
17
3
1
9
18
21
9
10
1
1
1
9
17
18
13
1
1
1
1
8
9
2
11
11
10
10
22
32
32
19
8
22
10
1
7
7
4
4
9
8
17
10
10
74
7
18
1
1
7
10
2
3
5
5
9
1
17
1
10
8
2
12
9
2
10
18
10
2
1
8
10
13
9
9
9
9
12
22
15
2
2
3
9
11
4
1
2
9
10
9
1
2
67
10
2
10
29
19
8
10
2
2
11
0
14
2
7
2
11
17
0
0
10
1
9
21
21
2
2
2
9
2
1
1
1
10
22
10
22
2
9
2
1
10
11
11
10
2
29
10
18
0
10
22
10
1
10
1
11
2
10
2
1
10
2
9
9
4
10
29
10
22
4
9
0
9
16
12
12
0
11
11
53
53
1
1
16
5
2
2
5
1
4
5
5
1
5
6
6
1
1
5
16
3
3
5
0
40
40
3
16
1
16
16
4
22
1
21
16
5
4
4
4
16
11
9
20
20
9
7
7
11
3
3
1
1
12
104
104
4
2
4
16
7
5
5
5
3
16
2
5
10
10
4
3
75
75
30
30
4
11
2
2
7
76
76
3
3
1
16
4
5
1
1
7
3
4
4
11
1
30
3
3
22
11
5
4
4
3
4
11
53
11
24
9
5
0
5
7
4
4
2
4
2
3
5
0
16
21
4
3
16
0
1
11
4
11
17
28
1
12
14
5
5
1
6
11
15
1
54
54
10
1
1
16
12
1
4
12
0
12
16
4
2
5
4
105
105
9
5
2
1
5
3
10
3
16
16
16
4
20
5
1
10
4
0
12
12
4
11
16
5
3
3
5
6
106
106
55
55
4
3
3
7
4
4
1
54
16
3
5
1
3
28
107
107
0
1
14
5
30
7
7
77
77
3
7
1
12
2
24
11
4
10
0
40
10
4
4
4
5
5
5
1
16
5
4
1
3
16
16
1
16
16
1
3
15
2
5
108
108
5
9
1
20
5
11
4
1
1
1
17
17
16
0
0
30
30
14
1
0
5
15
11
1
1
8
16
40
4
7
109
109
2
1
5
2
0
110
110
1
4
22
17
9
3
2
3
13
40
1
5
21
10
4
4
5
5
5
12
17
3
111
111
11
11
112
112
4
10
3
1
78
78
1
3
11
8
20
9
5
3
1
4
54
2
16
4
11
5
5
4
2
2
5
4
3
17
3
1
1
17
5
5
1
40
1
2
5
0
3
3
76
73
2
4
9
22
5
22
7
7
4
24
16
22
30
30
3
16
113
113
22
9
5
1
5
7
4
2
1
1
3
77
1
16
2
1
5
1
1
12
5
28
5
3
3
3
22
20
1
5
6
20
9
16
16
2
1
2
5
3
16
3
4
3
6
5
1
3
3
15
4
3
1
17
17
16
2
2
5
3
3
3
0
5
6
75
17
7
3
5
15
1
12
4
7
3
12
53
3
4
1
7
5
9
12
9
11
5
7
4
3
21
3
1
11
15
4
5
1
7
1
3
12
10
5
17
2
2
16
33
33
4
22
1
55
2
5
9
5
4
4
16
12
5
9
0
69
16
0
1
5
2
2
1
6
5
1
5
4
5
1
15
5
0
16
6
20
1
55
1
4
2
2
2
2
2
1
10
5
11
2
2
13
13
2
2
2
11
19
20
1
2
5
2
2
19
9
11
1
2
2
2
2
2
11
9
25
2
7
19
2
2
7
2
5
5
1
20
20
2
20
20
20
24
1
19
2
2
11
11
2
2
2
8
2
6
18
9
20
1
20
2
1
19
18
2
5
18
11
2
2
12
2
4
12
2
5
11
2
19
2
2
2
2
2
9
19
4
2
2
5
5
114
114
11
115
115
10
4
20
20
2
20
10
19
10
2
8
20
20
2
11
9
19
24
7
2
2
10
11
11
2
116
116
7
7
17
117
117
4
0
0
16
5
5
4
4
4
8
11
45
45
78
31
31
17
8
4
16
2
10
4
16
16
5
11
17
2
2
17
17
5
26
5
13
13
15
16
14
2
18
18
4
4
3
10
17
11
46
46
12
3
5
17
8
0
14
16
63
63
8
0
3
4
118
118
3
14
17
9
3
41
41
8
2
8
8
26
5
0
7
2
16
17
17
14
0
14
14
14
0
17
26
26
1
1
1
3
5
5
12
12
5
5
5
4
38
12
4
3
10
7
7
8
7
8
5
16
5
5
9
12
3
3
12
7
15
15
11
5
12
10
7
5
12
4
9
17
15
8
8
3
119
119
3
8
5
3
46
46
4
8
5
4
41
0
4
5
3
17
26
63
26
5
5
13
15
7
41
41
11
79
79
79
14
5
9
18
2
4
5
14
14
17
17
11
5
45
8
11
15
3
26
7
33
8
5
80
80
7
51
5
2
26
17
17
2
16
0
1
1
1
3
14
9
2
11
2
8
5
14
2
5
5
5
5
5
8
8
47
47
1
14
14
10
1
0
4
8
8
17
4
0
5
2
12
26
4
0
0
16
9
1
19
8
14
31
3
2
8
38
5
2
2
45
45
17
33
1
5
13
3
120
120
11
26
16
5
31
12
7
7
15
15
15
5
6
15
17
17
10
2
26
2
26
5
26
11
16
41
1
80
15
18
4
12
4
8
18
15
4
8
0
0
13
31
1
17
16
5
5
5
0
13
13
46
31
9
7
14
14
15
15
10
4
4
10
9
9
9
7
7
3
4
1
5
56
56
13
13
7
4
5
1
2
4
7
7
2
4
14
8
7
8
3
13
7
10
1
9
5
19
1
5
0
7
15
14
14
7
5
7
81
81
1
0
1
9
8
0
10
10
57
57
7
8
19
19
1
9
20
7
1
7
7
4
10
1
10
12
7
31
15
15
5
0
0
14
9
56
9
4
8
8
3
3
5
4
8
9
10
1
19
8
8
4
4
0
4
5
3
4
3
4
4
4
13
4
7
7
7
9
8
1
1
8
7
19
4
4
4
58
58
1
1
9
7
7
0
13
15
7
7
20
7
121
121
5
34
34
13
7
7
7
2
6
10
2
5
3
3
5
7
1
4
0
8
8
11
7
0
7
59
59
24
59
1
122
122
34
4
4
14
9
7
4
1
14
7
11
12
0
19
1
1
13
14
13
2
3
34
4
4
123
123
8
5
8
4
4
22
14
14
6
16
14
14
3
5
3
9
3
0
82
82
14
15
10
14
14
14
4
3
6
6
3
9
4
3
19
1
1
1
0
4
8
7
8
10
2
8
2
5
28
3
28
7
7
1
7
7
4
5
2
2
0
59
7
10
7
7
7
1
0
19
4
7
14
15
2
8
9
0
57
10
7
5
6
0
8
1
15
8
9
8
34
4
15
0
4
7
8
2
124
124
6
1
7
9
3
3
57
4
8
7
9
5
14
5
1
5
58
0
2
4
15
4
1
19
6
5
58
15
1
34
5
0
7
1
0
1
2
14
7
5
10
4
12
3
4
34
8
1
4
3
1
6
7
4
8
1
1
4
0
0
4
14
82
7
4
4
1
3
81
1
60
60
12
12
0
60
16
16
5
16
23
23
6
10
3
7
0
23
23
0
125
125
2
2
6
0
0
6
39
2
10
2
6
2
6
2
2
1
2
1
0
0
6
10
2
6
2
6
16
0
0
0
0
1
2
2
16
16
5
23
23
2
23
6
6
26
2
20
6
4
23
1
16
22
7
0
0
6
4
5
23
23
6
0
0
6
0
10
23
9
5
0
6
16
6
19
5
23
2
2
7
19
5
6
2
5
16
8
5
23
12
0
0
10
6
6
20
0
6
0
1
6
5
6
6
6
0
6
5
2
19
4
2
10
5
2
4
6
23
0
0
0
20
6
6
6
16
17
6
16
4
6
16
0
6
10
5
4
11
2
2
23
10
16
13
0
6
6
28
28
31
31
19
0
2
5
19
1
4
2
5
60
6
4
4
0
126
126
6
6
5
6
2
5
15
6
13
6
13
0
7
0
5
6
0
16
6
6
6
23
0
23
0
0
11
5
6
5
5
2
6
13
6
6
23
6
11
14
6
6
6
19
16
23
23
6
13
13
1
3
6
6
6
6
17
23
23
2
2
9
2
2
13
7
7
6
15
7
7
18
18
7
6
9
9
1
6
1
61
61
13
6
2
6
13
13
6
6
7
6
9
6
6
6
6
19
6
3
3
6
83
83
18
0
6
17
35
35
0
0
42
42
6
9
8
9
9
1
7
1
6
6
9
6
13
9
0
6
18
3
6
1
3
1
9
3
7
15
2
2
2
0
2
19
2
6
2
42
1
1
2
6
1
1
1
1
2
18
6
6
42
8
6
18
8
4
0
15
9
35
9
42
127
127
7
13
9
7
2
23
6
6
6
13
8
13
7
18
13
19
3
6
6
6
1
62
62
7
6
6
2
6
23
23
2
61
3
23
18
83
1
35
62
6
5
12
6
8
7
6
6
8
6
16
3
5
6
6
13
6
15
6
61
1
6
9
9
13
1
8
35
13
0
3
7
1
35
8
1
9
6
9
10
35
13
4
13
6
7
7
13
128
128
6
12
0
62
42
6
6
15
9
0
6
1
8
3
3
7
18
92
92
92
7
6
12
7
27
27
6
27
27
7
5
19
7
1
7
8
6
1
2
2
1
10
8
8
6
65
65
6
6
3
7
5
6
6
12
3
10
6
1
5
85
85
10
10
6
6
5
5
5
3
13
12
1
15
15
11
3
3
9
5
7
3
3
2
1
27
27
2
7
7
11
87
87
10
10
1
5
87
7
8
5
7
6
12
12
6
25
9
1
10
18
15
6
7
8
8
8
3
7
8
8
1
8
11
6
3
25
25
1
6
10
3
1
13
3
3
3
3
27
7
0
8
7
5
131
131
3
14
1
1
1
2
10
7
8
6
9
6
1
8
7
1
3
1
10
89
89
27
129
129
3
3
3
3
1
2
90
90
63
88
88
5
2
10
27
11
9
27
3
9
3
6
7
6
3
3
6
1
7
9
8
2
15
11
5
3
3
6
3
2
3
3
3
65
65
10
33
3
3
3
7
134
134
3
3
15
3
3
3
3
3
47
47
1
56
1
86
86
23
7
7
7
6
15
5
8
1
23
6
3
25
6
133
133
3
8
2
33
3
3
19
1
6
27
7
5
7
11
3
8
1
10
14
11
32
3
3
15
15
27
3
14
2
3
3
3
6
6
1
6
6
1
1
8
3
3
1
7
6
6
27
6
88
5
8
64
64
6
47
11
5
1
1
3
2
3
5
7
91
91
6
6
12
12
2
3
3
3
0
27
3
3
3
4
19
3
3
2
2
0
8
9
7
6
19
25
7
3
3
3
90
3
6
3
3
9
6
15
3
3
3
89
2
85
8
9
7
8
8
6
6
3
8
5
7
2
1
14
13
7
1
9
19
11
7
3
0
19
3
8
8
2
8
3
6
14
2
3
3
8
8
6
91
86
1
8
8
3
3
0
9
9
33
6
6
0
14
7
27
9
1
1
5
3
3
3
3
84
84
84
8
3
3
3
3
3
8
3
18
3
3
3
3
3
3
27
3
3
3
39
3
3
3
0
7
3
3
27
3
3
3
2
9
6
9
5
39
132
132
5
3
3
3
3
3
3
3
3
1
8
27
5
9
5
6
19
3
8
3
7
7
10
1
10
19
3
1
3
64
3
3
3
3
3
7
3
1
130
130
3
1
8
25
3
3
6
64
11
6
