89
89
9
9
9
0
10
10
17
17
11
11
3
3
6
6
6
9
36
36
6
6
6
11
11
10
6
6
6
6
6
9
9
17
9
10
0
4
6
9
17
6
6
6
3
8
8
60
60
10
10
13
13
13
13
13
13
8
4
4
12
12
13
13
9
6
13
13
2
8
0
0
13
13
13
13
13
8
13
8
4
8
13
9
13
13
13
13
13
2
8
8
13
10
10
8
13
13
4
9
10
10
8
4
4
8
8
8
12
13
0
0
1
8
4
12
3
8
8
9
90
90
8
13
13
8
13
13
13
91
91
9
9
5
9
0
9
6
8
8
8
9
13
13
13
9
60
10
0
5
13
3
0
13
8
13
5
5
6
5
0
14
10
10
6
10
7
12
12
5
7
3
5
5
5
5
3
10
10
5
0
0
11
13
12
7
7
10
0
4
4
12
12
10
5
10
6
6
10
1
5
92
92
6
10
3
46
46
6
6
8
8
4
4
6
6
10
4
4
5
5
9
5
5
25
25
1
1
5
5
6
93
93
10
8
10
6
6
5
5
10
0
0
10
10
13
6
6
11
5
3
6
12
7
3
3
3
61
61
6
6
4
10
10
4
1
8
6
6
6
6
5
7
10
6
12
6
0
6
4
0
6
6
4
46
4
12
1
6
11
13
9
10
10
4
10
10
10
10
5
6
5
8
6
7
10
4
1
6
6
1
10
10
1
4
1
4
5
3
13
5
3
5
6
6
7
10
5
5
0
6
5
12
2
2
6
0
10
7
5
46
6
4
4
10
0
0
6
5
12
12
6
6
3
10
12
7
6
12
12
7
13
6
3
13
6
6
5
2
5
5
5
5
4
4
10
7
1
5
5
5
16
16
10
0
0
6
5
0
6
5
10
10
11
5
6
5
7
5
6
3
4
6
0
3
11
13
0
1
6
9
3
2
8
1
1
15
15
94
94
3
3
6
12
6
3
5
1
2
10
6
95
95
12
6
6
1
6
3
3
3
0
3
10
10
7
10
3
3
6
6
3
7
7
7
7
1
6
7
10
7
7
0
5
3
62
62
7
7
3
3
2
13
0
10
3
3
6
6
5
5
3
7
6
6
5
6
7
7
10
6
3
3
36
7
1
3
7
6
7
10
3
6
10
10
5
5
3
7
10
7
1
7
6
0
9
7
3
3
3
7
20
20
3
7
7
7
6
6
5
7
10
10
7
7
7
6
7
3
3
3
3
7
0
3
10
10
10
10
3
6
6
3
3
7
7
9
9
6
10
7
9
5
4
9
6
7
7
3
3
10
3
3
3
7
9
7
5
3
11
3
3
7
7
3
3
7
3
7
5
0
3
3
7
4
7
7
3
3
20
6
6
8
16
16
1
1
16
18
18
13
13
18
8
2
8
0
1
7
0
0
0
0
0
0
5
5
2
2
2
0
5
14
14
0
9
9
2
9
9
5
0
2
2
2
5
4
4
3
3
2
8
8
5
2
2
2
2
9
1
1
7
0
9
2
2
2
2
2
0
5
17
17
2
12
12
37
37
2
5
0
1
3
0
2
0
2
2
2
2
2
4
2
2
4
9
15
15
2
4
4
4
10
10
6
6
2
3
3
2
2
2
2
2
4
4
0
2
2
5
0
2
2
6
2
2
12
12
6
6
4
3
2
2
2
2
2
4
2
3
2
2
2
0
3
2
5
2
31
31
6
10
3
5
5
9
6
5
2
16
6
2
2
5
0
3
5
0
2
1
6
2
3
2
2
7
2
2
9
2
8
2
2
2
2
2
2
15
2
7
7
4
3
3
6
6
2
2
2
6
6
3
1
9
8
6
9
0
1
5
5
0
0
2
3
2
2
2
17
5
6
2
8
0
7
6
6
0
3
0
9
9
0
1
0
4
5
0
0
96
96
0
2
5
5
2
0
14
6
0
0
5
4
47
47
2
2
8
3
0
2
2
0
2
5
4
2
2
8
8
2
3
3
0
9
3
0
0
3
2
3
2
2
2
9
9
5
9
0
2
2
9
8
5
9
5
6
12
0
5
3
4
8
0
13
3
1
5
31
0
0
4
12
9
3
7
10
2
6
12
2
2
2
4
2
2
5
2
2
14
0
3
0
3
5
3
2
9
2
2
2
6
0
2
2
2
2
5
0
2
3
0
9
4
4
9
5
9
2
6
2
5
6
5
6
6
0
2
2
2
2
2
4
5
3
8
0
2
7
2
2
1
2
4
3
9
9
2
16
2
3
2
2
1
2
2
2
30
30
5
3
3
4
2
13
2
2
10
9
0
30
5
2
2
9
0
36
36
2
12
0
5
4
9
3
2
2
4
2
3
2
2
11
11
2
6
2
2
2
7
2
2
2
3
0
0
2
1
0
0
31
2
23
23
2
0
2
2
2
0
0
5
0
2
0
12
2
5
0
2
2
2
2
0
2
0
9
3
2
0
2
6
6
7
3
5
4
2
0
9
12
6
0
6
2
2
3
0
2
2
9
5
5
3
0
3
4
4
9
5
8
0
2
2
6
4
5
12
0
2
2
2
3
2
0
15
63
63
1
5
2
5
0
9
2
0
1
0
5
3
5
11
9
9
5
2
5
2
0
2
4
6
6
0
0
10
5
2
63
15
2
3
3
3
2
4
14
2
11
2
0
2
9
6
2
0
4
0
2
2
2
5
3
3
5
6
8
2
5
3
2
2
2
1
2
2
2
2
9
0
0
2
8
2
3
2
2
2
2
2
3
2
3
3
10
2
9
0
0
7
7
39
39
8
0
3
4
4
9
2
2
0
2
1
2
2
2
2
7
3
6
5
5
5
2
15
15
2
2
2
5
2
0
4
3
5
0
0
0
3
2
2
10
4
6
39
2
0
14
0
8
8
8
2
5
4
4
9
0
2
2
2
5
2
3
7
2
2
2
2
2
2
2
2
2
2
12
0
6
2
2
2
3
2
2
5
2
6
2
0
2
2
2
12
2
2
2
2
2
2
2
0
2
0
9
9
9
9
97
97
15
15
9
30
9
9
1
8
7
5
5
12
10
2
5
5
5
7
21
4
0
7
7
1
9
9
7
0
13
13
0
2
2
82
0
1
9
8
47
1
1
7
10
1
5
2
2
9
1
4
1
64
64
6
2
0
4
5
9
30
7
10
7
7
7
2
4
5
6
6
4
5
5
5
7
8
4
17
1
7
0
4
4
5
0
4
1
5
1
5
4
9
0
1
4
1
5
6
6
7
1
6
10
21
21
13
5
4
7
5
5
9
1
9
7
5
2
17
5
1
14
37
37
9
9
5
5
9
2
9
3
16
1
3
9
9
5
5
9
6
6
8
0
15
15
8
1
5
5
4
9
0
4
5
2
1
0
8
5
9
9
6
0
7
1
8
9
4
7
0
4
9
4
1
9
5
12
2
1
7
7
0
20
4
9
0
7
12
1
9
4
6
12
0
5
5
5
5
4
1
6
6
5
5
3
5
3
0
0
9
9
12
1
1
20
20
15
3
1
5
9
14
4
4
4
7
3
3
5
5
64
4
6
5
5
4
5
3
1
1
1
0
5
12
13
5
5
8
10
4
8
1
6
5
1
5
5
5
6
4
0
4
4
10
1
9
0
2
1
0
9
8
5
8
4
1
7
9
11
61
1
2
5
7
15
3
5
5
1
9
1
0
8
4
8
9
21
2
2
5
5
4
12
12
1
8
8
5
8
5
2
5
5
1
13
1
1
0
8
5
5
9
9
3
8
7
3
6
2
5
11
5
0
1
5
0
0
5
0
5
5
5
3
4
8
0
7
1
1
4
7
2
4
2
10
10
7
5
5
48
48
5
0
16
0
8
8
4
5
1
1
1
5
0
0
0
0
3
0
2
1
1
4
7
7
7
1
16
1
2
16
5
1
5
12
2
1
0
5
5
16
9
1
6
6
0
0
0
8
1
1
8
0
10
98
98
0
8
5
0
0
4
4
0
1
16
8
4
5
0
5
1
17
17
25
25
0
9
8
1
0
15
15
1
1
0
16
1
1
0
5
0
3
0
8
9
5
25
1
1
1
9
4
0
0
1
8
5
48
5
6
3
4
2
0
0
13
0
8
13
8
4
1
7
16
12
0
1
2
13
3
9
5
5
0
9
8
10
7
4
3
5
0
5
5
3
6
6
5
0
5
16
10
0
5
10
13
10
2
3
11
1
1
99
99
4
4
8
5
4
11
5
1
16
2
16
3
5
0
2
0
1
1
10
10
0
8
5
4
1
11
1
0
100
100
4
4
0
1
1
0
1
3
1
6
2
1
4
5
1
9
101
101
2
0
2
4
25
4
4
10
10
1
0
5
10
0
6
0
0
5
13
7
5
12
0
5
3
4
8
5
0
1
3
5
1
0
2
0
16
16
5
1
2
5
4
17
17
1
7
0
6
4
5
1
5
3
3
21
21
2
13
13
25
25
7
3
13
1
9
9
5
0
5
16
7
0
0
102
102
0
3
4
8
1
7
7
5
8
1
21
4
1
5
1
0
7
5
4
12
16
0
0
4
4
0
10
21
1
6
6
9
5
103
103
0
5
1
0
65
65
5
1
5
2
6
4
8
1
5
5
6
8
16
0
0
1
4
0
8
8
4
0
1
12
1
0
5
12
8
0
0
7
5
8
4
0
1
4
15
7
8
8
4
1
0
1
4
4
0
6
16
1
25
25
1
16
12
12
1
4
5
3
4
13
1
0
1
5
1
10
5
0
0
5
4
16
0
10
4
9
4
1
1
1
1
6
5
1
0
6
7
16
2
0
5
8
1
1
16
1
0
1
0
8
12
11
11
9
0
1
5
21
21
2
3
8
1
1
1
1
2
1
0
17
8
4
1
3
9
5
10
3
7
1
10
48
3
3
5
4
4
0
10
0
5
1
4
0
1
12
1
5
8
9
0
1
5
0
3
1
10
5
1
1
5
8
2
4
4
13
1
0
4
8
4
3
1
0
0
2
10
4
0
13
62
2
16
3
1
8
8
5
0
8
3
1
0
1
5
0
1
7
2
3
6
5
4
0
0
8
8
5
3
3
5
13
4
8
0
1
12
12
0
8
3
8
15
6
3
8
3
0
3
15
4
8
5
3
0
8
8
1
8
4
6
4
4
15
8
1
5
8
4
4
0
6
6
5
6
6
6
6
21
15
8
1
8
1
8
5
0
3
8
15
6
4
6
3
6
3
5
15
6
0
4
6
8
3
7
10
0
3
10
5
4
8
8
15
8
0
8
4
0
4
0
3
8
8
0
4
104
104
8
105
105
5
1
6
6
5
6
5
15
5
8
3
6
6
3
8
7
15
6
4
0
4
5
9
9
5
106
106
14
2
8
107
107
0
4
4
0
1
1
5
13
13
3
5
22
22
65
23
23
8
1
13
16
1
5
0
16
16
1
9
4
5
1
8
1
1
14
3
6
6
9
16
7
1
6
0
5
5
14
13
8
9
42
42
10
1
1
6
3
2
7
16
26
26
3
13
1
5
16
16
1
7
21
7
4
6
6
3
8
3
3
14
4
4
14
5
0
12
12
7
13
7
7
7
2
12
14
14
2
0
0
3
1
1
10
10
1
1
1
0
31
10
13
3
5
14
14
3
14
5
5
16
1
1
8
10
1
1
10
14
9
9
9
1
10
13
0
0
10
0
0
8
9
5
3
1
108
108
14
5
1
1
42
42
0
3
1
0
6
4
0
1
1
13
14
26
14
4
5
6
9
14
6
6
5
1
1
1
7
1
4
6
5
4
1
7
7
12
12
9
1
22
3
9
9
1
14
14
4
3
8
4
4
4
47
1
1
14
8
12
1
0
13
5
2
5
14
7
3
1
9
5
3
0
5
1
1
4
1
1
1
1
3
38
38
5
14
14
5
3
0
5
1
1
12
0
4
1
1
10
14
8
4
2
5
0
5
15
3
7
23
14
5
3
31
1
1
5
22
22
8
4
5
1
6
14
109
109
9
14
0
1
23
10
14
14
9
9
9
1
1
0
8
8
5
5
14
1
14
3
14
9
16
6
5
4
9
6
0
10
0
5
6
9
5
1
13
13
6
23
5
8
16
1
13
1
3
6
6
42
23
4
0
7
7
9
9
0
3
3
5
4
2
4
4
4
11
3
1
4
15
15
6
6
4
0
15
0
0
3
4
1
5
3
7
5
4
3
1
6
4
5
7
4
4
15
0
1
2
4
9
7
7
4
15
4
17
17
5
2
0
7
3
0
5
5
0
0
0
3
15
15
4
4
6
0
0
4
7
0
5
3
3
10
4
23
9
9
4
2
2
7
2
15
0
3
3
7
11
4
4
1
5
4
5
3
15
3
3
3
1
3
5
1
1
3
1
3
3
0
6
3
4
4
4
4
3
1
1
1
0
15
3
4
4
4
4
5
21
0
4
4
2
6
9
4
4
6
4
110
110
4
6
6
6
7
4
4
11
7
5
7
5
11
11
1
2
5
12
2
3
3
9
4
0
7
43
43
6
43
3
111
111
6
3
5
7
7
7
0
0
7
4
9
10
2
15
5
0
6
7
6
0
11
6
4
4
5
5
3
4
5
3
3
1
7
7
0
2
7
7
1
8
1
7
1
2
66
66
7
9
5
7
7
7
1
11
0
0
11
4
8
1
15
3
0
0
2
0
5
4
3
1
8
5
8
4
9
1
9
4
4
0
4
4
7
4
11
11
0
43
4
0
7
4
4
0
2
15
3
4
7
9
8
3
4
2
0
5
4
0
0
4
3
21
9
3
4
5
6
7
9
0
16
4
3
8
112
112
0
3
4
4
11
11
0
3
3
4
0
4
7
4
0
4
4
2
11
1
9
3
3
15
3
4
4
9
3
6
1
0
4
2
2
0
8
7
4
15
5
0
10
1
8
6
5
0
8
1
3
4
4
0
3
0
5
3
2
2
3
7
66
4
3
3
3
1
17
5
2
2
10
10
2
2
0
1
4
0
6
6
0
5
4
0
2
11
11
2
113
113
5
11
0
2
2
0
39
0
5
0
0
0
0
0
2
3
5
5
0
0
0
13
0
0
0
0
0
2
2
2
2
0
11
8
0
0
4
6
11
16
11
0
0
14
1
6
0
8
6
2
3
11
0
4
2
0
11
4
6
6
0
0
4
0
2
5
11
4
4
2
1
0
0
15
4
11
0
4
0
15
6
15
7
4
0
3
4
6
10
2
2
5
0
0
6
2
5
2
5
0
4
0
0
0
2
0
4
7
15
8
0
5
0
0
0
1
6
2
2
2
6
0
0
0
5
2
11
1
0
0
0
1
0
0
4
0
9
1
0
6
5
0
12
2
0
0
9
9
23
23
15
2
11
4
15
0
0
0
4
2
0
1
1
2
6
6
0
0
4
0
5
0
9
1
12
0
12
2
0
2
4
0
3
2
0
2
0
11
2
11
2
2
9
9
1
4
4
8
0
12
0
2
6
0
9
7
2
0
0
15
1
6
11
0
6
6
3
11
0
0
0
0
2
11
11
0
11
4
11
11
6
4
4
11
9
1
4
12
12
4
0
4
0
5
0
1
49
49
6
0
11
0
6
6
0
5
4
0
4
4
0
4
0
15
2
1
1
0
1
1
12
4
1
2
29
29
2
2
27
27
0
4
3
0
1
3
7
3
0
11
0
0
6
4
13
0
12
11
0
3
4
3
4
11
1
10
11
11
11
2
0
1
11
0
0
27
3
3
11
11
3
3
3
3
11
12
2
11
27
3
0
12
3
3
2
10
7
29
0
27
2
2
0
6
4
6
11
11
4
0
11
6
3
4
1
12
4
15
11
0
0
0
3
6
6
4
4
0
11
4
11
11
11
49
11
11
12
1
3
29
3
0
11
10
0
3
7
0
1
3
0
0
1
1
0
0
6
0
9
0
49
3
0
0
0
6
1
3
29
6
13
4
7
3
29
3
3
4
0
1
0
29
6
3
6
0
4
4
6
114
114
0
10
2
6
27
0
0
10
0
2
0
0
3
1
1
0
12
67
67
67
4
0
10
4
18
18
0
18
18
4
0
15
4
5
4
3
0
5
8
5
5
0
3
5
2
50
50
0
0
1
5
4
0
0
10
1
1
0
0
2
14
14
6
6
1
11
4
4
4
1
6
10
5
17
17
9
1
1
0
4
2
1
1
4
0
18
18
7
7
7
9
15
15
0
0
0
4
15
0
3
4
4
0
10
10
0
6
3
0
0
12
17
0
0
3
5
3
1
5
3
3
3
5
9
0
1
6
6
5
1
1
1
5
0
1
1
1
1
18
4
3
0
0
1
115
115
1
14
0
0
0
0
13
4
3
3
7
0
5
3
17
5
1
0
0
14
14
18
68
68
3
1
1
1
0
8
4
4
26
69
69
4
5
2
18
9
7
18
1
0
1
0
0
3
1
1
1
0
4
0
7
8
17
9
0
1
1
0
3
8
3
1
1
50
50
8
0
1
1
1
7
116
116
24
1
17
1
1
1
1
1
38
38
3
15
0
83
83
11
0
4
7
0
17
1
5
0
11
1
1
6
11
28
28
1
3
8
4
1
1
15
0
11
18
7
4
0
9
1
5
0
11
14
9
20
1
1
17
17
18
1
7
8
1
1
1
0
0
2
0
0
0
0
3
1
1
0
0
0
0
18
0
69
4
3
34
34
4
38
9
4
0
0
3
0
1
4
0
10
10
0
0
10
10
0
1
1
3
3
18
1
1
1
5
15
1
1
1
8
3
3
7
4
0
15
6
4
1
1
1
4
1
0
8
8
7
0
17
1
1
1
14
5
14
3
7
4
5
1
0
0
1
3
4
0
8
0
7
12
0
1
7
15
9
0
1
3
15
1
3
3
8
3
1
0
1
8
1
1
3
3
0
10
83
0
1
5
1
1
3
4
3
1
0
0
3
14
0
18
1
5
0
4
1
1
8
1
70
70
70
3
3
1
1
1
1
3
8
12
1
1
1
1
1
8
18
1
1
1
39
1
1
1
3
0
1
1
18
1
1
1
5
7
0
0
0
1
117
117
4
1
1
1
1
1
1
1
3
0
3
18
4
4
1
0
15
1
0
1
4
1
0
0
6
15
1
5
1
34
1
1
1
1
3
0
1
0
118
118
1
0
3
6
1
1
0
34
8
0
3
2
3
16
12
12
3
3
3
6
0
0
4
6
0
2
0
2
7
8
8
12
26
26
15
4
2
1
1
3
6
11
11
3
28
28
16
2
2
17
26
2
12
2
3
4
6
2
4
5
3
6
0
3
0
0
3
3
1
1
0
0
3
3
1
3
1
0
35
4
3
3
0
3
0
3
3
0
3
3
2
3
3
3
0
3
6
3
119
119
3
2
6
6
0
0
6
26
2
0
2
0
3
3
3
0
7
2
9
26
26
1
1
17
2
9
0
3
1
5
5
0
35
1
7
0
2
0
1
0
0
16
16
2
1
3
35
0
0
11
0
6
4
6
8
3
7
9
6
3
3
3
0
7
1
0
0
6
11
11
3
8
1
0
4
6
11
3
4
2
2
3
2
0
6
1
6
13
13
6
28
3
3
8
3
16
2
3
3
2
3
0
0
0
4
4
3
3
1
0
2
5
3
7
6
4
7
12
2
0
6
3
4
1
1
17
0
17
17
3
3
1
3
28
3
3
1
6
3
4
1
1
1
0
1
17
0
3
1
4
12
14
0
7
9
9
4
0
2
0
4
1
6
11
2
0
3
0
4
6
3
1
2
3
0
35
0
4
0
1
0
2
26
2
2
15
3
3
3
5
3
2
4
1
0
0
0
3
3
2
2
2
3
1
3
16
3
2
0
7
5
1
8
120
120
6
2
6
3
0
9
2
2
2
1
2
4
4
2
1
2
2
1
1
17
5
2
2
6
1
1
3
3
17
0
3
11
7
2
3
3
15
0
2
0
0
1
11
2
2
3
1
1
2
3
3
1
1
7
1
15
1
5
3
3
2
11
3
3
0
2
1
1
15
1
2
3
3
121
121
3
5
3
3
2
1
0
3
3
13
4
0
2
2
4
2
0
1
1
12
1
2
0
35
2
4
2
2
2
3
2
4
2
9
16
6
19
19
6
5
0
2
2
17
14
5
1
1
0
0
0
5
17
2
2
2
2
2
2
5
19
2
1
2
2
2
0
6
2
2
9
19
17
0
2
8
0
3
2
0
2
0
0
5
19
1
2
2
2
16
0
19
2
20
20
19
51
51
0
0
4
1
4
5
0
0
16
0
0
2
9
0
16
4
9
9
5
1
24
24
16
4
4
8
2
2
1
24
3
4
4
2
0
16
24
2
2
0
2
2
2
10
16
2
14
14
19
1
2
2
2
3
16
15
16
2
2
2
5
2
2
4
16
2
9
17
3
11
19
19
2
2
11
2
16
16
2
10
10
3
5
16
2
37
20
11
5
0
0
2
2
51
16
4
1
2
2
2
8
2
0
5
2
5
0
0
13
2
2
2
0
6
2
4
2
17
2
2
15
2
30
30
2
19
5
5
5
2
2
2
5
2
9
8
2
122
122
2
14
17
2
2
0
16
1
14
1
14
2
20
2
20
20
2
8
2
2
8
4
2
2
0
2
2
0
0
2
5
2
0
6
8
16
16
16
8
2
4
17
4
6
3
5
123
123
0
2
3
2
2
19
0
52
52
9
15
0
6
4
16
14
4
2
0
6
2
2
2
7
6
0
0
3
1
2
1
0
3
3
2
6
12
10
1
1
10
1
3
0
0
6
6
0
1
0
3
2
15
15
3
3
0
19
1
15
0
18
18
18
10
7
7
17
17
2
2
3
12
12
14
14
0
17
2
7
7
1
1
1
15
1
2
1
15
2
6
6
2
2
10
14
0
1
0
7
4
1
6
4
19
2
9
9
7
6
3
6
7
0
0
3
16
2
2
53
53
2
6
3
2
3
10
6
2
2
16
2
3
2
9
6
4
1
2
1
22
0
3
8
3
12
3
2
5
3
5
2
25
1
7
1
3
2
15
2
2
1
2
0
4
1
3
3
0
3
0
1
11
1
2
1
3
5
3
2
1
3
5
1
32
32
15
16
2
3
1
2
3
0
3
2
0
2
1
2
2
2
16
16
16
2
9
2
0
16
1
12
6
6
5
2
15
1
1
2
2
4
2
4
33
33
53
3
3
3
2
0
6
3
19
1
4
3
14
3
3
3
12
2
3
3
3
3
14
3
18
3
7
0
3
0
5
7
11
3
0
10
3
0
3
15
0
32
2
7
15
15
3
12
12
22
0
2
19
1
33
15
2
1
8
1
3
3
2
10
2
1
3
2
3
2
2
0
3
6
0
1
5
1
0
1
0
3
8
10
2
2
3
16
24
33
1
1
2
6
3
2
6
6
2
40
40
6
2
1
12
40
0
40
2
10
1
0
6
1
6
3
71
71
1
0
0
32
12
7
2
2
1
12
1
2
2
4
124
124
3
3
3
7
10
0
0
7
12
3
3
10
8
22
0
3
1
33
2
1
3
5
18
2
3
2
2
2
9
6
7
1
2
6
7
71
6
0
2
2
2
2
2
2
10
14
1
24
1
9
2
8
3
8
2
1
2
2
6
6
6
2
2
3
5
6
33
0
2
4
3
2
22
68
3
3
1
2
3
2
5
2
0
1
10
11
2
14
7
2
1
3
2
10
9
1
1
2
2
3
1
6
0
6
2
0
5
2
1
53
2
2
1
2
40
22
3
2
10
22
2
1
6
5
3
3
3
3
2
16
125
125
2
3
3
6
3
3
3
3
16
4
4
0
3
0
3
16
2
1
3
7
6
2
0
3
7
1
2
1
0
6
2
13
2
1
28
28
3
2
126
126
2
7
4
2
1
3
32
3
1
2
3
2
5
2
2
0
2
2
2
2
5
1
2
2
0
0
4
2
0
0
5
4
4
4
1
2
0
3
1
1
2
1
1
2
1
0
1
1
0
19
0
1
1
2
1
4
2
14
1
4
5
2
0
4
2
2
14
2
0
2
6
1
1
10
1
6
1
7
1
6
6
6
1
2
2
7
0
1
7
2
4
3
0
1
2
2
1
7
2
0
1
0
2
2
2
6
2
4
6
6
11
11
0
1
1
1
1
10
0
12
1
10
13
10
1
1
3
12
12
2
1
1
54
54
1
0
2
2
2
2
5
1
1
1
0
3
2
2
2
1
1
1
57
57
1
2
4
3
3
17
4
2
1
3
1
1
22
22
1
3
72
72
2
1
2
3
0
2
2
3
0
4
16
16
17
2
2
10
10
2
3
1
6
16
4
6
1
4
0
2
6
11
4
4
5
6
16
1
3
1
1
2
1
3
2
9
0
2
2
3
10
10
2
2
1
4
0
2
6
2
4
1
17
1
4
4
127
127
4
2
1
4
0
4
2
1
2
2
6
7
3
1
1
2
2
4
0
0
2
2
1
1
10
10
1
1
2
4
7
7
6
6
17
0
2
2
5
32
4
4
2
6
6
2
0
1
1
2
5
55
55
1
0
1
6
1
7
2
1
4
4
3
1
3
5
6
18
2
2
13
1
2
73
73
13
7
1
3
1
5
2
4
3
1
13
0
2
9
2
2
2
2
7
7
15
15
1
1
1
4
4
2
2
3
15
15
7
11
1
0
4
1
0
1
2
2
0
0
2
128
128
2
7
4
6
4
3
6
3
3
1
1
1
1
6
2
10
1
4
1
1
0
0
1
2
14
3
2
3
19
19
10
13
12
1
1
2
1
1
2
129
129
1
2
0
18
7
7
1
1
1
27
27
6
6
3
6
1
1
1
10
1
2
8
4
4
9
9
2
1
0
13
13
4
6
10
14
17
17
0
4
3
3
0
6
4
2
6
4
3
1
0
7
2
1
1
15
15
2
2
17
17
8
1
1
2
0
3
2
2
2
14
5
13
16
5
1
130
130
8
2
2
1
41
41
11
1
6
6
1
2
2
0
6
1
2
6
6
17
8
18
3
7
3
0
0
131
131
1
2
3
4
2
2
1
1
6
3
9
132
132
1
6
1
2
0
1
1
2
2
1
0
54
17
2
9
9
5
2
8
11
1
17
15
133
133
11
4
6
6
11
9
9
1
6
6
1
1
1
3
11
13
1
3
11
3
1
2
5
43
0
3
3
10
3
2
7
14
2
4
0
1
1
18
11
4
14
5
1
14
0
1
4
1
3
0
1
3
4
11
1
2
6
1
13
1
6
3
3
3
4
0
14
14
2
8
1
14
6
0
2
2
0
1
1
3
1
2
10
14
2
4
13
1
5
5
15
15
2
2
3
3
2
3
7
2
8
84
84
134
134
2
3
2
0
1
0
1
0
10
17
0
7
6
0
1
0
2
8
4
2
1
56
56
135
135
0
136
136
1
27
7
0
2
23
0
9
3
137
137
4
0
1
1
52
1
56
82
82
5
56
0
1
4
14
0
11
17
0
0
0
4
7
4
4
16
1
41
1
0
6
5
5
4
4
9
1
6
6
4
2
2
4
6
1
1
16
8
1
138
138
0
12
0
2
1
5
5
74
74
4
4
1
2
2
0
1
0
1
75
75
3
2
0
13
3
3
4
13
139
139
2
6
1
0
1
3
6
6
6
5
19
4
4
4
6
13
1
1
0
54
11
7
1
11
2
1
1
1
1
10
2
10
6
7
0
6
7
44
44
16
16
6
2
1
14
140
140
1
0
1
141
141
0
1
6
1
6
15
16
4
20
20
8
8
14
2
5
7
11
0
3
1
0
8
5
1
0
9
14
4
4
7
14
2
2
10
0
4
11
16
15
6
11
11
1
0
12
1
6
6
12
20
4
2
7
2
1
7
6
5
0
3
4
6
1
6
0
0
16
0
14
13
2
2
1
142
142
1
0
1
1
1
7
13
7
7
7
9
6
0
1
3
5
2
2
1
0
3
0
1
3
1
4
3
6
75
2
2
10
6
143
143
2
4
27
1
1
5
2
1
1
3
5
1
3
3
1
6
9
1
5
6
1
5
18
8
2
9
3
3
14
14
15
13
12
6
11
0
0
16
1
1
4
13
7
7
2
4
10
11
4
4
2
0
0
12
0
17
6
0
7
41
41
3
1
11
4
0
17
10
6
17
14
13
2
17
51
17
0
0
73
11
14
10
15
11
6
0
8
2
2
0
1
1
4
4
1
9
1
1
1
0
4
4
4
4
19
8
6
0
19
19
76
76
15
3
2
14
2
3
0
5
1
6
1
0
0
4
6
0
18
3
2
0
5
1
11
77
77
9
1
19
1
3
13
1
7
2
7
1
4
7
7
5
0
3
4
3
3
4
5
19
6
11
0
0
14
3
9
8
0
55
17
12
16
6
11
7
55
0
10
144
144
0
6
24
13
19
13
5
2
14
0
10
0
12
0
11
14
52
0
1
1
0
5
13
1
84
7
2
4
6
2
2
0
18
0
11
7
14
0
1
11
3
4
7
17
17
16
3
10
3
16
3
2
1
8
2
4
9
9
22
0
0
13
1
13
11
10
10
1
4
1
6
2
7
9
3
0
3
78
78
1
4
1
145
145
146
146
7
8
14
2
6
1
6
6
10
0
14
6
72
2
3
2
10
147
147
148
148
0
2
1
8
10
4
10
1
3
1
8
149
149
76
6
150
150
19
0
6
6
1
1
6
14
1
7
151
151
11
1
11
10
3
7
11
0
152
152
6
15
79
79
10
7
5
7
1
12
11
4
6
1
153
153
6
6
154
154
10
1
9
0
2
2
7
14
1
14
4
1
7
4
6
1
1
3
3
5
2
4
6
7
1
4
1
11
2
0
10
1
1
77
79
4
0
1
1
5
78
3
1
12
1
3
6
12
1
1
34
7
5
8
0
4
18
6
1
10
3
10
10
4
0
17
20
3
3
0
9
1
3
20
9
2
1
23
1
4
0
11
5
7
1
1
7
58
58
11
45
45
4
4
80
80
10
15
15
0
6
6
3
6
3
2
17
7
0
14
2
2
1
5
1
88
88
1
1
14
165
165
13
6
11
9
10
4
1
12
4
2
1
1
2
12
17
17
10
4
6
1
156
156
12
12
159
159
8
8
14
1
12
23
6
10
1
6
7
14
3
6
6
17
17
1
80
1
1
6
9
6
3
24
24
1
1
166
166
169
169
1
1
2
5
17
17
1
7
2
6
7
4
17
1
162
162
8
4
17
0
15
1
155
155
2
3
29
6
3
3
9
8
17
10
2
1
2
2
0
14
3
3
10
45
3
1
12
12
1
24
3
5
87
87
17
2
6
16
4
4
8
0
9
0
7
1
11
14
164
164
0
0
171
171
17
10
2
1
2
6
8
2
14
5
59
59
85
85
1
1
15
1
6
3
12
17
0
12
158
158
6
0
17
34
17
17
2
10
10
17
9
0
0
2
15
13
10
11
1
2
4
7
11
3
19
11
0
10
3
4
1
3
1
3
3
1
3
10
1
3
74
8
8
17
0
10
11
2
58
15
5
6
2
3
1
17
17
44
1
4
1
1
1
24
6
1
0
8
11
88
17
17
4
17
4
10
3
2
16
14
45
0
1
3
14
167
167
3
4
4
59
1
1
59
2
6
0
17
58
3
17
24
10
170
170
1
3
17
3
0
172
172
7
8
10
4
3
1
13
13
4
3
157
157
3
3
17
9
161
161
5
1
4
2
17
8
4
1
17
44
17
57
1
8
20
7
0
3
85
5
5
1
13
1
13
44
19
4
4
4
16
168
168
3
3
16
10
6
8
4
86
86
2
8
86
6
18
45
7
7
0
20
12
81
81
10
12
1
57
2
4
2
11
2
1
5
87
4
160
160
4
4
1
7
0
163
163
4
81
7
6
3
6
10
10
0
1
1
3
5
6
14
6
