89
89
36
2
36
36
7
7
40
40
51
51
6
6
12
12
12
36
52
52
12
12
12
51
51
7
12
12
12
12
12
2
2
40
36
7
36
2
12
2
40
12
12
12
6
3
3
69
69
2
2
5
5
9
9
9
9
3
41
41
20
20
5
5
28
28
9
9
9
3
42
42
9
5
9
5
5
3
9
3
5
11
9
28
9
5
9
5
5
9
3
3
5
7
7
3
5
5
41
28
2
2
3
57
57
3
3
3
20
9
42
5
5
3
57
5
5
3
3
28
90
90
3
5
9
3
9
9
9
91
91
28
28
3
28
42
28
28
3
3
3
28
9
5
5
28
69
7
42
3
5
3
42
5
57
9
6
6
12
10
10
5
7
7
12
7
7
20
20
10
30
30
19
19
53
53
7
7
7
10
16
16
3
3
20
15
15
7
16
54
54
13
13
7
19
7
4
4
7
13
6
92
92
12
7
6
58
58
13
13
18
18
9
9
12
4
7
27
27
6
6
2
2
10
70
70
23
23
6
10
12
93
93
7
5
7
12
12
10
6
7
10
10
7
7
5
12
12
3
10
6
13
13
15
6
43
43
71
71
13
4
9
7
7
5
1
18
12
12
12
12
10
15
7
7
20
12
12
24
9
4
12
4
9
58
27
13
23
12
3
5
36
7
7
27
2
5
7
7
53
4
10
3
12
6
6
19
10
12
13
12
7
7
1
4
1
5
10
6
5
10
43
2
13
13
30
7
19
19
4
4
10
20
94
94
12
4
7
30
6
58
12
8
8
7
72
72
12
6
20
20
12
4
6
7
20
15
21
3
3
15
5
12
19
5
12
12
6
19
6
6
6
53
27
27
7
12
12
53
10
19
34
34
7
95
95
12
10
4
12
10
7
7
3
10
12
10
15
10
4
43
54
13
43
43
3
5
72
12
12
2
10
19
3
73
73
29
29
96
96
6
6
12
20
4
6
6
20
9
7
13
97
97
13
12
12
73
13
6
6
6
6
6
7
7
15
7
6
6
10
10
6
17
17
15
15
23
4
6
2
17
17
6
10
6
74
74
15
9
6
6
10
9
10
7
6
6
12
12
59
59
6
15
10
10
59
10
15
15
7
12
3
6
52
17
7
6
15
12
17
7
6
10
7
7
10
6
6
17
6
15
23
15
10
6
2
15
6
6
6
17
44
44
6
15
15
15
75
75
5
17
2
2
15
15
15
10
17
6
6
6
6
17
6
6
7
7
7
7
6
75
10
6
6
17
15
32
32
12
6
15
32
2
10
32
4
15
17
6
6
7
6
6
6
15
32
17
6
6
51
6
6
17
17
6
6
15
6
17
59
6
10
6
15
1
7
17
6
6
44
4
10
18
76
76
21
21
76
60
60
98
98
60
18
18
18
60
1
17
4
19
4
4
99
99
10
10
9
4
0
16
19
25
25
16
2
11
0
2
2
0
0
0
0
0
2
0
27
4
0
6
3
45
19
0
0
0
0
2
1
1
4
4
11
0
0
0
0
0
2
2
1
1
0
20
20
10
10
9
9
4
3
8
22
0
22
0
0
0
0
0
1
8
8
0
2
29
29
0
8
8
8
7
6
24
24
9
61
61
9
0
0
0
0
1
1
9
0
0
19
5
0
0
24
33
0
20
20
26
26
4
0
0
0
0
9
0
8
0
4
0
0
0
0
0
9
2
0
48
48
26
6
8
10
10
2
24
6
0
9
24
0
0
11
3
16
0
0
0
0
26
22
1
0
0
17
9
0
2
0
3
0
0
0
9
0
9
29
9
8
8
8
0
6
10
10
0
0
0
24
24
16
3
2
45
26
2
4
10
4
19
35
35
0
0
0
0
0
1
4
26
0
19
16
9
24
24
4
6
8
2
2
35
4
0
1
5
35
4
100
100
22
2
10
4
8
4
25
24
2
4
10
4
62
62
0
0
0
4
4
0
0
1
0
0
4
0
0
45
45
0
0
19
11
2
0
4
4
8
3
0
0
0
0
2
2
4
2
4
0
0
2
1
4
2
2
24
20
4
4
4
0
4
4
0
0
1
4
48
16
2
27
20
2
4
17
6
0
4
20
9
0
0
4
0
0
0
0
33
25
3
3
4
16
4
0
0
2
9
0
0
26
9
0
0
0
9
2
22
9
9
9
2
15
15
2
9
2
0
24
0
0
26
0
10
26
0
0
9
0
0
0
5
5
0
0
35
22
15
18
4
1
0
8
9
2
2
9
9
0
27
0
0
0
0
0
8
63
63
2
9
0
1
0
9
0
17
7
2
4
0
2
2
0
2
4
52
52
9
20
4
10
4
2
0
0
0
1
0
0
0
0
77
77
0
7
0
0
0
1
0
0
0
4
4
2
0
9
4
4
48
0
101
101
0
3
0
0
3
4
22
10
0
0
4
20
0
4
4
0
0
0
0
4
0
4
2
61
0
4
24
26
24
8
9
2
1
22
35
2
20
26
4
24
4
9
0
4
8
0
2
19
19
1
9
6
8
5
2
4
3
3
0
0
24
8
2
20
11
0
0
0
8
0
9
29
78
78
0
2
22
4
4
2
0
12
1
1
5
61
2
77
2
2
19
9
11
0
35
17
27
24
12
35
4
6
2
15
78
29
9
0
16
16
9
0
25
0
9
0
0
0
2
24
9
4
27
4
0
0
0
2
0
0
0
26
5
0
5
0
9
0
0
1
0
0
8
0
2
4
2
0
1
0
0
0
0
0
0
0
6
0
0
4
7
8
2
4
4
79
79
80
80
45
4
0
27
27
2
0
0
8
0
1
0
0
0
0
15
2
26
19
2
2
0
46
46
0
0
0
6
0
1
0
3
10
22
4
2
1
0
0
6
4
26
80
0
22
25
22
11
11
1
0
5
27
1
2
1
0
0
0
4
0
6
17
0
0
0
0
0
0
0
0
0
0
20
22
24
0
0
0
4
0
0
2
0
26
3
4
0
0
0
20
0
0
0
0
0
0
0
22
0
22
2
2
2
2
102
102
103
103
2
63
2
11
11
11
3
2
2
13
7
0
2
2
2
17
18
8
8
8
8
3
11
11
30
4
22
22
8
33
33
0
11
2
11
11
62
23
23
2
7
3
5
0
0
11
2
8
8
81
81
12
0
3
8
5
11
63
15
7
17
30
30
33
8
3
12
12
8
2
2
5
8
3
8
40
8
8
8
14
14
2
3
8
2
5
11
5
8
11
5
2
1
1
3
13
13
15
5
12
7
18
18
9
5
1
8
38
38
36
23
11
8
2
8
40
6
14
14
10
10
11
2
30
10
11
33
2
8
0
13
6
11
11
5
2
11
12
12
3
5
46
46
3
14
37
37
8
11
3
14
5
0
23
1
3
38
11
11
13
3
8
3
3
11
8
17
22
8
2
14
23
11
3
20
14
5
8
8
8
44
8
11
15
8
13
1
11
8
13
20
8
5
2
2
11
8
13
13
12
2
2
2
2
6
8
3
2
11
5
5
23
44
44
46
6
23
37
11
14
14
8
8
8
6
13
5
38
81
14
13
11
10
14
38
3
14
1
1
8
2
13
2
37
6
3
7
8
3
5
13
5
1
2
6
37
12
8
8
8
3
7
23
28
3
3
1
8
11
11
2
3
8
5
8
11
3
71
37
3
5
30
46
6
5
3
3
11
0
17
3
14
3
11
18
33
33
5
2
8
20
20
5
3
3
8
3
4
10
2
5
23
5
23
3
8
3
10
5
2
2
5
3
30
5
13
0
5
5
5
11
5
5
11
3
38
3
2
37
5
8
8
3
37
30
5
23
8
8
33
8
0
7
7
15
11
11
64
64
2
2
0
1
3
3
1
2
3
3
3
2
3
104
104
2
2
1
0
1
1
1
15
47
47
1
0
2
0
0
19
23
4
20
0
3
1
19
19
0
2
3
10
10
3
3
3
11
1
1
2
2
7
105
105
16
3
19
14
14
1
1
1
1
0
3
1
5
5
19
1
82
82
39
39
16
11
3
3
3
83
83
1
1
2
0
1
1
2
2
3
1
1
3
2
2
39
1
1
23
2
1
16
16
1
16
2
64
11
24
8
3
0
3
3
16
16
3
9
1
1
1
15
0
20
1
1
0
9
1
2
19
2
18
32
32
7
17
1
1
2
5
11
2
2
65
65
2
2
11
0
7
2
19
7
9
7
0
16
3
1
1
106
106
27
1
3
2
1
8
2
1
0
0
0
2
10
3
2
5
16
3
7
7
3
11
0
1
1
1
1
2
107
107
66
66
16
1
1
3
1
16
2
65
0
1
1
4
1
32
108
108
0
2
17
1
70
14
14
84
84
1
3
2
7
3
24
11
1
2
9
47
3
16
16
16
3
1
1
2
14
3
19
2
1
14
0
2
0
0
2
1
2
3
1
109
109
3
3
11
10
1
2
1
2
2
1
18
18
0
9
9
39
39
17
2
9
3
2
2
2
2
2
34
47
16
3
110
110
3
2
1
1
3
111
111
2
1
23
18
19
1
3
1
16
47
2
1
20
0
16
1
1
1
1
7
18
1
112
112
2
2
113
113
19
2
1
2
88
88
2
1
11
0
10
8
3
1
2
4
65
3
0
1
11
1
1
1
3
3
1
16
1
13
1
9
2
13
3
1
2
47
2
3
2
9
1
1
83
79
3
19
19
23
11
23
114
114
16
24
0
23
39
39
1
0
115
115
23
1
2
2
1
9
1
1
2
2
1
84
2
14
3
2
1
2
2
7
1
32
1
1
1
1
23
10
4
3
3
10
22
0
0
0
2
3
3
1
0
1
16
1
2
3
2
116
116
2
16
1
2
18
18
0
3
3
1
1
1
14
2
1
2
82
18
1
1
1
2
2
7
1
3
1
7
64
1
16
4
14
1
3
7
8
11
1
14
1
1
20
1
2
11
2
8
1
2
14
2
1
7
2
1
18
1
1
14
67
67
16
23
1
66
3
1
8
1
16
16
0
7
1
3
9
74
0
0
2
1
3
3
11
2
3
2
1
19
3
2
2
3
15
14
2
10
2
66
2
1
3
3
3
3
3
11
3
1
11
3
3
117
117
3
3
3
11
29
10
1
3
1
3
3
29
3
11
11
3
3
3
3
5
11
8
26
54
41
8
45
5
5
3
1
1
2
10
10
3
10
10
10
24
18
29
3
5
11
11
3
3
3
3
3
8
13
8
10
2
10
3
11
29
13
3
1
13
11
3
3
7
2
5
7
3
1
11
3
29
3
5
3
54
3
8
3
2
3
3
3
1
118
118
11
119
119
5
3
10
10
3
10
3
29
3
3
21
10
10
3
11
8
29
24
41
3
3
5
31
31
3
126
126
14
14
18
125
125
4
22
22
0
1
1
4
16
16
21
2
55
55
88
50
50
18
21
16
0
1
5
4
34
34
1
31
18
3
5
18
18
1
25
1
68
68
2
34
1
5
13
13
4
4
14
5
18
31
56
56
7
1
1
18
21
0
17
0
87
87
1
9
14
4
124
124
1
17
18
8
1
49
49
21
1
21
21
25
1
22
14
3
0
13
13
17
9
127
127
17
0
13
25
25
11
1
2
1
1
1
7
7
1
1
1
4
48
7
16
1
38
14
14
21
14
4
1
0
1
1
8
7
128
128
7
14
2
2
31
1
7
5
14
1
7
1
22
18
2
21
21
1
121
121
14
21
1
1
56
56
4
21
1
19
49
22
4
1
1
18
25
87
25
1
1
68
2
14
49
49
2
86
86
86
17
1
1
13
3
4
1
17
17
13
13
31
1
55
21
31
2
1
25
14
67
21
1
85
85
41
62
1
5
25
18
13
5
0
9
10
5
1
14
15
8
5
31
3
21
21
15
5
1
1
1
1
1
21
21
122
122
11
123
123
0
2
22
4
21
21
13
4
22
1
1
7
25
4
22
0
0
22
1
8
21
17
50
14
5
21
48
1
5
3
55
55
18
67
11
1
21
14
120
120
31
25
2
1
50
7
14
14
2
28
28
1
1
2
18
18
0
3
25
5
25
1
25
31
34
49
11
85
2
13
4
7
1
21
13
2
4
21
9
9
68
50
11
18
34
1
1
1
1
129
129
56
50
