73
73
14
14
14
14
10
10
31
31
39
39
11
11
9
9
9
14
40
40
9
9
9
39
39
10
9
9
9
9
9
14
14
31
14
10
14
14
9
14
31
9
9
9
11
2
2
55
55
16
16
7
7
8
8
8
8
2
41
41
18
18
7
7
24
24
8
8
8
2
32
32
8
7
8
7
7
2
8
2
7
13
8
24
8
7
8
7
7
8
2
2
7
10
10
2
7
7
41
24
16
16
2
45
45
2
2
2
18
8
32
7
7
2
45
7
7
2
2
24
74
74
2
7
8
2
8
8
8
75
75
24
24
7
24
32
24
24
2
2
2
24
8
7
7
24
55
10
32
2
7
2
32
7
45
8
8
8
9
5
3
7
15
10
9
10
10
18
18
5
25
25
20
20
42
42
15
15
15
5
6
6
2
2
18
6
6
10
6
43
43
19
19
10
20
10
12
12
15
19
8
76
76
9
10
8
46
46
19
19
27
27
8
8
9
12
15
1
1
5
5
14
5
5
56
56
21
21
5
5
9
77
77
15
27
10
9
9
5
5
10
5
5
10
10
7
9
9
2
5
11
19
19
6
5
33
33
57
57
19
12
8
10
10
7
1
27
9
9
9
9
5
6
10
10
18
9
9
9
8
12
9
12
8
46
1
19
21
9
2
7
14
10
10
1
16
7
7
15
42
12
5
7
9
8
11
20
5
9
19
9
10
10
1
12
1
7
5
5
7
5
33
5
19
9
25
10
20
20
12
12
5
18
78
78
9
12
10
25
8
46
9
3
3
15
58
58
9
8
18
18
9
12
11
15
18
6
9
2
2
6
7
9
20
7
9
9
8
20
5
8
5
42
1
1
10
9
9
42
5
20
79
79
15
80
80
9
5
12
9
5
10
15
2
5
9
5
6
5
12
33
43
19
33
33
2
7
58
9
9
16
5
20
2
59
59
23
23
81
81
11
5
9
18
12
11
11
18
8
10
19
82
82
19
9
9
59
19
11
11
11
11
11
10
10
6
10
11
11
17
17
11
15
15
6
6
21
12
11
16
15
15
11
5
5
60
60
6
6
11
11
5
8
17
10
5
11
9
9
47
47
5
6
17
17
47
17
6
6
10
9
11
5
40
15
10
5
6
9
15
10
11
17
10
10
5
5
0
15
11
6
21
6
17
5
16
6
11
11
11
15
34
34
11
6
6
6
61
61
5
15
16
16
6
6
6
17
15
11
11
11
20
15
11
11
10
10
10
10
11
61
17
11
11
15
6
26
26
9
11
6
26
5
5
26
12
6
15
11
11
10
11
11
11
6
26
15
11
11
39
11
11
15
15
11
11
6
11
15
47
11
5
5
6
5
10
15
11
11
34
12
17
27
62
62
63
63
62
48
48
83
83
48
27
27
27
48
63
15
12
20
12
5
84
84
5
5
8
12
0
6
20
35
35
6
14
13
0
16
16
1
6
0
0
0
4
0
1
12
0
5
2
2
20
0
0
0
0
14
1
1
12
12
5
0
0
0
0
0
5
14
1
1
0
18
18
17
17
8
8
3
3
3
0
0
0
0
0
0
0
0
1
0
0
0
14
23
23
0
3
3
3
10
11
9
9
8
49
49
8
0
0
0
0
1
1
0
0
0
20
7
0
0
9
0
8
18
18
22
22
0
4
0
0
0
8
0
3
0
12
0
0
6
6
6
8
5
0
50
50
22
11
0
5
5
16
9
11
0
8
9
0
0
4
3
0
0
0
0
7
22
0
3
0
0
15
8
0
16
0
2
0
0
0
8
0
8
23
8
3
3
8
0
11
17
17
0
0
0
9
9
6
12
16
2
22
14
12
17
5
5
28
28
0
6
0
0
0
1
5
22
0
20
6
8
9
9
4
8
3
16
14
28
3
0
1
7
28
12
85
85
0
14
5
5
0
12
35
9
4
5
17
5
64
64
0
0
0
12
2
0
0
3
0
12
0
0
0
2
2
0
0
8
13
14
0
12
12
3
2
0
0
0
0
16
14
12
14
12
0
0
14
7
12
14
8
9
18
12
12
12
0
12
5
0
0
1
5
50
6
16
1
18
14
12
15
11
0
12
18
8
0
0
3
0
0
0
0
0
35
12
3
3
6
12
0
0
14
8
0
0
22
0
0
0
0
8
14
0
8
8
8
14
6
6
16
8
14
0
9
0
6
22
12
17
22
0
0
8
0
0
0
7
7
0
6
28
0
6
0
0
1
8
8
8
14
14
8
8
0
1
0
0
0
0
0
0
51
51
5
8
0
1
0
8
0
15
10
14
12
0
4
5
0
16
12
40
40
8
18
12
5
1
16
0
0
0
1
0
0
6
0
65
65
0
10
0
0
0
5
0
6
0
5
12
12
0
8
12
12
50
0
86
86
0
12
0
0
2
5
0
5
6
0
3
18
0
5
12
6
0
0
0
12
6
12
16
49
0
5
9
22
9
3
8
14
1
0
28
14
18
22
12
9
5
8
0
5
3
0
16
20
5
12
8
8
3
7
14
0
2
3
0
0
9
3
4
18
13
0
0
0
3
0
8
23
66
66
6
5
0
5
12
16
0
9
1
6
7
49
5
65
16
14
20
8
4
0
28
15
1
9
9
28
5
11
4
6
66
23
8
6
6
6
8
7
35
0
8
0
7
0
14
9
8
12
1
12
0
0
0
4
0
4
4
22
7
6
7
0
8
0
0
1
0
0
0
0
16
12
16
0
2
0
0
0
0
0
0
0
8
0
0
12
10
0
16
12
5
67
67
68
68
2
12
0
1
1
16
0
0
3
0
1
0
0
0
0
6
5
22
20
16
5
0
36
36
0
0
0
5
0
6
0
3
5
0
12
16
1
0
0
11
5
22
68
0
0
35
0
13
13
1
0
7
1
1
14
12
0
0
0
5
0
5
15
0
0
0
0
0
0
0
0
0
0
18
0
9
0
0
0
12
0
0
14
0
22
3
5
0
0
0
18
0
0
0
0
0
0
0
0
0
0
16
16
16
16
87
87
88
88
16
51
16
13
13
13
3
4
4
19
10
0
4
4
5
15
4
3
3
3
3
2
13
13
25
3
8
8
3
0
0
0
13
4
13
13
64
21
21
4
10
2
7
0
0
13
4
3
3
69
69
9
0
0
3
4
13
51
6
10
15
25
25
0
3
0
9
9
3
4
4
7
3
2
3
31
3
3
3
6
6
5
3
3
14
7
13
7
3
13
7
4
1
1
7
19
19
6
7
9
10
4
4
8
7
1
3
37
37
14
21
13
3
4
3
31
11
44
44
17
17
13
16
25
5
13
0
16
3
0
19
11
13
13
7
4
13
9
9
2
7
36
36
2
44
29
29
3
13
2
6
7
0
21
3
2
37
13
13
19
2
3
2
2
13
3
15
8
3
16
6
21
13
7
18
6
7
3
3
3
34
3
13
6
3
19
1
13
3
19
18
3
7
4
4
4
3
19
19
9
4
4
4
4
11
3
2
13
13
7
7
21
34
34
36
11
21
29
13
6
6
3
3
3
11
11
7
37
69
6
19
4
5
6
37
0
44
89
89
3
4
19
4
29
11
0
10
3
0
7
19
7
2
4
11
29
9
3
3
3
3
10
21
24
0
0
1
3
13
13
4
2
3
7
3
13
2
57
29
0
7
25
36
11
7
7
3
13
0
15
2
6
2
13
4
0
0
7
4
3
18
18
2
2
2
3
2
4
5
4
7
21
7
21
2
3
2
5
7
14
14
7
2
25
7
19
0
7
7
7
13
7
7
13
0
37
0
4
29
7
3
3
2
29
25
7
21
3
3
0
3
0
10
10
6
15
15
52
52
4
5
0
1
2
2
1
1
2
3
3
5
3
90
90
4
4
1
0
1
1
1
6
38
38
1
0
4
0
0
20
21
4
18
0
3
3
20
20
0
14
3
17
17
3
3
3
13
1
1
4
4
10
91
91
6
2
20
0
0
1
1
1
1
0
2
1
7
7
20
1
70
70
30
30
6
13
2
2
3
71
71
1
1
5
0
3
3
4
4
3
1
2
2
14
14
30
1
1
21
14
1
6
6
1
6
14
52
15
9
3
2
0
3
3
6
6
2
8
7
1
1
6
0
18
6
1
0
8
1
14
20
14
3
26
26
10
15
7
1
4
7
15
0
4
53
53
4
4
4
0
10
4
20
10
8
10
0
6
2
1
3
92
92
1
1
2
5
1
8
4
1
0
0
0
4
17
3
5
2
6
2
10
10
3
13
4
1
1
1
1
14
93
93
54
54
6
1
1
3
3
6
4
53
0
1
1
4
1
26
94
94
0
4
15
1
56
6
6
72
72
1
3
4
10
2
9
13
2
5
8
38
4
6
6
6
3
1
1
5
0
3
20
4
1
0
0
4
0
0
4
1
16
2
1
95
95
3
1
4
17
1
14
3
5
4
1
4
4
0
8
8
30
30
15
4
8
3
16
14
4
4
5
0
38
6
3
96
96
2
4
1
7
3
97
97
5
3
21
4
20
1
3
1
6
38
4
3
18
0
6
3
1
1
3
10
4
1
98
98
14
14
99
99
20
5
1
4
100
100
4
1
15
0
17
8
3
1
4
12
53
2
0
2
13
1
1
3
2
2
1
6
1
11
1
0
5
11
2
1
4
38
4
2
14
0
1
1
71
67
2
2
20
21
13
21
101
101
6
9
0
21
30
30
1
0
102
102
21
1
4
4
1
8
3
7
4
4
1
72
4
0
2
4
1
4
4
10
1
26
1
1
1
1
21
17
4
3
3
17
3
0
0
0
4
2
3
1
0
1
6
1
5
3
4
103
103
16
6
1
4
4
4
0
2
2
1
1
1
44
5
1
4
70
2
1
1
1
4
4
10
1
3
1
10
52
1
6
4
6
3
3
10
8
15
1
6
3
1
18
1
5
13
4
3
14
4
0
4
1
10
4
1
11
7
7
0
104
104
6
21
1
54
2
1
3
1
6
6
0
10
1
3
8
60
0
0
4
1
2
2
4
4
3
4
1
3
3
4
4
3
6
0
4
17
4
54
4
3
2
2
2
2
2
4
2
1
13
2
2
105
105
2
2
2
13
23
17
1
2
1
2
2
23
2
13
4
2
2
2
2
7
13
3
22
43
41
3
2
7
7
2
1
1
4
17
17
2
17
17
17
9
13
23
2
7
13
13
2
2
2
2
2
3
19
3
17
4
17
2
4
23
19
2
1
19
13
2
2
10
2
7
10
2
1
13
2
23
2
7
2
43
2
3
2
4
2
2
2
1
106
106
13
107
107
7
2
17
17
2
17
2
23
2
2
2
17
17
2
13
3
23
9
41
2
2
7
