85
85
6
6
6
6
9
9
35
35
42
42
5
5
10
10
10
6
45
45
10
10
10
42
42
9
10
10
10
10
10
6
6
35
6
9
6
6
10
6
35
10
10
10
5
3
3
62
62
13
13
15
15
0
0
0
0
3
11
11
20
20
15
15
13
13
0
0
0
3
36
36
0
15
0
15
15
3
0
3
1
6
0
13
0
15
0
15
15
0
3
3
15
9
9
3
15
15
11
13
13
13
3
2
2
3
3
3
20
0
36
15
15
3
2
15
7
3
3
13
86
86
3
15
0
3
0
0
0
87
87
13
13
3
13
36
13
13
3
3
3
13
0
15
15
13
62
9
36
3
15
3
36
15
2
0
5
5
10
4
1
15
9
9
10
9
9
20
20
4
27
27
5
5
43
43
6
9
9
4
2
2
3
3
20
12
12
9
2
44
44
14
14
9
5
9
14
14
9
14
5
88
88
10
9
5
48
48
14
14
18
18
11
11
10
14
9
26
26
8
8
6
4
4
30
30
22
22
8
8
10
89
89
9
18
9
10
10
4
8
9
4
4
9
9
15
10
10
0
4
5
14
14
12
5
37
37
63
63
14
14
11
9
9
15
1
18
10
10
10
10
2
12
9
9
20
10
10
15
11
14
10
14
11
48
1
14
22
10
3
15
6
9
9
26
13
15
9
9
43
14
4
15
10
5
5
5
4
10
14
10
9
9
1
14
1
8
8
2
15
4
37
4
14
14
27
9
5
5
2
14
4
20
90
90
10
14
9
27
5
48
10
7
7
9
64
64
10
2
20
20
10
14
5
9
20
12
10
3
3
12
15
10
5
15
10
10
5
5
8
5
8
43
26
26
9
10
10
43
4
5
0
0
9
91
91
10
4
14
10
2
9
9
3
4
10
4
11
4
14
37
44
14
37
37
3
15
64
10
10
13
4
5
3
65
65
25
25
92
92
5
5
10
20
14
5
5
20
11
9
14
93
93
14
10
10
65
14
5
5
5
5
5
9
9
12
9
5
5
16
16
5
12
12
12
12
22
14
8
13
12
12
5
8
2
66
66
4
12
5
5
8
0
16
9
2
5
10
10
2
2
2
12
16
16
2
16
12
12
9
10
3
2
45
12
9
2
12
10
12
9
5
16
9
9
8
5
0
12
9
12
22
12
16
2
13
12
5
5
5
12
38
38
4
12
12
12
67
67
8
12
13
13
12
12
12
16
12
5
5
5
5
12
5
5
9
9
9
9
5
67
16
12
5
12
12
28
28
10
5
12
28
4
8
28
14
12
12
5
5
9
5
5
5
12
28
12
5
5
42
5
5
12
12
5
5
12
5
12
2
5
8
2
12
1
9
12
5
5
38
14
16
18
68
68
10
10
68
49
49
94
94
49
18
18
18
49
10
12
2
5
2
4
95
95
6
6
21
2
0
2
5
23
23
2
6
6
0
13
13
2
0
0
0
0
0
0
26
2
0
8
3
3
4
0
0
0
0
6
1
1
4
2
6
0
0
0
0
0
2
6
1
1
0
20
20
16
16
0
21
7
3
21
17
0
17
0
0
0
0
0
1
7
7
0
6
25
25
0
7
7
7
9
9
15
15
21
50
50
21
0
0
0
0
1
1
19
0
0
5
8
0
0
15
0
0
20
20
24
24
7
2
0
0
0
0
0
7
0
2
0
0
0
0
0
0
4
0
39
39
24
9
7
6
6
13
15
5
0
21
15
0
0
4
3
2
0
0
0
0
24
17
2
0
0
12
0
0
13
0
3
0
0
0
21
0
21
25
21
7
7
21
0
5
16
16
0
0
0
15
15
2
3
13
3
24
6
2
16
4
4
11
11
0
0
0
0
0
1
4
24
0
2
0
21
15
15
4
5
7
13
6
19
7
0
1
8
11
2
96
96
17
0
6
4
7
2
23
15
4
4
16
7
51
51
0
0
0
2
7
0
0
7
0
2
7
0
0
3
3
0
2
4
6
6
0
2
2
2
0
2
0
0
0
13
6
2
6
2
0
0
6
1
2
6
4
15
20
2
2
2
0
2
4
0
0
0
2
39
2
13
26
20
6
2
12
9
0
2
20
0
0
0
2
0
0
31
0
0
23
3
2
4
2
2
0
0
6
0
0
0
24
19
0
0
0
21
6
17
21
21
21
6
11
11
13
2
6
0
15
0
0
24
2
16
24
0
0
0
0
0
0
8
8
0
0
11
17
11
18
2
1
21
7
21
6
6
21
21
0
26
0
0
0
0
0
7
52
52
4
21
2
1
0
0
0
12
9
6
2
0
4
4
0
13
4
45
45
21
20
2
4
2
13
0
0
0
1
0
0
0
0
69
69
0
9
0
0
0
1
0
0
0
4
2
13
0
21
2
2
39
0
97
97
0
3
0
0
0
4
0
4
0
0
7
20
0
4
17
0
0
0
0
2
0
17
13
50
0
4
15
24
15
7
21
6
1
17
11
6
20
24
2
15
4
21
0
4
7
0
13
4
4
2
21
5
7
8
6
2
3
7
0
0
15
7
2
20
6
0
0
0
7
0
18
25
70
70
0
4
17
4
2
13
0
10
1
1
8
50
4
69
13
6
5
0
4
0
11
12
26
15
10
11
4
9
13
11
70
25
21
2
2
2
0
0
23
0
21
0
0
0
4
15
21
2
26
2
0
0
0
0
0
4
4
24
15
0
8
5
0
0
0
1
0
0
7
0
13
2
13
0
1
0
0
0
0
0
0
0
5
0
0
2
9
7
13
2
4
71
71
72
72
3
2
0
26
26
13
0
0
2
0
1
0
0
0
0
11
4
24
4
13
4
0
32
32
0
0
0
8
0
2
0
7
4
17
2
13
0
0
0
9
2
24
72
0
17
23
17
6
6
1
0
8
26
1
6
2
0
0
0
4
0
8
12
0
0
0
0
0
0
0
0
0
0
20
17
15
0
0
0
2
0
0
6
0
24
3
4
0
0
0
20
0
0
0
0
0
0
0
0
0
17
13
13
13
13
98
98
99
99
13
52
13
6
6
6
3
4
4
14
9
0
4
4
4
12
18
7
7
7
7
3
6
6
27
7
0
0
7
0
0
0
6
4
6
6
51
22
22
4
9
3
8
0
0
6
4
7
7
73
73
10
0
8
7
4
6
52
11
9
12
27
27
0
7
0
10
10
7
4
4
8
7
3
7
35
7
7
7
11
11
4
3
7
4
8
6
8
7
6
8
4
1
1
3
14
14
11
8
10
9
18
18
0
8
1
7
31
31
6
22
6
7
4
7
35
5
19
19
16
16
6
6
27
4
6
0
13
21
8
14
5
6
6
8
4
6
10
10
3
8
32
32
3
19
8
8
7
6
3
11
8
0
22
2
3
31
6
6
14
3
7
3
3
6
7
12
0
7
13
11
22
6
3
20
11
8
7
7
7
38
7
6
11
7
14
1
6
11
14
20
7
8
4
4
4
7
14
14
10
4
4
4
4
5
7
3
6
6
8
2
22
38
38
32
5
22
8
6
11
11
7
7
7
5
14
8
31
73
11
14
6
4
11
31
8
19
1
1
7
4
14
4
8
2
8
9
7
8
8
14
8
1
4
5
8
10
7
7
7
7
9
22
13
8
0
1
7
6
2
4
3
7
8
7
6
3
63
8
8
8
27
32
5
8
3
1
6
0
12
3
11
3
6
18
0
0
8
4
7
20
20
8
3
3
7
3
4
4
4
8
22
15
22
3
7
3
4
8
6
6
8
3
27
15
14
0
8
8
8
6
8
8
6
8
31
8
4
8
8
7
11
2
8
27
1
22
7
7
0
7
0
9
9
11
6
4
53
53
4
4
0
1
3
3
1
4
3
1
3
4
3
100
100
4
4
1
0
1
1
1
11
40
40
1
0
4
0
0
5
22
4
20
0
3
2
5
5
0
6
7
16
16
3
3
3
6
1
1
4
4
9
101
101
2
3
5
19
19
1
1
1
1
0
3
1
8
8
5
1
74
74
30
30
2
6
3
3
3
75
75
1
1
4
0
2
1
4
4
3
1
2
3
6
4
30
1
1
22
6
1
2
2
1
3
6
53
6
15
21
3
0
3
3
2
2
3
0
1
1
1
11
0
20
2
1
0
0
2
6
5
6
18
28
28
9
12
1
2
4
8
6
3
4
54
54
4
4
4
0
9
4
5
9
0
9
0
2
3
1
1
102
102
7
1
3
4
1
17
4
1
0
0
0
4
16
3
4
8
2
3
9
9
3
6
0
1
1
1
1
6
103
103
55
55
2
1
1
3
2
2
4
54
0
1
1
4
1
28
104
104
0
4
12
1
30
11
11
76
76
1
3
4
9
3
15
6
3
4
0
40
4
2
2
2
3
1
1
4
19
1
5
4
1
19
0
4
0
0
4
1
13
3
1
105
105
3
3
4
16
1
6
2
4
4
1
18
18
0
0
0
30
30
12
4
0
3
13
6
4
4
4
0
40
2
3
106
106
3
4
1
1
3
107
107
4
2
22
18
5
1
3
1
2
40
4
1
20
0
2
2
1
1
7
9
18
1
108
108
6
4
109
109
5
4
1
4
77
77
4
1
6
0
16
7
3
1
4
2
54
3
0
2
6
1
1
2
3
3
1
2
1
14
1
19
4
14
3
1
4
40
4
3
14
19
1
1
75
71
3
2
5
22
6
22
110
110
2
15
0
22
30
30
1
0
111
111
22
1
4
4
1
0
2
1
4
4
1
76
4
19
3
4
1
4
4
9
1
28
1
1
1
1
22
16
4
3
3
16
7
0
0
0
4
3
1
1
0
3
2
1
13
3
4
17
17
13
2
1
4
18
18
0
3
3
1
1
1
19
4
1
4
74
18
11
1
1
13
4
9
2
3
1
9
53
1
2
4
11
1
3
9
7
4
1
11
2
1
20
1
4
6
3
11
1
4
19
4
1
9
4
1
18
1
1
19
56
56
2
22
2
55
3
1
21
1
2
2
0
9
1
3
0
66
0
0
4
1
3
3
4
4
3
4
1
5
3
4
13
3
11
19
4
16
4
55
4
2
3
3
3
3
3
4
3
1
6
3
3
112
112
3
3
3
6
25
16
2
3
2
3
3
25
7
6
4
3
3
3
3
8
6
7
24
44
11
7
3
8
8
3
1
1
4
16
16
3
16
16
16
15
4
25
3
8
6
6
3
3
3
5
3
7
14
1
16
4
16
3
4
25
14
3
1
14
6
3
3
9
3
8
9
3
1
6
3
25
3
8
3
44
3
7
3
4
3
3
3
1
113
113
6
114
114
8
3
16
16
3
16
3
25
3
3
10
16
16
3
6
11
25
15
11
3
3
8
29
29
3
115
115
19
19
18
116
116
1
17
17
0
1
1
2
2
2
10
6
46
46
77
33
33
18
10
2
0
1
8
2
0
0
1
29
18
3
8
18
18
1
23
1
57
57
3
0
12
8
14
14
2
2
19
15
18
29
47
47
9
1
1
18
10
0
12
0
78
78
5
0
19
2
117
117
1
12
18
7
1
41
41
10
1
10
10
23
1
17
19
3
0
14
14
12
0
12
12
12
0
14
23
23
4
1
13
2
1
1
9
9
1
1
1
2
39
9
2
1
31
19
19
10
19
5
2
0
1
1
7
9
118
118
9
19
13
13
29
1
9
15
19
1
9
1
0
18
13
10
10
1
119
119
19
10
1
1
47
47
2
10
1
5
41
17
2
1
1
18
23
78
23
1
1
57
13
19
41
41
2
79
79
79
12
1
1
14
3
2
1
12
12
14
14
29
1
46
10
29
13
1
23
19
56
10
1
80
80
11
51
1
8
23
18
14
8
0
0
4
8
1
19
12
7
8
29
3
10
1
12
8
1
1
1
1
1
10
10
120
120
4
121
121
0
4
17
2
10
10
14
2
17
1
1
9
23
2
17
0
0
0
2
7
10
12
33
19
8
10
39
1
8
3
46
46
18
56
4
1
10
19
122
122
29
23
13
1
33
9
19
19
13
13
13
1
1
13
18
18
0
3
23
8
23
1
23
29
0
41
4
80
13
14
2
9
3
10
14
3
2
10
0
0
57
33
4
18
0
1
1
1
0
123
123
47
33
7
7
12
12
13
13
17
2
2
8
1
1
1
11
11
17
2
1
1
84
84
60
60
0
3
1
2
3
2
1
11
3
2
12
5
11
5
1
10
11
8
11
1
1
32
2
1
0
11
13
12
12
11
1
11
83
83
2
0
2
7
5
0
8
8
59
59
11
5
7
7
8
1
16
19
2
11
11
3
8
5
8
9
11
33
128
128
1
0
0
12
7
84
1
5
5
5
17
1
1
2
5
1
31
2
7
5
5
5
3
0
2
1
1
2
1
2
2
3
60
2
11
11
11
1
5
2
2
5
19
32
2
1
1
58
58
4
4
7
11
11
0
10
13
11
11
16
11
126
126
1
34
34
10
11
11
11
1
12
8
11
1
17
17
1
1
4
2
0
5
5
6
11
0
12
61
61
15
61
2
127
127
34
2
2
12
11
11
3
2
12
11
6
9
0
25
2
2
60
12
10
17
17
34
1
1
124
124
2
1
5
2
2
22
12
12
17
17
12
12
1
1
2
7
17
0
82
82
12
13
8
12
12
12
3
17
17
17
17
7
2
1
7
2
2
2
0
3
2
11
2
8
3
5
3
1
28
1
28
11
11
2
11
11
3
1
81
81
0
61
11
5
11
11
11
17
0
7
2
11
12
13
3
2
7
0
59
8
11
1
1
0
5
4
13
5
1
5
34
2
13
0
3
11
5
81
125
125
1
2
11
5
17
17
59
2
5
11
1
1
12
1
2
1
58
0
3
2
13
2
2
7
2
1
58
13
2
34
1
0
11
2
0
2
3
12
11
1
8
3
9
2
2
34
5
2
3
1
2
11
11
17
5
2
2
2
0
0
2
12
82
11
2
2
2
1
83
4
