40
40
9
9
9
9
25
25
26
26
27
27
10
10
0
0
0
9
41
41
0
0
0
27
27
25
0
0
0
0
0
28
28
26
9
25
9
28
0
28
26
0
0
0
10
3
3
33
33
18
18
2
2
5
5
5
5
3
34
34
35
35
2
2
7
7
5
5
5
3
17
17
5
2
5
2
2
3
5
3
2
3
5
7
5
2
5
2
2
5
3
3
2
4
4
3
2
2
34
7
18
18
3
29
29
3
3
3
35
5
17
2
2
3
29
2
2
3
3
7
42
42
3
2
5
3
5
5
5
43
43
7
7
2
7
17
7
7
3
3
3
7
5
2
2
7
33
4
17
3
2
3
17
2
29
5
8
8
57
1
1
2
6
6
0
4
4
13
13
1
30
30
11
8
24
24
6
6
6
1
36
36
15
15
13
16
16
4
36
37
37
19
19
4
11
4
1
1
6
19
8
45
45
0
4
8
31
31
12
12
32
32
20
20
0
1
6
21
21
14
14
9
1
1
46
46
22
22
14
1
0
47
47
6
32
4
0
0
1
14
4
1
1
4
4
2
0
0
15
1
10
12
19
16
14
23
23
48
48
12
1
20
4
4
2
22
32
44
44
0
0
1
16
4
4
13
0
0
0
20
1
0
1
20
31
21
19
22
0
15
2
9
4
4
21
18
2
2
6
24
1
1
2
0
8
10
11
1
0
12
0
4
4
22
1
22
2
1
1
2
1
23
1
12
0
30
4
11
11
1
1
1
13
49
49
0
1
4
30
8
31
0
50
50
6
38
38
0
8
51
13
0
1
10
6
13
16
0
3
3
16
2
0
11
2
0
0
8
11
14
8
14
24
21
21
4
0
0
24
1
11
52
52
6
53
53
0
1
1
0
1
4
6
15
1
0
1
16
1
1
23
37
12
23
23
15
2
38
0
0
18
1
11
15
39
39
54
54
55
55
10
14
0
51
1
10
10
13
20
4
12
56
56
19
0
0
39
12
