50
50
10
10
10
10
30
30
31
31
27
27
11
11
2
2
2
10
45
45
2
2
2
27
27
30
2
2
2
2
2
32
32
31
10
30
10
32
2
32
31
2
2
2
11
0
0
38
38
18
18
4
4
7
7
7
7
0
39
39
40
40
4
4
8
8
7
7
7
0
20
20
7
4
7
4
4
0
7
0
4
0
7
8
7
4
7
4
4
7
0
0
4
3
3
0
4
4
39
8
18
18
0
33
33
0
0
0
40
7
20
4
4
0
33
4
4
0
0
8
51
51
0
4
7
0
7
7
7
52
52
8
8
4
8
20
8
8
0
0
0
8
7
4
4
8
38
3
20
0
4
0
20
4
33
7
9
9
69
1
1
4
6
6
2
3
3
14
14
1
34
34
12
9
26
26
6
6
6
1
41
41
17
17
14
5
5
3
41
42
42
21
21
3
12
3
1
1
6
21
9
54
54
2
3
9
35
35
13
13
19
19
22
22
2
1
6
23
23
15
15
10
1
1
55
55
16
16
15
1
2
56
56
6
19
3
2
2
1
15
3
1
1
3
3
4
2
2
17
1
11
13
21
5
15
24
24
57
57
13
1
22
3
3
4
16
19
53
53
2
2
1
5
3
3
14
2
2
2
22
1
2
1
22
35
23
21
16
2
17
4
10
3
3
23
18
4
4
6
26
1
1
4
2
9
11
12
1
2
13
2
3
3
16
1
16
4
1
1
4
1
24
1
13
2
34
3
12
12
1
1
1
14
58
58
2
1
3
34
9
35
2
59
59
6
43
43
2
9
60
14
2
1
11
6
14
5
2
0
0
5
4
2
12
4
2
2
9
12
15
9
15
26
23
23
3
2
2
26
1
12
61
61
6
62
62
2
1
1
2
1
3
6
17
1
2
1
5
1
1
24
42
13
24
24
17
4
43
2
2
18
1
12
17
44
44
63
63
64
64
11
15
2
60
1
11
11
14
22
3
13
65
65
21
2
2
44
13
0
0
0
0
0
3
3
5
3
0
0
28
28
0
6
6
5
5
16
1
0
18
6
6
0
1
1
66
66
5
5
0
0
1
7
28
3
1
0
2
70
36
36
1
5
25
25
36
25
5
5
3
2
0
1
45
0
3
1
5
2
5
3
0
25
3
3
1
1
0
6
3
5
16
5
25
1
1
5
0
0
0
6
46
46
0
5
5
5
47
47
1
6
67
67
5
5
5
25
6
0
0
0
0
6
0
0
3
3
3
3
0
47
28
0
0
6
5
29
29
2
0
5
29
1
1
29
1
5
6
0
0
3
0
0
0
5
29
6
0
0
27
0
0
6
6
0
0
5
0
6
36
0
1
1
5
1
3
6
0
0
46
1
28
71
48
48
49
49
48
37
37
68
68
37
19
19
19
37
49
