90
90
3
3
3
3
11
11
36
36
4
4
2
2
12
12
12
3
42
42
12
12
12
4
4
11
12
12
12
18
12
19
3
36
3
11
5
19
12
19
36
12
12
12
2
4
4
65
65
13
13
23
23
0
0
0
0
4
6
6
22
22
23
23
13
13
0
0
0
4
9
9
0
23
0
23
23
4
0
4
1
15
0
13
0
23
0
23
23
0
4
4
23
11
11
4
23
23
6
13
13
13
4
2
2
4
4
4
22
0
9
7
23
4
2
23
10
4
4
13
91
91
4
23
0
4
0
0
0
92
92
13
13
4
13
9
13
13
4
4
4
13
0
23
23
13
65
11
9
4
23
2
9
23
2
0
10
2
12
3
1
23
11
11
12
11
8
22
22
3
8
8
10
10
43
43
11
11
11
3
18
18
7
7
22
8
8
11
18
10
10
16
16
11
10
11
16
16
11
16
0
93
93
12
11
2
48
48
16
16
3
3
6
6
12
16
11
9
9
2
2
3
3
3
30
30
26
26
2
3
12
94
94
11
3
11
12
12
2
2
11
15
15
11
11
10
12
12
4
3
2
16
16
8
2
2
2
66
66
16
16
6
11
11
7
1
4
12
12
12
12
2
8
11
11
22
12
12
12
6
16
12
16
6
48
9
16
26
12
7
23
3
11
11
9
13
23
23
11
43
16
3
4
12
8
11
10
3
12
16
1
11
11
1
16
1
3
3
2
23
3
2
3
16
16
8
11
10
10
18
16
3
22
95
95
12
16
11
8
10
48
12
9
9
11
67
67
12
2
22
22
12
16
2
11
22
8
12
4
4
8
23
12
2
23
12
12
10
10
2
10
2
43
9
9
11
12
12
43
3
10
14
14
11
6
6
12
3
16
12
2
11
11
7
3
12
3
13
3
16
2
10
16
2
2
7
23
67
12
12
13
3
10
7
19
19
21
21
96
96
2
2
12
22
16
2
2
22
6
11
16
97
97
16
12
12
19
16
2
2
2
0
2
11
11
8
11
2
2
20
20
2
8
8
8
8
26
16
8
13
8
8
2
3
2
68
68
8
8
2
0
13
0
20
11
2
2
12
12
2
2
2
8
20
20
2
20
8
8
11
12
8
2
42
8
11
2
8
12
8
11
2
20
11
11
3
2
2
8
11
8
26
8
20
2
13
8
2
2
2
8
31
31
2
8
8
8
69
69
3
8
13
13
8
8
9
20
8
2
2
2
10
8
2
2
11
11
11
11
2
69
20
8
2
8
8
13
13
12
2
8
13
3
3
13
16
8
8
2
2
11
2
2
2
8
13
8
2
2
4
2
2
8
8
2
2
8
2
8
2
2
14
2
8
1
11
8
2
2
31
16
20
4
28
28
2
2
28
49
49
0
0
49
4
2
4
49
2
8
7
10
7
9
5
5
3
3
0
0
0
18
10
24
24
18
3
3
0
13
13
2
0
0
0
0
0
1
9
0
0
2
4
4
10
14
0
0
0
3
1
1
8
7
3
0
0
0
0
0
3
10
25
25
0
22
22
20
20
0
2
1
4
2
0
0
8
0
0
0
0
3
1
14
14
1
3
21
21
0
9
9
9
11
11
12
12
0
50
50
0
0
0
0
0
1
1
15
0
0
10
10
34
0
12
0
0
22
22
11
11
0
3
0
0
0
10
0
9
0
7
0
0
0
17
0
0
3
0
37
37
11
11
14
3
3
13
12
2
0
14
12
3
0
3
7
10
10
0
0
0
11
0
4
0
3
8
0
0
13
0
4
0
0
0
0
0
0
21
0
9
9
9
0
2
20
20
1
0
0
12
12
18
1
13
4
11
3
7
20
3
2
6
6
0
0
0
0
0
25
3
11
0
3
18
0
12
12
3
2
9
13
3
6
1
17
1
10
6
7
98
98
0
0
3
3
14
7
24
12
7
2
3
9
51
51
0
0
5
2
3
0
14
1
0
3
0
14
0
4
4
0
2
10
3
3
2
7
7
2
7
2
0
34
0
13
3
2
3
7
0
0
3
1
2
3
2
12
22
3
7
18
0
7
3
0
0
1
3
37
18
13
9
22
3
2
8
11
0
7
22
3
0
0
9
0
0
32
0
0
24
7
7
1
2
2
0
0
3
0
0
0
11
1
0
0
0
0
3
7
0
0
0
3
13
6
13
2
3
7
12
0
3
11
3
20
11
7
0
0
0
0
0
3
3
0
0
7
0
13
15
0
1
0
9
3
3
3
0
0
0
9
0
0
1
0
0
14
52
52
2
0
2
1
0
0
0
8
11
3
1
0
3
3
0
13
3
42
42
0
22
7
3
1
13
0
0
0
1
0
0
0
0
17
17
0
11
0
0
0
8
0
0
0
3
7
2
0
0
7
7
37
0
99
99
0
7
6
0
0
3
0
3
18
0
1
22
0
3
7
0
0
0
0
3
0
7
13
50
0
3
12
11
12
9
3
10
1
0
6
3
22
11
7
12
3
0
0
15
9
0
13
10
10
4
0
2
9
3
3
3
4
9
0
0
12
9
3
22
5
0
3
0
2
14
3
21
70
70
1
3
0
15
7
13
0
18
1
1
10
50
3
17
13
3
10
0
3
0
6
8
9
12
18
6
3
11
3
13
70
21
0
2
18
18
10
0
24
0
0
0
0
0
3
12
0
7
9
2
0
0
14
3
3
3
3
11
23
0
10
2
0
0
0
1
14
0
14
14
13
7
15
0
4
0
2
0
0
14
0
0
2
0
14
2
11
14
13
7
3
71
71
38
38
4
7
0
9
9
13
0
0
5
14
1
0
0
0
0
13
2
11
10
13
3
0
21
21
0
0
0
10
14
18
1
9
3
0
7
13
3
0
0
11
3
11
38
0
7
24
0
15
15
1
0
10
9
1
3
4
0
0
0
3
0
2
8
0
5
0
14
0
0
0
0
0
0
22
0
12
0
17
0
7
0
0
3
0
11
4
7
14
14
0
12
14
0
0
0
0
0
0
0
0
7
13
13
13
13
100
100
21
21
13
52
13
3
3
15
9
3
3
16
11
0
3
3
3
8
15
9
15
9
9
4
3
3
8
5
0
0
9
0
0
0
19
3
3
3
51
26
26
3
11
4
10
0
0
3
3
9
9
72
72
12
0
7
9
3
3
52
13
11
8
8
8
0
9
3
12
12
9
3
3
10
9
4
9
36
9
8
9
6
6
3
7
9
1
10
3
17
9
3
10
1
1
1
4
16
16
13
10
12
11
15
15
0
10
1
9
32
32
3
26
3
9
3
0
36
5
1
1
20
20
3
3
8
2
3
0
13
2
10
16
2
3
3
10
3
3
12
12
4
10
21
21
4
1
10
10
9
3
4
6
10
0
9
4
4
32
3
3
16
4
9
5
4
3
9
8
7
9
13
6
26
19
4
22
6
10
9
9
9
31
9
3
15
9
16
1
3
9
16
22
8
10
3
3
3
9
16
16
12
3
3
3
3
14
9
1
3
3
10
10
26
31
31
21
2
26
10
15
6
6
9
9
8
2
22
10
32
72
6
16
3
3
6
32
7
1
1
1
7
3
16
3
10
2
4
11
9
4
10
16
10
1
3
1
10
12
9
9
9
9
11
26
13
7
7
1
9
3
19
3
4
9
10
9
3
4
66
10
7
10
8
21
2
10
4
1
3
0
8
4
6
4
3
15
0
0
10
3
9
22
22
17
4
4
9
4
3
3
3
10
26
23
26
4
9
4
3
10
3
3
10
4
8
23
16
0
10
9
10
3
10
10
19
7
32
7
3
10
17
9
9
4
10
8
10
26
9
9
0
9
14
11
11
13
3
3
53
53
3
10
14
1
4
4
1
3
2
1
4
3
4
5
5
3
3
1
14
1
1
1
13
39
39
1
14
3
14
14
10
26
3
22
14
4
4
10
10
14
3
9
20
20
4
7
7
15
1
1
3
2
11
101
101
18
4
10
3
6
1
1
1
1
14
4
1
10
10
10
1
25
25
30
30
18
3
4
4
7
73
73
2
1
3
14
5
1
7
3
7
1
4
4
3
3
30
1
1
26
3
1
18
18
1
18
3
53
3
12
2
1
0
4
7
18
18
4
7
1
1
1
13
14
22
1
1
14
0
2
3
7
10
4
13
3
11
8
1
1
3
5
3
3
10
16
16
10
3
3
14
11
15
10
11
0
11
14
8
4
1
4
102
102
9
1
4
3
1
17
10
1
14
14
14
2
3
4
3
10
18
0
11
11
4
3
14
1
1
1
1
5
103
103
54
54
18
1
1
7
4
18
3
16
13
1
1
3
1
13
104
104
0
7
24
19
30
6
6
74
74
1
7
3
11
4
12
3
4
3
0
39
3
16
18
18
4
1
1
3
3
1
10
10
1
5
14
15
14
14
3
1
13
4
1
105
105
4
8
3
20
9
10
4
3
3
3
15
15
14
0
0
30
30
8
2
0
4
13
3
3
19
2
14
39
18
7
106
106
3
2
1
1
4
107
107
3
4
9
15
4
1
4
1
18
39
3
1
22
10
18
4
1
1
1
11
15
1
108
108
3
3
109
109
10
10
1
15
75
75
3
1
3
0
20
9
4
1
15
2
16
4
14
4
3
1
1
4
4
4
19
18
1
22
1
15
3
22
4
1
3
39
3
4
19
15
1
1
73
71
4
4
4
26
19
26
6
6
18
12
14
26
30
30
1
14
110
110
26
9
1
2
1
5
4
1
3
3
1
74
10
3
4
3
1
3
7
11
1
13
1
1
1
1
9
20
3
4
7
20
9
14
0
7
3
4
1
1
14
4
18
1
15
4
3
17
17
13
18
2
3
15
15
14
4
4
1
1
1
1
3
1
5
25
4
6
1
1
13
3
11
2
7
1
11
53
1
18
3
6
1
4
11
15
3
8
6
2
1
3
1
3
3
3
9
1
3
6
3
1
11
3
1
22
1
1
0
6
6
18
26
2
54
4
1
2
1
18
18
14
11
1
5
0
68
14
14
3
1
4
4
3
5
4
3
1
10
4
3
5
4
13
0
5
20
3
54
3
4
4
4
4
4
4
3
7
1
15
4
4
12
12
4
4
7
15
21
20
2
4
1
8
4
21
9
15
15
4
6
4
3
17
15
9
11
10
6
21
4
17
6
4
19
1
3
20
20
4
20
20
20
12
15
21
4
17
15
15
4
4
7
2
4
5
16
9
20
2
20
4
3
21
16
4
19
16
15
4
8
11
7
2
11
4
19
15
4
21
4
17
4
10
3
9
4
3
4
4
7
1
111
111
15
112
112
10
4
20
20
4
20
4
21
4
4
2
20
20
4
15
9
21
12
6
4
4
10
3
3
4
113
113
6
6
4
114
114
7
6
6
14
1
1
3
10
10
2
10
44
44
75
33
33
4
2
10
14
1
10
7
14
14
1
3
4
4
17
4
4
1
24
7
12
12
3
14
8
17
16
16
3
3
1
10
4
3
45
45
11
1
1
4
2
0
8
14
29
29
2
0
1
3
115
115
1
8
15
9
1
20
20
2
4
2
2
24
1
6
6
4
14
22
22
8
0
8
8
8
0
22
24
24
3
3
3
2
1
1
23
23
1
1
1
3
37
11
10
1
32
6
6
2
6
2
1
14
1
1
9
11
1
1
23
6
13
13
3
1
23
23
6
1
23
7
7
4
13
2
2
1
116
116
1
2
1
1
45
45
15
2
1
10
20
6
7
1
1
4
24
29
24
1
1
12
13
6
20
20
10
76
76
76
8
1
9
16
4
7
1
8
8
22
22
3
1
44
2
3
3
1
24
6
6
1
1
6
6
6
51
1
17
24
4
22
17
14
0
3
3
15
1
9
9
17
3
4
2
1
8
17
1
1
1
1
1
2
2
46
46
3
24
24
14
2
6
10
2
2
22
7
6
1
1
11
24
7
6
0
14
7
10
21
2
8
33
1
17
2
37
1
17
4
44
44
4
6
3
1
12
15
117
117
3
24
14
1
33
23
6
6
13
13
13
1
5
13
4
4
10
4
24
17
24
1
24
3
14
20
15
6
13
16
7
23
4
2
16
3
2
2
0
0
12
33
15
4
14
1
1
1
0
12
12
45
33
9
7
8
8
13
13
17
2
2
10
9
9
9
6
2
17
2
2
1
55
55
12
12
5
4
1
2
7
2
9
6
4
2
8
2
6
2
1
12
6
10
8
9
1
21
2
1
0
6
13
8
8
6
1
6
77
77
2
0
2
9
2
0
10
10
56
56
7
2
21
21
3
9
20
6
2
6
6
6
10
2
2
11
6
33
13
13
1
0
0
8
9
55
9
2
2
2
17
1
1
2
2
1
32
2
21
2
2
2
4
0
2
1
1
2
1
2
2
4
12
2
6
6
6
9
2
2
2
2
6
21
2
7
7
57
57
3
15
9
6
6
0
12
13
6
6
20
6
118
118
1
18
18
12
6
6
6
4
8
10
8
1
17
17
1
7
3
16
0
2
2
3
6
0
8
58
58
12
58
2
119
119
18
2
2
8
8
5
4
2
8
6
3
11
0
21
2
15
12
8
12
4
17
18
7
7
120
120
2
1
2
2
2
26
8
8
5
14
8
8
1
1
1
9
17
0
78
78
8
13
10
8
8
8
4
17
5
5
17
9
3
1
21
2
2
2
0
4
2
7
2
10
4
2
4
1
13
1
13
6
6
2
6
5
4
1
7
7
0
58
6
5
6
6
6
15
0
21
2
6
8
13
4
2
9
0
56
10
6
1
4
0
2
15
13
2
9
2
18
8
13
0
4
6
2
7
121
121
5
2
6
10
17
17
56
2
2
6
9
1
8
1
2
1
57
0
4
2
13
2
2
21
5
1
57
13
2
18
1
0
4
2
0
15
4
8
5
1
10
4
11
1
3
18
2
2
4
1
2
5
6
7
2
2
2
2
0
0
2
8
78
6
2
2
2
1
77
3
59
59
23
23
0
59
14
14
1
14
17
17
5
10
1
7
0
17
17
0
122
122
4
4
5
9
3
5
38
10
10
8
0
8
5
7
7
15
4
10
1
1
5
23
4
5
10
5
14
0
0
0
0
2
4
4
17
14
19
17
17
7
17
5
5
24
7
20
5
7
17
10
14
9
7
0
0
5
7
19
17
17
5
0
3
5
0
10
17
9
1
0
1
14
5
21
19
17
7
4
5
21
13
5
8
19
14
2
19
17
23
0
0
10
8
5
20
0
5
5
2
5
19
5
5
5
0
5
19
8
21
7
8
10
19
7
7
5
17
0
0
0
20
5
5
5
14
2
4
14
18
5
14
0
5
3
19
7
3
7
7
17
10
0
12
0
5
5
13
13
33
33
21
0
4
19
21
3
18
8
19
59
5
7
7
0
16
16
5
5
19
5
4
1
13
5
12
5
12
0
7
0
19
5
0
14
5
5
5
17
0
17
0
5
3
19
5
19
19
7
5
12
5
5
17
15
3
8
5
5
5
21
14
17
17
5
18
18
2
17
5
5
5
5
2
17
17
4
4
14
4
4
12
6
6
5
13
6
6
16
16
6
5
1
9
3
5
1
60
60
12
5
4
5
12
12
5
5
6
5
5
5
5
5
5
21
5
1
1
5
79
79
16
0
15
2
35
35
34
34
40
40
6
9
3
9
9
2
5
2
5
4
9
5
18
9
0
5
16
17
5
2
1
2
9
17
6
13
4
4
4
34
4
21
4
5
4
40
15
2
4
5
2
2
2
2
4
16
5
4
40
2
5
16
2
3
34
13
8
35
9
40
123
123
5
12
9
6
4
17
5
5
5
12
2
18
6
16
18
21
17
5
5
5
2
16
16
6
6
5
4
6
17
17
4
60
17
17
16
79
2
35
16
6
1
11
5
2
6
5
5
11
5
0
17
1
5
5
12
5
13
5
60
2
5
9
9
18
15
2
35
18
0
1
5
2
35
11
2
9
5
9
3
35
12
3
18
8
6
6
12
124
124
5
11
34
16
40
5
5
13
9
34
5
2
2
1
1
6
16
80
80
80
7
5
11
6
27
27
5
27
27
6
19
21
6
10
6
2
5
3
4
4
15
17
2
2
5
61
61
5
5
1
6
1
5
5
11
1
17
15
15
1
24
24
16
16
5
4
19
19
19
1
4
11
2
25
25
3
1
1
8
19
7
1
1
6
15
27
27
8
8
8
3
5
5
7
17
15
19
5
7
2
19
7
5
11
11
5
11
8
15
17
16
25
5
7
8
2
2
1
6
2
2
15
2
3
5
1
11
11
10
1
17
1
3
18
1
1
1
1
27
7
0
2
6
1
125
125
1
24
15
15
15
6
23
7
2
5
8
5
10
2
6
10
1
15
17
81
81
27
126
126
2
1
1
1
15
4
82
82
29
83
83
19
4
15
27
3
8
27
1
9
1
5
7
2
1
1
5
15
6
10
2
4
25
3
19
1
1
5
1
4
1
1
1
61
61
17
6
1
1
1
8
127
127
1
1
25
1
1
1
1
1
46
46
10
55
15
84
84
17
6
7
8
5
25
1
2
3
17
5
1
11
4
41
41
1
2
4
6
3
1
21
15
4
27
8
19
7
3
1
2
3
17
24
3
31
1
1
25
25
27
1
8
4
1
1
1
5
4
15
5
5
3
15
2
1
1
15
7
5
5
27
5
83
1
2
62
62
5
46
3
19
5
15
1
6
1
19
7
85
85
5
5
11
11
6
1
1
7
0
27
1
1
1
2
21
1
1
4
4
0
2
8
6
5
21
11
6
1
1
1
82
1
0
1
1
8
5
25
1
1
2
81
4
24
1
8
6
2
2
5
5
1
2
19
6
4
3
8
12
7
5
8
21
3
7
1
0
21
1
2
2
4
2
1
5
24
4
1
1
2
2
6
85
84
15
2
2
1
1
0
9
8
1
5
5
0
24
7
27
9
3
15
1
1
1
1
9
86
86
86
2
7
1
1
5
1
2
1
16
1
1
1
1
1
1
27
1
1
1
38
1
1
1
0
7
1
1
27
1
1
1
4
8
5
9
19
38
128
128
19
1
1
1
1
1
1
1
2
15
2
27
19
9
19
5
21
1
2
1
7
7
17
6
16
21
1
3
1
62
1
1
1
1
2
7
1
15
129
129
1
15
2
11
13
1
5
62
15
5
2
14
2
28
63
63
2
2
2
16
6
7
1
18
6
0
6
0
6
15
15
22
29
29
13
19
0
18
1
1
16
47
47
0
41
41
28
9
8
25
29
0
63
0
0
6
18
2
1
10
2
7
7
2
6
6
2
2
1
1
6
6
2
2
1
2
2
5
5
5
2
2
7
2
7
2
2
14
2
2
3
2
2
2
0
2
12
2
130
130
2
14
16
16
7
7
12
29
7
6
0
6
3
2
2
15
8
0
3
29
29
1
1
25
6
3
6
2
1
131
131
6
5
19
6
6
6
6
1
7
15
132
132
0
1
2
5
6
6
47
6
18
0
18
5
2
8
15
16
2
2
2
7
8
19
3
0
18
9
9
2
3
1
1
6
18
18
2
2
0
0
2
0
6
16
1
16
87
87
16
41
2
2
15
2
2
0
2
2
0
2
6
7
6
5
7
1
2
1
6
14
3
1
6
18
14
8
22
6
6
16
2
1
1
1
25
5
25
25
1
1
5
1
41
2
1
1
16
2
5
2
1
1
15
1
25
7
2
1
22
18
1
2
8
13
13
6
7
0
5
6
1
16
9
1
14
1
0
5
16
2
1
0
2
6
5
5
8
7
1
7
0
29
0
0
13
2
2
2
2
2
0
6
1
6
8
15
2
2
0
0
0
2
2
2
28
1
3
5
13
2
1
5
133
133
1
0
18
2
6
3
0
0
0
15
0
5
6
0
8
0
0
1
1
25
1
0
0
16
134
134
2
2
25
14
2
47
8
0
2
2
8
7
0
8
8
8
47
0
0
2
1
1
0
2
2
1
1
13
1
13
1
3
2
2
0
9
2
2
14
6
1
1
13
1
0
2
2
135
135
2
2
2
2
8
5
9
2
2
87
14
14
0
0
5
6
7
1
1
63
1
0
7
5
0
7
0
0
0
0
0
0
0
13
14
4
4
4
20
2
4
0
0
25
15
2
1
1
5
2
2
2
25
0
0
0
0
0
0
6
4
9
17
13
15
0
2
4
0
9
13
4
25
4
0
4
4
0
0
0
0
5
15
6
4
0
0
0
0
11
0
4
0
89
89
4
88
88
5
5
7
1
9
2
15
15
28
15
15
0
3
7
11
5
3
13
4
17
64
64
14
9
5
4
0
0
17
64
8
5
6
0
5
14
64
0
0
4
0
9
0
23
28
0
1
1
4
1
14
0
0
7
28
8
28
0
0
0
4
0
6
5
28
0
3
25
2
5
4
4
0
0
2
9
14
28
0
11
11
7
10
28
0
20
89
4
2
2
7
0
0
88
14
0
7
0
0
0
4
9
4
2
0
2
7
5
9
0
0
0
7
20
0
9
0
25
0
0
8
0
136
136
0
4
2
2
2
0
0
0
2
0
13
4
0
139
139
14
24
25
0
0
5
14
0
15
1
24
0
31
0
31
31
0
4
0
0
4
6
0
0
7
0
0
6
9
0
4
0
19
4
4
140
140
28
4
0
9
25
9
20
0
2
138
138
0
9
0
0
0
4
5
137
137
13
8
7
4
1
14
1
6
0
0
4
0
0
0
9
20
