18
18
5
5
5
5
7
7
8
8
9
9
13
13
3
3
3
5
19
19
3
3
3
9
9
7
3
3
3
3
3
10
10
8
5
7
5
10
3
10
8
3
3
3
13
1
1
16
16
11
11
0
0
2
2
2
2
1
14
14
17
17
0
0
4
4
2
2
2
1
6
6
2
0
2
0
0
1
2
1
0
1
2
4
2
0
2
0
0
2
1
1
0
15
15
1
0
0
14
4
11
11
1
12
12
1
1
1
17
2
6
0
0
1
12
0
0
1
1
4
21
21
1
0
2
1
2
2
2
20
20
4
4
0
4
6
4
4
1
1
1
4
2
0
0
4
16
15
6
1
0
1
6
0
12
2
