40
40
11
11
11
11
25
25
26
26
27
27
12
12
0
0
0
11
41
41
0
0
0
27
27
25
0
0
0
0
0
28
28
26
11
25
11
28
0
28
26
0
0
0
12
2
2
33
33
17
17
1
1
5
5
5
5
2
34
34
35
35
1
1
9
9
5
5
5
2
18
18
5
1
5
1
1
2
5
2
1
2
5
9
5
1
5
1
1
5
2
2
1
3
3
2
1
1
34
9
17
17
2
29
29
2
2
2
35
5
18
1
1
2
29
1
1
2
2
9
42
42
2
1
5
2
5
5
5
43
43
9
9
1
9
18
9
9
2
2
2
9
5
1
1
9
33
3
18
2
1
2
18
1
29
5
6
6
0
4
4
1
8
8
0
3
3
10
10
4
30
30
6
6
24
24
8
8
8
4
37
37
16
16
10
15
15
3
37
39
39
20
20
3
6
3
7
7
8
20
6
45
45
0
3
6
32
32
13
13
31
31
19
19
0
7
8
21
21
14
14
11
4
4
49
49
23
23
14
4
0
44
44
8
31
3
0
0
4
14
3
4
4
3
3
1
0
0
16
4
12
13
20
15
14
22
22
47
47
13
7
19
3
3
1
23
31
0
0
0
0
4
15
3
3
10
0
0
0
19
7
0
7
19
32
21
20
23
0
16
1
11
3
3
21
17
1
1
8
24
7
4
1
0
6
12
6
4
0
13
0
3
3
23
7
23
1
4
4
1
4
22
4
13
0
30
3
6
6
7
7
4
10
48
48
0
7
3
30
6
32
0
50
50
8
38
38
0
6
10
10
0
7
12
8
10
15
0
2
2
15
1
0
6
1
0
0
6
6
14
6
14
24
21
21
3
0
0
24
4
6
52
52
8
53
53
0
4
7
0
4
3
8
16
4
0
4
15
4
7
22
39
13
22
22
16
1
38
0
0
17
4
6
16
36
36
54
54
51
51
12
14
0
10
7
12
12
10
19
3
13
46
46
20
0
0
36
13
