91
91
11
11
11
0
7
7
13
13
3
3
7
7
8
8
8
11
36
36
8
8
8
3
3
7
8
8
8
8
1
11
11
13
11
7
0
3
8
11
13
8
8
8
7
3
3
61
61
11
11
20
20
0
0
0
0
3
4
0
15
15
20
20
11
8
0
0
0
3
37
0
0
20
0
20
20
3
0
3
12
3
0
11
0
20
0
20
20
0
3
3
20
7
7
3
20
20
4
11
11
11
2
13
13
3
3
3
15
0
37
2
20
3
13
15
2
3
3
11
92
92
3
20
0
3
0
0
0
93
93
11
11
4
11
37
11
10
3
3
3
11
0
20
20
11
61
7
37
4
20
2
37
20
3
0
5
5
8
5
0
4
7
7
8
7
9
15
15
5
9
9
5
5
5
5
7
7
7
5
8
8
3
20
15
9
9
7
8
38
38
15
15
7
5
7
8
8
7
1
5
94
94
8
7
2
47
47
14
19
3
3
4
4
1
6
7
4
4
22
22
11
5
5
25
25
1
1
22
5
6
95
95
7
3
7
8
8
5
22
7
2
2
7
7
20
8
8
2
5
5
14
15
9
2
6
6
63
63
14
8
4
7
7
3
1
3
8
8
8
5
5
9
7
8
15
8
8
8
4
4
8
8
4
47
4
15
1
8
3
20
11
7
7
4
11
7
7
7
5
8
5
3
14
4
7
4
1
8
14
1
7
7
1
8
1
4
5
5
20
5
6
5
14
8
9
7
5
5
8
8
5
15
0
0
8
8
7
9
5
47
8
0
0
7
0
0
8
5
15
15
8
8
7
7
15
9
5
15
15
9
20
8
2
20
8
10
5
0
22
5
22
5
4
4
7
3
1
5
5
5
17
17
7
0
0
14
2
8
8
5
7
7
2
5
8
5
9
5
8
6
38
14
2
2
3
20
0
1
8
11
6
0
3
1
1
16
16
96
96
5
5
8
15
8
7
7
1
0
7
5
97
97
15
8
8
1
14
2
5
5
2
2
7
7
9
7
2
9
14
14
6
9
9
9
9
1
8
9
7
9
9
12
5
2
64
64
9
9
5
5
0
0
14
7
5
2
8
8
5
5
5
9
14
14
5
14
9
9
7
8
9
5
36
9
6
5
9
8
9
7
2
14
7
7
5
5
2
9
7
9
10
9
14
5
11
9
9
5
6
9
7
7
9
9
9
9
19
19
3
9
7
7
9
9
4
14
9
2
2
5
2
9
2
5
9
7
9
7
2
19
14
9
6
9
9
11
11
8
7
9
11
2
0
11
8
9
9
5
5
9
9
5
2
9
11
9
5
6
3
6
2
9
9
2
5
9
2
9
5
2
2
5
9
1
7
9
2
9
7
8
14
3
17
17
1
1
17
9
9
0
0
9
3
22
3
0
1
9
2
4
2
2
0
0
5
5
0
2
0
8
5
18
18
8
11
12
0
11
11
5
8
0
0
0
0
0
4
6
6
22
3
3
5
0
0
2
0
11
1
1
5
2
12
0
0
0
0
2
2
5
13
13
0
15
15
14
14
2
0
4
1
6
0
0
2
0
0
0
0
0
1
0
0
3
11
16
16
0
4
0
0
7
7
8
8
0
6
6
0
0
0
0
0
1
1
2
0
3
5
2
0
0
8
26
0
15
15
8
8
4
5
0
0
0
0
0
4
0
6
0
0
8
12
6
0
2
0
30
30
8
7
6
5
5
11
8
5
0
17
8
0
0
2
2
6
5
2
0
1
8
0
2
0
0
9
0
0
11
0
3
0
0
0
0
0
0
16
2
4
4
0
6
2
14
14
0
0
0
8
8
5
1
11
3
8
11
8
1
2
2
0
26
0
2
0
0
0
13
5
8
0
2
8
9
8
8
2
2
0
11
11
0
1
12
1
1
0
2
98
98
2
0
5
2
0
2
18
8
2
2
5
2
48
48
0
0
3
6
2
0
0
4
0
2
4
0
5
3
3
0
5
2
2
11
5
2
2
6
0
6
0
0
0
11
11
5
11
2
0
0
11
3
5
11
0
8
15
2
5
6
13
3
2
0
2
3
2
30
8
2
4
15
11
2
9
7
0
8
15
0
0
0
2
0
0
4
0
0
18
2
5
4
6
2
2
0
11
0
0
0
8
2
0
0
0
0
5
2
0
6
2
11
17
8
11
5
11
0
8
0
5
8
2
14
8
2
0
0
0
0
2
4
5
3
3
0
0
9
0
2
1
0
4
9
11
11
0
17
0
6
0
0
1
0
0
2
29
29
5
5
0
3
0
0
0
9
7
11
2
29
5
2
0
11
2
36
36
2
15
2
5
8
11
2
0
0
1
0
22
0
0
3
3
0
14
0
0
0
4
0
8
0
5
2
2
0
1
2
2
30
0
23
23
0
2
0
0
0
2
0
5
0
0
4
15
0
5
2
8
0
0
0
2
2
2
11
6
0
2
0
8
8
4
9
5
1
0
0
11
15
8
3
8
0
5
2
2
0
0
11
5
5
6
2
5
4
4
11
2
3
1
0
0
8
1
2
15
2
0
0
0
2
0
2
16
8
8
1
5
0
2
3
11
0
0
1
3
5
6
5
3
11
11
5
2
2
0
0
9
4
8
14
0
2
7
2
17
8
16
0
2
5
5
0
3
18
0
3
0
8
0
2
8
0
2
4
2
8
0
0
8
0
5
5
8
3
8
1
5
0
2
0
1
0
0
0
0
11
2
2
0
3
0
2
0
0
0
0
0
22
0
0
5
7
0
11
8
2
9
9
1
1
3
2
2
4
4
11
0
0
2
0
1
0
0
0
0
9
2
4
5
2
5
0
16
16
0
0
0
1
0
8
0
9
5
2
2
2
6
0
0
7
2
8
0
0
0
18
0
1
1
3
0
2
4
1
11
3
0
0
0
2
0
22
9
0
3
0
0
0
3
0
0
0
0
15
0
8
8
0
0
5
0
0
5
0
8
0
2
0
0
0
15
0
0
0
0
0
0
0
0
0
2
11
11
11
11
99
99
16
16
11
29
11
12
1
1
4
5
5
15
7
0
5
5
5
9
24
4
2
4
4
1
12
12
9
0
3
3
0
26
0
1
12
1
12
3
48
10
10
4
7
1
5
0
0
12
1
4
0
66
66
8
0
2
4
5
1
29
9
7
9
9
9
26
4
4
8
8
4
5
2
5
4
3
4
13
1
4
4
8
4
5
4
4
1
5
1
1
4
12
2
1
1
1
4
14
14
9
1
8
7
24
24
1
1
1
4
4
4
11
10
12
4
5
0
13
5
1
1
14
14
12
0
4
5
12
26
11
6
17
1
5
12
12
1
2
12
8
8
3
2
16
16
3
1
12
12
4
12
4
8
5
0
10
1
3
4
12
12
5
12
0
1
3
12
4
1
3
4
11
8
1
12
4
15
0
1
4
4
4
7
4
12
2
6
15
1
12
4
19
15
4
1
2
5
2
4
1
19
8
2
2
5
5
2
2
8
12
12
15
1
10
7
7
16
5
10
12
12
4
8
4
4
4
2
2
5
4
66
4
5
2
5
8
4
2
1
1
1
2
5
15
20
12
5
3
7
4
3
1
5
5
1
5
5
12
8
4
4
4
4
7
10
11
2
0
1
4
12
3
5
3
0
1
4
12
3
63
2
0
12
9
16
2
5
4
1
12
1
4
3
8
3
12
24
26
26
5
5
4
15
15
1
3
3
4
3
2
0
5
5
10
20
10
1
4
3
12
1
11
11
6
3
9
9
5
0
5
10
5
2
1
5
12
2
4
2
2
12
3
2
4
3
12
9
1
10
4
4
26
4
0
7
7
9
12
12
49
49
2
5
17
4
3
3
1
5
1
1
1
5
4
2
2
0
9
1
0
1
1
3
9
7
7
1
17
2
0
2
5
1
2
15
0
1
1
5
5
17
11
1
14
14
1
4
4
3
1
1
0
2
7
100
100
12
3
5
2
0
4
1
4
1
17
3
1
1
1
3
1
13
13
25
25
8
12
3
1
4
16
16
5
1
2
17
1
1
2
2
2
6
3
3
11
2
25
1
1
1
11
8
8
8
1
3
5
49
2
8
6
4
0
4
2
8
2
3
0
3
4
1
9
17
15
8
1
17
0
2
11
17
5
2
11
3
7
9
3
6
2
0
17
5
2
19
19
5
2
2
17
7
2
5
7
0
7
0
9
3
1
1
101
101
4
1
3
5
1
3
5
1
17
0
0
5
5
2
5
2
1
1
7
7
1
3
2
1
1
3
1
0
102
102
4
4
8
1
1
2
1
5
1
19
0
1
10
2
1
11
0
0
0
2
9
3
25
4
4
7
7
1
4
1
7
3
8
12
1
5
0
7
5
8
8
5
1
1
3
5
2
1
2
5
1
2
0
2
17
17
2
1
0
2
1
13
13
1
4
2
14
3
5
1
5
9
9
24
24
0
0
0
25
25
9
2
0
1
11
11
4
2
5
17
7
8
2
103
103
1
6
1
4
1
4
4
5
3
10
24
4
1
4
1
0
7
2
1
15
5
8
1
3
1
0
7
24
0
10
10
11
5
104
104
12
5
1
2
67
67
1
1
12
0
14
4
3
1
2
2
19
3
17
4
2
6
3
1
3
3
2
8
1
15
1
2
2
15
3
1
2
7
2
3
3
2
1
8
16
9
3
3
4
10
12
10
4
4
8
8
17
1
25
25
1
17
15
15
1
4
5
2
1
0
1
3
1
2
1
7
5
2
2
1
3
17
2
7
3
11
2
1
1
1
10
14
2
1
2
14
4
17
0
3
1
3
1
1
17
1
12
6
2
3
1
3
3
11
2
6
1
24
24
0
2
3
6
1
1
1
0
6
2
13
3
1
6
6
11
2
7
6
4
1
7
49
9
5
2
4
1
1
7
2
12
1
4
2
1
15
1
17
3
11
2
1
1
0
2
1
7
5
1
1
4
3
0
13
13
8
1
2
4
3
0
6
1
8
2
17
7
1
4
0
64
17
17
9
1
3
3
2
1
3
9
1
12
1
2
2
1
4
0
2
14
2
4
2
3
3
3
2
2
5
12
20
3
3
1
1
15
15
1
3
2
3
16
14
5
3
6
2
0
16
4
3
2
0
0
3
1
1
3
4
8
38
4
16
3
3
4
3
3
8
2
14
14
2
14
14
14
8
24
16
3
3
3
1
3
2
2
2
3
16
19
4
14
2
14
6
2
10
8
2
3
19
3
2
9
7
2
6
7
1
3
3
1
16
1
3
2
38
2
4
1
6
3
3
2
5
105
105
3
106
106
4
1
14
14
2
14
2
16
5
3
6
14
14
6
3
4
16
8
0
2
4
6
11
11
4
107
107
4
0
3
108
108
3
0
0
2
1
1
2
27
27
6
5
2
2
67
23
23
3
1
0
2
1
5
3
17
17
0
11
9
4
3
3
1
1
18
2
10
10
11
17
9
3
8
12
2
2
1
8
3
11
7
7
7
1
1
8
6
0
9
2
10
10
2
0
1
2
13
13
1
9
24
4
2
14
14
6
3
6
6
18
3
4
4
4
2
15
15
9
0
9
9
9
0
15
18
18
2
2
2
1
4
4
7
7
1
1
1
2
30
7
27
9
4
4
4
6
4
5
5
2
1
1
4
7
1
1
7
4
11
11
11
1
7
20
0
2
7
0
4
7
11
5
6
1
109
109
18
5
1
1
7
7
2
6
1
12
14
0
3
1
1
8
18
10
18
3
1
10
11
4
14
14
5
10
10
10
9
1
4
8
4
0
4
9
9
15
15
11
1
2
6
11
11
1
18
4
13
6
3
4
4
0
48
1
3
18
3
15
3
2
0
5
0
5
1
4
6
3
11
2
6
1
5
3
1
1
1
1
1
6
6
39
39
2
18
18
5
5
0
5
1
6
15
0
0
1
1
7
18
3
0
0
2
2
5
16
5
9
23
1
3
6
30
1
3
4
2
2
1
13
0
1
8
19
110
110
11
18
2
1
23
7
4
4
11
11
11
1
1
2
3
1
5
4
18
3
18
0
18
11
17
14
2
4
11
8
0
7
4
5
8
11
2
5
0
0
10
23
2
1
17
1
8
1
6
8
8
7
23
4
0
9
9
11
11
12
6
5
6
4
4
4
4
6
3
9
1
1
16
16
10
10
4
1
16
5
2
6
0
1
4
6
9
5
0
2
5
8
0
2
4
4
2
16
2
1
0
0
11
9
9
4
1
0
13
13
5
0
2
4
2
0
5
5
3
3
4
6
16
16
4
4
14
0
2
4
9
4
5
2
6
7
0
23
11
11
3
0
65
9
0
16
4
6
5
9
3
1
4
1
5
8
4
6
16
2
2
5
1
2
2
1
1
6
1
9
6
1
10
6
4
4
4
4
2
1
1
1
4
16
5
8
8
34
34
5
24
4
4
4
0
8
11
4
0
14
4
2
2
1
10
10
8
9
8
4
3
3
2
9
5
3
3
1
4
12
8
0
2
5
11
4
0
9
40
40
8
40
6
111
111
10
5
5
9
9
4
1
2
9
0
11
7
0
16
5
2
10
9
8
3
3
10
8
8
4
4
9
0
7
6
1
10
9
9
3
0
9
9
1
3
1
4
1
0
68
68
9
11
12
9
9
9
1
3
0
2
3
4
3
1
16
6
2
2
0
8
5
4
5
1
3
5
3
3
11
1
11
4
0
2
4
4
1
1
3
3
2
40
13
12
4
4
4
2
0
16
5
0
9
11
3
6
13
0
3
5
0
1
12
0
5
24
11
2
4
5
10
4
11
0
17
4
6
3
31
31
0
6
4
4
3
3
3
5
2
4
1
2
9
3
2
3
34
0
3
6
11
5
6
16
6
1
34
11
6
10
1
2
4
2
0
2
3
9
4
1
5
1
7
1
3
10
5
2
1
1
2
4
4
12
2
2
5
6
0
0
6
9
68
0
5
6
6
1
13
12
0
0
7
7
0
0
2
1
3
2
7
7
0
5
8
0
0
3
3
0
112
112
4
3
0
0
0
0
1
2
5
2
2
2
12
3
0
2
4
5
2
2
2
20
2
12
2
0
2
0
0
0
0
2
3
3
12
2
3
7
10
2
3
0
12
18
1
19
12
3
7
22
6
10
0
13
0
2
2
12
7
7
12
2
4
12
0
5
3
3
3
0
1
2
2
16
3
3
2
3
2
16
7
16
9
3
2
6
3
7
7
0
0
5
0
2
19
0
12
0
2
2
3
2
12
12
0
12
3
9
16
3
2
5
2
3
0
1
7
0
0
0
14
2
2
2
5
22
3
1
8
0
2
1
0
5
3
0
11
1
2
7
5
2
15
0
3
2
11
11
23
23
16
0
3
3
16
2
8
2
3
0
0
3
3
0
8
8
0
12
3
12
4
1
11
1
15
2
15
0
4
0
3
2
2
0
0
0
2
3
0
3
0
0
11
12
1
3
3
3
3
15
2
2
7
12
11
9
0
2
12
16
1
7
3
0
14
14
5
0
0
3
2
2
22
10
10
12
3
4
3
3
10
0
0
3
11
1
0
15
15
0
2
3
4
5
2
1
50
50
10
3
3
5
10
10
0
0
0
0
0
0
3
4
0
16
17
1
1
0
1
1
15
0
1
22
17
17
0
0
10
10
0
0
2
4
1
5
4
5
12
3
4
0
14
13
0
0
15
3
3
5
8
5
0
3
1
7
3
3
3
0
12
1
3
0
12
10
5
5
3
3
5
5
5
2
3
15
0
3
10
2
0
15
2
5
0
7
4
17
0
10
0
0
0
8
13
14
3
10
0
0
2
10
2
4
1
15
3
16
3
12
0
3
6
19
19
0
0
12
3
0
10
10
2
50
3
10
15
1
5
17
19
0
3
7
0
22
4
12
1
7
0
2
1
1
0
0
10
0
11
4
50
2
12
0
26
14
1
6
17
10
0
8
9
5
17
7
5
3
12
0
5
17
10
5
14
12
0
0
10
113
113
12
7
0
19
10
3
12
7
0
0
2
5
2
1
1
4
15
18
18
18
0
2
7
4
21
21
0
21
21
4
0
16
0
5
4
2
2
5
3
4
2
12
6
5
0
51
51
0
0
1
4
4
12
12
7
1
3
0
2
0
18
18
14
14
1
3
3
3
3
1
3
7
5
13
13
11
1
1
4
3
0
1
6
0
2
21
21
9
9
9
11
16
16
12
12
2
3
16
0
6
3
0
2
7
7
12
8
5
2
12
15
13
12
0
9
5
6
1
4
6
6
2
6
11
12
1
8
8
5
1
3
1
5
0
1
1
1
1
21
4
6
2
4
1
114
114
1
9
2
2
2
0
20
0
6
2
5
2
5
6
13
5
1
2
12
4
4
21
69
69
6
1
1
1
2
6
13
13
10
62
62
3
4
0
21
11
4
21
1
2
1
2
4
2
1
1
1
2
4
4
9
3
13
7
12
1
1
12
9
3
2
1
1
51
51
4
0
1
1
1
9
115
115
10
1
13
1
1
1
1
1
39
39
5
16
2
9
9
3
1
4
4
2
13
1
6
2
3
1
1
8
3
28
28
1
6
3
13
1
1
16
2
3
21
9
3
0
11
1
5
2
3
9
11
7
1
3
13
13
21
1
9
3
1
1
1
2
3
2
12
2
2
4
7
1
1
2
0
2
2
21
2
62
1
2
15
15
0
39
11
3
2
2
1
0
1
3
2
10
10
0
2
7
7
0
1
1
3
6
21
1
1
6
5
16
1
1
1
3
2
6
9
4
2
16
8
4
1
1
1
13
1
2
16
16
9
12
13
1
1
1
4
4
18
6
4
4
5
6
12
12
1
2
3
4
3
2
9
15
12
1
4
16
11
0
1
6
16
1
6
6
3
6
1
12
1
3
1
1
6
6
0
10
9
2
1
5
1
1
6
0
6
1
2
2
6
9
2
21
1
2
2
8
1
6
16
1
70
70
70
6
3
1
1
1
1
6
16
15
1
1
1
1
6
16
21
1
1
1
1
1
1
1
20
4
1
1
21
1
1
1
4
5
2
2
12
1
116
116
3
1
1
1
1
1
1
1
6
2
6
21
3
4
1
12
16
1
2
1
4
1
12
0
14
16
1
5
1
15
1
1
1
1
6
4
1
2
117
117
1
2
7
8
9
1
2
15
3
2
6
0
6
17
15
15
6
6
6
19
4
2
8
10
0
0
0
0
4
3
3
15
10
10
16
3
0
1
1
9
19
10
10
0
28
28
17
0
0
13
10
0
15
0
2
0
10
0
8
5
6
8
2
4
0
0
6
6
1
1
0
0
6
6
1
6
1
3
3
0
6
6
2
6
2
6
6
0
6
6
0
6
3
6
4
2
10
6
118
118
6
0
8
8
2
2
10
10
0
0
0
2
9
6
6
12
9
0
11
10
10
1
1
13
0
12
0
6
1
4
4
0
3
1
4
0
0
0
1
2
12
17
17
0
1
6
3
0
0
10
0
10
0
10
3
2
4
12
14
6
6
5
2
9
3
0
2
10
10
10
6
5
1
6
4
10
10
6
4
0
0
6
0
2
19
1
19
27
27
19
28
5
6
3
6
6
0
6
6
0
6
0
2
0
0
4
2
6
6
0
0
2
2
0
10
0
1
15
0
0
19
6
8
1
1
13
0
13
13
2
6
1
6
28
6
6
1
19
6
4
1
1
1
12
1
13
2
6
1
1
15
0
6
0
11
11
4
2
0
4
4
1
19
10
0
0
2
0
0
19
6
1
0
6
0
3
4
0
2
1
0
0
10
0
0
16
6
6
2
5
6
0
0
1
0
4
12
6
6
0
0
0
6
6
6
17
2
0
4
9
5
1
3
119
119
10
0
10
2
2
11
0
0
0
1
0
4
4
0
1
0
0
1
1
13
5
0
0
19
1
1
6
6
13
2
6
10
9
0
6
2
9
2
0
4
4
1
10
0
0
6
1
1
0
6
2
1
1
9
1
16
6
5
6
6
0
10
6
6
2
0
1
1
16
1
0
6
6
120
120
6
5
2
1
0
3
0
6
6
27
4
2
0
0
4
0
4
1
1
15
1
0
2
3
0
3
0
0
0
2
0
0
0
11
17
3
1
1
14
5
1
0
0
13
19
5
1
1
12
2
2
5
13
0
0
0
0
0
4
17
1
0
3
0
0
0
2
3
0
0
11
1
13
1
0
3
1
2
0
2
0
0
2
2
13
1
0
0
0
13
0
1
0
7
7
1
52
52
12
12
3
1
0
5
2
2
17
2
9
0
11
2
13
4
11
11
4
3
10
10
17
0
4
1
0
0
3
10
9
4
4
0
0
0
10
0
0
1
0
1
0
7
17
0
18
18
13
1
0
0
0
2
17
9
17
0
0
0
4
0
0
4
17
0
11
13
2
12
1
1
0
0
3
0
17
17
0
7
7
3
5
17
0
14
7
3
9
2
0
0
0
52
17
0
1
0
0
0
3
0
1
5
0
5
12
4
0
0
0
0
0
14
0
4
0
13
0
0
9
0
29
29
0
1
5
5
5
0
0
0
5
0
11
3
0
121
121
0
18
13
0
0
0
17
1
4
1
18
0
7
0
7
7
0
1
0
0
3
0
0
0
2
0
0
0
4
0
4
0
12
3
15
17
17
17
3
2
0
13
0
14
0
5
122
122
0
0
2
0
0
1
2
41
41
7
16
12
3
1
17
18
4
2
2
3
0
0
0
4
14
0
0
5
1
0
1
12
6
6
0
14
15
7
1
1
7
1
5
2
2
10
10
12
1
0
6
0
16
16
6
6
0
13
1
16
12
21
21
21
7
3
3
13
13
0
0
6
15
15
18
18
12
13
0
9
9
1
1
1
16
1
0
1
16
0
14
14
0
0
7
18
2
1
2
3
3
1
14
13
13
0
11
11
0
19
2
14
0
2
0
2
17
0
0
53
53
0
14
2
0
6
7
10
0
0
17
0
6
0
11
8
13
1
2
10
2
0
6
3
6
15
6
0
2
2
5
0
25
1
0
1
2
0
16
0
0
1
0
0
3
1
6
6
12
6
12
1
3
4
0
1
6
2
2
0
3
6
6
1
8
8
16
17
0
2
1
0
6
0
6
0
2
0
6
0
0
4
17
17
6
0
11
0
2
17
1
15
10
10
2
0
16
10
1
0
0
0
0
3
7
7
53
6
6
6
0
5
14
6
13
1
0
6
18
6
6
6
15
0
6
6
6
2
18
6
21
6
0
12
2
0
6
0
3
6
2
10
5
3
2
16
2
8
0
9
16
16
6
15
15
2
2
0
13
1
7
16
0
1
3
1
13
6
0
7
0
1
1
0
6
0
0
1
5
14
2
1
4
1
12
1
12
6
3
10
0
0
6
17
10
7
1
1
0
19
2
0
14
14
0
42
42
14
0
1
15
42
0
42
0
7
1
12
14
1
14
6
16
16
1
12
0
8
15
3
0
0
1
15
1
0
0
3
14
14
2
6
6
9
7
2
0
9
15
6
6
7
3
2
2
6
1
7
0
1
6
3
21
0
5
0
0
0
11
8
9
1
0
14
4
16
19
0
0
0
0
0
0
0
7
18
1
10
1
11
0
3
6
3
0
1
0
0
8
8
8
0
0
6
2
14
7
12
0
13
6
0
2
69
6
2
1
0
6
0
4
0
0
1
7
3
0
18
7
0
1
9
0
14
11
1
1
0
0
5
1
10
0
10
0
14
4
0
1
53
5
0
1
0
42
2
6
0
7
2
0
1
10
17
13
6
6
6
0
17
123
123
0
6
6
14
6
6
6
6
17
8
4
2
6
0
6
17
0
1
6
3
14
0
1
5
9
1
0
1
2
10
0
4
0
1
28
28
2
0
124
124
0
9
3
0
1
6
8
6
1
0
6
0
5
0
0
16
0
0
0
0
9
1
0
0
2
2
0
0
12
12
5
4
4
4
1
0
0
5
0
0
0
1
1
0
1
2
1
1
0
1
12
1
1
0
1
4
0
18
1
22
5
0
12
3
0
0
18
0
4
0
14
1
1
7
1
14
1
9
1
14
14
14
1
2
0
9
12
4
9
0
0
6
2
1
0
0
1
3
0
3
1
12
0
0
0
8
0
3
10
10
3
3
2
1
1
1
6
10
4
15
1
10
0
10
1
1
6
15
15
0
1
1
54
54
1
4
0
0
0
0
5
1
1
1
2
1
0
0
0
1
1
1
32
32
1
0
0
9
9
11
0
0
1
1
1
1
2
2
1
9
71
71
0
1
0
6
2
0
0
2
4
4
17
17
13
0
0
10
10
0
6
1
10
17
4
14
1
1
2
0
14
3
3
2
5
10
17
1
6
1
1
0
1
6
0
11
12
0
0
9
7
7
0
0
1
0
2
0
14
0
0
16
13
1
8
8
125
125
13
0
1
0
3
3
0
1
0
0
1
1
9
1
1
0
0
4
0
0
0
2
1
1
10
10
1
1
0
0
9
9
8
8
13
2
0
0
4
8
4
4
0
14
8
0
2
1
1
0
5
12
12
1
12
1
14
1
9
0
1
0
4
6
1
6
5
10
21
0
0
8
1
0
72
72
8
3
1
1
1
5
0
0
6
1
8
0
0
11
0
0
0
0
3
10
16
16
1
1
1
0
0
0
0
6
16
16
4
3
1
4
0
1
2
6
0
0
2
2
0
13
13
0
9
4
14
3
5
8
6
2
1
1
1
1
10
0
7
1
3
1
1
0
2
6
0
4
9
0
6
13
13
7
20
15
1
1
0
1
1
0
126
126
1
0
0
9
4
4
1
1
2
10
10
7
7
9
14
1
1
1
7
1
0
3
0
0
11
11
2
1
12
27
27
0
8
7
18
13
13
4
0
5
5
4
8
0
0
8
0
5
1
4
3
0
1
1
16
16
0
0
13
13
1
1
1
0
4
6
0
0
0
18
5
0
17
12
1
16
16
3
0
0
6
0
0
10
1
8
8
1
0
0
2
8
1
0
10
10
13
3
21
2
1
6
8
8
0
0
1
0
6
0
0
0
1
1
10
9
11
127
127
1
14
1
0
2
1
1
0
0
1
16
54
13
0
11
11
4
0
3
3
1
13
16
128
128
0
1
14
14
10
11
11
1
19
14
1
1
1
2
10
0
1
1
10
6
1
0
17
40
12
7
6
10
6
0
1
18
0
0
2
1
1
9
10
1
18
5
1
18
2
1
0
1
1
8
1
6
4
2
1
0
8
1
8
1
10
6
1
6
0
2
18
18
0
16
1
18
8
3
2
0
1
1
1
6
1
0
7
18
0
0
0
1
17
17
16
16
65
65
6
6
0
6
9
0
3
73
73
129
129
0
5
0
0
1
1
1
12
10
13
3
9
16
2
1
12
2
3
0
0
4
55
55
130
130
0
131
131
1
10
3
2
0
23
12
11
2
1
1
3
2
1
1
41
1
55
1
1
2
55
4
1
0
4
3
10
13
2
2
2
0
0
0
0
17
1
0
1
2
8
5
5
0
0
11
1
8
10
0
0
0
4
14
1
1
17
4
1
5
5
4
15
0
0
1
5
4
74
74
13
13
1
0
0
0
1
12
1
75
75
5
0
2
0
9
9
0
0
132
132
0
14
1
0
1
6
14
10
14
5
1
4
0
3
8
27
1
1
12
54
3
3
1
3
0
1
1
1
1
10
0
10
14
0
0
8
1
43
43
17
17
14
1
1
18
133
133
1
4
1
8
8
0
1
7
1
14
16
17
3
7
7
4
1
16
0
5
3
10
12
1
1
2
1
5
85
2
11
9
4
1
9
18
0
56
17
2
0
10
17
16
8
3
3
1
0
15
1
8
1
15
7
3
0
9
0
6
9
14
4
2
9
4
8
1
10
2
3
17
2
18
0
0
0
1
134
134
1
6
2
1
1
4
2
4
9
9
11
10
2
1
6
7
0
0
1
2
9
2
1
6
1
0
6
14
75
0
0
10
14
135
135
0
0
10
1
1
5
0
1
1
9
5
6
6
1
1
8
11
1
2
10
1
4
21
0
0
11
2
5
18
4
16
0
15
10
2
2
8
17
1
1
0
0
9
9
0
0
7
10
13
4
2
2
12
15
2
13
5
8
3
0
0
19
1
16
0
2
13
10
8
13
18
27
0
13
52
13
1
2
72
10
18
7
16
3
14
3
16
0
0
0
1
1
3
3
1
11
1
1
1
2
4
0
0
0
13
3
10
2
56
56
76
76
16
22
0
4
0
6
17
17
1
10
1
2
12
0
10
8
21
6
0
12
17
1
10
77
77
11
1
13
1
6
0
1
4
0
9
1
0
9
9
4
4
6
3
6
1
4
2
1
8
10
2
2
4
9
11
3
8
12
13
15
17
10
3
3
12
2
7
44
44
5
10
10
20
13
0
5
0
18
2
7
16
15
3
10
18
41
0
1
1
2
5
8
1
73
9
0
4
8
0
0
12
21
4
3
3
18
12
1
10
6
0
4
13
13
17
5
7
2
17
22
0
1
3
0
1
11
11
2
12
2
0
1
0
3
10
7
1
0
1
8
0
9
11
5
2
6
57
57
1
3
1
136
136
137
137
9
3
18
0
14
1
7
7
7
3
4
10
71
0
1
0
7
138
138
139
139
2
0
1
3
7
0
10
1
4
1
3
140
140
76
14
141
141
13
3
8
14
1
1
10
18
1
9
19
19
3
1
10
10
6
9
3
12
16
16
14
16
78
78
7
9
5
3
1
15
3
0
14
1
142
142
8
10
143
143
7
1
11
5
0
0
7
18
1
18
4
1
9
4
10
1
1
6
6
5
0
4
8
4
1
0
1
3
0
0
10
3
1
77
78
4
2
1
1
17
57
2
1
15
1
6
19
15
1
1
15
6
5
3
4
4
21
14
1
7
6
7
7
0
12
13
7
6
6
4
11
1
5
7
11
0
1
23
1
4
0
3
9
9
1
1
9
2
2
10
45
45
0
0
79
79
7
16
16
5
7
7
0
10
6
0
13
9
0
4
0
0
1
17
1
80
80
1
1
18
14
14
8
19
10
11
7
13
1
15
4
0
1
1
0
15
13
13
7
12
8
1
144
144
15
15
145
145
16
16
4
1
15
23
7
7
1
14
4
18
6
10
10
13
13
5
79
1
1
14
11
19
9
10
10
1
1
146
146
147
147
1
1
0
5
13
13
1
9
0
10
3
0
13
1
148
148
1
0
13
3
16
1
9
9
22
6
17
8
6
6
11
10
13
7
22
1
22
0
2
18
6
6
7
45
6
1
15
15
1
10
1
4
81
81
13
0
14
17
34
34
3
14
11
5
9
1
3
4
149
149
0
0
88
88
13
7
22
1
0
7
16
0
18
5
3
3
18
18
1
1
16
0
8
6
15
13
2
15
11
11
14
12
13
15
13
13
0
7
7
13
12
4
2
0
16
0
9
3
1
0
13
6
3
9
13
10
12
7
6
13
1
6
0
1
2
1
7
7
1
22
74
3
3
13
2
7
10
0
2
16
12
19
0
6
1
13
13
43
1
4
10
10
10
10
19
1
2
3
10
80
13
13
12
13
4
7
5
8
13
18
45
3
1
6
4
150
150
2
4
12
3
1
1
3
0
14
14
13
2
6
13
10
7
58
58
1
9
13
6
2
12
12
3
16
7
4
6
1
8
8
4
9
151
151
6
6
13
7
152
152
7
1
0
0
13
3
13
1
13
43
13
32
1
3
7
4
0
6
18
7
5
1
8
1
0
43
13
4
0
0
13
153
153
6
0
17
7
19
3
13
82
82
0
3
82
14
21
45
2
3
0
7
15
83
83
7
15
1
32
22
0
0
3
0
1
7
81
0
154
154
26
13
1
9
0
155
155
0
83
9
10
2
19
7
7
2
1
1
9
5
14
18
14
1
1
13
1
156
156
3
10
1
6
11
11
11
19
1
157
157
33
33
5
16
16
16
7
3
19
11
35
35
13
5
59
59
1
15
158
158
0
1
1
41
7
57
0
10
84
84
0
3
7
2
2
14
10
13
0
1
1
1
4
1
8
8
1
18
8
3
159
159
1
1
160
160
4
161
161
16
20
0
17
162
162
33
33
33
6
10
10
4
0
0
2
0
1
0
4
2
16
0
4
3
1
44
6
7
11
1
16
0
1
1
4
4
85
85
7
12
3
44
11
2
163
163
2
33
44
5
1
1
59
7
7
21
1
10
19
1
3
7
18
0
1
15
2
2
0
11
31
15
15
4
15
1
7
7
7
2
2
3
59
11
5
10
15
58
19
32
8
86
86
32
84
1
1
2
8
15
12
23
23
11
2
11
11
22
164
164
0
4
8
6
1
15
6
18
2
15
31
2
1
6
15
2
0
7
5
35
35
165
165
1
10
18
18
2
166
166
10
18
4
35
1
12
11
7
19
13
11
0
6
6
0
14
12
11
11
58
18
14
167
167
3
7
86
7
2
11
0
0
15
15
12
0
0
13
13
4
173
173
8
8
1
0
1
14
0
7
0
1
2
4
60
60
10
15
4
0
0
1
31
17
0
11
15
3
15
177
177
1
35
89
89
12
0
169
169
10
0
16
90
90
11
0
3
3
0
11
2
0
0
1
1
14
0
2
10
13
11
13
8
180
180
4
4
4
0
7
7
168
168
0
0
171
171
8
0
10
0
10
10
12
1
19
46
46
46
13
90
3
0
0
0
7
87
87
15
15
175
175
7
5
176
176
56
1
0
1
7
1
3
174
174
17
17
20
0
1
60
0
0
15
0
87
46
31
178
178
1
172
172
1
7
0
0
46
1
0
89
8
20
14
2
179
179
2
2
170
170
88
3
10
10
2
7
17
60
1
8
13
26
16
4
