85
85
15
15
15
15
12
12
36
36
43
43
9
9
8
8
8
15
44
44
8
8
8
43
43
12
8
8
8
8
8
15
15
36
15
12
15
15
8
15
36
8
8
8
9
2
2
64
64
15
15
14
14
0
0
0
0
2
11
11
20
20
14
14
7
7
0
0
0
2
37
37
0
14
0
14
14
2
0
2
4
13
0
7
0
14
0
14
14
0
2
2
14
12
12
2
14
14
11
7
15
15
2
4
4
2
2
2
20
0
37
4
14
2
4
14
3
2
2
7
86
86
2
14
0
5
0
0
0
87
87
7
7
2
7
37
7
7
2
2
2
7
0
14
14
7
64
12
37
2
14
2
37
14
4
0
4
4
8
3
1
14
12
12
8
12
12
20
20
13
27
27
4
16
45
45
13
12
12
3
4
4
2
2
20
10
10
12
4
2
2
18
18
12
4
12
18
18
12
18
4
88
88
8
12
9
48
48
18
18
17
17
11
11
8
18
12
6
6
17
17
15
3
3
28
28
21
21
17
3
8
89
89
12
0
12
8
8
3
17
12
3
3
12
12
14
8
8
2
3
9
18
18
10
17
38
38
65
65
18
18
11
12
12
14
1
17
8
8
8
8
3
10
12
12
20
8
8
14
11
18
8
18
11
48
6
18
21
8
2
14
15
12
12
6
15
14
14
12
45
18
3
2
8
4
9
4
3
8
18
8
12
12
1
18
1
13
3
3
14
3
38
3
18
18
27
12
4
4
4
18
3
20
90
90
8
18
12
27
15
48
8
6
6
12
66
66
8
4
20
20
8
18
9
12
20
10
8
2
2
10
14
8
4
14
8
8
4
4
17
4
17
45
6
6
12
8
8
45
13
4
5
5
12
91
91
8
3
18
8
3
12
12
2
3
8
3
11
3
18
38
2
18
38
38
2
14
66
8
8
7
3
4
2
67
67
22
22
92
92
9
3
8
20
18
9
9
20
11
12
18
93
93
18
8
8
67
18
9
9
9
5
9
12
12
10
12
9
9
19
19
9
10
10
10
10
21
18
9
15
10
10
9
3
3
68
68
3
10
9
9
3
0
19
12
3
9
8
8
4
4
3
10
19
19
4
19
10
10
12
8
5
3
44
10
12
3
10
8
10
12
9
19
12
12
3
3
0
10
9
10
21
10
19
3
7
10
9
9
9
10
39
39
3
10
10
10
69
69
0
10
15
15
10
10
6
19
10
9
9
9
4
10
9
9
12
12
12
12
9
69
19
10
9
10
10
25
25
8
9
10
25
3
0
25
18
10
10
9
9
12
9
9
9
10
25
10
9
9
43
9
9
10
10
9
9
10
9
10
4
9
3
3
10
1
12
10
9
9
39
18
19
17
70
70
8
8
70
49
49
94
94
49
17
17
17
49
8
10
4
6
4
3
95
95
13
13
0
0
0
4
4
23
23
4
15
13
0
7
7
0
0
0
0
0
0
0
6
0
0
17
33
33
3
5
0
0
0
15
1
1
4
4
13
0
0
0
0
0
3
16
1
1
0
20
20
19
19
0
3
1
2
4
0
0
5
0
0
0
0
0
1
6
6
1
15
22
22
0
6
6
6
12
9
14
14
0
50
50
0
0
0
0
0
1
1
7
0
0
3
5
0
0
14
30
0
20
20
24
24
1
3
0
0
0
0
0
6
0
4
0
0
0
0
0
0
3
0
40
40
24
9
6
13
13
7
14
9
0
0
14
0
0
13
0
4
0
0
0
2
24
0
2
0
0
10
0
0
7
0
2
0
0
5
0
0
0
22
0
6
6
6
0
9
19
19
0
0
0
14
14
4
1
7
33
24
15
4
19
3
3
11
11
0
0
0
0
0
1
3
24
0
4
4
0
14
14
3
9
6
7
15
7
1
0
1
16
11
3
96
96
0
0
13
3
6
4
23
14
3
3
19
4
51
51
0
0
0
4
1
0
5
1
0
4
1
5
0
33
33
0
4
3
13
15
0
4
4
4
0
4
0
0
0
7
15
4
15
4
0
0
15
2
4
15
3
14
20
3
4
4
0
4
3
0
0
1
4
40
4
7
6
20
15
4
10
9
0
4
20
0
0
0
6
0
0
17
0
30
23
4
4
1
4
4
0
0
15
0
0
0
24
7
0
0
0
0
15
0
0
0
0
15
11
11
7
0
15
4
14
0
0
24
4
19
24
3
0
0
0
0
0
13
13
0
0
11
0
11
0
0
1
0
6
3
15
15
0
0
0
6
0
0
1
0
0
6
52
52
3
0
0
1
0
0
0
10
12
15
1
0
3
0
0
7
1
44
44
0
20
4
13
5
3
0
0
0
1
5
0
0
0
71
71
0
12
0
0
0
1
0
0
0
3
4
3
0
0
4
1
40
0
97
97
0
2
0
0
0
4
0
13
0
0
4
20
0
3
4
0
0
0
0
4
0
4
7
50
0
4
14
24
14
6
3
15
1
0
11
15
20
24
4
14
0
0
0
3
6
0
7
3
3
2
0
9
6
13
15
4
2
2
0
0
14
6
3
3
13
0
0
0
6
5
0
22
72
72
1
3
0
3
4
7
0
8
1
2
16
50
3
71
7
15
4
0
3
0
11
10
6
14
8
11
3
9
3
11
72
22
0
4
4
4
0
0
23
0
0
5
0
0
15
14
0
4
6
3
0
0
5
3
0
3
0
24
14
0
16
9
0
0
0
1
5
0
6
5
7
4
7
0
2
0
0
0
0
5
0
0
9
0
0
4
12
6
7
4
4
73
73
53
53
33
4
0
6
6
7
0
0
6
5
1
0
0
0
0
11
3
24
3
7
3
0
22
22
0
0
0
17
5
4
0
6
3
0
4
7
3
0
0
9
4
24
53
0
4
23
0
13
13
2
0
5
6
1
15
2
0
0
0
3
0
17
10
0
5
5
5
0
0
0
0
0
0
20
0
14
0
0
0
4
0
0
15
0
24
2
3
5
5
0
8
5
0
0
0
0
0
0
0
0
4
7
7
7
7
98
98
5
5
7
52
7
13
13
13
2
3
3
18
12
0
3
3
3
10
17
6
6
6
6
2
13
13
27
4
4
4
6
30
30
0
13
3
13
13
51
21
21
3
12
2
16
0
0
13
3
6
6
74
74
8
0
5
6
3
13
52
11
12
10
27
27
30
6
2
8
8
6
3
3
16
6
4
6
36
6
6
6
11
11
0
2
6
15
16
13
2
6
13
5
3
1
1
2
18
18
11
16
8
12
17
17
0
16
1
6
17
17
15
21
13
6
3
6
36
9
7
7
19
19
13
15
27
3
13
30
7
4
16
18
9
13
13
16
3
13
8
8
2
5
22
22
2
7
16
16
6
13
2
11
16
0
21
2
2
17
13
13
18
2
6
2
2
13
6
10
4
6
7
11
21
13
2
20
11
16
6
6
6
39
6
13
11
6
18
1
13
6
18
20
6
16
3
3
3
6
18
18
8
3
3
3
3
9
6
2
13
13
16
16
21
39
39
22
9
21
16
13
11
11
6
6
6
9
17
16
17
74
11
18
13
3
11
17
5
7
1
1
6
3
18
3
16
9
5
12
6
5
16
18
16
2
3
9
16
8
6
6
6
6
12
21
7
5
0
6
6
13
4
3
2
6
16
6
13
2
65
16
5
16
27
22
9
16
2
5
13
0
10
2
11
2
13
17
30
30
16
3
6
20
20
2
2
2
6
2
3
3
3
16
21
14
21
2
6
2
3
16
15
15
16
2
27
14
18
0
16
21
16
3
16
3
13
5
17
5
3
16
2
6
6
2
16
27
16
21
6
6
30
6
5
12
12
11
13
13
54
54
3
3
5
1
2
2
1
3
2
1
2
3
2
99
99
3
3
1
5
1
1
1
11
41
41
1
5
3
5
5
4
21
3
20
5
2
2
4
4
5
15
2
19
19
2
2
2
13
1
1
3
3
12
100
100
4
2
4
7
7
1
1
1
1
5
5
1
16
16
4
1
75
75
28
28
4
13
2
2
2
76
76
1
1
3
5
2
1
3
3
2
1
2
2
15
3
28
1
1
21
15
1
4
4
1
2
15
54
13
14
4
2
0
2
2
4
4
2
4
2
1
1
11
5
20
1
1
5
0
9
15
4
15
4
25
25
12
10
1
1
3
16
13
7
0
55
55
16
3
3
5
12
3
4
12
0
12
5
4
2
1
2
101
101
6
1
2
3
1
5
16
1
5
5
5
4
19
2
3
5
4
2
12
12
2
13
5
1
1
1
1
15
102
102
56
56
4
1
1
2
2
4
3
55
5
1
1
3
1
25
103
103
0
3
10
1
28
11
11
77
77
1
2
3
12
2
14
13
2
3
0
41
16
4
4
4
2
1
1
3
7
2
4
3
1
7
5
3
5
5
3
1
7
2
1
104
104
2
2
3
19
1
15
2
3
3
3
17
17
5
0
0
28
28
10
3
0
2
7
15
3
3
3
5
41
4
2
105
105
2
3
1
2
2
106
106
3
2
21
17
2
1
2
1
4
41
3
1
20
5
4
2
1
1
1
12
17
1
107
107
15
3
108
108
4
3
1
3
78
78
3
1
13
0
19
6
2
1
3
4
55
2
5
2
13
1
1
2
2
2
1
4
1
17
1
7
3
17
2
1
3
41
3
2
1
7
1
1
76
73
5
4
2
21
13
21
109
109
4
14
5
21
28
28
1
5
110
110
21
6
1
3
1
0
2
2
3
3
1
77
3
7
2
3
1
3
3
12
1
25
1
1
1
1
21
19
3
2
5
19
6
5
5
4
3
2
2
1
5
1
4
1
5
2
3
5
5
7
4
1
3
17
17
5
2
2
1
1
1
7
0
1
3
75
17
11
1
1
7
3
12
4
2
1
14
54
1
4
3
11
1
2
12
6
13
1
11
2
1
3
1
3
13
7
6
1
3
7
3
1
12
16
1
17
2
2
7
57
57
4
21
3
56
2
1
4
1
4
4
5
12
1
2
0
68
5
5
3
1
2
2
3
5
2
3
1
4
2
3
7
2
11
7
3
19
3
56
3
2
2
2
2
2
2
3
2
1
13
2
2
8
8
2
2
2
13
22
19
1
2
1
5
2
22
6
13
13
2
2
2
2
2
13
6
24
2
11
5
33
2
16
2
1
1
3
19
19
2
19
19
19
14
13
22
2
2
13
13
2
2
2
9
2
6
18
6
19
3
19
2
3
22
18
2
1
18
13
2
5
12
4
16
12
2
1
13
2
22
2
2
2
2
2
6
2
3
2
2
5
1
111
111
13
112
112
16
2
19
19
2
19
2
22
2
2
8
19
19
2
13
6
22
14
11
2
2
16
29
29
2
113
113
7
7
17
114
114
4
34
34
5
1
1
4
4
4
8
15
46
46
78
31
31
17
8
4
5
2
16
4
5
5
1
29
17
2
2
17
17
1
23
1
58
58
7
5
10
2
18
18
4
4
7
14
17
29
47
47
12
2
1
17
8
0
10
5
79
79
9
0
7
4
115
115
1
10
17
6
1
42
42
8
2
8
8
23
1
34
7
2
5
17
17
10
0
10
10
10
0
17
23
23
13
1
3
1
1
1
14
14
1
1
1
4
40
12
4
1
17
7
7
8
7
4
1
5
1
1
6
14
116
116
14
7
7
7
29
1
14
14
7
1
14
1
6
17
7
8
8
1
117
117
7
8
1
1
47
47
4
8
1
4
42
34
4
1
1
17
23
79
23
1
1
58
7
7
42
42
15
80
80
80
10
1
6
18
2
4
1
10
10
17
17
29
1
46
8
29
7
1
23
7
57
1
1
81
81
11
51
1
2
23
17
17
2
5
0
13
0
1
7
6
6
2
29
2
8
8
10
2
1
1
1
1
1
8
8
118
118
13
119
119
5
3
34
16
8
8
17
0
34
1
2
12
23
4
34
0
5
6
1
5
8
10
31
7
2
8
40
1
2
2
46
46
17
57
13
1
8
7
120
120
29
23
7
1
31
14
7
7
7
7
7
1
5
7
17
17
5
2
23
2
23
1
23
29
5
42
13
81
7
18
4
14
2
8
18
7
4
8
0
0
58
31
13
17
5
1
1
1
3
8
8
47
31
6
6
10
10
7
7
5
4
4
16
6
6
6
11
11
5
4
1
1
82
82
59
59
0
2
1
4
4
4
6
11
2
4
10
9
11
9
1
8
11
5
3
6
1
22
3
1
0
11
7
10
10
11
1
11
83
83
3
0
3
6
9
0
16
16
60
60
11
9
2
2
13
6
19
7
3
11
11
2
16
9
16
12
11
31
121
121
1
0
0
10
6
82
6
9
9
9
5
1
1
4
9
1
17
3
2
9
9
9
2
0
4
1
1
4
1
4
4
2
59
4
11
11
11
6
9
3
3
9
7
22
4
4
4
61
61
3
13
6
11
11
0
8
7
11
11
19
11
122
122
1
35
35
8
11
11
11
1
10
5
11
1
5
5
1
6
3
4
0
9
9
15
11
0
10
62
62
14
62
3
123
123
35
4
4
10
11
11
2
3
10
11
15
12
0
22
3
3
59
10
8
5
5
35
4
4
124
124
4
1
9
4
4
21
10
10
5
5
10
10
1
1
3
6
5
0
84
84
10
7
16
10
10
10
2
5
5
5
5
6
4
1
2
3
3
3
0
2
4
11
3
16
2
9
2
1
25
1
25
11
11
3
11
6
2
1
4
4
0
62
11
9
11
11
11
5
0
2
4
11
10
7
2
4
6
0
60
16
11
1
5
0
9
13
7
9
6
9
35
4
7
0
2
11
9
4
125
125
1
3
11
4
5
5
60
4
9
11
6
1
10
1
3
1
61
0
5
4
7
4
3
2
4
1
61
7
3
35
1
0
11
3
0
3
2
10
11
1
16
2
12
4
4
35
9
3
2
1
3
5
11
4
9
3
3
4
0
0
4
10
84
11
4
4
3
1
83
3
63
63
14
14
0
63
5
5
1
5
26
26
5
16
1
0
0
32
32
0
127
127
5
5
5
0
0
5
53
2
16
5
5
5
5
4
4
3
5
3
1
1
5
14
5
5
2
5
5
0
0
0
0
3
5
5
5
5
1
26
26
4
32
5
5
23
4
19
5
4
26
3
5
21
0
0
0
5
4
1
26
26
5
0
0
5
0
16
32
5
1
0
5
5
4
22
1
32
4
1
0
22
1
5
5
1
5
16
1
26
14
0
0
16
5
5
19
0
5
0
3
5
1
5
5
5
0
5
1
5
22
4
5
16
1
4
4
5
26
0
0
0
19
5
5
5
5
17
5
5
4
5
5
0
5
0
1
4
15
4
4
26
16
5
8
0
5
5
25
25
31
31
22
0
5
1
5
3
4
5
1
63
5
4
4
0
126
126
5
5
1
5
5
1
7
5
8
5
8
0
11
0
1
5
0
5
5
0
5
32
0
32
0
0
15
1
5
1
1
4
5
8
5
5
26
5
15
10
5
5
5
5
5
26
32
