97
97
13
13
13
2
11
11
12
12
6
6
1
1
9
9
9
13
40
40
9
9
9
6
6
11
9
9
9
10
9
13
13
12
13
11
2
4
9
13
12
9
9
9
1
6
6
70
70
12
12
11
11
0
0
0
0
6
7
7
17
17
11
11
12
9
0
0
0
6
2
2
0
11
0
11
11
6
0
6
1
6
0
12
0
11
0
11
11
0
6
6
11
11
11
6
11
11
7
12
12
12
5
10
7
6
6
6
17
0
2
2
3
6
10
9
1
6
6
12
98
98
6
11
0
6
0
0
0
99
99
12
12
6
12
2
12
12
6
6
6
12
0
11
11
12
70
11
2
6
11
1
2
11
6
0
1
1
9
1
1
7
11
11
9
11
7
9
9
1
28
28
1
1
52
52
11
11
11
1
4
4
6
11
9
7
7
11
4
6
6
16
16
11
1
11
9
9
11
3
1
100
100
9
11
1
51
51
16
16
6
6
7
7
9
9
11
8
8
25
25
13
1
1
24
24
19
19
25
1
9
101
101
11
1
11
9
9
1
25
11
1
1
11
11
11
9
9
6
1
1
16
16
7
1
1
1
71
71
16
9
7
11
11
4
4
6
9
9
9
9
1
7
11
9
9
9
9
9
7
2
9
9
7
51
8
16
19
9
6
11
13
11
11
8
12
11
11
11
1
9
1
6
10
7
1
8
13
9
16
3
11
11
4
4
4
4
1
1
11
1
1
1
16
9
28
11
1
1
2
9
1
9
0
0
9
2
11
28
1
51
9
8
8
11
72
72
9
1
17
17
9
9
1
11
9
7
9
6
6
7
11
9
1
11
9
9
1
1
25
1
25
52
8
8
11
9
9
52
1
1
1
1
11
2
2
10
1
2
9
1
11
11
6
1
9
1
7
1
9
1
6
16
2
2
6
11
72
9
9
12
5
1
5
3
3
14
14
102
102
1
1
9
17
9
1
1
9
1
11
16
103
103
16
9
9
3
16
1
1
1
1
1
11
11
7
11
1
5
10
10
5
7
7
7
7
19
9
7
12
7
7
1
1
1
73
73
7
7
1
1
0
0
2
11
1
1
9
9
54
54
1
7
10
10
54
10
7
7
11
9
5
1
40
7
11
1
7
9
7
11
1
10
11
11
1
1
1
7
11
7
19
7
10
1
12
7
5
1
5
7
11
11
1
7
7
7
16
16
1
7
12
12
7
7
8
10
7
1
1
1
1
7
1
1
11
11
11
11
1
16
10
5
5
7
7
12
12
9
1
7
12
1
0
12
9
7
7
1
1
11
1
1
1
7
12
7
1
5
6
5
1
7
7
1
1
7
1
7
1
5
1
1
7
4
11
7
1
5
11
9
10
6
20
20
5
5
20
18
18
0
0
18
6
25
6
8
5
7
2
1
2
8
8
8
1
1
1
0
0
2
1
15
15
4
13
13
0
12
12
1
1
0
0
0
0
4
8
5
5
25
6
6
1
0
0
0
0
13
3
3
2
2
13
0
0
0
0
0
1
1
12
12
0
17
17
42
42
1
1
4
4
5
0
0
7
0
0
0
0
0
4
0
0
4
13
14
14
0
8
8
2
11
11
9
9
0
5
5
1
0
0
0
0
4
4
1
0
0
1
6
0
0
9
0
1
9
9
9
9
4
1
0
0
0
0
0
8
0
5
0
0
0
2
5
0
1
0
34
34
9
11
0
1
1
12
9
1
0
1
9
0
0
1
2
1
1
0
0
6
9
0
5
0
0
7
0
0
12
0
6
0
0
0
0
0
1
14
1
8
8
1
5
1
10
10
0
0
0
9
9
1
3
12
6
9
13
9
3
1
1
2
2
0
1
0
0
0
12
1
9
0
2
2
8
9
9
2
1
8
12
13
2
3
2
4
4
2
2
104
104
0
1
1
1
0
2
15
9
2
2
10
2
53
53
0
0
6
5
4
0
0
5
0
1
4
0
0
6
6
0
1
1
2
13
1
2
6
5
0
5
0
0
0
12
13
1
13
2
0
0
13
6
1
13
1
9
17
1
2
1
0
6
1
0
5
4
2
34
2
1
8
17
13
2
7
11
0
9
17
0
0
0
2
0
0
4
0
0
15
2
1
1
1
1
1
0
13
0
0
0
9
4
0
0
0
1
13
2
1
5
1
13
7
7
12
1
13
0
9
0
1
9
2
10
9
2
0
0
0
0
0
4
1
0
6
2
0
7
1
0
3
1
8
5
13
13
1
1
0
5
0
0
15
0
0
0
31
31
1
5
5
4
0
0
0
7
11
13
2
31
1
1
1
12
2
40
40
1
17
2
1
4
12
5
0
1
4
0
5
0
0
6
6
0
10
0
0
0
7
0
0
0
1
2
1
0
1
2
2
34
0
22
22
0
2
0
0
0
2
0
1
2
0
2
17
0
1
2
0
0
0
0
1
0
2
12
5
0
2
9
9
9
8
5
13
4
0
8
13
17
9
6
9
1
0
1
1
8
0
12
1
1
5
1
1
8
4
13
2
6
4
0
0
9
8
1
17
2
0
0
0
5
0
1
14
74
74
4
1
0
1
6
12
0
2
3
6
4
5
1
6
12
13
1
1
2
0
2
7
8
9
10
2
1
11
1
0
74
14
1
1
5
5
0
10
15
0
5
0
1
0
13
11
0
2
8
1
0
0
0
1
0
1
1
9
6
0
4
5
0
0
0
3
0
0
0
0
12
1
2
0
6
0
1
0
0
0
0
0
5
0
0
1
11
0
12
4
1
75
75
41
41
6
6
1
8
8
12
0
0
2
0
4
0
0
0
0
7
1
9
1
1
1
0
14
14
0
0
0
4
0
2
4
5
1
0
2
1
1
0
0
11
2
9
41
0
2
15
1
6
6
6
0
6
8
4
13
6
0
0
0
1
0
25
7
0
6
0
0
0
0
0
0
0
0
17
0
9
0
0
0
4
0
0
13
0
9
0
2
0
0
0
9
0
0
0
0
0
0
0
8
0
2
12
12
12
12
105
105
14
14
12
31
12
13
3
6
8
1
1
16
11
0
1
1
1
7
9
8
1
8
8
6
13
13
7
2
6
6
2
0
0
67
2
3
13
13
53
19
19
7
11
6
4
0
0
13
1
8
3
76
76
9
0
6
2
1
13
31
7
11
7
7
7
0
8
4
9
9
8
1
1
4
8
6
8
12
8
7
0
7
7
1
8
8
3
4
3
6
8
13
6
4
4
3
6
16
16
7
4
9
11
9
9
0
4
4
8
4
4
13
19
13
8
1
0
12
1
3
3
42
42
13
13
6
1
13
0
6
5
1
3
1
13
13
4
1
13
9
9
6
6
14
14
6
3
38
38
8
13
7
7
4
5
3
5
6
4
13
13
16
6
8
2
6
13
8
7
6
8
12
7
19
13
6
17
8
4
8
8
8
11
8
13
1
8
16
3
13
7
16
17
8
4
1
1
1
8
3
16
9
1
1
1
1
1
2
4
13
13
4
3
19
11
11
14
1
19
4
2
7
7
2
2
7
1
1
4
4
76
7
16
1
1
7
4
5
3
4
4
2
1
16
11
38
1
6
11
8
6
3
16
4
6
1
4
38
9
8
8
8
8
11
19
12
2
0
3
8
13
6
1
6
8
5
8
13
6
71
2
0
4
7
14
1
4
6
3
13
0
2
6
7
6
13
9
0
0
4
1
8
17
17
6
6
6
6
6
1
1
1
4
19
11
19
6
8
6
1
4
13
13
5
6
7
5
16
0
4
3
4
1
3
1
2
2
4
6
1
38
6
5
7
6
38
7
4
19
2
8
0
8
0
11
11
7
13
13
65
65
1
1
1
4
6
4
4
1
3
4
4
1
4
2
2
1
5
4
0
3
3
10
7
7
7
3
23
1
0
1
1
19
1
17
0
3
5
1
1
1
13
4
10
10
4
2
2
6
4
3
13
1
11
106
106
2
6
1
4
8
4
4
2
3
1
6
4
4
4
4
3
12
12
24
24
1
13
5
3
7
30
30
3
3
1
1
3
3
2
1
4
5
6
6
13
1
24
3
3
19
13
4
2
2
3
2
13
65
13
9
5
4
0
0
2
2
2
6
0
6
8
4
7
1
17
4
3
0
0
1
13
1
13
4
12
6
11
7
4
5
1
2
13
4
0
16
16
4
4
2
1
11
1
1
11
0
11
0
5
6
4
4
107
107
8
4
5
7
4
6
1
3
23
0
1
1
10
4
1
6
4
4
11
11
4
6
1
4
3
6
3
2
108
108
2
2
4
3
3
4
3
5
3
16
0
3
4
1
3
12
109
109
0
2
7
3
24
7
7
11
11
3
4
1
11
6
9
2
5
1
0
7
4
9
4
5
5
4
6
1
4
4
1
1
3
4
0
2
1
1
1
3
0
6
4
43
43
4
7
2
10
10
13
3
1
1
5
9
9
0
0
0
24
24
7
1
0
4
12
13
1
2
1
1
7
2
2
110
110
4
5
4
4
4
47
47
1
5
3
9
8
3
6
3
2
7
1
5
17
1
2
5
4
4
5
11
9
3
10
10
13
13
111
111
1
1
3
1
78
78
1
3
13
0
10
8
4
4
1
1
16
8
1
5
2
4
4
5
6
5
4
2
4
9
3
1
1
9
4
4
1
7
1
6
4
1
3
4
30
75
6
4
8
19
2
19
7
7
2
9
23
19
24
24
3
1
112
112
3
8
1
5
4
7
5
4
3
1
3
11
1
4
4
1
4
1
2
11
10
12
4
3
3
3
3
10
1
3
2
10
8
23
0
6
1
6
3
3
1
3
2
3
2
4
17
6
6
12
2
3
1
9
9
1
5
5
3
3
3
3
0
3
2
12
9
7
4
5
12
1
11
4
7
3
11
65
3
5
1
7
4
5
11
2
13
7
7
5
3
17
3
1
6
12
2
4
1
2
5
3
11
4
3
9
6
6
0
44
44
2
3
1
2
6
4
5
3
5
2
0
11
4
2
0
73
1
1
5
3
6
4
1
2
6
5
3
1
4
1
2
4
7
0
1
10
1
2
1
3
5
5
1
1
1
1
11
4
6
4
4
9
9
3
5
5
6
14
10
1
6
1
2
5
14
8
6
1
5
2
6
2
6
6
8
9
6
7
14
6
6
8
6
4
4
1
10
10
1
10
10
10
9
9
14
6
6
6
3
6
1
2
1
5
14
16
8
10
1
10
5
1
14
9
6
4
16
6
1
7
11
6
5
11
6
4
6
5
14
5
6
5
6
2
8
4
1
5
5
2
1
113
113
6
114
114
4
3
10
10
6
10
6
14
6
5
5
10
10
5
6
8
14
9
7
4
4
4
13
13
6
115
115
7
0
6
116
116
6
8
8
1
4
4
2
21
21
5
13
2
2
78
22
22
9
5
21
1
6
4
6
1
1
4
13
4
6
6
9
9
4
15
1
10
10
12
1
7
6
9
9
2
2
3
11
6
13
11
11
11
3
4
9
5
0
7
1
26
26
1
0
3
2
20
20
3
7
9
8
4
10
10
5
6
5
5
15
4
8
7
6
1
9
9
7
0
7
7
7
0
9
15
15
1
1
1
1
4
4
11
11
4
4
4
2
34
11
21
3
4
7
7
5
7
1
1
1
4
4
8
11
4
4
11
7
12
12
13
4
11
11
2
4
11
4
8
6
12
1
5
3
117
117
3
1
3
4
11
11
1
5
4
2
10
8
6
4
3
9
15
26
15
4
4
10
12
7
10
10
1
19
19
19
7
4
8
9
6
8
4
7
7
9
9
13
4
2
5
13
12
3
15
7
44
5
6
7
7
7
53
3
6
15
9
9
6
1
0
1
0
1
3
8
5
6
13
6
5
4
7
6
3
4
4
3
4
3
5
45
45
1
15
15
4
1
8
4
3
3
9
2
8
3
3
11
15
6
8
0
1
2
1
14
1
7
22
3
6
5
34
3
6
6
2
2
4
44
1
4
9
6
118
118
13
15
1
4
22
11
7
7
12
12
12
4
3
12
6
4
4
6
15
6
15
4
15
13
1
10
6
7
12
9
2
11
4
1
9
12
1
1
0
0
10
22
1
4
1
3
2
4
5
9
9
11
22
8
2
7
7
12
12
2
5
1
4
8
0
8
7
5
6
5
3
4
10
10
10
10
8
4
14
1
5
5
8
7
6
1
7
1
7
5
3
9
8
6
7
8
4
14
1
3
0
7
12
7
7
7
14
8
55
55
1
0
2
8
1
8
4
4
2
2
2
5
14
14
4
8
10
2
2
7
7
8
4
1
5
11
7
22
12
12
4
0
77
7
8
10
8
5
1
7
6
4
8
3
1
4
4
5
14
1
1
1
4
1
1
3
3
5
3
5
1
4
10
5
7
7
7
8
1
3
3
3
2
14
1
6
6
8
8
1
9
8
7
7
0
9
12
7
7
10
7
119
119
4
10
10
9
7
7
7
7
7
6
7
1
6
6
3
0
1
9
0
1
1
13
7
8
7
3
3
11
3
5
120
120
10
1
1
7
7
2
4
1
7
8
13
11
0
14
1
2
10
7
9
6
3
10
6
2
6
6
5
8
3
5
5
19
7
7
2
0
7
7
3
6
3
8
3
0
79
79
7
12
4
7
7
7
4
6
2
2
6
8
4
3
14
5
2
2
0
4
1
2
1
4
6
5
6
4
12
7
12
7
7
2
7
2
4
4
7
7
2
3
7
2
7
7
7
1
0
14
1
8
7
12
6
5
8
0
2
4
7
4
2
8
1
9
12
1
8
1
10
7
12
8
4
7
5
6
121
121
2
5
2
8
6
6
2
1
1
7
8
4
7
4
2
4
8
0
6
3
12
1
5
14
5
4
8
12
2
10
3
8
7
2
0
1
6
7
2
14
4
4
11
3
4
10
1
2
4
3
5
2
7
2
1
2
1
5
0
1
1
7
79
7
1
1
5
3
55
1
56
56
11
11
0
56
1
3
4
1
6
6
2
1
4
1
0
6
6
0
122
122
6
6
2
0
0
2
41
6
4
7
1
2
2
6
0
1
6
1
4
4
4
11
2
2
8
2
2
0
0
0
0
2
6
6
2
1
4
6
6
6
6
2
2
15
1
10
2
6
6
1
1
10
1
8
0
2
6
4
6
6
2
4
7
2
0
1
6
8
4
0
3
1
2
14
4
6
6
4
2
14
6
14
5
4
1
1
4
14
11
0
0
1
2
2
3
0
2
0
1
2
4
2
2
2
0
2
4
7
14
6
7
1
4
6
6
3
6
0
0
0
10
2
2
2
1
25
6
3
2
8
1
3
2
1
4
8
13
4
6
6
1
1
9
0
2
1
12
12
22
22
14
0
6
4
14
2
2
7
4
56
2
6
6
0
9
9
2
3
4
2
6
4
12
4
9
2
9
0
2
0
4
2
1
0
2
2
2
6
0
6
0
0
13
4
3
4
4
6
2
9
2
0
6
2
13
7
2
2
2
14
3
6
6
2
10
10
1
6
2
2
2
2
25
6
6
2
6
8
6
2
10
8
8
2
12
7
8
16
16
8
2
2
8
1
2
4
57
57
10
2
6
2
10
10
2
1
8
2
2
2
12
2
2
14
2
3
3
2
19
19
16
0
2
0
32
32
0
0
27
27
2
8
1
8
8
1
2
1
2
2
8
2
10
8
0
2
16
6
2
1
4
1
8
6
3
12
6
6
6
0
2
14
6
2
6
27
1
1
6
2
1
1
1
1
6
16
2
6
27
1
2
16
1
1
0
12
2
32
8
27
0
0
2
9
8
10
6
6
2
2
2
10
1
10
7
16
10
14
6
2
2
2
5
16
16
2
2
2
6
2
6
6
6
57
6
6
16
19
1
32
5
1
4
11
2
5
8
2
3
11
2
2
3
4
2
2
10
2
12
12
57
1
2
61
61
10
3
5
32
10
0
4
7
1
32
11
1
8
2
8
1
32
10
1
10
2
8
8
10
123
123
2
11
0
16
27
2
2
12
61
0
2
1
1
3
4
8
16
80
80
80
2
2
11
7
18
18
2
18
18
7
2
14
7
1
7
1
2
1
6
6
1
2
5
1
0
58
58
2
2
3
6
4
2
2
11
3
6
1
2
0
15
15
16
16
4
6
4
4
4
3
9
11
1
12
12
13
3
3
8
3
0
3
3
8
2
18
18
7
7
7
13
12
12
2
2
1
3
12
2
5
4
8
2
11
11
2
9
7
1
2
16
12
2
2
5
1
5
3
6
5
5
1
1
13
2
4
9
9
1
3
6
3
1
2
3
3
3
4
18
7
5
1
2
3
124
124
3
15
2
1
1
2
11
2
5
4
7
2
1
5
8
1
3
1
2
7
7
18
81
81
5
3
3
4
1
6
7
7
26
82
82
4
7
0
18
13
2
18
3
2
3
2
7
5
4
3
4
1
7
1
7
6
12
13
2
3
3
2
5
6
1
4
3
58
58
7
2
3
3
3
7
125
125
3
3
12
3
3
3
3
3
45
45
1
10
1
83
83
6
4
7
7
2
12
3
5
1
6
6
3
9
6
29
29
3
5
6
44
3
3
14
1
6
18
7
4
2
13
3
1
1
2
15
13
11
3
3
12
12
18
3
7
6
4
3
3
2
6
2
2
2
1
1
1
3
3
1
2
2
2
18
2
82
4
5
4
4
2
45
13
4
1
1
3
2
3
4
2
10
10
2
2
11
11
2
3
3
5
5
18
3
3
3
54
14
3
4
3
6
1
5
7
7
2
14
9
7
3
3
3
7
3
2
5
5
7
2
12
3
3
3
7
6
15
5
2
7
1
3
2
2
4
1
4
8
6
1
7
9
2
1
7
14
13
2
3
5
14
3
5
5
6
5
3
2
15
6
3
3
5
5
2
10
83
1
3
1
3
3
5
2
5
3
2
2
5
15
2
18
3
1
1
4
3
3
5
8
84
84
84
5
5
3
3
3
3
5
5
16
3
3
3
3
3
5
18
3
3
3
41
3
3
3
5
2
3
3
18
3
3
3
6
7
2
2
2
3
126
126
3
3
3
3
3
3
3
3
5
2
5
18
4
8
2
2
14
3
2
3
7
3
2
7
16
14
3
1
3
4
3
3
3
3
5
7
3
6
127
127
3
1
1
9
7
3
2
4
6
2
5
0
5
20
17
17
5
5
5
16
2
2
4
10
2
0
2
0
7
6
6
9
26
26
12
4
0
10
3
5
16
2
2
0
29
29
20
0
7
12
26
0
17
0
1
2
10
0
4
1
5
9
2
5
2
2
5
5
3
3
2
2
5
0
2
5
3
6
6
2
5
5
2
5
2
5
5
1
5
5
2
5
5
5
8
5
10
5
128
128
5
1
9
9
2
2
10
26
0
2
0
2
5
5
5
1
7
0
13
26
26
4
3
12
0
13
8
5
3
6
6
2
6
3
7
8
0
8
3
2
2
23
23
0
3
5
6
8
2
2
2
10
8
10
6
1
7
2
16
5
5
5
2
7
4
2
0
10
10
10
5
2
3
3
7
10
6
5
5
0
0
5
0
2
16
4
16
21
21
16
29
5
5
6
5
4
0
5
5
0
5
8
2
8
2
4
5
5
4
2
0
2
5
7
10
8
7
9
2
2
16
5
4
3
3
12
2
12
12
1
3
3
5
29
5
5
3
16
5
2
3
3
3
2
3
12
2
5
3
8
17
15
5
7
12
12
7
2
0
12
7
3
16
10
0
2
5
0
2
16
5
4
0
5
2
6
2
7
2
4
2
0
26
0
0
12
5
5
5
1
5
0
8
3
2
8
2
5
5
0
1
0
5
3
5
20
5
0
12
7
1
3
6
129
129
10
0
10
5
2
13
0
0
0
3
0
2
7
0
3
0
0
3
3
12
5
0
0
16
130
130
5
5
12
1
5
2
7
0
5
1
28
2
0
8
7
4
2
0
0
5
3
3
0
5
5
3
3
7
3
12
3
4
5
5
0
10
5
5
1
0
3
3
12
4
0
5
5
131
131
5
1
1
3
7
6
2
5
5
21
8
1
0
0
2
0
2
3
3
17
3
0
2
6
0
4
0
0
0
0
0
8
0
12
1
9
4
4
10
1
5
0
0
12
6
1
3
3
2
5
5
1
12
0
0
0
0
0
0
1
4
8
6
0
1
0
5
9
0
8
12
4
12
4
0
5
4
5
0
5
0
2
1
1
4
0
0
0
0
11
2
4
0
11
11
4
64
64
2
2
4
3
8
1
1
1
20
1
1
0
13
2
11
2
13
6
6
6
39
39
1
8
2
4
0
0
6
39
28
2
7
0
2
1
39
0
4
4
0
8
0
11
20
0
15
15
4
3
0
0
0
1
20
28
20
0
0
0
6
0
2
2
20
0
13
12
1
2
4
4
0
0
6
0
1
20
0
11
11
5
1
20
0
42
11
6
1
2
2
0
0
64
1
8
4
0
0
0
6
0
4
1
0
1
1
8
0
0
0
0
1
10
0
8
0
12
0
0
28
0
31
31
0
4
1
1
1
0
0
0
1
0
12
6
0
132
132
0
15
12
0
0
2
1
3
6
3
15
0
11
0
11
11
0
4
0
0
6
8
0
0
1
0
0
1
8
0
6
0
2
9
6
133
133
20
6
0
8
12
8
10
0
1
134
134
4
8
1
0
0
4
2
59
59
6
28
2
9
4
1
15
7
0
1
9
0
0
0
8
10
2
2
1
4
0
3
2
5
5
0
10
17
11
3
3
11
3
1
7
7
10
10
2
3
2
5
0
30
30
5
5
2
4
3
14
2
18
18
18
11
7
7
12
1
0
0
5
9
9
15
15
2
12
0
66
66
4
3
3
14
3
0
4
14
0
10
10
0
0
11
15
1
3
2
7
7
4
10
7
4
0
13
13
7
3
1
10
7
2
2
5
23
0
0
60
60
0
10
1
0
5
10
10
0
0
23
0
7
0
12
9
7
3
1
19
2
2
5
6
3
17
5
0
1
5
1
0
24
3
7
4
1
0
14
0
0
19
0
2
4
3
5
5
2
5
2
3
2
3
0
4
5
1
5
0
5
5
5
4
36
36
14
23
0
1
3
0
5
2
5
0
2
0
3
0
0
0
20
20
20
0
12
0
2
23
3
9
14
14
0
0
14
3
3
0
0
8
0
4
35
35
60
5
5
5
0
1
10
5
4
4
7
5
15
5
5
5
17
0
5
5
5
1
15
5
18
3
7
2
5
2
5
7
2
5
2
10
1
2
5
14
2
36
0
7
14
14
5
17
17
2
1
0
4
8
35
14
0
3
4
3
5
5
0
11
0
3
5
0
5
0
0
4
1
10
2
3
7
4
2
4
2
5
6
10
0
0
5
20
39
35
3
3
0
3
5
0
10
10
0
46
46
10
0
4
17
46
7
46
0
11
4
2
10
3
10
5
85
85
3
2
2
36
17
7
0
0
4
17
3
0
0
1
135
135
5
5
5
7
10
2
2
66
9
5
3
11
6
2
2
5
19
35
0
4
5
4
18
0
1
0
0
0
12
9
7
3
0
2
7
85
3
2
0
0
0
0
0
0
11
15
3
39
3
12
0
6
5
6
0
3
0
0
136
136
9
0
0
5
1
10
35
2
0
7
5
0
2
81
5
1
3
0
5
0
7
0
8
3
11
6
0
15
7
0
3
5
0
10
12
3
3
0
0
1
3
10
2
14
0
4
6
0
3
60
0
0
3
0
46
2
5
0
11
2
0
3
10
1
5
5
5
5
0
20
137
137
0
5
5
10
5
5
5
5
23
7
4
15
5
8
5
20
0
3
5
7
10
0
4
1
7
3
0
3
2
10
7
3
0
3
29
29
1
0
138
138
0
66
7
0
3
5
36
5
3
0
1
0
1
0
0
2
0
0
0
0
5
3
0
0
2
1
8
0
2
2
7
4
4
10
5
0
2
5
3
3
0
3
3
0
3
4
3
4
2
4
2
3
4
0
4
8
0
15
3
0
1
0
2
10
0
0
15
0
4
0
10
4
4
11
3
10
3
7
3
10
10
10
3
0
0
7
2
2
7
0
10
5
2
3
0
0
4
6
0
2
3
2
0
0
0
9
0
4
10
10
6
6
4
3
4
3
4
10
8
17
17
10
0
10
4
3
3
17
17
0
3
3
62
62
3
8
0
0
0
0
1
3
3
3
1
5
0
0
0
3
3
3
151
151
3
0
8
5
5
12
8
0
3
17
3
3
2
2
3
5
86
86
1
3
0
10
1
0
0
1
8
7
50
50
12
0
0
10
10
0
5
3
10
1
7
10
3
4
4
0
10
8
10
4
1
10
20
3
5
3
3
0
3
5
0
12
2
0
0
5
11
11
0
0
3
8
2
8
10
0
8
3
12
4
13
13
169
169
8
0
10
10
2
4
0
3
1
0
9
8
5
3
3
0
0
8
157
157
0
0
19
3
10
10
3
3
0
8
7
7
9
9
43
2
0
0
6
36
8
8
0
10
9
0
2
3
3
0
4
68
68
3
2
3
10
3
5
0
3
8
4
5
4
5
1
10
18
0
0
2
3
0
95
95
2
7
3
5
3
1
0
8
5
3
2
1
0
12
0
0
8
0
7
7
48
48
3
4
3
8
8
0
8
5
12
12
7
6
3
4
8
8
2
3
0
0
2
2
0
168
168
0
7
10
10
10
7
9
5
1
3
3
3
3
14
0
11
3
7
3
4
0
1
5
0
7
5
1
5
4
4
11
11
17
3
3
0
3
3
0
154
154
3
0
2
18
47
47
4
3
4
27
27
147
147
5
10
3
3
4
11
3
0
6
8
8
12
12
0
3
2
21
21
8
9
11
15
37
37
8
8
1
1
8
9
8
0
9
8
1
3
7
7
0
3
3
30
30
0
0
37
37
4
4
4
0
8
5
0
0
1
15
1
0
23
3
3
172
172
9
4
4
3
49
49
10
4
9
9
3
0
0
4
9
4
0
14
14
43
4
18
1
7
5
4
4
164
164
3
0
5
8
0
0
3
3
10
5
12
155
155
4
10
3
0
4
3
8
0
0
4
2
62
37
0
12
12
6
0
9
6
3
3
14
158
158
6
4
10
10
6
12
12
3
16
10
3
3
17
1
10
0
6
5
6
5
4
1
33
3
2
5
5
10
5
0
7
15
0
8
4
3
3
18
0
17
15
1
3
15
1
3
2
3
5
4
3
5
7
2
3
0
9
3
9
3
14
5
5
5
8
2
15
15
0
5
3
15
9
2
2
0
8
3
3
5
3
0
5
15
0
8
0
17
33
33
48
48
77
77
5
5
0
5
7
0
4
93
93
161
161
0
1
0
2
4
4
3
2
10
37
2
7
9
1
3
2
0
6
8
1
4
69
69
159
159
61
149
149
3
27
7
1
1
22
1
12
5
140
140
10
2
3
4
59
3
69
67
67
5
69
8
3
8
7
2
6
12
2
2
2
8
7
8
8
50
3
49
3
1
9
1
1
8
6
12
3
9
14
5
0
0
10
10
3
3
20
4
3
160
160
2
17
8
0
3
7
8
167
167
8
7
4
0
1
8
4
2
14
91
91
1
0
2
0
5
5
8
0
171
171
0
10
3
4
3
5
10
12
10
1
4
4
8
10
9
21
17
17
2
62
6
7
17
6
0
3
3
3
3
10
0
10
10
7
1
9
7
146
146
63
63
10
1
3
15
143
143
3
2
67
141
141
2
4
6
3
10
14
63
7
88
88
4
6
15
0
1
7
6
2
5
3
2
4
1
3
4
13
15
8
8
7
0
0
0
11
1
8
2
20
48
9
6
6
3
2
16
3
9
9
9
88
7
0
7
0
3
7
10
6
2
5
7
9
4
10
4
2
20
1
15
0
0
5
3
170
170
3
1
1
17
3
8
21
8
7
7
12
10
1
3
5
3
0
0
3
2
5
1
4
5
4
8
5
10
91
0
0
10
10
153
153
0
2
27
3
4
1
0
8
8
5
1
3
3
5
4
9
12
4
1
10
8
6
18
6
0
12
1
1
15
7
14
21
17
14
2
2
4
20
3
3
8
0
90
90
0
8
11
2
8
8
1
1
2
17
2
55
16
4
7
49
49
5
3
2
8
1
12
10
9
12
15
21
0
12
64
12
8
4
95
6
15
11
30
6
10
2
5
0
1
8
4
4
7
7
3
12
10
3
3
2
8
2
10
10
4
6
14
4
4
4
94
94
14
5
0
7
1
5
33
33
3
10
17
4
2
10
14
2
18
5
0
2
33
3
2
89
89
13
3
4
3
5
21
17
47
0
7
3
8
87
87
8
2
5
10
5
3
8
1
5
9
2
2
2
7
5
12
6
4
68
43
9
50
10
6
7
68
2
12
163
163
1
10
3
4
4
0
1
0
15
2
12
2
16
1
6
15
59
2
3
4
2
1
2
3
93
7
1
4
9
0
0
2
18
8
7
7
15
2
3
2
5
2
7
12
12
63
1
11
4
50
5
0
3
6
1
10
12
12
2
1
2
0
3
0
6
10
11
3
2
3
9
0
90
13
1
1
5
96
96
3
4
3
152
152
150
150
7
6
15
0
10
3
148
148
11
2
7
14
86
0
10
0
11
139
139
142
142
2
0
3
6
11
8
10
3
3
3
6
145
145
94
10
144
144
4
2
9
10
3
4
14
15
4
7
156
156
6
14
10
10
5
7
6
2
165
165
10
12
92
92
11
2
1
7
3
16
6
8
10
3
166
166
12
10
173
173
11
3
12
1
0
2
7
15
3
15
10
3
87
7
10
3
3
162
162
1
0
8
9
7
3
10
3
6
0
1
10
6
3
89
92
8
2
4
3
33
96
1
3
