83
83
18
12
18
18
14
14
34
34
7
7
6
6
8
8
8
18
42
42
8
8
8
7
7
14
8
8
8
8
8
12
12
34
18
14
18
1
8
12
34
8
8
8
6
2
2
62
62
16
16
11
11
0
0
0
0
2
4
4
20
20
11
11
16
16
0
0
0
2
4
4
0
11
0
11
11
1
0
2
5
12
0
16
0
11
0
11
11
0
2
2
11
14
14
2
11
11
4
16
16
16
2
5
5
2
2
2
20
0
4
11
11
2
5
11
11
2
2
16
84
84
2
11
0
7
0
0
0
85
85
16
16
11
16
4
16
16
2
2
2
16
0
11
11
16
62
14
4
2
11
2
4
11
5
0
5
6
8
3
1
11
14
14
8
14
14
20
20
19
27
27
5
10
43
43
13
14
14
3
5
5
2
2
20
13
13
14
5
2
2
15
15
14
5
14
5
5
14
15
5
86
86
8
14
6
46
46
15
15
15
15
4
4
8
5
14
4
4
6
6
12
3
3
28
28
10
10
6
3
8
87
87
14
3
14
8
8
3
6
14
3
3
14
14
11
8
8
2
3
6
15
15
13
6
35
35
63
63
15
5
4
14
14
11
1
15
8
8
8
8
3
13
14
14
20
8
8
11
4
5
8
5
4
46
4
15
10
8
2
11
18
14
14
4
16
11
11
14
43
5
3
2
8
5
14
5
3
8
15
8
14
14
1
5
1
10
3
6
11
3
35
3
15
15
27
14
5
5
5
5
3
20
88
88
8
5
14
27
5
46
8
4
4
14
64
64
8
5
20
20
8
5
6
14
20
13
8
2
2
13
11
8
5
11
8
8
5
5
6
5
6
43
4
4
14
8
8
43
19
5
9
9
14
89
89
8
3
5
8
3
14
14
2
3
8
3
25
3
5
35
2
15
35
35
2
11
64
8
8
16
3
5
2
65
65
21
21
90
90
6
6
8
20
5
6
6
20
4
14
15
91
91
15
8
8
65
15
6
6
6
9
6
14
14
13
14
6
6
19
19
6
13
13
13
13
10
5
6
16
13
13
6
3
6
66
66
13
13
6
0
3
0
19
14
6
6
8
8
5
5
6
13
19
19
5
19
13
13
14
8
7
6
42
13
14
6
13
8
13
14
6
19
14
14
3
6
6
13
14
13
10
13
19
6
16
13
6
6
6
13
36
36
3
13
13
13
67
67
3
13
16
16
13
13
13
19
13
6
6
6
6
13
6
6
14
14
14
14
6
67
19
13
6
13
13
24
24
8
6
13
24
3
10
24
5
13
13
6
6
14
6
6
6
13
24
13
6
6
7
6
6
13
13
6
6
13
6
13
5
6
3
6
13
1
14
13
6
6
36
5
19
15
68
68
8
8
68
47
47
0
0
47
15
6
15
47
8
13
5
4
2
3
18
18
19
19
0
5
0
5
5
22
22
5
12
12
0
16
16
0
0
0
0
0
0
0
4
5
0
6
2
2
3
9
0
0
0
12
1
1
5
5
12
0
0
0
0
0
3
10
1
1
0
20
20
19
19
0
3
1
17
5
0
0
7
0
0
0
0
0
1
9
9
1
12
21
21
0
4
4
4
14
14
11
11
0
48
48
0
0
0
0
0
1
1
16
0
0
3
10
0
0
11
0
0
20
20
23
23
1
3
0
0
0
10
0
4
0
5
0
0
0
0
0
0
3
0
39
39
23
14
9
19
19
16
11
6
0
0
11
0
0
3
0
5
0
0
0
1
23
0
2
0
0
13
0
0
16
0
2
0
0
9
0
0
0
21
0
4
4
4
0
6
19
19
17
0
0
11
11
5
1
16
2
23
12
5
19
3
3
4
4
0
0
0
0
0
1
3
23
0
5
5
0
11
11
3
6
4
16
12
4
1
0
1
10
4
6
92
92
0
0
19
3
9
5
22
11
3
3
19
4
49
49
0
0
0
5
1
0
9
17
0
5
1
9
0
2
2
0
3
3
12
12
6
5
5
5
2
5
0
0
0
16
12
5
12
2
0
0
12
1
5
12
3
11
20
6
5
5
0
5
3
0
0
1
5
39
5
16
4
20
12
5
13
14
0
5
20
0
0
0
4
0
0
31
0
0
22
2
2
1
5
5
0
0
12
0
0
0
23
16
0
0
0
0
12
0
0
0
0
12
25
25
16
5
12
11
11
0
5
23
5
19
23
1
0
0
0
0
0
10
10
0
0
4
0
25
15
5
1
0
4
3
12
12
0
0
0
4
0
0
0
0
0
9
50
50
3
0
5
1
0
0
0
13
14
12
17
0
3
3
0
16
17
42
42
0
20
5
19
7
3
0
0
0
1
9
0
0
0
7
7
0
14
0
0
0
17
0
0
0
3
2
3
0
0
5
17
39
0
93
93
0
2
0
0
0
5
0
19
0
0
1
20
0
3
5
0
0
0
0
5
0
5
16
48
0
5
11
23
11
4
3
12
1
0
4
12
20
23
5
11
3
0
0
3
4
0
16
3
3
2
0
3
4
10
12
5
2
2
0
0
11
4
5
20
12
0
0
0
4
9
3
21
69
69
0
3
0
3
5
16
0
8
1
1
10
48
3
7
16
12
5
0
3
0
4
13
4
11
8
4
3
14
3
25
69
21
0
5
5
5
10
0
22
0
0
9
0
0
3
11
0
5
4
6
0
0
9
3
0
3
3
23
11
0
10
6
0
0
0
1
9
0
9
9
16
5
16
0
2
0
0
0
0
9
0
0
6
0
0
5
14
9
16
5
5
70
70
51
51
2
2
0
4
4
16
0
0
5
9
17
0
0
0
0
25
6
23
3
16
3
0
21
21
0
0
0
10
9
5
0
2
3
0
5
16
1
0
0
14
5
23
51
0
5
22
0
12
12
2
0
10
4
1
12
2
0
0
0
3
0
6
13
0
9
9
9
0
0
0
0
0
0
20
0
11
0
0
0
5
0
0
12
1
23
17
3
9
9
0
8
9
0
0
0
0
0
0
0
0
5
16
16
16
16
94
94
10
10
16
50
16
12
12
12
17
3
3
15
14
0
3
3
3
13
15
4
4
4
4
2
12
12
27
18
0
0
4
0
0
0
12
3
12
12
49
10
10
3
14
2
10
0
0
12
3
4
4
71
71
8
0
2
4
3
12
50
25
14
13
27
27
0
4
9
8
8
4
3
3
10
4
2
4
34
4
4
4
4
4
19
17
4
12
10
12
2
4
12
10
3
1
1
11
15
15
25
10
8
14
15
15
0
10
1
4
31
31
18
10
12
4
3
6
34
6
9
9
19
19
12
12
27
3
12
0
16
5
10
15
6
12
12
10
3
12
8
8
2
10
21
21
2
9
10
10
4
12
2
4
10
0
10
2
2
31
12
12
15
2
4
18
2
12
4
13
11
4
16
4
10
12
11
20
4
10
4
4
4
36
4
12
3
4
15
1
12
4
15
20
4
10
3
3
3
4
15
15
8
3
3
3
3
6
7
1
12
12
10
10
10
36
36
21
6
10
10
12
4
4
4
5
4
6
15
10
31
71
4
15
12
3
4
31
2
9
17
17
4
3
15
3
10
6
2
14
4
2
10
15
10
1
3
6
10
8
4
4
4
4
14
10
16
2
2
1
4
12
5
3
2
4
10
4
12
2
63
10
2
10
27
21
6
10
11
2
12
0
13
2
4
2
12
15
0
0
10
3
4
20
20
2
2
2
4
2
3
3
3
10
10
11
10
2
4
2
3
10
12
12
10
2
27
11
15
0
10
10
10
3
10
1
9
2
31
2
3
10
2
4
4
2
10
27
10
10
4
4
0
4
9
14
14
25
3
3
52
52
3
3
9
1
2
2
1
3
2
17
17
3
17
95
95
3
3
1
9
1
1
1
25
37
37
1
9
3
9
9
5
10
3
20
9
17
2
5
5
9
12
2
19
19
2
17
17
12
6
1
0
3
14
96
96
5
2
5
9
9
1
1
1
1
9
7
1
10
10
5
1
72
72
28
28
3
12
2
2
17
73
73
6
1
3
9
2
17
3
3
17
1
2
2
12
3
28
1
1
10
12
1
5
5
1
2
12
52
3
11
5
1
0
17
17
5
5
2
11
1
1
1
25
9
20
1
1
9
0
6
12
11
12
15
24
24
14
13
1
1
3
18
3
3
0
53
53
10
3
3
9
14
3
5
14
0
14
9
5
2
1
2
97
97
4
1
2
3
1
7
10
1
9
9
9
3
19
17
0
10
5
0
14
14
2
12
9
1
1
1
1
18
98
98
54
54
5
1
1
17
2
5
3
53
9
1
1
3
1
24
99
99
0
3
13
1
28
4
4
74
74
1
17
3
14
2
11
12
2
3
0
37
10
5
5
5
17
1
1
3
9
17
6
3
1
9
9
6
9
9
3
1
16
2
1
100
100
17
2
3
19
1
12
2
3
3
3
15
15
9
0
0
28
28
13
3
0
17
16
12
3
3
3
9
37
5
17
101
101
2
3
1
1
17
102
102
3
2
10
15
5
1
11
1
5
37
3
1
20
10
5
2
1
1
17
14
15
1
103
103
12
3
104
104
5
10
1
3
75
75
3
1
3
9
19
4
17
1
3
5
53
2
9
2
12
1
1
2
2
2
1
5
1
15
1
16
3
15
17
1
3
37
3
2
1
16
1
1
73
70
7
5
5
10
12
10
18
18
5
11
9
10
28
28
6
9
105
105
10
4
17
3
1
6
2
1
3
3
1
74
3
9
1
3
1
3
3
14
1
24
1
1
1
1
10
19
3
17
17
19
2
9
9
2
3
2
17
1
9
1
5
1
7
17
3
7
7
16
5
1
3
15
15
9
2
2
1
1
1
9
0
1
3
72
15
4
1
1
16
3
14
5
17
1
11
52
1
5
3
4
1
2
14
4
3
1
4
2
1
20
1
3
12
3
5
17
3
9
3
1
14
10
1
15
1
1
9
55
55
5
10
6
54
2
1
5
1
5
5
9
14
1
17
0
66
9
0
3
1
2
2
3
7
17
3
1
5
17
3
16
17
25
9
3
19
3
54
3
2
2
2
2
2
2
3
2
1
12
2
2
8
8
2
2
2
12
21
19
6
2
1
7
2
21
4
12
3
2
2
2
2
2
12
4
23
2
4
7
2
2
10
2
1
1
3
19
19
2
19
19
19
11
3
21
2
2
12
12
2
2
2
6
2
7
15
4
19
3
19
2
3
21
15
2
1
15
12
2
7
14
2
5
14
2
1
12
2
21
2
2
2
2
2
4
2
3
2
2
17
1
106
106
12
107
107
10
2
19
19
2
19
11
21
10
2
8
19
19
2
12
4
21
11
4
2
2
10
29
29
11
108
108
9
9
15
109
109
11
0
0
9
17
1
5
5
5
8
12
44
44
75
30
30
15
8
5
9
1
10
5
9
9
17
29
15
11
2
15
15
17
22
17
8
8
3
9
13
2
15
15
5
5
9
11
15
29
45
45
14
2
1
15
8
0
13
9
76
76
6
0
9
5
110
110
1
13
15
4
1
38
38
8
2
8
8
22
1
0
9
11
9
15
15
13
0
13
13
13
0
15
22
22
3
1
3
1
17
17
11
11
17
17
17
5
39
14
5
1
31
9
9
8
9
6
17
9
1
1
4
11
111
111
11
9
16
16
29
17
11
11
9
17
11
1
11
15
16
8
8
17
112
112
9
8
17
17
45
45
5
8
1
5
38
0
11
17
1
15
22
76
22
1
17
8
16
9
38
38
12
77
77
77
13
17
4
15
11
5
17
13
13
15
15
29
17
44
8
29
16
1
22
9
55
17
1
78
78
4
49
1
2
22
15
15
2
9
0
19
0
1
9
13
4
2
29
11
8
8
13
2
17
1
17
17
17
8
8
113
113
3
0
0
10
3
0
10
8
8
15
5
0
17
1
14
22
5
0
0
9
11
16
7
8
13
30
9
2
8
39
17
2
11
44
44
15
55
3
17
8
9
114
114
29
22
9
17
30
11
9
9
16
16
16
1
7
16
15
15
10
11
22
2
22
1
22
29
9
38
3
78
16
15
5
11
2
8
15
3
5
8
0
0
8
30
3
15
9
17
17
1
1
8
8
45
30
4
4
13
13
16
16
10
5
5
10
4
4
4
4
4
7
5
1
1
79
79
8
8
6
2
1
5
2
5
4
18
2
5
13
6
4
6
6
8
4
10
6
4
1
21
6
1
0
4
16
13
13
4
1
4
80
80
6
0
6
2
6
0
10
10
56
56
4
6
2
2
10
4
19
9
6
4
4
2
10
6
10
14
4
30
16
16
1
0
0
13
4
79
4
6
6
6
7
1
1
5
6
1
31
6
2
6
6
3
2
0
5
1
1
5
1
5
5
2
8
5
4
4
4
4
6
6
6
6
9
21
5
11
11
57
57
3
3
4
4
4
0
8
16
4
4
19
4
115
115
1
32
32
8
4
4
4
1
13
10
7
1
7
7
1
4
3
5
0
6
6
12
4
0
13
58
58
11
58
6
116
116
32
5
5
13
4
4
2
6
13
4
12
14
0
21
6
6
8
13
8
7
7
32
11
11
117
117
5
1
6
5
5
10
13
13
7
9
13
13
1
1
6
4
7
0
81
81
13
16
10
13
13
13
2
7
7
7
7
4
5
6
2
6
6
6
0
2
5
4
6
10
2
6
2
1
24
1
24
4
4
6
4
4
2
1
2
2
0
58
4
6
4
4
4
7
0
2
5
4
13
16
2
5
4
0
56
10
4
1
7
0
6
3
16
6
4
6
32
5
16
0
2
4
6
2
118
118
18
6
4
5
7
7
56
5
6
4
4
1
13
1
6
7
57
0
7
5
16
5
6
2
5
1
57
16
3
32
1
0
7
6
0
6
2
13
4
1
10
2
14
5
5
32
6
3
2
1
3
7
4
5
6
6
6
5
0
0
5
13
81
4
5
5
3
1
80
3
59
59
11
11
0
59
9
9
1
9
26
26
7
10
1
0
0
7
7
0
119
119
7
7
7
0
0
18
51
2
10
7
9
7
7
11
11
3
7
3
0
0
7
11
7
7
2
7
9
0
0
0
0
3
7
7
9
9
1
26
26
2
7
7
7
22
2
19
7
11
26
3
9
10
0
0
0
7
11
1
26
26
7
0
0
7
0
10
7
7
1
0
7
9
5
21
1
7
2
1
0
21
1
7
7
1
9
6
1
26
11
0
0
10
7
7
19
0
7
18
3
7
1
7
7
7
0
7
1
7
21
11
7
10
1
11
11
7
26
0
0
0
19
7
7
7
9
6
7
9
5
7
9
0
18
3
1
11
12
2
2
26
10
9
8
0
7
7
24
24
30
30
21
0
7
1
10
3
5
7
1
59
7
11
11
0
120
120
7
7
1
7
7
1
16
7
8
7
8
0
4
0
1
7
0
9
7
18
7
7
0
7
0
0
12
1
7
1
1
2
7
8
7
7
26
7
12
13
7
7
7
10
9
26
7
18
8
8
6
7
18
18
4
4
6
41
41
7
7
4
7
7
8
4
4
7
16
18
4
15
15
4
18
4
4
3
4
6
60
60
8
18
7
18
8
8
18
18
4
18
4
18
7
18
18
10
18
1
1
18
82
82
15
0
18
6
33
33
0
0
40
40
7
4
3
4
4
6
18
6
7
7
4
18
8
4
0
18
15
7
18
6
1
6
4
7
18
16
7
7
7
0
7
10
7
18
7
40
6
6
2
7
6
6
6
6
7
15
18
7
40
6
18
15
6
3
0
16
4
33
4
40
121
121
6
8
4
4
7
41
18
18
7
8
6
8
18
15
8
10
7
7
18
18
6
61
61
4
18
7
7
18
41
41
2
60
7
41
15
82
6
33
61
18
1
14
18
6
4
7
4
13
7
9
7
1
18
7
8
18
16
7
60
6
7
4
4
8
3
6
33
8
0
1
6
6
33
13
6
4
7
4
3
33
8
3
8
7
4
4
8
122
122
7
14
0
61
40
7
7
16
4
0
18
6
6
