79
79
10
10
10
5
13
13
14
14
6
6
10
3
8
8
8
10
11
11
8
8
8
6
6
13
8
8
8
8
0
10
10
14
10
13
5
4
8
10
14
8
8
8
10
7
7
52
52
13
13
11
11
1
12
1
1
7
11
1
15
15
11
11
10
4
1
1
1
7
5
5
1
11
1
11
11
7
1
7
4
7
1
10
1
11
1
11
11
1
7
7
11
13
13
7
11
11
11
10
13
13
2
11
11
7
7
7
15
1
5
2
11
7
11
15
1
7
7
10
80
80
7
11
1
7
1
1
1
81
81
9
9
7
9
5
10
18
7
7
7
10
1
11
11
9
52
13
5
7
11
2
5
11
3
1
3
3
8
2
1
11
3
3
8
13
3
15
15
2
18
9
12
12
42
42
3
3
13
2
15
15
11
11
15
3
3
17
15
7
7
15
15
3
12
13
4
6
3
0
3
82
82
8
13
2
39
39
17
21
7
7
11
11
0
0
3
4
4
23
23
10
2
2
25
25
0
0
23
3
0
83
83
3
2
13
8
8
3
23
13
2
2
13
13
11
8
8
2
2
3
17
15
3
2
4
4
53
53
15
4
11
13
13
11
0
7
8
8
8
3
3
3
3
8
15
8
11
8
11
4
8
4
11
39
4
15
0
8
11
11
10
3
13
4
13
13
13
3
2
4
2
7
17
3
3
4
0
8
17
0
3
13
0
4
0
4
2
3
11
2
4
2
17
6
18
13
12
12
3
4
3
15
5
5
8
6
3
18
10
39
8
5
5
13
2
2
6
3
15
15
8
4
3
3
15
3
3
15
15
3
11
8
2
11
6
8
3
1
23
12
23
42
4
4
3
6
0
42
2
12
12
12
3
5
5
17
2
6
8
3
13
13
4
2
8
2
9
2
8
4
7
17
4
4
6
11
2
16
8
10
4
1
11
4
4
9
9
84
84
3
3
8
15
6
3
3
16
1
13
3
85
85
15
8
8
4
17
3
3
3
2
2
3
3
3
3
2
3
17
17
3
18
18
3
3
0
6
3
13
18
18
2
3
3
54
54
3
3
3
3
1
1
17
3
3
2
8
8
3
3
3
3
17
17
3
17
3
3
13
8
3
3
11
18
0
3
3
8
18
3
2
17
3
3
2
3
2
18
3
3
14
3
17
2
10
3
3
3
3
18
18
18
3
3
3
3
21
21
2
2
13
13
3
3
4
17
18
2
2
3
2
18
2
3
3
3
18
3
2
21
17
3
3
18
3
9
9
8
3
3
9
2
1
9
6
3
18
3
3
3
3
3
2
3
9
18
3
0
6
0
2
18
18
2
3
3
2
18
3
2
4
3
3
4
3
18
4
3
18
6
17
7
12
12
16
16
12
3
3
1
1
3
7
23
7
5
16
18
2
3
2
2
5
5
2
2
2
2
1
3
12
19
19
3
10
10
1
10
10
3
1
1
1
5
1
5
4
11
11
23
7
7
2
1
1
4
1
10
0
0
3
2
10
1
1
1
1
2
2
12
4
4
1
15
15
17
17
2
1
4
16
0
2
1
3
1
1
1
1
1
4
1
1
4
10
9
9
1
4
5
5
13
3
8
8
1
0
0
1
1
1
1
1
4
4
10
1
7
12
4
1
1
8
4
1
15
15
8
8
4
3
1
1
1
1
1
4
1
0
1
5
1
6
0
1
2
1
28
28
8
3
0
2
2
10
8
3
1
12
8
1
1
1
2
3
1
2
1
5
8
1
4
1
1
18
1
1
10
1
7
1
1
1
1
1
1
9
2
4
4
2
11
2
17
17
1
1
1
8
8
3
0
10
7
8
10
8
0
2
2
1
1
1
3
1
1
1
9
2
8
1
2
3
4
8
8
2
2
5
10
10
1
0
6
4
4
1
2
86
86
2
1
2
2
1
2
19
8
2
2
2
2
40
40
1
1
6
0
2
1
1
4
1
2
4
1
3
7
7
1
3
2
2
10
3
2
6
0
1
3
1
1
1
10
10
3
10
2
1
1
10
7
3
10
2
8
15
2
3
3
2
7
2
12
4
4
2
28
3
2
4
15
10
3
18
3
1
6
15
1
1
10
2
1
1
7
1
1
19
2
2
4
3
3
2
1
10
1
1
1
8
10
1
1
1
1
1
2
1
0
2
10
12
11
10
3
10
1
8
1
2
8
2
17
8
2
1
1
1
5
2
4
2
4
6
1
1
9
1
2
0
1
4
3
10
10
1
1
1
0
1
1
16
1
1
4
1
1
3
2
1
4
1
1
1
18
13
10
2
1
2
2
1
10
2
11
11
2
15
2
2
4
10
2
1
1
4
1
23
5
1
6
6
1
17
1
1
1
3
1
1
1
3
2
2
1
0
2
2
28
1
24
24
1
2
1
1
1
2
2
2
5
1
4
15
1
3
2
1
1
1
1
2
2
2
10
0
1
2
1
8
8
4
3
10
4
1
5
10
15
8
6
8
1
3
2
2
1
1
10
12
2
3
2
3
4
4
10
2
7
4
1
1
8
4
2
15
2
1
1
1
4
1
2
9
8
8
16
3
1
2
6
10
1
5
0
16
12
0
2
6
10
10
12
2
2
1
1
18
4
8
17
1
2
3
2
12
8
9
2
3
3
3
1
1
19
1
6
1
1
1
10
8
1
2
4
2
1
1
1
1
1
3
2
8
7
1
12
3
1
2
1
0
5
1
1
1
10
2
2
1
7
1
2
1
1
1
5
1
23
1
1
3
13
1
10
3
2
3
3
10
10
7
2
2
4
4
10
1
1
2
1
16
1
5
1
1
9
2
7
12
2
2
1
9
9
1
1
1
23
1
3
5
3
2
2
2
2
1
1
1
3
2
8
10
1
5
19
5
7
7
16
1
4
4
4
10
7
1
1
1
2
1
23
18
1
6
1
1
1
7
1
1
1
1
15
2
8
1
1
1
3
1
1
10
1
8
1
2
1
1
1
15
1
1
1
1
1
1
1
2
1
2
10
10
10
10
87
87
20
20
10
1
10
10
0
7
4
2
2
15
3
1
2
2
2
14
8
4
1
4
4
16
10
10
18
5
6
6
5
4
1
4
10
16
10
7
40
14
14
4
3
16
12
1
4
10
0
4
5
55
55
8
1
4
5
2
0
1
9
3
14
3
18
1
4
7
8
8
4
3
2
12
4
7
4
14
4
4
4
11
11
2
4
4
10
12
0
6
4
10
4
2
4
0
7
17
17
9
0
8
3
8
8
12
12
4
4
7
7
10
14
10
0
2
5
14
3
0
0
17
17
10
10
18
3
10
1
10
0
12
0
3
10
10
0
2
10
8
8
7
4
9
9
7
0
12
12
4
10
4
11
12
1
4
4
7
7
10
10
3
6
5
16
7
10
4
14
6
4
10
11
0
2
7
15
5
0
4
4
4
18
4
10
2
0
15
0
10
11
21
15
4
12
2
2
2
4
0
21
8
2
2
3
2
2
2
3
10
10
15
0
14
18
18
9
3
14
12
6
11
11
2
2
4
2
2
12
7
55
11
3
2
3
11
7
2
0
16
16
1
2
15
11
12
3
4
3
4
4
16
3
12
16
2
3
12
8
4
4
4
4
3
14
9
2
1
0
4
10
6
2
7
1
0
4
10
6
53
3
1
12
18
9
2
12
7
16
10
4
2
7
11
7
10
8
4
4
12
2
4
15
15
6
7
7
4
7
2
2
2
12
14
11
14
16
4
7
10
4
10
10
0
7
18
3
3
1
12
8
12
10
4
2
10
2
7
4
2
12
6
1
11
7
12
18
0
14
4
4
1
4
1
13
13
9
10
10
41
41
2
3
12
4
7
7
4
3
0
16
16
2
4
5
5
1
3
4
1
0
0
4
9
18
18
3
12
16
1
12
12
0
2
15
1
16
4
12
12
12
10
16
17
17
4
4
4
7
0
0
1
2
13
88
88
6
7
12
2
5
4
4
4
0
12
7
4
4
4
4
0
9
9
25
25
3
10
7
0
4
20
20
10
0
2
12
0
16
2
2
4
0
7
7
10
2
25
16
0
0
10
4
3
3
0
7
10
41
4
8
0
4
1
4
2
6
2
7
1
7
4
0
9
12
15
3
0
12
1
2
10
1
10
4
9
7
3
18
4
0
2
5
1
12
2
21
21
12
4
2
12
13
2
12
13
1
13
1
3
6
16
16
89
89
4
4
7
2
4
6
12
0
12
1
1
3
2
4
2
4
0
5
13
13
7
7
2
4
0
6
0
5
90
90
4
4
3
0
0
4
0
3
0
21
1
0
4
2
0
9
1
1
1
2
18
4
25
11
11
18
18
0
4
0
13
7
8
6
4
2
1
18
12
8
3
3
16
0
7
2
2
16
1
2
0
2
1
2
12
12
2
0
1
2
4
9
9
16
3
2
17
4
10
0
2
3
3
8
8
1
1
1
25
25
18
2
5
16
10
10
0
2
3
12
18
3
2
91
91
7
2
4
4
16
6
6
2
7
4
8
4
16
7
0
5
18
1
4
15
12
3
4
4
4
5
13
8
5
8
8
10
10
92
92
6
3
0
2
56
56
0
0
10
1
17
4
4
0
2
3
21
0
12
4
2
0
4
4
7
7
4
3
0
15
0
6
2
15
4
4
2
18
5
7
4
2
0
4
20
3
7
7
4
14
10
14
11
11
3
8
12
7
25
25
0
12
15
15
0
4
3
2
4
5
16
7
0
1
0
18
2
2
2
0
4
12
2
13
4
9
4
0
0
0
4
17
2
16
1
17
6
12
1
7
0
7
16
0
12
0
6
0
2
4
0
6
6
10
2
0
0
8
8
1
4
7
0
0
0
0
1
0
2
9
8
11
0
0
10
2
13
3
4
16
13
41
9
3
2
11
4
4
3
2
10
16
11
2
0
15
0
12
6
10
2
16
0
5
2
0
13
12
0
0
7
7
5
14
14
6
0
2
4
7
4
0
0
3
2
12
13
4
4
1
54
12
12
3
0
7
7
2
0
7
3
0
6
16
2
2
16
9
5
2
17
2
4
2
3
7
1
1
6
2
10
11
4
7
4
0
15
15
0
7
2
7
9
17
3
7
0
2
1
9
4
7
1
1
5
7
7
0
7
4
8
7
11
20
7
6
7
7
4
4
2
17
17
1
17
17
17
8
8
9
7
6
7
0
7
1
2
2
7
20
21
4
17
2
17
0
2
9
6
2
4
21
7
2
3
13
2
0
13
0
4
7
7
9
0
7
7
7
2
4
7
3
7
7
2
4
0
0
7
93
93
7
0
17
17
2
17
2
9
12
7
0
17
17
0
7
4
9
8
11
4
4
4
10
10
7
94
94
11
5
7
95
95
6
5
5
12
16
4
2
12
12
0
10
2
2
56
24
24
16
3
12
12
16
12
6
12
12
10
10
3
7
6
8
16
16
19
2
8
8
12
12
3
6
6
6
2
2
0
11
7
10
38
38
3
16
0
8
0
1
18
12
14
14
2
1
0
2
9
9
0
18
8
4
4
17
17
0
4
0
0
19
4
5
11
7
2
15
15
18
1
3
3
18
1
15
19
19
1
2
2
0
4
4
13
13
16
3
16
2
28
3
12
9
7
11
11
0
11
12
3
12
16
16
4
13
0
0
13
11
10
10
10
16
13
11
11
2
13
1
6
10
10
3
0
16
96
96
0
3
16
16
38
38
2
0
16
6
17
5
6
16
0
8
19
14
19
0
12
8
10
11
17
17
3
14
14
14
18
16
4
6
7
5
4
18
18
15
15
10
16
2
4
10
10
0
19
11
14
0
7
11
11
11
40
4
6
19
16
15
6
12
1
2
1
3
0
4
0
6
10
7
3
0
3
6
16
4
16
16
16
0
0
33
33
2
19
19
12
3
5
12
16
0
15
5
5
16
16
3
19
6
5
7
12
2
2
20
3
18
24
0
6
0
28
0
6
7
2
2
0
14
1
0
16
21
97
97
10
19
2
4
24
13
11
11
10
9
9
16
16
2
7
0
12
7
19
6
19
1
19
10
12
17
1
11
10
6
5
13
4
3
6
12
2
3
1
1
8
24
1
0
12
16
6
0
11
6
6
38
24
4
1
3
3
9
9
6
0
3
4
4
4
4
11
11
6
3
0
4
19
19
8
8
5
7
20
3
2
0
5
11
7
3
18
3
5
4
3
8
5
4
4
4
4
9
2
0
1
11
9
3
3
5
16
5
9
9
3
1
2
6
2
5
12
12
7
7
11
0
20
20
4
4
13
11
2
11
3
7
12
3
0
13
5
24
10
10
4
1
1
3
1
19
4
3
3
3
6
4
4
0
3
4
7
0
20
2
2
3
0
2
3
0
0
0
0
3
3
7
8
0
11
11
11
4
2
0
0
0
11
9
3
11
11
19
19
2
8
4
11
11
1
8
9
11
5
13
11
2
2
4
8
8
8
3
11
11
6
6
4
3
3
6
6
0
4
10
8
1
2
3
10
11
5
3
34
34
8
34
0
98
98
8
0
3
3
3
3
7
2
3
5
10
13
1
9
3
2
8
3
8
7
6
8
11
11
13
13
3
5
3
0
0
14
3
5
6
1
3
3
0
7
0
4
0
1
57
57
3
9
10
3
3
3
0
6
6
1
6
4
7
0
20
4
2
2
1
3
3
11
3
0
7
3
7
4
9
16
9
11
11
2
11
5
7
4
6
6
2
34
11
6
7
11
11
2
1
20
3
5
3
9
7
0
14
1
7
12
5
16
6
5
3
8
9
2
4
3
8
3
9
5
12
11
0
7
29
29
5
0
11
4
6
6
7
3
2
11
4
4
3
4
2
4
19
1
6
0
9
0
4
20
0
4
19
10
0
8
0
2
11
2
1
2
7
3
5
16
12
7
13
0
7
8
3
2
7
0
2
5
11
6
2
2
3
0
1
1
3
18
57
11
0
1
0
0
9
10
1
1
13
13
1
1
2
0
4
2
13
13
2
12
4
1
1
6
6
1
99
99
7
6
5
1
1
5
10
7
12
3
4
4
6
7
1
2
7
2
2
2
2
11
6
6
2
5
2
1
1
1
1
2
6
7
6
2
4
13
14
12
6
6
6
19
16
21
1
6
13
1
4
8
1
14
1
2
6
10
13
13
6
2
11
6
1
3
6
4
4
1
16
1
2
9
4
6
2
4
2
9
13
20
3
4
2
4
4
13
13
1
1
12
2
2
21
1
1
1
2
1
4
5
6
6
1
6
4
3
9
6
3
3
2
7
6
0
13
1
1
1
17
2
1
1
2
23
6
0
3
5
10
0
5
3
4
5
10
16
2
13
3
2
15
1
2
2
9
9
24
24
9
1
6
4
4
2
3
2
4
1
1
6
6
1
8
8
5
6
4
6
7
4
10
16
15
2
15
1
11
1
4
1
4
1
2
1
2
6
1
6
1
1
10
10
6
4
4
7
5
15
1
1
13
6
10
3
5
0
6
20
0
13
6
5
17
17
3
4
5
5
2
2
23
14
14
6
6
4
6
6
8
5
5
6
10
0
5
15
15
5
2
4
4
2
2
0
43
43
8
5
6
1
8
8
5
1
5
5
5
5
9
5
5
4
1
0
0
5
62
0
15
5
16
23
12
12
1
1
20
20
5
4
2
4
16
3
3
3
6
6
3
5
17
14
1
5
15
6
5
3
4
3
5
4
16
13
6
6
6
1
6
4
6
5
6
20
3
3
6
6
3
3
3
2
6
15
1
6
20
3
5
0
4
3
1
13
4
12
16
20
1
1
5
8
5
17
6
14
5
5
2
8
4
11
11
15
4
4
6
1
5
5
0
21
21
5
5
6
6
5
14
14
2
43
6
14
15
62
3
12
21
1
7
3
5
23
7
6
0
3
2
2
0
4
5
2
8
2
10
9
43
3
6
5
4
17
0
0
12
8
1
4
3
3
12
3
3
4
6
5
3
12
8
3
17
6
5
5
8
100
100
6
13
1
21
20
5
1
13
1
1
2
2
2
0
0
7
15
19
19
19
5
2
13
5
22
22
2
22
22
11
5
9
5
2
11
2
2
2
7
7
1
6
0
3
1
44
44
1
2
0
7
4
6
6
13
16
6
1
2
1
19
19
15
15
0
6
4
4
4
0
6
13
3
9
9
10
0
16
4
4
1
0
0
5
2
22
22
3
3
3
10
9
9
6
6
2
4
9
1
0
4
5
2
13
13
6
8
3
2
6
15
9
6
5
3
3
3
0
7
0
0
2
3
10
6
0
8
16
2
0
6
0
3
5
0
0
0
0
22
4
11
2
1
0
101
101
14
14
2
2
2
5
11
5
0
2
3
2
2
0
14
2
0
2
6
11
11
22
58
58
0
0
0
0
1
0
11
11
14
10
10
4
7
1
22
10
3
22
0
2
16
2
4
2
0
0
16
2
11
3
3
7
9
13
6
0
0
6
3
7
2
0
0
44
44
11
5
16
0
0
3
102
102
14
0
9
0
0
0
0
0
33
33
3
17
6
18
18
6
0
4
4
2
9
0
3
2
6
16
0
8
6
27
27
0
3
7
14
0
0
20
2
6
22
3
4
1
10
0
3
2
6
14
10
18
0
6
9
9
22
16
3
7
0
0
0
2
6
2
6
2
2
4
3
0
0
2
5
2
2
22
2
10
4
3
15
15
5
33
10
4
2
2
0
1
0
4
4
13
13
2
2
13
13
5
0
0
11
11
22
16
16
0
3
20
0
0
0
7
2
0
3
11
2
9
8
11
0
16
0
11
0
6
5
5
3
6
9
0
0
16
11
7
19
0
4
11
3
0
6
6
0
2
4
7
7
2
3
15
6
0
4
20
10
1
0
0
20
0
0
0
7
0
16
6
0
7
16
0
0
0
5
13
18
2
16
3
0
0
11
5
3
0
2
2
11
14
2
22
0
2
2
4
0
0
5
16
59
59
59
0
11
0
0
0
16
0
5
15
0
0
0
0
0
5
22
0
0
0
10
0
0
16
11
4
0
0
22
0
0
0
7
3
2
2
2
10
103
103
4
0
0
0
0
0
0
0
0
2
0
22
4
4
0
6
20
0
2
0
4
16
6
5
15
20
0
2
0
15
0
0
0
3
0
4
16
2
104
104
0
2
3
8
0
0
2
15
7
2
0
1
0
12
15
15
0
0
0
21
5
2
4
8
5
5
5
5
7
7
7
15
14
14
9
4
5
0
0
3
21
14
14
1
27
27
12
1
5
9
14
1
15
1
4
5
8
1
4
12
0
8
2
4
5
5
0
0
0
0
5
5
0
1
16
0
0
5
6
5
0
0
2
0
2
2
2
1
3
0
1
0
0
0
4
4
8
0
105
105
0
1
8
8
2
2
8
14
1
5
1
5
3
0
0
6
3
5
10
14
14
0
0
9
5
10
5
0
16
7
7
5
6
16
7
5
1
5
0
2
6
12
12
1
0
4
6
5
5
14
5
8
5
8
7
2
3
6
17
0
0
3
2
3
4
4
2
8
14
14
0
3
16
0
11
8
14
0
4
5
5
0
5
2
21
4
21
12
12
21
27
0
0
7
0
0
5
0
0
5
0
5
6
5
5
4
2
0
0
5
1
2
2
5
8
5
7
15
5
5
21
0
4
0
0
9
5
9
9
2
0
0
0
27
0
0
0
21
0
5
0
0
0
6
0
9
2
3
0
0
15
19
0
5
10
10
11
2
1
9
11
0
21
14
0
5
2
1
5
21
0
8
1
0
5
6
9
5
2
8
2
5
14
1
1
9
0
0
2
3
0
1
5
3
5
4
6
0
0
1
1
1
0
0
0
12
2
1
9
9
3
0
7
25
25
8
1
8
2
2
10
1
1
5
0
1
2
11
1
0
1
1
0
13
9
3
1
1
21
0
0
0
0
9
1
4
14
3
1
0
2
9
2
1
4
4
0
4
1
1
0
0
0
5
0
2
0
0
9
0
9
0
12
0
0
5
14
0
0
1
1
0
0
9
0
5
0
3
106
106
0
3
2
0
5
6
5
0
0
12
4
1
1
1
4
1
4
0
0
15
0
1
2
6
1
6
1
1
1
2
5
5
1
9
12
6
7
7
17
3
4
1
1
9
21
3
60
60
2
2
2
3
9
1
1
1
1
1
1
1
7
1
6
1
1
1
5
6
1
1
9
7
9
7
1
7
7
2
1
4
1
5
1
1
7
0
1
1
1
9
5
7
1
18
18
7
45
45
1
1
11
0
4
3
2
2
12
6
6
1
10
2
9
5
10
10
7
6
14
14
12
5
4
0
1
1
6
14
9
4
11
5
10
12
14
1
1
7
1
14
1
13
12
1
19
19
7
60
1
1
1
2
12
9
12
1
1
1
7
1
1
5
12
1
10
9
3
1
7
7
1
1
6
1
12
12
1
3
3
11
2
12
1
17
18
6
3
2
2
1
1
45
12
5
16
1
1
1
7
1
7
3
5
3
6
4
1
1
1
1
1
17
1
4
1
9
1
1
9
1
1
1
1
7
3
3
3
5
1
1
3
1
9
7
1
107
107
1
19
9
5
1
2
12
0
11
0
19
1
18
1
18
18
1
7
1
1
7
5
5
1
2
1
1
1
4
1
7
1
2
6
15
12
12
12
7
2
5
9
4
17
2
3
108
108
1
1
4
1
1
7
2
30
30
13
9
6
6
8
12
19
11
1
4
6
1
1
5
6
17
5
5
3
0
1
0
6
0
0
1
17
15
13
0
0
13
0
3
2
2
8
8
6
0
5
0
5
20
20
0
0
5
7
0
9
6
22
22
22
13
6
6
14
14
5
1
0
15
15
19
19
6
14
1
3
3
0
0
0
20
3
1
0
9
1
17
17
1
1
3
19
2
0
2
6
6
0
17
11
7
1
10
10
5
21
2
17
5
2
5
2
12
1
1
46
46
1
17
2
5
0
13
8
5
1
12
1
0
1
9
6
5
0
1
0
2
5
0
7
0
15
0
1
2
2
3
1
25
0
5
0
2
1
20
5
1
0
1
5
4
0
0
0
6
0
6
0
6
16
1
0
0
2
2
1
0
0
0
0
16
16
20
12
1
4
0
1
0
5
0
1
2
1
0
1
1
4
12
12
12
1
9
1
2
12
16
15
14
14
2
1
20
14
0
1
1
5
1
4
13
13
46
0
0
0
1
3
17
0
7
0
5
0
19
0
0
0
15
1
0
0
0
2
19
0
22
0
5
6
2
5
0
6
6
0
2
13
3
5
5
20
4
16
5
9
20
20
1
15
15
2
2
1
7
16
13
20
1
0
7
16
14
0
1
13
1
0
0
1
0
1
1
0
3
17
2
0
7
0
6
0
6
0
6
13
1
1
0
12
14
13
0
0
1
21
2
1
17
17
5
35
35
17
1
0
15
35
5
35
1
13
0
6
17
0
17
0
9
9
0
6
5
16
15
6
1
1
0
15
16
1
1
4
15
15
4
0
0
3
13
2
5
3
15
0
0
13
7
2
2
0
7
13
1
0
0
4
22
1
3
1
1
1
9
4
9
0
1
17
4
9
21
5
1
1
1
1
1
5
13
19
16
14
0
9
1
7
0
7
1
0
1
1
8
8
8
1
1
0
1
17
13
6
1
11
0
1
2
58
0
2
0
1
0
1
7
1
5
0
13
6
1
19
18
1
0
3
1
15
9
0
16
1
1
3
0
8
5
14
1
17
4
1
0
46
3
1
0
1
35
2
0
1
13
2
1
0
8
1
14
0
0
0
1
12
109
109
1
0
0
17
1
0
0
0
12
11
4
2
0
5
0
12
1
0
0
6
17
1
0
3
9
0
5
0
2
8
1
0
1
0
27
27
2
1
9
9
1
3
6
1
0
0
16
0
3
1
3
5
2
1
1
5
1
1
1
1
3
0
1
1
2
5
5
1
6
6
3
4
4
11
0
1
5
3
10
10
1
0
0
1
0
4
0
0
5
7
6
14
0
1
0
5
1
19
0
23
2
1
6
4
1
1
19
1
4
1
17
0
0
13
0
17
0
18
0
17
17
17
0
2
1
18
1
16
3
1
5
0
2
0
1
1
0
6
1
6
0
6
1
1
1
8
1
4
8
8
6
6
4
0
16
0
0
13
4
15
0
13
1
13
0
0
0
15
15
1
0
0
47
47
0
4
1
1
1
1
2
0
0
0
2
3
1
1
1
0
0
0
26
26
0
5
5
3
3
9
5
1
0
0
0
0
2
2
0
3
61
61
1
0
1
0
2
1
5
2
1
11
12
12
14
1
1
13
13
5
3
0
13
12
11
17
0
4
2
1
17
6
4
2
3
8
12
0
0
0
0
1
0
0
1
9
6
1
1
3
3
3
1
5
0
5
2
5
17
1
5
9
14
1
11
11
110
110
14
1
0
5
6
4
1
0
1
5
0
16
3
0
0
1
1
4
5
5
1
2
62
0
13
13
0
0
1
5
3
3
8
8
9
2
1
1
7
16
5
5
5
17
8
5
2
0
0
1
12
7
7
0
6
0
17
0
3
1
0
5
4
0
0
0
3
8
22
1
1
8
0
1
63
63
8
6
0
0
0
12
1
5
0
0
8
1
1
10
1
1
5
5
6
14
20
20
4
1
0
5
5
1
5
0
9
9
7
6
0
4
5
0
2
0
1
1
2
2
1
9
9
1
18
11
17
4
3
8
0
2
0
0
0
0
14
1
3
0
6
0
0
1
2
3
5
11
3
1
0
7
7
3
11
15
0
0
1
0
0
1
111
111
0
1
5
3
6
6
0
0
4
20
20
13
13
3
17
0
0
0
13
0
5
7
11
11
9
9
1
0
6
12
12
11
8
13
19
9
9
4
11
3
3
4
8
11
1
8
1
3
0
4
6
1
0
0
20
20
1
1
9
9
0
0
0
1
4
0
1
1
1
19
2
5
12
0
0
9
9
16
1
1
0
1
1
8
0
8
8
0
1
1
2
8
0
1
14
14
9
7
22
2
7
0
3
3
7
7
0
1
0
5
1
1
0
0
8
3
9
112
112
0
17
0
1
2
0
16
1
1
0
5
47
9
1
9
9
13
1
16
6
0
9
20
113
113
1
4
17
17
14
9
9
0
21
17
16
0
0
2
8
1
16
3
14
0
0
1
12
34
6
3
0
13
0
1
7
19
1
5
4
0
0
3
14
0
19
2
0
19
2
0
5
0
0
15
0
0
11
2
0
1
8
0
8
0
14
0
0
0
5
2
19
19
1
5
0
19
8
6
1
1
4
0
0
0
0
1
3
19
5
5
1
0
12
12
20
20
1
1
0
3
1
0
3
1
6
64
64
114
114
1
3
5
2
0
4
0
1
13
9
6
3
19
2
0
1
2
7
5
1
0
7
7
115
115
1
116
116
0
20
6
2
1
24
6
9
1
0
0
4
2
0
0
30
0
7
4
4
2
7
4
0
11
11
5
14
9
2
2
2
5
5
5
5
12
0
1
0
2
4
2
12
5
5
10
3
8
14
5
1
1
11
17
0
0
12
4
0
3
3
2
15
5
1
16
3
7
65
65
14
5
0
1
1
5
0
1
16
8
8
3
1
2
1
3
3
5
1
117
117
1
17
0
1
0
0
17
8
17
3
7
4
5
4
8
12
0
0
6
47
6
6
0
6
1
0
0
0
0
13
1
13
17
5
1
8
7
36
36
12
12
17
78
0
19
118
118
0
2
4
8
8
2
0
13
16
17
9
12
6
18
18
4
16
19
1
3
6
14
6
3
0
2
4
3
75
2
10
14
11
0
3
19
1
7
3
2
11
14
12
20
8
6
6
0
5
15
0
8
0
15
18
6
1
3
1
0
18
17
7
2
3
11
8
0
8
2
6
12
2
19
5
1
1
0
119
119
0
4
4
0
0
4
2
4
3
3
9
8
2
0
0
3
1
1
0
2
3
2
0
0
0
5
0
17
8
5
1
13
17
120
120
1
5
20
14
0
2
1
16
16
3
12
0
0
0
0
8
9
16
2
8
16
13
22
1
1
9
4
4
19
11
9
12
15
14
2
2
3
12
0
0
11
1
18
18
1
11
13
14
14
5
2
2
1
15
4
9
3
15
6
1
1
21
0
2
11
2
14
13
6
14
19
12
1
9
45
14
0
2
63
14
19
13
20
6
17
6
5
1
1
5
0
0
6
6
0
9
4
0
0
2
11
5
5
5
7
7
14
2
7
7
66
66
20
23
1
11
1
0
12
12
0
8
0
2
6
5
14
3
22
0
1
1
12
4
14
67
67
10
0
7
0
0
1
0
6
1
3
0
5
18
18
7
2
0
4
0
0
5
2
7
8
14
2
2
11
3
9
7
3
7
9
15
12
8
6
6
7
2
13
37
37
3
8
14
11
7
1
2
1
19
2
13
5
15
7
14
19
30
2
4
0
2
2
8
0
64
18
1
4
8
1
1
6
22
4
6
6
19
6
0
14
0
14
7
14
14
12
3
13
2
12
23
1
0
7
1
0
9
9
2
6
2
1
16
1
6
13
13
0
5
0
8
1
18
10
3
2
0
48
48
0
4
0
121
121
122
122
3
7
19
1
17
0
13
13
13
6
11
14
61
1
0
1
13
123
123
124
124
2
1
0
7
3
5
13
0
0
0
7
125
125
66
17
126
126
7
6
8
17
0
0
14
19
16
3
21
21
6
0
8
13
0
18
6
1
20
20
17
9
68
68
3
18
2
6
0
15
6
5
17
0
127
127
8
8
128
128
13
0
9
2
1
1
18
19
0
19
11
5
18
11
5
0
0
0
0
2
1
11
6
3
0
5
4
6
1
2
13
6
5
67
68
4
2
16
0
12
48
4
0
15
16
0
21
15
0
0
15
0
3
7
4
4
22
17
16
3
0
10
10
10
6
9
18
0
3
11
10
0
3
18
10
1
16
24
0
4
5
6
3
3
0
0
18
4
4
14
11
11
5
5
69
69
17
20
20
3
13
13
1
8
0
1
9
3
5
11
10
10
0
12
16
3
3
16
0
19
15
15
8
21
14
13
3
14
0
15
4
5
0
0
1
15
14
14
17
4
8
0
129
129
15
15
3
3
5
5
11
0
15
24
13
13
0
17
6
19
0
14
14
14
14
10
69
4
4
17
9
21
3
14
14
16
16
130
130
131
131
0
16
1
12
14
14
16
3
1
8
6
5
9
0
132
132
4
5
9
6
9
0
3
3
23
0
12
8
0
0
10
0
9
3
23
0
1
1
2
19
0
0
3
11
0
0
15
15
4
14
0
4
70
70
9
1
17
12
19
19
7
17
10
3
3
20
6
11
133
133
5
5
71
71
9
3
23
0
1
13
5
1
19
12
7
7
19
19
0
19
20
10
8
0
15
9
2
15
9
9
17
6
14
15
14
14
1
3
3
9
10
2
2
1
9
1
3
6
0
1
14
0
6
9
7
14
6
17
0
14
0
0
4
0
2
16
3
10
16
23
65
7
7
9
2
3
14
1
4
20
1
21
1
0
0
9
9
36
0
4
8
8
14
14
6
0
2
7
8
3
9
9
4
14
4
13
3
1
9
19
11
5
0
0
5
134
134
2
11
4
7
0
0
7
1
17
17
14
4
0
9
14
10
49
49
0
9
9
0
2
6
6
6
5
13
4
0
0
8
8
4
9
135
135
0
0
2
13
136
136
3
0
11
10
9
7
14
0
9
36
14
26
0
7
18
4
5
3
19
3
3
0
8
16
12
36
7
4
5
5
9
137
137
0
2
12
10
21
7
14
72
72
1
7
72
17
22
11
4
6
2
18
15
73
73
17
15
0
26
23
14
5
6
1
0
3
70
11
138
138
4
14
16
3
2
139
139
5
73
3
8
2
21
3
13
2
0
0
3
12
17
19
17
0
0
7
0
140
140
6
4
0
0
9
9
9
21
0
141
141
31
31
16
19
19
19
10
1
21
9
32
32
14
3
50
50
5
15
142
142
1
14
14
30
3
48
5
14
74
74
1
7
3
2
4
17
8
9
1
0
0
7
4
0
15
16
14
19
16
6
143
143
0
0
144
144
4
145
145
9
11
5
12
146
146
31
31
31
0
0
8
7
1
5
4
1
19
5
3
6
9
1
11
7
4
37
0
13
9
0
9
5
4
4
7
11
75
75
18
10
0
37
9
2
147
147
2
31
37
2
14
14
50
3
13
22
14
13
21
14
7
13
19
1
0
15
4
4
5
9
29
15
15
4
15
16
13
3
3
4
2
11
50
9
3
13
15
49
21
26
3
76
76
26
74
14
14
7
8
15
6
24
24
9
2
9
13
23
148
148
1
11
8
0
0
15
0
19
2
15
29
2
0
0
15
4
1
10
3
32
32
149
149
0
14
19
19
4
2
2
14
19
7
32
0
6
9
3
21
9
9
5
0
0
1
17
6
9
9
49
19
17
150
150
0
3
76
13
4
9
1
1
15
15
6
11
12
9
9
11
151
151
11
11
0
10
0
15
1
13
2
0
2
4
1
1
14
15
11
5
11
0
29
5
10
10
15
6
15
26
26
78
32
51
51
6
11
152
152
14
10
5
77
77
10
10
7
7
1
9
7
10
12
0
0
15
5
2
8
9
9
9
8
153
153
13
13
11
1
13
10
154
154
1
1
155
155
8
1
14
12
13
14
6
0
21
8
8
8
9
77
6
1
1
1
13
4
4
15
15
156
156
3
16
157
157
7
4
1
0
18
4
6
158
158
12
3
11
10
0
1
1
5
15
1
4
8
29
159
159
0
160
160
0
13
1
1
8
0
5
51
4
11
15
2
161
161
7
2
1
1
71
7
14
14
6
3
3
1
78
8
9
4
5
13
1
1
8
0
4
9
6
21
8
0
5
2
5
1
6
5
8
9
11
9
9
5
0
162
162
163
163
6
6
1
14
12
10
12
17
164
164
5
13
5
17
4
3
1
3
12
0
9
20
165
165
5
166
166
12
2
0
8
0
15
3
20
3
18
30
167
167
3
1
51
0
18
26
16
6
168
168
7
170
170
13
15
8
8
3
14
6
9
14
0
5
4
4
7
11
15
171
171
15
0
0
3
175
175
174
174
5
8
4
4
13
15
4
4
3
172
172
0
173
173
169
169
3
