66
66
8
8
8
8
24
24
41
41
35
35
5
5
3
3
3
8
36
36
3
3
3
35
35
24
3
3
3
3
3
8
8
41
8
24
8
8
3
8
41
3
3
3
5
14
14
50
50
11
11
9
9
17
17
17
17
14
51
51
52
52
9
9
21
21
17
17
17
14
30
30
17
9
17
9
9
14
17
14
9
14
17
21
17
9
17
9
9
17
14
14
9
6
6
14
9
9
51
21
11
11
14
42
42
14
14
14
52
17
30
9
9
14
42
9
9
14
14
21
67
67
14
9
17
14
17
17
17
68
68
21
21
9
21
30
21
21
14
14
14
21
17
9
9
21
50
6
30
14
9
14
30
9
42
17
13
13
3
4
4
9
10
10
3
6
6
16
16
4
43
43
15
15
37
37
10
10
10
4
53
53
28
28
16
12
12
6
53
54
54
31
31
6
15
6
4
4
10
31
13
69
69
3
6
13
44
44
23
23
25
25
2
2
3
4
10
20
20
13
13
8
15
4
70
70
26
26
13
4
3
71
71
10
25
6
3
3
4
13
6
4
4
6
6
9
3
3
28
4
5
23
31
12
13
32
32
72
72
23
4
2
6
6
9
26
25
3
3
3
3
4
12
6
6
16
3
3
18
2
4
3
4
2
44
20
31
26
3
28
9
8
6
6
20
11
9
9
10
37
4
4
9
3
13
6
15
4
3
23
3
6
6
26
4
26
9
4
13
9
4
32
4
23
3
43
6
15
15
4
4
4
16
73
73
3
1
6
43
13
44
3
1
1
10
55
55
3
13
16
16
3
4
5
10
16
12
3
14
14
12
9
3
15
9
3
3
13
15
13
13
13
37
20
20
6
3
3
37
4
15
74
74
10
75
75
3
4
1
3
4
6
10
28
4
3
4
12
4
4
32
54
23
32
32
28
9
55
3
3
11
4
15
28
56
56
76
76
77
77
5
13
3
16
1
5
5
16
2
6
23
78
78
31
3
3
56
23
5
5
5
5
5
6
6
12
6
13
5
22
22
5
10
10
12
12
26
1
5
11
10
10
5
4
13
79
79
12
12
5
5
4
17
22
6
13
5
3
3
45
45
13
12
33
33
45
33
12
12
6
3
5
13
36
10
6
13
12
3
10
6
5
33
6
6
4
13
5
10
6
12
26
12
33
13
4
12
5
5
5
10
57
57
5
12
12
12
58
58
4
10
8
8
12
12
12
33
10
5
5
5
5
10
5
5
6
6
6
6
5
58
22
5
5
10
12
38
38
3
5
12
38
15
4
38
1
12
10
5
5
6
5
5
5
12
38
10
5
5
35
5
5
10
10
5
5
12
5
10
45
5
4
13
12
4
6
10
5
5
57
1
22
25
59
59
60
60
59
46
46
80
80
46
25
25
25
46
60
10
1
1
1
1
81
81
4
4
2
1
0
7
0
34
34
1
8
8
0
11
11
7
7
7
0
0
0
0
20
1
0
13
14
14
15
0
0
0
0
8
39
39
1
1
4
0
0
0
0
0
1
1
47
47
0
16
16
22
22
2
2
1
1
2
2
2
2
0
0
0
0
0
1
29
29
0
8
40
40
0
1
1
1
24
6
18
18
2
48
48
2
0
0
0
0
47
7
11
0
0
15
0
0
0
18
0
2
16
16
19
19
1
7
0
0
0
0
0
0
0
1
0
0
7
7
7
7
15
0
49
49
19
6
29
4
4
11
18
2
0
2
18
0
0
15
2
0
0
0
0
0
19
2
0
0
0
10
0
0
11
0
0
0
0
0
2
0
2
40
2
1
1
2
0
0
22
22
0
0
2
18
18
1
1
11
14
19
8
1
22
1
15
27
27
0
7
0
0
0
47
1
19
0
1
7
2
18
18
1
13
1
11
8
27
1
0
0
1
27
1
82
82
2
0
4
1
29
1
34
18
1
1
4
1
83
83
0
0
0
1
1
0
0
1
0
7
1
0
0
14
14
0
0
15
8
8
0
1
1
1
1
0
0
0
0
11
8
1
8
1
0
0
8
7
1
8
2
18
16
1
1
1
0
1
1
0
0
0
1
49
7
11
20
16
8
1
10
6
0
1
16
0
0
0
1
0
0
0
0
0
34
1
1
1
1
1
0
0
8
0
0
0
19
8
0
0
0
2
0
2
2
2
2
8
12
12
11
2
8
0
18
0
7
19
7
22
19
0
0
0
0
0
0
61
61
0
7
27
2
7
0
0
39
2
2
2
8
8
2
2
0
20
0
0
0
0
0
29
65
65
1
2
0
0
0
0
0
10
24
8
1
0
1
1
0
11
1
36
36
2
16
1
4
1
11
0
0
0
0
0
0
7
0
62
62
0
24
0
0
0
1
0
7
0
1
1
1
0
2
1
1
49
0
84
84
0
1
0
0
0
1
2
4
7
0
1
16
0
1
1
7
0
0
0
1
7
1
11
48
0
1
18
19
18
1
2
0
7
2
27
8
16
19
1
18
1
2
0
1
0
0
11
15
15
7
2
13
1
61
8
7
2
7
0
0
18
1
7
16
8
0
0
0
0
0
2
40
63
63
7
1
2
1
1
11
0
3
39
7
0
48
15
62
11
8
15
2
1
0
27
10
20
18
3
27
1
6
11
12
63
40
2
7
0
0
0
7
34
0
2
0
7
0
8
18
2
1
20
1
0
0
0
7
0
7
7
19
9
7
7
0
0
0
0
39
0
0
29
0
11
1
11
0
0
0
0
0
0
0
0
0
13
0
0
1
24
29
11
1
1
85
85
64
64
14
1
0
20
20
11
0
0
1
0
7
0
0
0
0
7
15
19
15
11
1
0
86
86
0
0
0
13
0
7
0
2
4
2
1
11
0
0
0
6
1
19
64
0
2
34
2
87
87
0
0
0
20
0
8
1
0
0
0
1
0
13
10
0
0
0
0
0
0
0
0
0
0
16
2
18
0
0
0
1
0
0
15
0
19
0
1
0
0
0
16
0
0
0
0
0
0
0
2
0
2
11
11
11
11
88
88
89
89
11
65
11
