82
82
13
13
17
17
10
10
19
19
3
3
13
4
2
2
2
13
29
29
2
2
16
3
3
10
2
2
2
15
2
13
13
9
13
10
5
7
2
13
19
2
2
16
13
3
3
55
55
10
10
3
3
0
0
0
0
3
5
0
12
12
3
3
13
16
0
0
0
3
5
5
0
3
0
3
3
3
0
3
7
3
0
13
0
3
0
3
3
0
3
3
3
10
10
3
3
3
5
13
10
10
1
5
5
3
3
3
12
0
5
1
3
3
3
12
1
3
3
13
83
83
3
3
0
3
0
0
0
84
84
9
9
8
9
5
13
16
3
3
3
13
0
3
3
9
55
10
5
8
3
1
5
3
6
0
11
11
16
11
0
5
10
10
2
10
4
12
12
11
4
2
20
11
11
11
4
10
10
11
12
12
3
3
12
4
4
15
12
3
3
12
12
10
20
10
16
16
10
2
11
85
85
2
10
1
42
42
15
19
0
0
5
5
2
2
10
1
1
8
8
13
11
11
23
23
2
2
8
11
6
86
86
10
0
10
12
2
11
8
10
1
1
10
10
3
2
12
1
11
4
15
12
4
1
8
8
56
56
15
16
5
10
10
3
2
3
2
2
16
11
11
4
10
12
12
2
5
16
5
4
16
16
5
42
1
12
2
2
3
3
13
10
10
1
10
10
10
10
11
16
11
3
15
4
4
8
2
12
15
2
4
10
2
7
2
11
11
1
3
4
8
4
15
19
4
10
20
20
16
16
11
12
0
0
2
16
10
4
11
42
16
5
5
10
1
1
19
11
12
12
12
16
4
10
12
4
11
12
12
4
3
3
1
3
2
2
11
0
8
11
8
11
1
81
10
3
7
11
11
20
18
18
10
5
5
15
11
16
2
11
10
10
8
11
16
11
14
11
16
8
3
15
8
8
3
3
1
7
2
13
6
0
3
2
2
14
14
87
87
4
1
2
12
16
4
4
7
0
10
4
88
88
12
2
2
2
15
4
4
4
1
1
10
10
4
10
1
4
15
15
4
4
4
4
4
2
16
4
10
4
4
1
11
1
57
57
4
4
4
4
0
0
15
10
1
1
16
16
11
11
1
4
15
15
11
15
4
4
10
16
4
1
29
4
6
1
4
16
4
10
1
15
10
10
4
11
1
4
4
4
2
4
15
1
13
4
4
4
4
4
16
16
4
4
4
4
19
19
11
4
10
10
4
4
8
15
4
1
1
4
1
4
1
4
4
10
4
10
1
19
15
4
6
4
4
9
9
16
4
4
9
1
0
9
16
4
4
4
4
10
4
4
1
4
9
4
4
6
3
6
1
4
4
1
4
4
1
4
11
1
8
1
4
7
10
4
1
4
16
16
15
3
18
18
7
7
18
5
5
0
0
4
3
8
3
5
7
4
1
4
1
1
5
5
11
11
1
0
0
16
20
14
14
16
13
13
0
13
13
11
0
0
0
0
0
5
1
6
6
8
3
3
1
0
0
8
0
13
2
2
4
1
13
0
0
0
0
1
1
11
1
1
0
12
12
15
15
1
0
7
7
6
1
0
4
0
0
0
0
0
7
0
0
7
13
14
14
0
1
5
5
10
4
16
16
0
6
6
0
5
0
0
0
7
7
1
0
9
20
8
0
0
16
8
0
12
12
12
12
7
1
0
0
0
0
0
8
0
6
0
0
0
1
6
0
1
0
30
30
12
10
6
11
11
13
16
11
0
18
16
0
0
20
1
6
1
1
0
5
12
0
0
0
0
4
0
0
13
0
3
0
0
0
0
0
0
14
1
8
8
1
6
1
15
15
0
0
0
16
16
6
2
13
3
12
13
16
2
1
1
0
0
0
0
0
0
0
9
11
12
0
1
16
4
16
16
1
1
5
13
13
0
2
1
7
8
0
1
89
89
1
0
11
1
0
1
14
16
1
1
11
1
6
6
0
0
3
6
1
0
0
7
0
1
7
0
1
3
3
0
1
1
1
13
1
1
16
6
0
4
0
0
0
13
13
11
13
1
0
0
13
3
11
13
1
16
12
1
11
6
1
3
1
0
8
7
1
30
16
1
81
12
13
6
4
4
0
16
12
0
0
8
1
0
0
8
0
0
14
1
1
7
6
6
1
0
13
0
0
0
12
1
0
0
0
0
4
1
0
6
1
13
18
5
13
11
13
0
16
0
1
12
1
15
12
1
0
0
0
0
0
11
11
7
3
0
0
14
0
0
2
0
8
4
13
13
0
18
0
6
0
0
7
0
0
8
28
28
11
1
0
7
0
0
0
4
10
13
1
28
4
0
0
13
1
29
29
1
12
1
11
7
13
0
0
0
7
0
1
0
0
3
3
0
15
0
0
0
4
0
0
0
4
1
1
0
2
1
1
30
0
22
22
0
1
0
0
0
1
1
11
5
5
7
12
0
4
1
0
0
0
0
1
0
1
13
6
0
1
0
12
16
8
4
11
7
0
5
13
12
12
3
16
0
11
1
1
0
0
13
20
11
6
1
1
8
11
13
1
3
1
0
0
16
7
1
1
1
0
0
0
1
0
1
14
2
2
7
11
0
1
3
13
0
5
2
7
20
6
4
3
13
13
20
1
1
0
0
4
1
16
15
0
1
4
4
18
2
14
1
6
6
6
0
0
14
0
3
0
0
0
1
16
0
1
81
1
0
0
0
0
0
1
4
12
3
0
8
6
0
1
0
2
5
0
0
0
13
1
1
0
3
0
1
0
0
0
0
0
1
0
0
11
10
0
13
16
1
4
4
8
8
3
1
1
1
1
13
0
0
1
0
7
0
5
0
0
14
1
8
1
1
4
0
14
14
0
0
0
8
0
16
5
4
11
1
1
1
0
0
0
4
1
12
8
0
5
14
1
3
3
7
0
8
1
7
13
7
0
0
0
1
0
1
4
0
3
0
0
0
9
0
0
0
0
12
1
16
0
0
0
11
0
0
11
0
12
0
1
0
0
0
12
0
0
0
0
0
0
0
1
0
1
13
13
13
13
90
90
17
17
13
28
13
13
2
3
8
4
4
12
10
0
4
4
4
19
20
8
1
8
4
7
13
13
4
5
3
3
5
0
0
2
1
2
13
3
6
9
9
4
10
7
11
0
2
13
2
8
5
58
58
12
0
7
5
4
2
28
14
10
19
4
4
0
8
8
16
16
1
1
4
11
8
3
8
9
8
4
4
5
5
11
8
8
2
11
2
8
8
13
8
4
7
2
8
15
15
14
2
12
10
20
20
8
8
7
8
8
8
13
9
1
1
4
0
9
11
2
2
15
15
13
8
10
11
13
0
13
6
18
2
1
13
13
8
4
13
16
16
3
8
14
14
3
2
11
11
8
13
4
5
11
0
9
7
3
8
13
13
4
1
5
7
3
13
8
19
3
8
13
5
2
1
8
12
0
2
8
8
4
16
8
13
1
6
12
2
13
5
19
12
4
8
4
4
4
8
2
19
12
1
4
4
4
1
1
16
13
13
12
2
9
16
16
14
4
9
11
1
5
5
1
1
8
1
1
11
8
58
5
4
4
11
5
8
6
2
7
7
0
4
12
3
11
11
7
10
8
7
7
4
11
7
4
4
11
12
1
4
1
1
10
2
9
1
0
2
4
13
3
4
3
0
2
8
13
3
56
11
0
1
4
14
1
11
8
7
13
2
1
3
5
3
13
20
8
8
11
4
8
12
12
3
3
3
8
3
4
0
4
11
9
3
2
7
8
3
13
8
13
13
6
3
4
4
4
0
11
9
11
1
7
1
1
1
8
4
4
11
3
6
5
3
11
4
2
2
8
8
0
8
0
10
10
14
20
20
43
43
1
1
18
4
3
3
7
11
2
7
7
11
4
1
1
0
4
4
0
2
2
3
14
4
4
2
18
7
0
18
20
2
4
12
0
7
7
20
20
18
13
7
15
15
4
8
8
3
2
2
0
1
10
91
91
16
3
20
1
5
8
7
4
2
18
3
7
8
8
20
2
9
9
23
23
16
13
3
2
8
14
14
8
2
1
18
2
7
1
4
8
6
1
3
13
4
23
7
2
2
13
7
16
16
2
3
11
43
1
16
6
7
0
4
1
3
1
3
0
3
4
2
14
18
12
16
2
18
0
1
13
20
11
1
9
3
10
4
7
6
4
5
20
11
1
19
19
11
1
4
18
10
1
20
10
0
10
8
4
3
7
7
92
92
1
7
3
11
7
3
11
2
18
0
0
1
11
1
0
8
2
0
10
10
3
3
1
7
2
3
2
5
93
93
7
7
16
2
2
8
2
4
2
19
0
2
9
4
2
9
0
0
0
1
4
3
23
5
5
4
4
2
8
2
10
3
16
1
4
1
0
4
11
3
16
11
7
2
3
11
1
7
0
1
2
1
0
1
18
18
4
2
0
1
7
9
9
7
4
1
15
3
11
2
11
4
4
20
20
0
0
0
23
23
4
1
0
7
13
13
2
1
11
18
4
16
1
94
94
3
6
7
8
7
27
27
4
3
9
20
8
7
8
2
5
4
20
7
12
18
16
7
7
7
5
10
20
5
17
17
13
11
95
95
20
11
2
1
59
59
2
2
20
0
15
8
7
2
1
6
19
6
18
4
1
6
13
7
3
3
7
16
2
12
2
1
1
12
7
2
1
4
0
3
7
1
2
7
14
4
3
13
8
9
1
2
5
5
16
16
18
8
23
23
2
18
12
12
2
1
4
6
7
5
7
1
2
20
2
4
1
1
1
2
7
18
1
10
3
9
7
2
2
2
0
15
4
7
1
15
4
18
0
1
2
3
7
2
18
2
16
2
1
8
2
3
3
13
1
6
2
20
20
0
11
3
2
2
2
2
0
2
1
9
3
5
6
6
13
4
10
6
4
7
10
43
2
6
4
5
7
7
10
1
20
7
5
1
2
1
2
18
3
13
1
7
2
5
1
2
10
11
2
2
8
3
5
19
19
3
2
1
7
3
7
6
2
16
16
18
10
7
5
0
57
18
18
4
2
3
1
4
2
3
4
2
1
7
4
1
7
5
0
1
15
4
7
1
7
3
0
20
8
1
13
3
7
3
7
2
12
12
2
3
1
3
14
15
1
3
6
8
0
14
8
3
20
0
5
3
3
2
3
1
12
3
5
17
3
3
8
3
7
7
1
15
15
20
15
15
15
16
20
14
3
3
3
2
3
20
1
1
3
17
19
1
15
1
15
6
0
9
19
8
7
19
3
1
4
10
1
6
10
2
7
3
3
14
2
3
3
3
1
8
3
1
3
3
1
7
2
2
3
96
96
8
2
15
15
1
15
1
14
11
3
6
15
15
6
3
8
14
16
5
1
4
8
13
13
8
97
97
5
0
3
98
98
3
5
5
18
7
7
1
20
20
6
1
1
1
59
22
22
7
11
20
18
7
20
3
18
18
8
13
4
8
3
7
7
7
14
1
17
17
13
18
4
3
19
1
1
1
2
3
3
13
4
4
10
7
2
3
6
0
4
18
17
17
7
0
2
1
18
18
2
4
20
8
8
15
15
6
7
6
6
14
7
5
5
8
1
12
12
4
0
4
4
4
0
12
14
14
20
1
1
2
8
1
10
10
7
4
7
1
30
10
20
2
8
5
5
6
5
20
4
18
7
7
8
10
2
2
10
5
13
13
13
7
10
3
5
1
10
0
1
3
13
11
6
7
99
99
0
11
7
7
4
4
1
6
7
1
15
5
3
7
2
3
14
17
14
3
11
17
13
5
15
15
11
44
44
44
4
7
1
19
8
5
8
4
4
12
12
13
7
1
6
13
13
2
14
5
19
6
3
5
5
5
6
7
3
14
7
12
3
18
0
11
0
11
2
8
6
3
13
8
11
2
4
3
7
8
7
7
7
6
6
36
36
4
0
0
11
1
5
11
7
6
12
5
5
7
7
10
14
3
5
0
18
1
1
17
11
4
22
2
20
2
30
2
3
8
1
1
2
19
20
2
6
19
100
100
13
14
1
3
22
10
5
5
13
9
9
7
7
1
3
2
18
8
14
3
14
0
14
13
18
15
20
5
13
19
5
10
4
11
19
13
6
11
0
0
17
22
20
2
18
7
3
2
6
3
3
4
22
8
0
4
4
9
9
1
6
6
8
1
8
1
5
6
3
4
2
7
14
14
17
17
5
3
17
1
1
6
5
7
8
6
4
4
5
1
1
16
5
8
4
1
7
14
1
2
0
5
9
4
4
1
7
5
9
9
2
0
1
27
1
5
11
11
3
3
5
6
17
17
11
1
10
5
1
5
4
8
11
6
6
4
5
22
13
13
7
0
0
4
0
14
1
4
4
4
3
7
7
2
11
7
8
6
17
1
1
1
2
1
6
2
2
6
2
4
6
3
17
6
5
5
5
1
1
2
2
2
5
14
6
3
3
14
14
4
20
8
5
5
0
2
9
5
5
10
5
1
1
7
17
17
2
4
5
5
3
3
8
4
11
3
3
2
8
13
3
0
1
4
13
5
5
4
35
35
16
35
6
101
101
17
6
11
4
4
4
3
1
4
5
13
10
0
14
11
1
17
4
2
3
3
17
3
3
10
10
4
5
4
6
2
2
4
4
1
0
4
4
2
3
2
8
2
0
60
60
4
9
13
4
4
4
2
3
1
1
3
8
3
2
17
4
1
1
0
16
11
5
4
2
3
4
3
7
9
7
9
5
5
1
5
5
3
7
3
3
1
35
5
1
8
5
5
1
0
17
6
5
4
9
3
2
19
0
3
11
5
7
1
5
1
20
9
1
1
11
17
4
9
5
18
5
6
3
31
31
5
2
5
8
3
3
3
4
1
5
4
7
4
7
1
7
14
0
3
6
9
6
4
17
6
7
14
13
6
17
2
1
5
1
0
1
3
4
5
7
11
3
10
2
3
17
4
1
3
2
6
5
5
1
1
1
11
6
0
0
6
4
60
5
6
0
6
2
9
13
0
0
10
10
0
0
1
2
7
1
10
10
1
11
7
0
0
3
3
0
102
102
8
3
1
0
0
5
2
3
11
1
1
1
1
3
0
6
8
11
1
1
1
3
1
1
4
5
1
0
0
0
0
1
3
3
1
1
7
10
9
1
3
1
1
14
7
19
1
3
10
0
8
9
0
19
0
1
1
13
10
10
1
0
5
1
0
11
3
7
7
0
7
1
1
14
7
3
1
7
1
14
10
17
4
7
1
8
7
10
10
0
0
11
1
1
19
0
1
0
1
1
7
1
1
1
0
1
7
4
14
3
8
11
7
3
3
2
10
0
0
0
15
1
1
1
1
8
3
2
16
5
1
2
5
1
7
5
13
7
1
10
11
1
12
0
5
1
9
9
22
22
14
0
3
7
7
1
16
4
7
0
0
3
3
0
16
16
1
1
7
1
8
7
13
7
12
1
12
0
5
0
7
1
8
0
1
0
1
3
0
3
0
0
13
13
7
7
7
3
5
12
1
0
10
1
13
4
5
1
1
17
2
10
3
5
15
15
1
9
5
5
1
1
8
9
9
1
3
1
3
3
17
5
5
1
13
7
5
12
12
5
1
7
4
4
1
2
45
45
17
5
3
0
17
17
5
0
5
1
5
1
5
5
5
7
20
2
2
5
2
2
12
5
7
8
18
18
0
0
9
9
5
5
1
4
7
1
4
1
1
3
4
0
15
19
0
5
12
3
5
1
7
1
5
9
7
10
3
3
3
0
1
7
3
1
1
9
1
1
3
3
1
1
1
1
3
12
0
3
9
4
5
12
8
1
8
10
4
18
7
9
0
0
5
2
5
15
3
9
1
5
1
17
0
5
7
12
3
7
3
1
5
5
6
19
19
5
5
1
3
5
9
9
3
45
3
9
12
2
1
18
19
0
9
10
5
1
8
1
2
4
1
1
2
7
5
1
17
1
13
1
45
1
1
5
8
15
2
6
18
17
0
7
4
1
18
4
1
7
1
5
1
18
17
1
15
1
5
5
17
103
103
1
10
0
19
9
5
1
10
0
8
1
1
0
2
2
8
12
37
37
37
5
1
10
5
21
21
1
21
21
5
5
14
5
1
5
1
1
11
3
8
20
1
6
11
0
46
46
0
1
2
8
8
1
1
10
7
3
0
1
0
61
61
15
15
7
3
7
7
7
2
3
10
11
9
9
13
2
7
4
7
0
2
6
5
1
21
21
4
4
4
13
14
14
1
1
1
7
14
0
6
7
5
1
10
10
1
12
4
1
1
12
9
1
5
4
11
4
2
8
6
6
1
4
13
1
2
12
7
1
2
3
2
1
5
2
2
2
2
21
8
6
1
0
2
104
104
19
19
1
1
1
5
3
5
6
1
11
1
1
6
19
1
2
1
1
5
5
21
62
62
6
2
2
2
1
6
5
5
17
0
0
7
8
0
21
13
4
21
2
8
7
1
8
1
2
7
7
1
5
4
4
3
9
10
1
2
2
1
4
3
1
8
2
46
46
5
5
7
2
2
4
105
105
9
2
9
2
2
2
2
2
36
36
1
14
1
4
4
3
8
8
4
1
9
2
4
1
3
7
2
12
3
25
25
2
4
3
19
2
2
17
1
3
21
4
7
0
13
2
4
1
3
19
13
16
2
3
9
9
21
7
4
3
2
2
2
1
3
1
1
1
1
4
4
2
2
1
0
1
1
21
1
0
7
4
12
12
5
36
13
7
1
1
2
0
2
7
4
17
17
1
1
10
10
5
2
2
3
6
21
7
7
6
11
17
2
2
2
3
1
6
4
5
1
14
12
5
2
7
2
5
2
1
14
14
4
1
9
2
2
7
5
8
61
6
4
5
11
6
1
1
2
1
7
8
3
1
4
12
1
2
4
17
13
0
2
6
17
2
6
6
3
6
7
1
2
3
7
2
6
6
5
17
4
1
7
11
2
2
6
5
6
2
1
1
6
19
0
21
2
11
1
7
2
6
14
7
63
63
63
6
3
2
10
2
7
6
14
12
2
2
2
2
6
14
21
2
2
2
2
2
2
7
3
4
2
2
21
2
2
2
8
11
1
8
1
2
106
106
7
2
2
2
2
2
2
2
6
1
6
21
7
8
2
1
17
2
1
2
5
7
1
5
15
17
2
11
2
12
2
2
2
2
6
8
7
1
107
107
2
1
4
12
2
2
1
12
3
1
6
0
6
18
12
12
6
6
6
19
5
1
7
17
5
0
5
0
8
3
3
12
17
17
14
7
0
2
2
4
19
9
9
0
25
25
18
0
5
9
17
5
12
0
8
0
17
1
7
11
6
16
1
8
5
5
6
6
2
2
5
5
6
0
7
6
2
3
3
5
6
6
1
6
1
6
0
0
4
6
0
6
6
6
4
8
17
6
108
108
2
0
16
16
1
1
17
17
0
5
0
5
4
6
6
1
4
0
13
17
17
2
2
9
0
13
5
6
7
8
8
0
3
7
8
5
0
5
2
1
1
18
18
0
2
6
3
5
5
9
5
17
5
17
3
1
4
1
15
6
6
4
1
4
2
4
1
17
9
9
6
4
7
2
5
17
9
6
8
5
0
6
5
1
19
7
19
20
20
19
25
6
6
3
6
6
0
6
6
0
6
5
1
5
5
4
1
6
6
5
0
4
1
5
17
5
8
12
0
5
19
6
7
2
2
9
5
9
9
1
6
2
2
25
6
6
2
19
6
5
2
2
2
1
2
9
1
6
2
2
12
5
6
5
13
13
5
1
0
1
5
2
19
9
2
0
1
4
5
19
6
2
0
6
5
3
1
5
1
2
1
0
17
0
0
14
6
6
6
11
6
0
0
2
5
4
1
6
6
0
0
0
6
6
6
18
1
0
1
14
11
2
3
109
109
17
0
17
1
1
13
0
0
0
6
0
1
5
0
2
5
0
2
2
9
4
0
0
19
2
2
6
6
9
1
8
9
4
0
6
6
2
1
5
4
4
2
9
0
0
6
2
2
0
6
1
10
2
14
2
14
2
11
6
6
0
9
6
6
1
0
2
2
14
2
0
6
6
110
110
6
4
1
2
0
3
5
6
6
20
1
1
0
0
5
0
4
2
2
12
2
0
1
3
0
3
0
0
0
1
0
5
0
9
18
3
3
3
15
11
4
0
5
9
19
11
2
2
1
1
1
11
9
0
0
0
0
0
0
20
3
0
3
0
0
0
1
3
0
0
9
3
9
3
0
3
3
1
0
8
0
5
1
1
3
2
0
0
0
18
5
3
0
16
16
3
47
47
1
1
3
2
5
1
1
1
18
1
4
0
13
1
18
5
13
13
8
3
9
9
18
5
4
2
0
0
3
9
2
4
5
5
8
18
9
0
0
3
0
19
0
10
18
0
14
14
3
2
0
0
0
1
18
2
18
0
0
0
8
0
0
5
18
0
13
9
4
1
3
3
0
0
8
0
18
18
0
10
10
3
1
18
0
15
16
3
4
1
1
0
0
47
18
0
7
0
0
0
3
0
6
11
0
11
1
4
0
0
0
0
0
15
0
4
0
9
0
0
2
0
28
28
0
3
11
11
11
0
0
0
11
0
9
3
0
111
111
0
14
9
0
0
1
18
2
5
2
14
0
16
0
16
16
0
3
0
0
3
5
5
0
1
0
0
0
4
0
8
0
1
3
12
18
18
18
3
1
5
9
5
15
0
11
112
112
0
0
7
0
0
3
1
34
34
10
2
1
3
2
18
14
5
0
8
3
0
0
5
27
15
5
5
4
2
0
2
1
6
6
0
15
12
10
2
2
10
2
4
1
1
17
17
1
2
5
6
0
14
14
6
6
5
3
2
14
1
21
21
21
10
3
3
9
9
0
0
6
12
12
14
14
1
9
0
4
4
2
2
2
17
2
0
2
14
0
15
15
0
0
4
14
1
2
1
3
3
2
15
5
3
0
13
13
5
19
1
15
5
1
5
6
18
0
0
48
48
0
15
1
0
2
10
17
5
0
18
0
2
0
9
16
5
2
0
2
1
5
6
3
6
12
6
0
0
0
11
0
23
2
5
2
1
0
17
5
0
2
0
5
13
2
6
6
1
6
1
2
3
7
0
2
6
6
1
0
2
2
6
2
26
26
17
18
0
8
2
0
6
5
6
0
1
0
6
0
0
8
18
18
6
0
9
0
1
18
7
12
9
9
0
0
17
9
2
0
0
5
0
7
10
10
48
6
6
6
0
11
15
6
3
2
5
6
14
6
6
6
12
0
6
6
6
6
14
6
21
2
5
1
1
5
2
3
3
6
1
17
4
3
6
17
8
26
5
14
17
17
6
12
12
1
1
0
3
7
10
17
0
2
3
7
19
6
0
10
0
2
6
0
6
0
0
2
11
15
1
2
8
2
1
8
1
2
3
17
0
0
6
18
9
10
2
2
0
19
1
0
15
15
5
38
38
15
0
2
12
38
5
38
0
10
2
1
15
2
15
2
14
14
2
1
5
26
12
3
0
0
2
12
7
0
0
13
15
15
8
6
6
4
10
1
5
4
12
6
6
10
3
1
1
2
8
10
0
2
6
3
21
0
4
0
0
0
9
16
14
2
0
15
4
14
19
5
0
0
0
0
0
0
10
14
7
9
2
9
0
3
6
3
0
2
0
0
12
12
12
0
0
6
20
15
10
1
0
5
6
0
1
62
6
1
2
0
6
0
8
0
5
2
10
3
0
14
4
0
2
6
0
15
9
2
7
0
0
4
2
17
5
9
0
15
8
0
2
48
11
0
2
0
38
1
6
0
10
1
0
2
17
20
19
6
6
6
0
18
113
113
0
6
6
15
6
6
6
6
18
5
11
1
6
5
6
18
0
2
6
3
15
0
8
6
14
2
0
2
1
17
0
2
0
2
25
25
1
0
14
14
0
4
3
0
6
6
26
6
2
0
6
0
11
0
0
5
0
0
0
5
4
2
0
0
1
1
5
0
1
1
4
7
7
5
2
0
5
6
8
8
0
2
6
0
2
1
2
8
5
3
1
19
2
0
2
5
0
14
2
8
11
0
1
3
0
0
14
0
4
0
15
2
2
10
2
15
2
4
2
15
15
15
2
0
0
4
1
7
4
0
5
6
1
2
0
0
2
3
0
3
2
1
0
0
0
16
0
3
17
17
3
3
1
2
7
2
2
17
4
2
2
17
0
17
2
2
6
12
12
0
2
2
49
49
2
4
0
0
0
0
1
2
2
2
1
7
0
5
0
2
2
2
24
24
2
0
5
4
4
9
5
0
2
2
2
2
1
1
2
4
64
64
0
2
0
2
1
0
5
1
0
5
18
18
9
0
0
17
17
0
4
2
17
18
5
15
2
7
1
0
15
3
3
1
4
17
18
2
6
2
2
0
2
6
0
9
1
0
0
4
10
10
0
0
2
5
1
5
15
0
5
14
9
2
3
3
114
114
19
0
2
5
3
7
0
2
0
0
2
7
4
2
4
0
0
1
5
5
0
0
2
2
17
17
2
2
0
5
4
4
12
12
9
1
0
0
8
26
5
5
0
15
16
0
1
2
2
0
11
20
20
6
1
2
15
2
4
0
2
5
7
2
2
2
4
17
21
0
0
3
2
0
65
65
3
3
2
2
2
20
0
5
2
2
3
0
0
13
0
0
0
0
3
9
14
14
3
2
2
5
5
0
0
6
14
14
8
3
2
4
5
2
1
2
0
0
1
1
0
18
18
0
4
5
15
3
4
16
2
1
2
2
2
2
9
0
10
6
3
6
2
0
1
4
0
5
4
0
2
3
3
10
3
12
2
2
0
2
2
0
115
115
2
0
5
4
27
27
2
2
1
9
9
10
10
4
15
2
2
2
10
2
0
3
5
5
9
9
0
2
16
20
20
5
16
10
14
9
9
4
5
1
1
4
16
5
0
16
17
4
2
8
3
0
2
2
14
14
0
0
9
9
8
8
8
0
4
6
0
0
0
14
11
5
18
2
2
14
14
7
3
3
2
41
41
9
2
12
12
2
0
0
1
16
2
0
9
9
9
3
21
1
8
2
16
16
0
0
2
0
6
5
0
0
2
2
17
4
9
116
116
2
15
2
0
1
2
7
0
0
2
5
49
9
0
9
9
10
0
7
3
2
9
17
117
117
0
7
15
15
9
9
9
2
19
15
2
2
2
1
9
0
3
2
9
2
2
0
18
35
1
4
6
17
2
0
8
14
0
5
1
2
2
4
9
5
0
1
2
14
1
2
5
2
2
12
2
6
5
1
2
0
12
2
3
2
9
6
2
2
5
1
0
0
0
14
2
14
16
3
0
0
4
2
2
6
2
0
4
14
5
5
0
2
18
18
14
14
0
0
6
2
0
6
4
0
13
66
66
118
118
0
1
5
1
6
8
2
1
17
9
3
4
14
1
2
1
1
3
5
0
8
50
50
119
119
0
120
120
2
9
3
1
0
22
20
9
0
2
2
3
1
2
2
34
2
50
2
2
0
50
4
2
5
5
5
9
9
1
1
1
5
5
5
5
18
2
41
2
1
16
11
20
5
5
13
11
2
9
5
0
0
5
15
2
2
18
8
2
11
11
1
12
5
0
7
1
8
67
67
19
5
2
0
0
5
2
1
7
2
2
1
0
1
0
4
4
5
0
121
121
0
15
2
0
2
6
15
16
15
11
3
7
5
3
12
20
2
2
1
49
3
3
2
3
0
2
2
6
2
17
5
17
15
0
0
16
8
39
39
18
18
15
2
2
14
122
122
2
1
2
12
12
1
2
10
7
15
14
18
3
16
16
8
6
14
0
11
3
9
16
2
2
1
8
11
10
1
13
19
5
2
4
14
0
3
10
1
5
9
18
14
12
3
3
2
5
12
2
12
2
12
16
3
5
4
0
2
4
15
8
1
4
5
16
2
17
1
3
18
1
14
0
0
0
2
123
123
2
8
8
2
2
8
20
8
4
4
9
17
1
2
6
4
0
0
2
1
4
1
2
6
8
5
2
15
2
0
0
17
15
124
124
0
5
17
19
2
11
0
2
2
4
20
1
6
2
2
16
9
7
1
17
7
10
21
5
0
9
8
8
14
5
14
0
12
9
1
1
16
18
7
7
5
0
4
4
0
5
10
9
19
5
1
1
1
12
8
9
4
12
3
41
41
19
2
1
5
1
9
17
16
9
14
20
0
9
47
9
2
1
65
9
14
10
14
3
15
3
14
0
0
5
2
2
3
3
2
9
2
2
2
1
5
5
5
5
3
3
9
1
3
3
68
68
17
1
0
5
0
6
18
18
2
17
2
1
1
5
9
16
21
6
0
1
18
7
9
69
69
13
7
3
2
6
20
2
27
0
4
2
5
3
3
8
1
6
3
6
2
5
11
6
16
9
1
1
5
4
9
3
16
20
9
12
18
17
3
3
20
1
10
40
40
1
17
9
3
3
0
11
0
14
1
10
5
12
3
9
14
34
1
2
2
1
11
3
2
66
4
0
7
12
0
0
1
21
4
3
3
0
1
2
9
6
19
8
9
9
18
1
10
1
18
1
0
2
3
0
2
9
9
1
20
1
0
7
0
3
17
10
2
5
2
2
0
4
13
6
1
6
51
51
2
7
2
125
125
126
126
4
3
14
0
15
2
10
10
10
3
5
9
64
0
2
0
10
127
127
128
128
1
0
2
3
10
5
17
2
2
6
3
129
129
68
15
130
130
3
3
16
15
2
2
9
14
7
4
19
19
3
2
9
17
6
4
3
1
14
14
15
14
70
70
10
4
11
3
2
12
8
5
15
10
131
131
16
17
132
132
10
2
9
11
0
0
4
14
2
14
5
5
3
5
17
2
2
6
6
11
5
5
19
4
2
5
2
3
0
0
17
3
5
69
70
8
1
7
2
18
51
8
2
12
7
6
19
12
2
2
12
6
11
3
4
11
21
15
7
10
6
13
13
8
1
9
16
6
6
5
13
2
1
16
13
0
7
22
2
8
5
3
11
4
2
2
3
8
8
9
4
4
5
5
71
71
15
14
14
11
10
10
6
17
6
0
9
4
5
5
8
8
2
18
7
72
72
7
2
14
15
15
3
19
9
10
10
19
2
12
1
0
2
2
0
12
9
9
15
13
2
2
133
133
12
12
4
4
5
5
5
2
12
22
10
10
2
15
27
5
6
9
9
19
19
2
71
2
2
15
9
19
4
9
9
7
7
134
134
135
135
2
7
0
18
9
9
7
4
5
17
3
5
9
2
136
136
8
5
9
3
14
2
4
4
8
6
4
16
6
6
13
2
9
10
8
2
0
0
1
14
6
6
4
4
6
2
12
12
2
9
2
8
73
73
9
0
15
18
14
14
3
15
13
11
4
9
3
5
137
137
5
5
74
74
9
10
8
2
0
10
14
0
14
11
3
3
14
14
2
14
17
8
16
6
12
18
1
12
9
9
15
1
19
12
19
19
0
4
10
9
13
1
1
0
14
0
13
3
2
0
19
6
3
2
3
9
20
15
6
19
2
6
8
2
1
7
4
13
7
1
67
3
3
9
1
4
9
0
8
17
1
19
0
6
2
9
9
39
2
1
17
17
9
9
19
2
1
3
9
72
9
9
13
9
11
10
6
0
18
14
4
3
2
6
5
138
138
1
5
13
3
2
2
3
0
15
15
9
8
6
9
9
13
52
52
2
4
9
6
1
1
1
3
14
10
1
6
2
3
3
1
2
139
139
6
6
1
10
140
140
4
2
5
8
9
3
19
6
9
39
9
24
2
3
16
8
5
6
14
4
11
2
3
7
0
39
3
8
5
0
18
141
141
6
0
18
13
19
3
19
75
75
0
3
75
15
21
4
8
3
1
16
12
76
76
15
12
2
24
8
19
5
3
5
2
4
73
5
142
142
8
19
7
4
5
143
143
5
76
4
17
1
19
4
10
1
2
2
4
18
15
0
15
2
2
3
2
144
144
3
9
2
2
9
9
4
19
2
145
145
32
32
7
14
14
14
13
3
19
9
33
33
19
4
53
53
5
12
146
146
0
19
19
34
10
51
5
9
77
77
0
3
4
1
8
15
17
18
0
2
2
3
8
2
12
26
19
14
26
3
147
147
2
2
148
148
8
149
149
14
3
0
18
150
150
32
32
32
6
2
17
8
0
0
1
0
14
0
4
1
14
0
5
3
2
40
6
10
9
2
14
0
2
2
8
5
10
10
16
13
6
40
9
1
151
151
1
32
40
11
19
19
53
4
10
3
19
17
19
19
3
10
14
0
2
12
8
8
5
9
31
12
12
8
12
7
10
10
10
8
1
3
53
9
4
17
12
52
19
24
16
78
78
24
77
19
19
3
16
12
1
22
22
9
1
9
10
8
152
152
0
5
9
6
2
12
2
0
1
12
31
1
2
6
12
1
0
13
4
33
33
153
153
2
9
37
37
1
1
1
9
0
8
33
2
1
4
4
19
9
9
0
6
6
0
15
1
9
9
52
0
15
154
154
6
10
78
10
8
9
0
0
12
12
1
5
18
9
9
5
155
155
5
3
2
8
2
15
0
10
1
2
1
8
0
0
44
12
5
5
5
2
31
5
8
13
12
3
12
24
24
2
33
54
54
1
29
156
156
9
8
14
79
79
13
8
3
3
0
9
3
8
18
2
2
15
5
1
17
9
9
9
12
157
157
10
10
5
0
10
13
158
158
0
0
159
159
12
0
9
18
17
9
1
2
19
16
16
16
3
79
3
0
0
0
10
80
80
12
12
160
160
10
7
161
161
3
7
0
2
16
7
3
162
162
18
10
3
8
2
0
0
5
12
0
80
16
31
163
163
2
164
164
2
10
0
0
16
2
5
54
7
3
15
1
165
165
3
1
0
0
74
3
9
9
1
10
10
0
2
12
9
8
14
10
0
0
16
4
8
14
3
18
12
6
5
1
4
0
1
0
17
9
29
9
14
5
6
172
172
169
169
19
19
0
9
11
13
18
15
171
171
6
17
5
15
1
10
0
4
18
2
18
9
170
170
5
166
166
18
1
6
17
2
12
10
9
4
16
34
168
168
4
0
54
2
4
24
7
8
167
167
3
