76
76
12
12
14
14
14
14
19
19
8
8
10
2
7
7
7
12
29
29
7
7
7
8
8
14
7
7
7
15
1
12
12
9
12
14
0
6
7
12
19
7
7
7
10
10
10
52
52
14
14
7
7
19
19
19
19
10
4
0
22
22
7
7
9
7
19
19
0
10
15
4
19
7
19
7
7
10
19
10
6
10
19
12
19
7
4
7
7
0
10
10
7
14
14
10
7
7
4
12
14
14
11
10
4
10
10
10
22
19
15
3
7
10
10
7
0
10
10
12
77
77
10
7
19
10
19
0
19
78
78
9
9
20
9
15
9
2
10
10
10
9
19
7
7
9
52
14
15
20
7
11
15
7
10
19
13
13
7
13
0
16
2
2
7
2
2
7
7
13
2
2
13
13
3
3
2
2
12
13
7
7
7
7
7
2
2
15
7
10
10
21
21
2
13
2
7
7
2
1
13
79
79
7
12
11
41
41
15
21
10
10
16
16
1
1
2
6
6
11
11
12
13
13
25
25
9
9
11
13
5
80
80
2
10
12
7
7
13
11
12
3
3
12
14
7
7
7
11
3
2
15
21
2
11
18
18
53
53
15
7
16
12
12
6
1
10
7
7
7
13
13
2
2
7
7
7
4
7
16
6
7
7
16
41
6
21
5
7
7
7
12
2
12
6
14
14
14
2
3
7
13
11
15
2
2
6
5
7
15
1
2
2
1
6
1
6
13
11
7
13
18
3
15
8
2
14
13
13
7
7
13
7
0
0
7
7
2
2
13
41
7
4
4
2
4
4
8
13
22
22
7
7
2
2
7
2
13
7
7
2
7
7
11
7
7
7
13
0
11
13
11
3
6
6
2
8
1
3
13
13
17
17
2
4
4
15
13
7
7
13
14
14
18
13
7
3
9
3
7
18
10
15
18
18
8
7
4
1
7
12
18
0
10
6
6
9
9
81
81
2
11
7
22
7
2
2
1
0
12
2
82
82
21
7
7
6
15
2
2
2
3
11
2
2
2
2
11
2
15
15
2
2
2
2
2
9
7
2
14
2
2
3
13
11
54
54
2
2
2
2
0
19
15
2
11
11
7
7
13
13
11
2
15
15
13
15
2
2
2
7
2
11
29
2
5
11
2
7
2
2
11
15
2
2
3
13
11
2
2
2
9
2
15
3
12
2
2
2
2
2
2
2
2
2
2
2
21
21
13
9
14
14
2
2
6
15
2
11
11
2
11
2
3
2
2
2
2
2
11
21
15
2
11
2
2
9
9
7
2
2
9
12
6
9
7
2
2
2
2
2
2
2
11
2
9
2
13
5
8
5
11
2
2
11
2
2
11
2
13
11
18
11
2
1
2
2
18
2
2
7
15
10
17
17
1
1
17
20
20
19
19
20
10
11
10
4
1
2
3
2
3
3
4
4
13
13
0
3
0
7
13
16
16
7
12
12
0
12
12
13
3
0
0
0
0
4
6
11
11
11
20
20
13
0
0
18
0
12
1
1
2
3
12
0
0
0
0
3
3
13
9
9
0
22
22
15
15
11
0
6
1
5
4
0
10
0
0
0
0
0
6
0
0
6
12
9
9
0
6
4
4
14
2
7
7
0
5
5
0
0
0
0
0
6
6
3
0
9
13
10
0
0
7
18
0
7
7
7
7
6
11
0
11
0
0
0
6
0
5
0
0
0
8
5
0
3
0
30
30
7
2
5
13
13
12
7
13
0
17
7
0
0
0
3
2
3
3
0
4
7
0
6
0
0
2
0
0
12
0
10
0
0
0
0
0
0
9
11
6
6
11
11
11
15
15
0
0
0
7
7
2
1
12
20
7
12
7
1
3
3
4
18
0
11
0
0
0
9
0
7
0
3
7
18
7
7
3
11
6
12
12
4
1
8
6
6
4
3
83
83
3
0
13
3
0
3
16
7
3
3
13
3
5
5
0
0
10
5
3
0
0
6
0
3
6
0
11
20
20
0
11
11
3
12
11
3
3
5
0
2
0
0
0
12
12
13
12
3
0
0
12
6
13
12
11
7
22
3
13
6
19
8
3
19
18
1
3
30
7
3
6
22
12
3
2
2
0
7
22
4
0
11
3
0
0
20
0
0
16
3
3
6
2
3
11
0
12
0
0
0
7
3
0
0
0
0
13
3
0
5
3
12
17
7
12
13
12
0
7
0
3
7
3
15
7
3
0
0
0
0
3
6
13
6
10
4
0
9
0
3
1
0
6
2
12
12
0
0
0
5
0
0
1
0
0
18
28
28
13
11
0
6
0
19
0
2
14
12
3
28
3
3
0
12
3
29
29
11
22
3
13
6
12
11
0
0
6
0
11
0
0
7
7
0
15
0
0
0
2
0
0
0
13
3
3
0
1
3
3
30
0
23
23
0
3
0
0
0
3
11
13
4
0
6
22
0
13
3
0
0
0
0
3
0
3
12
5
0
3
0
7
7
6
2
13
6
0
4
12
22
7
10
7
0
13
11
3
0
0
12
13
13
3
3
11
6
6
12
3
10
6
0
0
7
6
3
22
3
0
0
0
6
0
11
9
7
7
1
13
0
3
10
12
0
4
1
1
13
5
3
7
12
12
13
11
3
0
4
2
6
7
15
4
3
2
3
17
7
9
11
11
2
2
0
6
16
0
5
0
3
0
12
7
0
3
6
3
0
0
0
0
0
11
3
7
10
0
13
11
0
3
0
1
4
0
0
0
12
3
3
0
10
0
11
0
0
0
0
0
11
0
0
13
14
0
12
7
3
2
2
11
11
20
3
11
6
6
12
0
0
3
0
1
0
4
0
0
9
11
20
13
3
3
0
9
9
0
0
0
11
0
7
4
2
13
4
3
3
11
0
0
2
3
7
11
0
4
16
4
10
10
1
0
10
6
6
12
3
0
0
0
3
0
11
2
0
10
0
0
0
9
0
0
0
0
22
4
7
0
0
0
13
0
0
13
0
7
0
3
0
0
0
7
0
0
0
0
0
0
0
4
0
3
12
12
12
12
84
84
6
6
12
28
12
12
5
10
6
3
3
7
2
11
3
3
3
2
24
6
0
6
2
1
12
12
2
0
19
19
4
18
0
1
3
1
12
10
5
9
9
2
2
1
13
0
1
12
5
6
4
55
55
7
0
10
4
3
1
28
9
2
2
2
2
18
6
20
7
7
6
11
3
13
6
10
6
9
6
2
6
7
4
0
20
6
1
13
1
10
6
12
10
1
6
1
20
15
15
9
1
7
2
24
24
19
13
6
6
20
20
12
9
12
5
3
0
9
13
1
1
15
15
12
11
2
13
12
0
12
5
17
1
11
12
12
20
3
10
7
7
10
10
9
9
10
1
13
13
6
12
6
7
13
11
9
6
10
20
12
12
2
8
4
1
10
12
6
1
10
6
12
7
9
3
20
22
0
1
6
6
6
2
6
12
3
5
7
1
12
4
21
22
6
13
3
3
3
6
1
21
7
3
3
3
3
11
3
7
12
12
7
1
9
2
2
9
2
9
13
8
16
7
3
3
2
11
11
13
20
55
4
2
0
13
7
20
3
1
1
1
0
3
7
7
13
13
10
2
6
10
1
2
13
1
3
13
13
7
6
6
6
3
2
9
9
3
0
1
6
12
10
3
10
0
1
6
12
8
53
13
0
13
2
9
11
13
20
1
12
1
9
10
7
3
12
24
18
18
13
3
6
22
22
1
10
10
2
10
3
0
3
13
9
7
9
1
2
10
12
6
12
12
5
10
2
2
2
0
13
14
13
3
6
11
3
3
20
18
3
13
10
0
4
3
13
2
1
9
18
6
0
6
0
14
14
9
12
12
42
42
3
11
17
6
10
10
6
13
1
1
1
13
6
4
4
0
2
6
0
1
1
6
9
2
2
1
17
3
0
17
13
5
3
22
0
1
6
13
13
17
12
1
15
15
6
18
18
10
1
1
10
3
14
85
85
7
10
13
3
4
6
6
6
5
17
8
6
6
6
13
1
9
9
25
25
7
12
10
1
18
6
6
11
1
3
17
1
1
3
3
18
5
3
10
12
3
25
1
1
5
12
6
7
7
1
10
13
42
18
7
5
6
0
6
3
7
3
10
19
6
6
1
9
17
22
7
1
0
19
3
12
0
13
7
9
10
2
2
6
5
3
4
0
13
11
21
21
13
3
3
17
14
3
13
14
19
14
0
2
10
1
1
86
86
6
6
10
13
6
8
13
1
17
0
0
11
13
3
0
10
1
11
14
14
10
10
3
6
1
8
1
4
87
87
6
6
7
1
1
18
1
2
5
21
0
1
9
3
1
9
19
19
0
3
2
6
25
4
4
2
2
1
18
1
14
10
7
8
6
3
0
2
13
7
7
13
1
1
10
13
3
1
11
3
1
3
0
3
17
0
3
1
0
10
6
9
9
1
2
3
15
6
13
5
13
2
2
24
24
0
19
19
25
25
2
11
4
1
12
12
1
3
13
17
2
7
3
88
88
10
5
6
6
1
6
6
13
10
9
24
6
1
20
1
4
2
0
6
22
17
7
6
6
1
4
14
24
4
14
14
12
13
89
89
8
13
1
3
56
56
1
1
12
0
15
6
1
5
3
3
21
5
17
6
3
5
6
6
10
10
6
7
1
7
1
8
3
7
1
6
3
2
4
10
6
3
1
6
6
2
8
3
6
9
8
9
4
4
7
7
17
9
25
25
1
17
2
2
5
6
13
5
6
4
1
3
1
0
5
2
11
3
3
5
6
17
3
14
6
9
6
1
5
1
9
15
3
1
3
15
6
17
0
3
1
10
1
1
0
5
7
5
3
18
1
8
8
12
3
5
1
24
24
0
6
10
5
1
1
1
0
5
3
9
10
4
5
5
12
3
14
2
2
1
14
42
2
2
3
4
1
10
2
3
12
1
4
3
1
22
1
17
10
12
3
1
1
4
11
1
14
13
1
1
20
6
4
19
19
7
1
3
6
10
6
5
5
7
7
17
14
1
2
19
54
0
17
2
5
10
3
3
1
10
2
1
6
1
3
3
1
4
0
11
15
3
6
3
1
10
10
0
8
11
12
7
6
10
6
5
7
7
1
10
11
10
9
15
11
10
5
10
0
9
6
10
0
0
4
10
10
1
10
6
7
10
4
6
20
10
20
10
6
6
3
15
15
0
15
15
15
7
24
9
10
10
10
1
10
0
3
11
10
6
21
6
15
3
15
5
3
9
8
10
6
21
10
11
2
14
3
5
14
5
6
10
10
9
5
10
10
10
3
6
10
11
10
10
3
6
1
1
10
90
90
20
1
15
15
3
15
20
9
13
10
5
15
15
5
10
6
9
7
4
3
6
6
12
12
20
91
91
16
0
10
92
92
10
4
4
17
1
1
3
19
19
5
13
3
3
56
23
23
10
13
19
17
1
13
10
17
17
11
12
2
20
10
10
1
1
16
3
14
14
12
17
2
10
8
8
3
3
1
7
10
12
2
2
2
1
1
7
5
11
2
17
9
9
11
19
1
3
17
17
1
2
24
6
18
15
15
5
10
5
5
16
6
4
16
20
3
7
7
2
19
2
2
2
0
7
16
16
0
3
3
1
18
18
14
14
1
1
1
3
30
2
19
2
20
16
16
5
16
13
13
17
1
1
6
14
1
1
14
16
12
12
12
1
14
7
4
3
14
0
10
10
12
13
5
1
93
93
16
13
1
1
2
2
3
5
1
8
15
4
10
1
1
7
16
9
16
5
1
14
12
16
15
15
13
9
9
9
2
1
6
8
20
4
18
2
2
7
7
12
1
3
5
12
12
1
16
16
19
5
10
4
4
4
5
6
10
16
10
7
10
17
19
13
0
13
1
6
5
10
12
20
5
1
13
10
1
6
1
1
1
5
5
36
36
3
16
16
13
11
4
13
1
5
7
4
4
1
1
2
16
10
4
10
17
3
11
6
13
2
23
1
13
5
30
5
10
20
3
3
1
19
0
5
7
21
94
94
12
16
11
1
23
14
16
16
12
9
9
1
1
3
10
1
13
20
16
10
16
0
16
12
17
15
0
4
12
8
4
14
6
13
8
12
11
13
19
19
14
23
0
1
17
1
7
1
11
7
7
2
23
6
4
2
2
9
9
8
5
2
6
6
18
6
4
5
8
2
1
6
16
16
14
14
4
10
6
11
3
5
4
1
20
2
2
2
4
18
11
7
4
18
2
6
6
9
3
1
0
4
9
2
2
4
1
4
9
9
13
0
3
6
11
4
13
13
10
10
4
5
6
6
6
6
14
4
3
4
2
20
13
11
5
2
4
23
12
12
6
11
11
2
0
16
6
2
2
2
7
1
6
1
13
6
20
5
6
11
11
11
1
11
2
1
1
5
1
2
2
10
14
5
4
4
4
6
11
1
1
1
4
9
2
10
10
16
16
3
24
18
4
4
0
7
9
4
4
14
4
11
11
6
14
14
7
2
4
4
8
8
10
2
13
8
8
1
18
12
7
11
11
2
12
4
4
2
35
35
7
35
5
95
95
14
5
13
2
2
2
10
3
2
4
12
14
0
9
13
3
14
2
8
8
8
14
10
10
12
12
2
4
2
5
5
9
2
4
8
0
2
2
1
10
5
6
1
0
57
57
2
9
12
2
2
2
5
8
8
3
8
6
10
1
6
18
3
3
11
7
13
4
2
5
10
2
10
6
9
1
9
4
4
3
4
4
10
6
8
8
3
35
4
8
20
4
4
8
0
6
2
4
2
9
10
5
19
11
10
13
4
1
8
4
11
24
9
11
6
13
14
2
9
4
17
4
5
10
31
31
15
5
4
6
8
8
10
2
11
4
6
6
2
10
3
6
16
0
8
5
9
5
18
6
5
6
16
12
5
14
1
3
4
3
0
3
10
2
4
1
13
10
2
1
10
14
2
3
10
1
5
4
4
8
11
3
13
5
11
11
2
2
57
4
5
0
5
1
9
12
0
0
14
14
0
0
11
1
6
11
12
12
8
13
6
0
0
8
8
0
96
96
20
8
4
0
0
8
1
10
13
3
18
18
8
10
0
3
20
13
3
3
3
7
3
8
6
8
3
0
0
0
0
3
8
10
8
11
6
12
8
3
8
8
8
16
1
21
8
10
12
0
18
14
0
19
0
3
8
12
12
12
8
3
4
8
0
13
8
6
6
0
1
11
3
9
6
8
3
6
3
9
12
6
2
6
11
18
6
12
14
0
0
13
8
3
21
0
3
0
3
3
6
4
8
8
0
8
6
2
9
10
10
13
6
10
10
1
12
0
0
0
15
3
3
3
3
11
8
1
7
4
11
1
4
11
6
4
12
1
3
12
13
3
7
0
4
3
9
9
23
23
9
0
8
6
6
3
7
10
6
0
0
10
10
0
7
7
4
8
6
8
20
3
12
1
7
3
7
0
4
0
6
3
18
0
8
0
3
8
0
8
0
0
12
12
1
6
6
10
4
7
3
3
12
8
12
2
0
3
8
6
1
12
8
4
15
15
11
9
4
4
3
3
11
8
8
8
8
6
8
8
14
4
4
8
12
1
4
21
21
4
3
6
6
3
3
1
43
43
14
4
8
0
14
14
4
0
4
0
4
4
9
4
4
6
0
1
1
4
5
5
21
4
1
11
17
17
18
18
6
6
4
1
11
6
1
11
2
11
8
8
6
4
15
19
19
0
21
7
4
11
6
11
4
9
1
14
8
8
8
18
8
6
8
4
8
6
11
11
8
8
11
11
11
11
8
21
0
8
6
2
4
21
18
11
18
14
2
17
1
6
0
0
4
7
4
15
8
8
4
4
3
14
18
4
1
21
6
6
8
8
14
4
5
21
21
4
4
8
8
4
8
8
11
43
8
8
21
5
11
17
21
0
9
2
4
11
20
8
1
2
8
3
1
6
0
8
14
8
12
9
43
11
8
4
18
15
1
5
17
14
19
6
2
11
17
2
11
6
8
4
11
17
14
11
15
8
4
4
14
97
97
8
14
18
21
6
4
8
14
0
18
3
3
11
1
1
20
21
16
16
16
4
3
14
4
20
20
3
20
20
4
4
9
4
11
4
11
3
13
10
20
0
8
5
13
0
44
44
0
8
1
20
6
8
8
12
1
10
0
3
0
16
16
15
15
3
8
6
6
6
1
8
12
11
9
9
12
1
1
6
6
0
1
5
4
3
20
20
2
2
2
12
9
9
8
8
3
6
9
3
5
6
4
3
12
12
8
7
2
3
8
21
9
8
4
2
13
2
1
20
5
5
11
2
12
8
1
7
1
11
1
10
1
11
4
1
1
1
1
20
18
11
11
4
1
98
98
1
2
3
3
3
4
7
4
5
11
11
3
11
5
19
11
1
3
8
16
16
20
58
58
5
1
1
1
8
5
4
4
9
11
11
6
20
0
20
12
2
20
1
3
1
3
18
3
1
1
1
3
4
2
2
10
9
12
8
1
1
8
2
10
11
5
1
44
44
4
4
1
1
1
2
99
99
9
1
9
1
1
1
1
1
36
36
11
15
8
2
2
8
5
18
2
3
9
1
2
3
8
1
1
7
8
27
27
1
2
10
19
1
1
6
3
8
20
2
6
0
12
1
2
3
8
2
12
2
5
8
9
9
20
1
2
10
1
1
1
3
8
3
8
3
3
8
2
1
1
3
4
3
3
20
3
11
6
2
22
22
4
36
12
6
3
3
1
4
1
6
6
14
14
3
3
14
14
4
1
1
6
11
20
1
1
5
13
6
1
1
1
10
11
5
2
4
3
9
7
4
1
1
1
4
1
8
10
10
2
8
9
1
1
1
16
20
16
5
2
4
13
5
8
8
5
11
6
20
10
3
2
7
8
5
2
6
12
4
5
5
6
1
5
5
10
5
1
8
1
10
1
1
5
5
4
14
2
3
1
13
1
1
11
4
3
1
3
3
11
2
4
20
1
3
3
6
1
5
10
1
59
59
59
5
6
1
14
1
1
5
10
21
1
1
5
1
5
10
20
1
1
1
1
1
1
1
11
6
1
1
20
1
1
1
20
13
3
3
3
1
100
100
6
1
1
1
1
1
1
1
5
3
5
20
6
6
5
8
6
1
3
1
18
1
8
4
15
6
1
13
1
22
1
1
1
2
5
18
1
3
101
101
1
3
2
7
1
1
3
22
10
3
5
0
5
17
22
22
5
5
5
21
4
3
6
14
4
0
4
0
20
10
10
7
9
9
9
6
0
1
1
2
21
9
9
0
27
27
17
0
0
9
9
0
22
0
18
4
14
0
6
13
5
7
3
18
4
4
5
5
1
1
4
4
5
0
1
5
5
10
10
4
5
5
3
5
3
11
11
0
11
5
0
5
5
5
6
18
14
5
102
102
5
0
7
7
3
3
14
9
0
4
0
4
2
5
5
8
2
0
12
9
9
5
1
9
0
12
4
5
1
20
20
0
10
1
20
4
0
4
5
3
8
17
17
0
1
18
10
4
4
9
4
14
4
14
10
11
2
8
15
5
5
2
3
2
1
6
3
14
8
8
5
2
1
5
4
14
8
5
18
4
0
5
4
4
21
1
21
19
19
21
27
5
5
10
5
5
0
5
5
0
5
4
8
4
4
6
3
5
5
4
0
3
3
4
14
4
9
7
0
4
21
5
6
5
1
9
4
9
9
11
5
5
5
27
5
5
5
21
5
4
5
1
1
8
1
9
3
5
1
1
22
16
5
4
12
12
4
3
4
9
4
1
21
8
5
0
3
6
4
21
5
1
0
5
4
10
9
4
3
1
8
0
9
0
0
9
5
5
3
13
5
0
0
1
0
6
8
5
5
0
0
0
5
5
5
17
3
0
9
9
13
1
10
25
25
14
0
14
3
3
12
0
0
0
1
0
4
4
0
1
0
0
1
1
9
2
0
0
21
1
1
5
5
9
11
18
9
2
0
5
11
2
3
4
6
6
5
9
0
0
5
1
1
0
5
3
14
1
9
1
9
5
13
5
5
0
8
5
5
11
0
1
1
9
1
0
5
11
103
103
5
2
11
5
0
10
4
5
5
19
6
11
0
0
6
0
6
1
1
22
1
0
3
10
0
8
0
0
0
11
0
4
0
9
17
8
10
10
15
13
6
0
0
9
21
13
1
1
8
3
3
13
9
0
0
0
0
0
0
0
10
0
10
0
0
0
15
8
0
0
9
10
9
10
0
10
10
11
0
18
0
4
8
13
10
1
0
0
0
17
4
10
0
2
2
10
45
45
8
8
6
1
1
11
3
8
17
8
8
0
12
3
17
4
12
12
20
10
9
9
17
4
6
5
0
0
10
9
2
4
4
4
11
17
9
0
0
10
0
19
0
14
17
0
16
16
10
1
0
0
0
11
17
2
17
0
0
0
20
0
0
4
17
0
12
9
2
8
10
10
0
0
8
0
17
17
0
2
2
6
11
17
0
15
2
8
2
3
8
0
0
45
17
4
1
0
0
0
10
0
10
13
0
13
8
6
0
0
0
0
0
15
0
6
0
9
0
0
2
0
28
28
0
10
13
13
13
0
0
0
13
0
9
10
0
104
104
0
16
9
0
0
8
17
1
16
1
16
0
2
0
2
2
0
10
0
0
8
4
4
0
3
0
0
0
6
0
20
0
3
8
7
17
17
17
10
3
4
9
1
15
19
13
105
105
0
0
18
0
0
10
3
32
32
12
2
8
8
7
17
16
4
3
18
8
0
0
4
6
15
4
4
2
5
0
1
8
5
5
0
15
22
14
1
1
14
1
2
3
3
14
14
8
5
4
5
0
6
6
5
5
4
10
1
2
8
20
20
20
14
8
8
9
9
4
0
5
7
7
16
16
8
9
0
2
2
5
1
1
6
1
0
1
9
0
15
15
0
0
2
16
3
1
3
8
8
5
15
4
10
0
12
12
4
21
11
15
8
3
4
11
17
0
0
46
46
0
15
11
0
5
14
14
4
0
17
0
5
0
9
7
4
1
0
9
3
4
5
10
5
22
5
0
11
11
13
0
25
1
4
1
11
0
6
4
0
5
0
8
6
1
5
5
8
5
8
1
8
1
0
1
5
11
3
0
3
5
5
1
7
7
6
17
0
18
1
0
5
4
5
0
3
0
5
0
0
18
17
17
17
0
9
0
3
17
1
7
9
9
11
0
6
9
1
0
0
4
0
6
12
12
46
5
5
5
0
13
15
5
10
5
4
5
16
5
5
5
22
0
5
5
5
11
16
5
20
5
4
8
11
4
5
8
8
5
3
14
2
15
4
6
18
7
4
9
6
6
5
22
22
3
3
0
10
1
12
6
0
5
8
1
19
5
0
14
0
5
1
0
5
0
0
1
13
15
3
1
20
5
8
5
8
5
10
14
0
0
5
17
9
12
1
5
0
21
11
0
15
15
4
37
37
15
0
1
22
37
4
37
0
14
1
8
15
5
15
21
9
9
5
8
4
7
22
8
0
0
1
22
1
0
0
6
15
15
18
5
5
2
14
3
4
2
7
5
5
14
10
3
3
21
9
12
0
5
5
10
20
0
2
0
0
0
9
7
9
1
0
15
2
9
21
4
0
0
0
0
0
0
14
16
1
9
1
9
0
10
5
10
0
1
0
0
7
7
7
0
0
5
0
15
12
8
0
4
5
0
3
58
5
11
5
0
5
0
20
0
4
1
14
8
0
16
2
0
5
2
0
15
9
1
1
0
0
2
1
14
8
9
0
15
6
0
1
46
11
0
1
0
37
3
5
0
14
3
0
1
14
0
19
5
5
5
0
17
106
106
0
5
5
15
5
5
5
5
17
7
6
3
5
4
5
17
0
1
5
8
15
0
5
2
9
1
4
5
3
14
0
20
0
5
27
27
11
0
9
9
0
2
8
0
1
5
7
5
1
0
2
0
3
0
0
4
0
0
0
0
2
1
0
0
3
4
4
0
8
8
13
6
6
4
1
0
4
2
11
11
0
1
1
0
1
3
1
5
0
10
8
1
1
0
1
4
0
16
1
11
3
0
8
6
0
0
16
0
6
0
15
1
1
14
1
15
1
2
1
15
15
15
1
3
0
2
8
1
2
0
4
5
3
1
0
0
5
8
0
8
1
8
0
0
0
7
0
6
14
14
8
8
3
1
1
1
5
14
6
1
1
14
19
14
5
1
5
22
22
0
5
1
47
47
1
6
0
0
0
0
3
1
1
5
3
2
0
0
0
1
1
1
26
26
1
0
4
2
2
9
4
0
1
1
1
1
3
3
5
2
60
60
0
1
0
5
3
0
0
11
0
16
17
17
9
0
0
14
14
0
2
1
14
17
4
15
1
6
3
0
15
8
6
10
13
14
17
1
5
1
1
0
1
5
0
9
8
0
0
2
2
2
0
0
1
4
10
4
15
0
4
9
9
18
10
10
107
107
19
0
1
4
8
6
0
1
0
4
1
1
2
1
1
0
0
6
4
4
0
3
5
1
14
14
1
1
0
4
2
2
7
7
9
3
0
0
20
7
4
4
0
15
7
0
3
5
5
0
13
8
8
1
8
1
15
1
2
0
1
4
6
5
5
5
13
14
20
0
0
7
1
0
61
61
7
8
1
5
1
13
0
4
5
1
7
0
0
12
0
0
4
0
8
8
6
6
6
18
1
4
4
0
4
5
9
9
20
8
1
6
4
1
3
1
0
0
10
10
0
17
17
0
2
4
15
6
2
7
5
11
1
1
1
1
9
0
2
1
8
5
1
0
3
2
0
16
2
0
5
10
10
2
7
2
1
1
0
1
1
0
108
108
5
0
0
20
6
6
5
1
3
6
6
18
18
2
15
1
1
1
14
1
0
15
4
4
9
9
0
5
7
19
19
4
7
14
16
9
9
6
4
11
11
6
7
4
0
7
0
13
5
18
8
0
1
1
6
6
0
0
9
9
6
5
5
0
6
5
0
0
0
16
3
4
17
1
1
9
9
10
10
10
5
38
38
14
1
7
7
1
0
0
3
7
1
0
9
9
9
10
20
11
9
5
7
7
10
10
1
0
5
4
0
0
5
1
14
2
9
109
109
5
15
1
0
3
1
1
0
0
1
4
47
9
0
9
9
12
0
10
8
1
9
6
110
110
0
6
15
15
8
9
9
1
21
15
1
1
1
11
14
0
1
2
8
5
1
0
17
35
8
2
5
14
5
0
9
16
0
4
3
1
1
20
8
4
16
3
1
16
3
1
4
1
5
7
1
5
16
3
1
0
7
1
7
5
9
5
5
5
4
3
16
16
0
10
1
16
7
8
3
0
6
1
1
5
1
0
2
16
0
4
19
1
17
17
6
6
11
11
5
2
0
5
2
0
3
62
62
111
111
0
11
4
8
1
6
1
8
14
9
8
2
16
3
1
8
3
10
4
0
5
8
8
112
112
0
113
113
1
6
8
3
0
23
8
9
11
1
1
6
3
1
1
32
1
8
1
1
11
8
6
1
4
16
4
8
9
3
3
3
4
4
4
4
17
1
38
1
3
7
3
13
4
4
12
1
7
9
4
0
0
4
15
1
1
17
6
1
13
13
3
22
4
0
1
13
20
63
63
19
4
1
0
0
4
1
8
1
7
7
11
0
3
19
2
2
4
19
114
114
0
15
1
0
1
5
15
9
15
13
10
6
4
6
7
19
1
1
8
47
8
8
1
8
0
1
1
1
1
14
0
14
15
4
0
7
9
39
39
17
17
15
0
1
16
115
115
1
3
1
7
7
8
1
12
1
15
9
17
8
2
2
6
1
16
0
13
8
8
7
1
1
3
6
13
14
3
12
2
16
1
2
16
0
10
2
3
4
9
17
6
7
8
8
1
4
21
1
7
1
7
2
8
0
2
0
1
2
15
20
3
2
16
7
1
14
3
8
17
3
16
0
0
0
1
116
116
5
18
18
1
1
6
19
6
2
2
9
14
3
5
5
2
0
0
1
3
2
3
1
5
5
4
5
15
7
0
0
14
15
117
117
0
4
6
19
1
3
0
1
1
2
13
5
5
5
1
7
9
1
3
14
1
12
20
16
0
9
18
18
16
16
9
19
22
9
3
3
7
17
1
1
4
19
2
2
0
4
14
9
19
4
11
3
8
22
18
9
2
7
8
38
38
21
1
3
4
3
9
14
7
9
16
19
0
9
45
9
1
3
61
8
16
12
6
8
15
8
10
0
0
4
1
1
8
8
1
9
1
1
1
3
16
4
4
4
10
6
9
3
10
10
64
64
6
11
0
16
0
5
17
17
1
14
1
3
8
4
9
7
20
5
0
8
17
6
9
65
65
12
1
10
1
5
0
1
6
0
2
5
4
2
2
20
9
5
6
5
5
4
3
10
7
9
3
3
16
2
9
10
7
8
9
7
17
14
8
8
8
3
14
40
40
11
14
9
7
10
19
3
0
16
3
14
4
21
10
8
16
32
8
1
1
3
3
7
1
62
2
0
6
7
0
0
8
20
6
8
8
16
8
1
9
5
19
20
9
9
17
11
14
11
17
11
0
1
10
0
1
9
9
3
8
3
19
5
19
8
14
14
1
4
1
7
0
2
12
2
3
5
48
48
1
6
1
118
118
119
119
2
10
16
0
15
1
18
18
14
8
16
9
60
0
2
0
14
120
120
121
121
3
0
1
10
2
4
14
1
5
5
10
122
122
64
15
123
123
10
8
7
15
1
1
9
16
1
2
21
21
8
1
14
14
5
2
8
8
6
6
15
9
66
66
2
2
3
8
1
21
8
4
15
14
124
124
7
14
125
125
14
5
9
3
0
0
2
16
1
16
4
1
2
4
14
1
1
5
5
3
0
16
8
2
1
4
1
8
0
0
14
10
1
65
66
18
3
1
1
17
48
18
1
7
1
5
21
7
1
1
22
1
13
10
6
6
20
15
1
2
5
10
10
11
8
9
2
5
2
4
12
5
11
2
12
0
1
23
1
6
4
8
13
2
1
1
2
18
18
8
2
2
4
4
67
67
15
6
6
13
18
18
16
14
5
0
9
2
4
16
11
11
1
17
1
2
2
1
1
16
15
15
7
21
8
12
2
19
1
22
3
0
1
1
0
22
9
9
15
6
7
1
126
126
22
22
2
2
4
4
16
1
22
23
18
17
5
15
6
16
5
9
9
19
19
1
67
1
1
15
9
21
2
9
9
68
68
127
127
128
128
1
1
0
13
9
9
1
2
0
14
8
4
9
1
129
129
6
4
9
8
2
1
2
2
11
5
17
7
5
5
12
1
9
2
11
1
0
0
3
16
5
5
2
2
5
1
2
7
1
9
1
6
69
69
9
0
15
17
16
16
10
15
12
13
2
6
8
16
130
130
4
4
70
70
9
2
11
1
0
18
10
0
16
13
10
10
16
16
1
16
6
11
7
5
22
17
3
21
9
9
15
8
19
22
19
19
0
2
2
9
12
9
3
0
9
19
10
8
1
0
19
1
8
2
10
8
8
15
5
19
1
5
18
1
11
68
2
10
5
11
63
10
10
9
3
2
8
0
18
6
8
21
0
5
1
9
9
39
1
3
14
14
9
9
21
1
3
10
14
2
9
9
6
9
6
14
2
0
17
16
2
15
1
5
4
131
131
3
4
6
10
1
1
10
0
15
15
9
18
5
9
9
10
49
49
1
2
9
5
3
8
8
8
10
14
6
5
1
7
7
3
2
132
132
5
5
3
12
133
133
2
1
4
11
9
10
19
1
9
39
9
26
5
10
2
18
4
2
16
2
13
1
7
1
19
39
10
6
4
4
17
134
134
5
19
17
10
21
10
19
71
71
0
10
71
15
20
2
18
8
3
2
2
72
72
15
22
1
26
11
19
4
8
0
1
2
69
4
135
135
18
19
5
2
3
136
136
4
72
2
14
11
21
2
14
3
1
1
2
13
15
16
15
1
1
10
1
137
137
10
9
1
5
9
9
2
21
1
138
138
33
33
1
16
16
16
10
0
21
9
34
34
19
13
50
50
4
22
139
139
0
19
19
32
2
48
8
8
73
73
0
10
2
3
6
15
14
17
8
1
1
10
18
1
7
7
19
16
7
10
140
140
1
1
141
141
18
142
142
9
7
0
17
143
143
33
33
33
1
1
14
20
0
4
18
0
16
0
2
8
9
0
16
3
1
40
5
12
9
1
9
0
1
1
20
4
14
14
2
12
5
40
9
3
144
144
3
33
40
3
19
19
50
2
12
20
19
14
21
19
10
12
16
8
5
22
18
18
8
9
31
7
7
18
7
1
12
2
2
18
3
10
50
9
2
14
22
49
21
26
7
74
74
26
73
19
19
10
7
21
8
23
23
9
3
9
12
11
145
145
8
2
9
5
1
22
5
16
10
7
31
3
1
5
22
18
0
10
2
34
34
146
146
1
9
16
16
18
3
3
9
16
20
34
1
8
2
2
21
9
9
4
5
5
0
15
8
9
9
49
16
15
147
147
5
2
74
12
18
9
0
0
7
7
8
4
17
9
9
4
148
148
10
10
1
11
1
15
0
14
8
1
3
6
0
0
9
21
16
4
4
1
31
4
11
12
7
8
22
26
26
0
34
51
51
8
29
149
149
9
11
10
75
75
12
11
10
10
0
9
10
11
17
1
1
15
4
3
14
9
9
9
7
150
150
14
14
4
0
14
10
151
151
11
0
152
152
7
11
9
17
14
9
8
1
21
7
7
7
10
75
8
0
0
4
12
4
4
21
21
153
153
2
1
154
154
10
6
0
1
2
6
10
155
155
17
2
7
11
1
0
0
4
7
11
4
7
31
156
156
1
157
157
1
12
11
0
7
1
4
51
6
7
15
3
158
158
10
3
0
0
70
10
9
9
8
2
2
0
0
7
9
18
10
14
11
11
7
1
2
9
8
21
7
5
8
8
4
11
8
4
14
9
29
9
9
4
5
159
159
160
160
21
21
0
8
13
12
17
15
161
161
4
14
4
15
18
2
11
2
17
1
17
6
162
162
4
163
163
17
3
5
14
20
22
2
6
2
2
32
164
164
2
0
51
1
2
26
1
8
165
165
10
4
4
12
7
7
14
2
19
8
9
19
1
4
6
4
6
2
7
166
166
21
1
1
2
167
167
168
168
4
7
6
18
14
21
6
6
13
169
169
5
170
170
171
171
13
6
172
172
173
173
