48
48
13
13
13
13
30
30
31
31
26
26
14
14
0
0
0
13
38
38
0
0
0
26
26
30
0
0
0
0
0
32
32
31
13
30
13
32
0
32
31
0
0
0
14
8
8
39
39
17
17
3
3
9
9
9
9
8
40
40
41
41
3
3
11
11
9
9
9
8
19
19
9
3
9
3
3
8
9
8
3
8
9
11
9
3
9
3
3
9
8
8
3
2
2
8
3
3
40
11
17
17
8
33
33
8
8
8
41
9
19
3
3
8
33
3
3
8
8
11
49
49
8
3
9
8
9
9
9
50
50
11
11
3
11
19
11
11
8
8
8
11
9
3
3
11
39
2
19
8
3
8
19
3
33
9
5
5
0
4
4
3
6
6
0
2
2
12
12
4
34
34
5
5
27
27
6
6
6
4
42
42
18
18
12
7
7
2
42
43
43
20
20
2
5
2
10
10
6
20
5
51
51
0
2
5
35
35
15
15
36
36
21
21
0
10
6
23
23
5
5
13
4
4
52
52
16
16
5
4
0
53
53
6
36
2
0
0
4
5
2
4
4
2
2
3
0
0
18
4
14
15
20
7
5
22
22
54
54
15
10
21
2
2
3
16
36
0
0
0
0
4
7
2
2
12
0
0
0
21
10
0
10
21
35
23
20
16
0
18
3
13
2
2
23
17
3
3
6
27
10
4
3
0
5
14
5
4
0
15
0
2
2
16
10
16
3
4
5
3
4
22
4
15
0
34
2
5
5
10
10
4
12
55
55
0
10
2
34
5
35
24
56
56
6
44
44
0
5
12
12
0
10
14
6
12
7
0
8
8
7
3
0
5
3
0
0
5
5
5
5
4
27
23
23
2
0
0
27
4
5
57
57
6
58
58
0
4
10
0
4
2
6
18
4
0
4
7
4
10
22
43
15
22
22
18
3
44
0
0
17
4
5
18
45
45
59
59
60
60
14
5
0
12
10
14
14
12
21
2
15
61
61
20
0
0
45
15
1
1
1
1
1
2
2
7
2
1
1
29
29
1
6
6
7
7
16
10
1
17
6
6
1
4
5
62
62
7
7
1
1
4
9
29
2
5
1
24
24
37
37
5
7
25
25
37
25
7
7
2
24
1
5
38
6
2
5
7
24
6
2
1
25
2
2
4
5
1
6
2
7
16
7
25
5
4
7
1
1
1
6
47
47
1
7
7
7
46
46
4
6
63
63
7
7
7
25
6
1
1
1
1
6
1
1
2
2
2
2
1
46
29
1
1
6
7
28
28
24
1
7
28
4
4
28
10
7
6
1
1
2
1
1
1
7
28
6
1
1
26
1
1
6
6
1
1
7
1
6
37
1
4
5
7
4
2
6
1
1
47
10
29
