18
18
5
5
5
5
7
7
8
8
9
9
13
13
3
3
3
5
19
19
3
3
3
9
9
7
3
3
3
3
3
10
10
8
5
7
5
10
3
10
8
3
3
3
13
0
0
14
14
11
11
1
1
2
2
2
2
0
15
15
16
16
1
1
4
4
2
2
2
0
6
6
2
1
2
1
1
0
2
0
1
0
2
4
2
1
2
1
1
2
0
0
1
17
17
0
1
1
15
4
11
11
0
12
12
0
0
0
16
2
6
1
1
0
12
1
1
0
0
4
20
20
0
1
2
0
2
2
2
21
21
4
4
1
4
6
4
4
0
0
0
4
2
1
1
4
14
17
6
0
1
0
6
1
12
2
