91
91
12
12
12
12
13
13
37
37
5
5
2
2
11
11
11
12
46
46
11
11
11
5
5
13
11
11
11
17
11
12
12
37
12
13
3
0
11
12
37
11
11
11
2
5
5
68
68
15
15
18
18
1
1
1
1
5
14
14
20
20
18
18
15
15
1
1
1
5
3
3
1
18
1
18
18
5
1
5
0
5
1
15
1
18
1
18
18
1
5
5
18
13
13
5
18
18
14
15
15
15
5
14
14
5
5
5
20
1
3
7
0
5
14
20
2
5
5
15
92
92
5
18
1
5
1
1
1
93
93
15
15
5
15
3
15
15
5
5
5
15
1
18
18
15
68
13
3
5
18
2
3
18
8
1
6
2
11
4
5
18
13
13
11
13
9
20
20
4
9
9
6
6
50
50
13
13
13
4
8
8
7
18
20
9
9
13
8
5
5
19
19
13
6
13
8
8
13
19
6
94
94
11
13
2
53
53
19
19
4
4
14
14
11
8
13
10
10
26
26
12
4
4
27
27
23
23
26
4
11
95
95
13
4
13
11
11
4
26
13
4
4
13
13
0
11
11
5
4
2
19
19
9
2
38
38
69
69
19
8
14
13
13
8
23
5
11
11
11
11
8
9
13
11
20
11
11
11
14
8
11
8
14
53
10
19
23
11
7
18
12
13
13
10
15
13
13
13
50
8
4
5
11
9
13
10
0
11
19
0
13
13
0
8
0
0
4
2
18
4
38
4
19
19
9
13
6
6
8
8
4
20
96
96
11
8
13
9
6
53
11
10
10
13
70
70
11
8
20
20
11
8
2
13
20
9
11
5
5
9
18
11
2
18
11
11
6
6
26
6
26
50
10
10
13
11
11
50
4
6
16
16
13
3
3
11
4
8
11
2
13
13
7
4
11
4
14
4
8
38
5
19
38
38
7
18
70
11
11
15
4
6
7
0
0
21
21
97
97
2
2
11
20
8
2
2
20
14
13
19
98
98
19
11
11
0
19
2
2
2
2
2
13
13
9
13
2
0
17
17
2
9
9
9
9
23
8
9
15
9
9
2
4
2
71
71
9
9
2
8
15
1
17
13
2
2
11
11
6
6
2
9
17
17
6
17
9
9
13
11
8
2
46
9
0
2
14
11
9
13
2
17
13
13
4
2
2
9
13
9
23
9
17
2
15
9
2
2
2
9
30
30
4
9
9
9
19
19
4
9
15
15
9
9
10
17
9
2
2
2
2
9
2
2
13
13
13
13
2
19
17
9
2
9
9
15
15
11
2
9
15
4
1
15
8
9
9
2
2
13
2
2
2
9
15
9
2
2
5
2
2
9
9
2
2
9
2
9
6
2
4
2
9
0
13
9
2
4
30
8
17
5
25
25
0
0
25
54
54
1
1
54
12
26
5
54
0
9
8
6
7
10
3
3
4
4
4
1
1
8
6
22
22
0
12
12
1
15
15
2
8
1
1
1
1
0
10
8
8
26
5
5
4
16
1
1
1
12
0
0
9
7
4
1
1
1
1
1
4
6
15
15
1
20
20
17
17
4
4
0
0
2
1
1
7
1
1
1
1
1
0
10
1
0
12
21
21
1
10
10
10
13
13
11
11
1
2
2
4
1
1
1
1
0
0
4
1
1
4
7
1
1
11
33
1
20
20
11
11
0
8
1
1
1
1
1
10
1
8
1
1
1
3
8
1
4
1
39
39
11
13
10
4
4
15
11
4
1
16
11
1
1
4
7
8
6
1
1
5
11
1
0
1
1
7
1
1
15
1
5
1
1
16
1
1
4
21
4
10
10
4
8
2
17
17
1
1
1
11
11
8
0
15
5
11
12
7
17
4
4
7
7
1
8
1
1
1
15
4
11
1
8
8
4
11
11
4
2
10
15
12
7
0
3
0
0
7
8
99
99
1
16
4
4
10
7
22
11
7
4
17
10
55
55
1
1
3
8
0
1
16
0
1
8
0
16
1
5
5
1
8
4
12
12
2
8
7
8
1
8
1
1
1
15
12
8
12
7
1
1
12
5
8
12
4
11
20
4
8
8
1
8
4
1
1
0
8
39
8
15
10
20
12
8
9
13
1
8
20
1
1
1
8
1
1
28
1
1
22
6
8
4
8
8
8
1
12
1
1
1
11
4
1
1
1
4
4
7
4
8
4
12
14
14
15
8
12
1
11
1
6
11
8
17
11
7
1
1
1
1
1
4
4
1
8
7
1
14
4
1
0
4
10
4
12
12
4
4
1
2
1
1
0
1
1
10
56
56
4
2
8
0
16
1
1
9
13
12
8
1
4
4
1
15
8
46
46
4
20
8
4
0
15
1
1
1
0
16
8
1
1
18
18
1
13
1
1
1
9
1
1
1
4
6
4
1
4
7
8
39
1
100
100
1
7
1
1
1
4
1
4
3
1
8
20
1
4
7
1
1
1
1
8
1
7
15
2
1
4
11
11
11
10
4
6
0
1
3
12
20
11
7
11
1
1
2
4
10
1
15
4
4
8
4
8
10
0
12
8
5
10
1
1
11
4
8
8
12
1
1
1
2
1
4
21
72
72
0
4
1
4
7
15
1
17
0
5
0
2
4
18
15
12
6
7
4
1
7
9
10
11
17
7
4
13
4
14
72
21
4
2
8
8
1
8
22
1
2
1
8
1
12
11
8
8
10
6
1
1
16
4
1
8
4
11
18
8
0
2
1
1
1
0
16
1
10
16
15
8
16
1
5
1
2
1
1
16
1
1
2
1
16
8
13
10
15
8
4
73
73
40
40
5
6
2
10
10
15
1
1
8
16
0
1
1
1
1
14
2
5
4
15
4
1
21
21
1
1
1
0
16
8
0
10
4
1
8
15
8
1
1
13
8
11
40
1
7
22
1
12
12
5
1
7
10
0
12
8
1
1
1
4
1
26
9
1
16
1
16
1
1
1
1
1
1
20
1
11
1
1
1
6
1
1
4
1
11
1
7
16
16
1
11
16
1
1
1
1
1
1
7
1
7
15
16
16
15
101
101
21
21
15
56
15
12
12
12
10
4
4
19
13
1
4
4
4
9
20
10
4
10
10
5
12
12
9
3
7
7
10
33
33
1
12
4
12
15
55
23
23
4
13
5
6
1
1
12
4
10
10
74
74
11
1
7
3
4
12
56
14
13
9
9
9
33
10
4
11
11
10
8
4
6
10
5
10
37
10
10
10
14
14
4
7
10
0
6
12
5
10
12
7
0
0
0
5
19
19
14
6
11
13
20
20
1
0
0
10
28
28
12
23
12
10
4
1
37
3
0
0
17
17
3
12
9
2
12
33
15
2
6
19
2
12
12
28
4
12
11
11
5
7
21
21
5
0
6
6
10
12
9
14
6
1
10
0
5
28
12
12
19
5
10
3
5
12
10
9
7
10
15
14
23
12
5
20
14
0
10
10
10
30
10
12
4
10
19
0
12
10
19
20
9
0
4
4
4
10
19
19
11
4
4
4
4
2
10
0
12
12
0
0
23
30
30
21
2
23
6
3
14
14
8
8
9
2
2
6
28
74
14
19
4
4
14
28
2
0
0
0
7
4
19
4
6
2
7
13
10
7
0
19
6
5
4
0
6
11
10
10
10
10
13
23
15
7
1
0
10
12
12
4
5
10
0
10
12
5
69
6
1
6
9
21
2
6
5
0
12
1
9
5
14
8
12
20
33
33
6
4
10
20
20
5
5
5
10
5
4
4
4
6
23
18
23
5
10
5
4
0
12
12
0
5
9
18
19
1
6
17
6
12
0
4
12
7
28
7
4
6
5
1
10
8
6
9
0
23
8
10
33
10
16
13
13
14
12
12
57
57
4
4
16
0
5
5
0
4
0
0
0
4
0
3
3
4
4
0
1
0
0
0
14
36
36
0
16
4
1
16
6
23
4
20
1
0
0
6
6
16
12
10
17
17
6
7
7
12
0
0
15
4
13
102
102
8
5
6
16
7
0
0
0
0
16
5
0
0
0
6
0
15
15
27
27
4
12
7
5
7
41
41
0
0
4
16
3
0
7
4
7
0
2
5
12
4
27
0
0
23
12
0
8
8
0
5
4
57
12
11
2
0
1
0
7
8
8
8
1
5
0
0
14
16
20
0
0
16
1
2
12
6
6
8
15
15
13
9
0
0
4
3
12
6
1
19
19
6
4
4
16
13
4
6
13
1
13
16
8
5
0
0
103
103
10
0
6
6
0
18
6
0
16
16
16
8
17
0
4
7
6
6
13
13
6
12
16
0
0
18
0
3
104
104
58
58
8
0
0
7
0
8
0
19
16
0
0
4
0
15
105
105
1
7
9
0
27
14
14
75
75
0
7
4
13
5
11
12
6
6
1
36
6
8
8
8
0
0
12
4
16
0
2
4
0
0
16
2
16
16
4
0
16
7
0
106
106
2
9
4
17
10
6
0
4
4
4
20
20
16
1
1
27
27
9
4
1
0
15
12
4
12
4
16
36
8
7
107
107
6
2
0
5
6
108
108
4
6
10
20
10
0
5
0
3
36
4
0
20
6
8
0
0
0
0
13
20
0
42
42
12
4
109
109
6
6
0
4
76
76
4
0
12
16
17
10
6
0
4
8
19
5
16
6
12
0
0
0
5
0
0
8
0
20
0
4
4
20
6
0
4
36
4
5
0
4
0
0
41
73
5
6
10
23
3
23
14
14
8
11
16
23
27
27
0
16
110
110
23
10
4
2
0
3
0
5
0
4
0
75
4
16
5
4
0
4
7
13
0
15
0
0
0
0
10
17
4
0
7
17
10
16
1
6
4
5
0
0
16
0
8
0
3
5
9
18
18
15
8
0
4
20
20
16
5
5
0
0
0
0
1
0
3
15
5
14
0
2
15
4
13
8
7
0
13
57
0
8
4
14
0
6
13
4
12
9
14
2
0
8
0
4
12
6
8
0
4
3
4
0
13
6
0
20
5
5
1
3
3
8
23
2
58
5
0
2
0
8
3
16
13
0
3
1
71
16
16
4
6
5
5
4
3
5
4
0
6
0
4
3
0
14
1
8
17
4
58
4
0
6
6
7
7
6
4
18
0
12
6
7
11
11
6
6
6
12
21
17
2
6
8
7
6
21
10
12
4
6
3
6
8
5
12
10
11
5
14
21
5
5
7
6
0
0
4
17
17
7
17
17
17
11
20
21
5
5
12
12
6
7
7
2
6
10
19
10
17
4
17
6
4
21
19
7
0
19
12
6
7
13
6
2
13
7
0
12
6
21
0
5
6
5
4
10
6
8
6
6
7
0
111
111
12
112
112
28
6
17
17
7
17
5
21
6
6
2
17
17
2
12
9
21
11
14
6
6
0
12
12
5
113
113
14
14
5
114
114
7
3
3
16
0
0
8
8
8
2
6
7
7
76
31
31
5
2
8
16
5
0
6
16
16
0
12
5
5
5
5
5
0
22
7
11
11
6
16
9
5
19
19
8
8
0
0
5
12
47
47
13
0
0
5
2
1
9
16
29
29
0
1
0
8
25
25
0
9
20
10
0
17
17
2
5
2
2
22
0
3
14
5
16
20
20
9
1
9
9
9
1
20
22
22
4
4
4
8
0
0
13
13
0
0
3
8
39
13
8
0
28
14
14
2
14
8
4
16
0
0
10
13
0
0
13
14
15
15
12
0
13
18
7
0
13
7
7
5
15
2
2
0
115
115
0
2
0
0
47
47
4
2
0
3
17
3
7
0
0
5
22
29
22
0
0
11
15
14
17
17
6
23
23
23
9
0
10
19
5
7
0
9
9
20
20
12
0
7
2
12
15
0
22
14
3
0
12
14
14
14
55
0
5
22
5
20
5
16
1
4
1
4
0
10
2
5
12
5
2
0
9
5
0
0
6
0
0
0
2
48
48
4
22
22
6
4
3
6
0
0
20
7
3
0
0
13
22
7
1
1
16
7
4
21
2
9
31
0
6
2
39
0
5
5
7
7
5
3
4
0
11
12
116
116
12
22
16
0
31
13
14
14
15
15
15
0
3
15
5
6
6
5
22
5
22
0
22
12
16
17
4
14
15
19
7
13
0
2
19
6
2
2
1
1
11
31
4
6
16
0
0
0
8
11
11
47
31
10
7
9
9
15
15
3
8
8
0
10
10
10
14
2
18
8
0
0
59
59
11
11
3
6
0
8
6
2
10
14
5
8
9
2
14
2
0
11
3
7
3
10
0
21
2
0
1
14
15
9
9
14
0
14
77
77
2
1
2
10
2
7
6
6
7
7
7
2
21
21
0
10
17
7
2
14
14
7
6
2
2
13
14
31
15
15
0
1
1
9
10
59
10
8
2
2
18
0
0
0
2
0
28
2
21
2
2
8
6
7
8
0
0
8
0
8
8
6
11
2
14
14
14
10
2
2
2
0
7
21
8
7
7
60
60
4
20
10
14
14
1
11
15
14
14
17
14
117
117
0
17
17
11
14
14
14
9
9
7
9
0
18
18
0
7
4
8
1
2
2
12
14
7
9
61
61
11
61
2
118
118
17
8
8
9
9
3
6
2
9
14
12
13
1
21
2
2
11
9
11
5
18
17
7
7
119
119
2
0
2
2
8
23
9
9
3
16
9
9
0
12
0
10
18
1
78
78
9
15
6
9
9
9
6
18
3
3
18
10
8
0
21
2
2
2
1
6
2
7
2
6
5
2
5
0
15
9
15
14
14
2
14
3
6
0
5
5
3
61
14
3
14
14
14
4
1
21
8
14
9
15
5
0
10
1
7
6
14
0
3
7
2
20
15
2
10
2
17
9
15
7
6
14
2
5
120
120
3
2
7
10
18
18
7
8
2
14
10
0
9
0
2
0
60
1
5
0
15
8
2
21
3
0
60
15
2
17
0
7
5
2
1
4
5
9
3
0
6
6
13
0
8
17
2
4
6
0
4
3
14
7
2
2
2
8
1
1
8
9
78
14
8
8
0
0
77
4
62
62
13
13
1
62
16
16
0
16
18
18
3
6
0
7
1
18
18
1
121
121
5
5
3
1
1
3
40
5
6
7
2
9
3
5
5
2
5
4
0
0
3
18
5
3
5
3
16
1
1
1
1
4
5
5
3
16
0
18
18
6
18
3
3
22
6
17
3
7
18
4
16
17
7
1
1
3
7
0
18
18
3
8
14
3
1
6
18
10
0
1
0
16
7
21
0
18
6
5
3
21
15
21
7
0
16
6
0
18
13
1
1
6
7
3
17
1
3
3
4
3
0
3
7
3
1
3
0
7
21
7
7
6
0
5
7
0
18
1
1
1
17
3
3
3
16
26
5
16
8
3
16
0
3
12
0
7
12
6
7
18
6
2
11
1
3
3
15
15
31
31
21
1
5
0
21
4
8
7
0
62
3
7
7
1
8
8
3
3
0
3
5
0
15
3
11
3
11
1
7
1
0
3
8
2
3
3
3
18
1
18
1
3
12
3
3
0
0
5
3
11
3
3
18
3
12
9
3
3
3
21
16
18
18
3
17
17
2
18
3
3
3
3
26
18
18
3
5
16
5
5
11
14
14
3
15
14
14
19
19
14
3
10
10
4
3
0
63
63
11
3
5
3
11
11
3
3
14
3
3
3
32
3
3
21
3
0
0
3
23
23
19
1
3
26
35
35
1
1
43
43
3
10
4
10
10
4
3
2
3
3
10
3
17
10
1
3
19
18
3
2
0
2
10
18
14
15
5
5
5
1
5
21
5
3
5
43
4
2
5
3
2
2
2
2
5
19
3
5
43
2
3
19
2
8
1
15
9
35
10
43
122
122
3
11
10
14
5
18
3
3
3
11
2
17
14
19
17
21
18
3
3
3
2
19
19
14
3
3
5
3
18
18
5
63
18
18
19
23
2
35
19
7
0
13
3
2
9
3
3
13
3
2
18
0
3
3
11
3
16
32
63
2
3
10
10
17
4
2
35
17
1
0
3
2
35
13
2
10
3
10
12
35
11
8
17
3
14
14
11
123
123
3
13
1
19
43
3
3
15
10
1
3
2
2
0
0
7
19
79
79
79
7
3
13
14
24
24
4
24
24
14
3
21
14
4
14
2
3
4
5
5
4
3
2
2
1
64
64
3
3
0
7
0
3
3
13
0
3
4
4
1
22
22
19
19
3
3
0
0
0
0
11
13
9
15
15
12
0
0
9
0
1
0
0
3
4
24
24
9
9
9
12
32
32
7
3
4
0
32
7
2
0
7
3
13
13
3
11
2
4
3
19
15
3
7
2
2
2
0
7
2
2
4
2
12
3
0
11
11
4
0
3
0
8
3
0
0
0
0
24
7
8
2
7
0
124
124
0
22
4
4
4
9
18
7
2
3
9
4
4
2
7
4
0
4
3
80
80
24
81
81
0
0
0
0
4
5
14
14
29
82
82
0
5
3
24
12
9
24
0
10
0
3
7
2
0
0
3
4
14
6
2
5
15
12
3
2
0
3
0
5
2
0
0
64
64
14
3
0
0
0
9
125
125
0
0
15
0
0
0
0
0
48
48
4
59
4
83
83
18
7
7
9
3
15
0
2
4
18
5
0
11
11
34
34
0
0
5
3
12
0
21
4
3
24
9
0
7
12
0
2
4
3
22
12
30
0
0
15
15
24
0
9
5
0
0
0
3
3
7
3
3
4
4
2
0
0
4
7
3
3
24
3
82
0
2
0
0
3
48
12
0
4
4
0
3
0
0
7
13
13
3
3
13
13
3
0
0
8
8
24
0
0
0
6
21
0
0
0
6
8
2
9
14
3
21
11
14
0
0
9
14
0
3
2
2
9
3
15
0
0
0
80
5
22
2
9
14
2
0
3
3
0
2
0
7
5
4
9
11
7
4
9
21
12
7
0
2
21
0
2
2
5
2
0
3
22
5
0
0
2
2
3
13
83
4
0
2
0
0
8
10
9
0
3
3
8
22
7
24
10
4
4
0
2
0
2
10
84
84
84
2
8
0
0
3
0
2
2
19
0
0
0
0
0
2
24
0
0
0
40
0
0
0
8
7
0
0
24
0
0
0
5
9
3
10
12
40
126
126
0
0
0
0
0
0
0
1
2
4
2
24
0
10
3
7
21
0
2
0
7
7
3
9
19
21
0
4
0
0
0
0
0
0
0
7
0
4
127
127
0
4
2
11
14
0
7
0
12
7
2
16
2
25
20
20
2
2
2
19
3
7
0
17
3
1
3
1
14
12
12
20
29
29
14
0
1
17
0
0
19
49
49
16
34
34
25
10
9
15
29
1
20
1
8
1
17
2
0
6
2
7
7
2
14
14
2
2
0
0
3
3
2
2
0
2
0
3
3
3
2
2
7
2
7
2
2
16
2
2
8
2
2
2
1
2
11
2
128
128
2
16
8
8
7
7
11
29
1
3
1
3
8
2
2
4
9
1
12
29
29
0
0
15
3
12
3
2
0
129
129
3
3
0
14
3
1
3
0
7
3
16
16
1
0
2
3
3
3
49
3
17
1
17
3
2
9
3
19
2
2
2
7
9
0
7
16
17
17
17
2
8
0
0
14
17
17
2
2
1
1
2
1
3
19
0
19
85
85
19
34
2
2
12
2
6
1
2
2
1
2
3
7
3
3
7
2
0
0
3
16
4
2
9
17
16
9
20
3
3
19
2
0
0
0
15
3
15
15
0
0
3
8
34
2
0
6
19
2
3
0
0
0
3
0
15
7
2
0
20
20
0
2
9
15
15
14
7
1
32
14
0
19
17
0
3
2
1
3
19
2
0
1
2
3
3
32
9
7
0
7
1
29
1
1
14
2
2
2
2
2
1
3
0
3
9
3
2
2
1
2
1
2
0
2
25
2
8
32
14
6
0
18
130
130
42
1
17
2
3
12
1
1
1
0
1
3
14
1
9
1
1
0
0
15
0
1
1
19
131
131
2
2
15
16
2
49
9
1
2
2
9
7
1
9
9
0
49
1
1
2
0
0
1
2
2
13
0
14
0
14
0
6
2
2
1
17
2
2
16
3
0
0
14
0
1
2
2
132
132
2
2
2
0
9
3
10
2
2
85
16
16
1
1
3
3
7
0
0
20
0
1
7
3
1
8
1
1
1
16
1
1
1
15
16
11
6
6
17
2
6
1
1
15
12
2
0
0
3
2
2
2
15
1
1
1
1
9
1
3
6
10
5
16
4
1
2
11
1
10
15
6
15
6
1
6
6
16
1
2
1
3
4
3
6
1
1
1
1
13
3
6
1
86
86
6
87
87
3
3
8
0
10
2
4
4
25
4
4
1
12
7
13
3
12
15
5
5
44
44
16
10
3
6
1
1
5
44
9
3
14
1
3
16
44
1
9
6
1
10
1
13
25
1
22
22
6
0
16
1
1
7
25
9
25
1
1
1
5
1
3
3
25
1
12
15
2
3
6
6
1
1
2
1
16
25
1
13
13
8
4
25
1
17
86
5
2
2
7
1
1
87
16
1
5
1
1
1
5
10
6
2
1
2
7
3
1
1
1
1
7
17
1
10
1
15
1
1
9
1
133
133
1
6
2
6
2
1
1
1
2
1
15
5
1
134
134
16
22
15
1
1
3
16
2
12
0
22
1
30
16
30
30
1
5
1
1
5
3
1
1
8
1
1
3
10
1
5
1
12
11
5
135
135
25
5
1
10
15
10
17
1
2
136
136
1
10
2
1
1
6
3
137
137
15
9
7
11
0
16
22
14
1
2
11
1
1
1
10
17
3
3
2
6
1
0
3
0
2
1
17
20
13
0
0
13
0
2
4
4
42
42
3
0
3
2
1
41
41
2
2
3
6
0
21
3
24
24
24
13
9
9
89
89
1
1
2
67
67
22
22
3
89
1
66
66
6
0
0
21
0
1
6
21
1
17
17
1
1
13
22
2
0
7
9
9
6
11
14
14
1
12
12
9
17
2
11
9
7
3
2
16
1
1
65
65
1
13
2
1
2
13
13
1
1
16
1
9
1
15
8
14
0
4
23
7
3
2
5
2
20
2
1
2
0
23
1
27
6
9
6
2
1
21
1
1
23
1
3
6
0
2
2
3
2
3
0
3
0
1
0
0
2
2
1
0
2
2
6
51
51
21
16
1
4
0
1
2
3
2
1
7
1
0
1
1
1
25
25
25
1
15
1
7
16
0
67
90
90
1
1
21
0
0
1
1
10
1
0
45
45
65
2
2
2
1
6
13
2
6
6
14
2
22
2
2
2
20
1
2
2
2
2
22
2
24
0
9
3
2
3
2
9
5
2
7
13
2
3
2
21
7
51
1
14
21
21
2
20
20
7
2
1
6
4
45
21
1
6
6
6
2
2
1
13
1
6
2
1
2
1
1
0
2
17
7
0
5
6
3
0
3
2
5
13
1
1
2
25
44
45
0
6
1
17
6
1
17
17
1
52
52
17
1
6
20
52
3
52
1
13
0
3
17
6
11
2
88
88
6
3
3
51
20
9
1
1
6
20
0
1
1
2
138
138
4
2
2
2
13
3
3
66
67
2
0
13
12
7
7
2
23
45
1
6
2
6
24
1
2
1
1
16
15
8
14
0
1
3
4
88
17
3
1
1
1
1
1
1
13
22
0
44
0
15
1
12
2
5
1
41
1
1
139
139
11
1
1
2
4
13
45
7
1
14
2
1
7
81
2
2
6
1
2
1
5
1
3
0
13
5
1
22
36
1
6
8
1
13
15
0
0
0
1
2
0
17
3
90
1
3
4
1
0
65
1
1
0
1
52
7
2
1
13
7
1
0
42
4
2
2
2
2
1
25
140
140
1
2
2
13
2
2
2
2
16
14
14
22
2
3
2
25
1
17
2
9
13
1
0
8
14
6
1
0
7
17
9
0
1
0
34
34
2
1
141
141
1
66
9
1
0
2
51
2
0
