90
90
15
15
15
15
9
9
34
34
3
3
2
2
14
14
14
15
43
43
14
14
14
3
3
9
14
14
14
24
14
0
15
34
15
9
5
0
14
0
34
14
14
14
2
3
3
65
65
11
11
19
19
1
1
1
1
3
4
4
20
20
19
19
11
11
1
1
1
3
7
7
1
19
1
19
19
3
1
3
6
3
1
11
1
19
1
19
19
1
3
3
19
9
9
3
19
19
4
11
11
11
3
8
8
3
3
3
20
1
7
10
19
3
8
19
13
3
3
11
91
91
3
19
1
3
1
1
1
92
92
11
11
3
11
7
11
11
3
3
3
11
1
19
19
11
65
9
7
3
19
2
7
19
8
1
8
2
14
6
3
19
9
9
14
9
4
20
20
6
4
4
8
8
44
44
9
9
9
6
3
3
3
19
20
4
4
9
3
3
3
18
18
9
8
9
0
0
9
18
8
93
93
14
9
2
49
49
18
18
6
6
4
4
14
0
9
7
7
2
2
15
6
6
30
30
23
23
2
8
14
94
94
9
6
9
14
14
6
2
9
5
5
9
9
19
14
14
3
6
2
18
18
4
2
2
2
66
66
18
0
4
9
9
19
0
3
14
14
14
14
6
4
9
25
20
14
14
19
4
0
14
0
4
49
7
18
23
14
3
19
15
9
9
7
11
9
9
9
44
0
6
3
14
4
2
7
6
14
18
0
9
9
0
0
0
6
6
2
19
6
2
6
18
18
4
9
8
8
3
0
6
20
95
95
14
8
9
4
8
49
14
7
7
9
67
67
14
8
20
20
14
0
2
9
20
4
2
3
3
4
19
14
8
19
14
14
8
8
2
8
2
44
7
7
9
14
14
44
6
8
12
12
9
21
21
14
6
8
14
6
9
9
3
6
14
6
27
6
3
2
3
18
2
2
3
19
67
14
14
11
6
8
3
0
0
7
7
96
96
2
2
14
20
8
2
2
20
4
9
18
97
97
18
14
14
0
18
2
2
2
2
2
9
9
4
9
2
2
22
22
2
4
4
4
4
23
8
4
11
4
4
2
6
2
68
68
4
4
2
1
6
1
22
9
2
2
14
14
2
2
2
4
22
22
2
22
4
4
9
14
4
2
43
4
9
2
4
14
4
9
2
22
9
9
6
2
2
4
9
4
23
4
22
2
11
4
2
2
2
4
32
32
6
4
4
4
69
69
6
4
11
11
4
4
7
22
4
2
2
2
2
4
5
2
9
9
9
9
2
69
22
4
2
4
4
16
16
14
2
4
16
6
6
16
8
4
4
2
2
9
2
2
2
4
16
4
2
2
3
2
2
4
4
2
2
4
2
4
2
2
6
2
4
8
9
4
2
2
32
8
22
3
35
35
2
2
35
50
50
1
1
50
3
2
3
50
2
4
8
4
3
7
5
5
6
6
1
8
1
3
8
26
26
8
15
16
1
11
11
0
1
1
1
1
1
8
7
1
1
2
3
3
6
12
1
1
1
15
0
0
4
10
6
1
1
1
1
1
6
13
11
11
1
20
20
22
22
1
1
8
3
2
1
1
4
1
1
1
1
1
0
7
7
0
15
7
7
1
7
7
7
9
9
19
19
1
51
51
1
1
1
1
1
0
0
15
1
1
6
13
1
1
19
1
1
20
20
25
25
1
6
1
1
1
13
1
7
1
8
1
1
1
17
1
1
6
1
36
36
25
9
7
6
6
11
19
1
1
1
19
6
1
6
10
8
13
1
1
3
25
1
3
1
6
4
1
1
11
1
3
1
1
12
1
1
1
7
1
7
7
7
1
2
22
22
8
1
1
19
19
8
0
11
3
25
15
8
0
6
6
10
10
1
1
1
1
1
11
6
25
1
8
3
1
19
19
6
2
7
11
15
10
0
17
0
13
10
10
98
98
1
1
6
6
7
8
26
19
10
10
22
8
52
52
1
1
5
8
2
1
12
8
1
8
1
12
1
3
3
1
2
6
16
15
2
8
8
2
3
1
1
1
1
11
15
2
15
3
1
1
15
3
8
15
6
19
20
6
8
8
1
8
6
1
1
0
8
36
3
11
7
20
15
8
4
9
1
8
20
6
1
1
8
1
1
13
1
1
26
3
3
8
2
8
1
1
15
1
1
1
25
15
1
1
1
1
15
10
1
2
1
15
27
27
11
2
15
10
19
1
8
25
8
22
25
10
1
1
1
1
1
6
6
1
1
10
1
27
20
8
0
1
7
6
15
15
1
1
1
0
1
1
3
1
1
7
53
53
2
1
2
0
1
1
1
4
9
15
8
1
6
6
1
11
8
43
43
1
20
8
6
3
11
1
1
1
0
12
1
1
1
17
17
1
9
1
1
1
4
1
1
1
6
3
6
1
1
8
10
36
1
99
99
1
3
1
1
1
8
1
6
0
1
8
20
1
6
8
1
1
1
1
8
1
8
11
51
1
8
19
25
19
7
6
15
0
1
21
15
20
25
8
19
6
1
12
5
7
1
11
6
6
2
1
2
7
6
15
8
3
3
1
1
19
7
6
20
16
1
6
1
7
12
6
7
70
70
1
6
1
5
8
11
1
24
0
3
13
51
6
17
11
15
8
1
6
1
10
4
7
19
24
10
6
9
6
27
70
7
1
2
3
3
13
1
26
1
1
12
1
1
6
19
1
8
7
2
1
1
12
6
6
2
6
25
19
1
13
2
1
1
1
0
12
1
7
12
11
8
11
1
3
1
0
1
1
12
1
1
2
1
12
2
9
7
11
8
6
71
71
37
37
3
3
2
7
7
11
1
1
8
12
8
1
1
1
1
27
2
25
6
11
6
1
7
7
1
1
1
13
12
3
8
3
6
1
8
11
1
1
1
9
8
25
37
1
8
26
1
16
16
3
1
13
7
3
15
8
1
1
1
6
1
2
4
1
12
12
12
1
1
1
1
1
1
20
1
19
1
17
1
8
1
1
15
0
25
3
10
12
12
1
14
12
1
1
1
1
1
1
1
1
8
11
11
11
11
100
100
7
7
11
53
11
16
0
16
10
6
6
18
9
1
6
6
6
4
20
7
7
7
4
3
16
16
4
5
10
10
7
1
1
1
16
6
16
16
52
23
23
6
9
3
13
1
1
16
6
7
7
72
72
14
1
3
7
6
16
53
27
9
4
4
4
1
7
3
14
14
7
6
6
13
7
3
7
34
7
7
7
4
4
6
10
7
0
13
16
13
7
16
13
8
0
0
3
18
18
27
13
14
9
20
20
1
13
0
7
13
13
15
23
16
7
6
4
34
5
0
0
22
22
16
15
4
2
16
1
11
2
13
18
2
16
16
13
6
16
14
14
3
13
7
7
3
0
13
13
7
16
3
4
13
1
23
3
3
13
16
16
18
3
7
5
3
16
7
4
10
7
11
4
23
16
3
20
4
13
7
7
7
32
7
16
5
7
18
0
16
7
18
20
7
13
6
6
6
7
18
18
14
6
6
6
6
2
7
3
16
16
13
13
23
32
32
7
2
23
13
16
4
4
7
7
4
2
20
13
13
72
4
18
6
6
4
13
2
0
8
8
10
6
18
6
13
2
3
9
7
3
0
18
13
3
6
8
13
14
7
7
7
7
9
23
11
10
1
0
7
16
8
6
3
7
13
7
16
3
66
13
3
13
4
7
2
13
3
0
16
1
4
13
4
3
16
20
1
1
13
6
7
20
20
0
3
3
7
3
6
6
6
13
23
19
23
3
7
3
6
13
15
15
13
3
4
2
18
1
13
23
13
6
13
6
0
10
13
3
6
13
13
7
7
8
13
4
0
23
7
7
1
7
12
9
9
27
16
16
54
54
5
6
12
0
3
0
0
0
8
8
3
6
3
5
5
6
6
0
12
0
0
0
27
38
38
0
12
6
12
12
8
23
6
20
12
3
3
8
8
12
15
3
22
22
3
10
10
16
0
0
16
6
9
101
101
3
3
8
15
15
0
0
0
0
12
3
0
13
13
8
0
11
11
30
30
5
16
3
3
10
73
73
2
0
6
12
5
8
10
6
10
0
8
3
15
6
30
0
0
23
15
0
3
3
0
3
15
54
16
19
2
0
1
3
10
3
10
3
1
3
0
0
27
12
20
8
0
12
1
0
15
10
15
3
16
16
9
4
3
0
6
5
16
13
6
18
18
13
6
6
12
9
6
8
9
1
9
12
4
3
0
3
102
102
7
0
3
6
0
17
13
0
12
12
12
2
22
3
6
13
3
1
9
9
3
16
12
0
0
0
0
5
103
103
55
55
3
0
0
3
3
3
6
18
12
0
0
6
0
16
104
104
1
10
12
0
30
4
4
74
74
0
3
6
9
3
19
16
3
6
1
38
13
3
3
3
3
0
16
6
15
8
8
6
0
12
12
5
12
12
6
0
11
3
0
105
105
3
4
6
22
0
15
3
6
6
6
20
20
12
1
1
30
30
4
6
1
3
11
15
6
6
2
12
38
3
10
106
106
13
6
0
3
3
107
107
6
3
23
20
7
0
3
0
0
38
6
0
20
13
3
3
0
8
8
9
20
0
108
108
15
6
109
109
8
13
0
5
75
75
6
0
16
12
22
7
3
0
5
8
18
3
12
0
16
0
0
3
3
3
0
3
0
20
0
15
6
20
3
0
6
38
6
3
0
15
0
0
73
71
3
8
7
23
0
23
0
0
3
19
12
23
30
30
0
12
110
110
0
7
8
6
0
4
3
3
6
6
0
74
6
1
0
6
0
6
10
9
0
16
0
0
0
0
23
22
6
3
5
22
3
12
12
3
6
3
8
0
12
3
3
0
5
3
4
17
17
11
3
2
6
20
20
12
3
3
0
0
0
0
6
0
5
11
3
0
0
0
11
6
9
2
4
0
9
54
0
3
6
4
8
3
9
7
16
0
4
3
0
20
0
6
16
13
7
8
6
15
6
0
9
13
0
20
3
3
1
21
21
3
0
2
55
3
0
2
0
3
3
12
9
0
4
1
68
12
1
6
0
3
3
6
5
3
6
0
8
3
6
11
3
27
1
6
22
6
55
10
3
3
3
3
3
3
6
19
0
16
3
3
14
14
3
3
3
16
7
22
2
3
0
4
3
7
7
16
6
3
21
3
3
13
16
7
25
3
4
7
3
17
10
0
0
0
6
22
22
3
22
22
22
19
6
7
3
17
16
16
3
3
10
3
3
5
18
7
22
6
22
3
6
7
18
3
0
18
16
3
4
9
3
2
9
3
0
16
3
7
3
13
3
3
6
7
7
2
3
3
10
0
111
111
16
112
112
13
3
22
22
3
22
3
7
13
3
2
22
22
3
16
4
7
19
4
3
0
13
15
15
3
113
113
15
15
3
114
114
10
1
1
12
8
8
8
8
8
2
15
45
45
75
31
31
3
2
8
12
3
13
8
12
12
8
15
3
3
17
3
3
8
26
10
14
14
13
12
4
17
18
18
8
8
0
19
3
15
46
46
9
0
0
3
2
1
4
12
29
29
8
1
0
8
115
115
0
4
20
7
0
39
39
2
3
2
2
26
0
1
15
3
12
20
20
4
1
4
4
4
1
20
26
26
6
0
6
2
8
8
9
9
8
8
8
8
36
9
8
0
13
15
15
2
15
8
8
12
0
0
7
9
0
0
9
15
11
11
15
8
9
19
15
8
9
0
3
3
11
2
2
8
116
116
0
2
8
0
46
46
8
2
0
8
39
1
10
8
0
3
26
29
26
0
8
14
11
15
39
39
13
76
76
76
4
8
7
18
3
8
8
4
4
20
20
15
8
45
2
15
11
0
26
15
21
8
16
77
77
4
52
0
17
26
3
20
17
12
1
6
6
0
0
7
7
17
15
3
2
0
4
17
8
0
8
0
8
0
2
47
47
6
12
12
13
2
21
8
2
2
20
1
1
8
3
9
26
8
1
1
12
10
6
7
2
4
31
0
17
2
36
0
17
3
45
45
3
21
6
0
14
0
117
117
15
26
12
8
31
9
15
15
11
11
11
0
5
11
3
3
13
3
26
17
26
0
26
15
12
39
5
77
11
18
8
9
2
2
18
13
8
2
1
1
14
31
5
3
12
8
8
0
1
14
14
46
31
7
10
4
4
11
11
17
2
2
13
7
7
7
4
4
17
8
2
0
56
56
14
14
4
3
0
2
3
2
7
0
3
8
4
2
4
2
0
14
4
13
4
7
0
7
2
0
1
4
11
4
4
4
0
4
78
78
2
1
2
3
2
1
13
13
57
57
10
2
7
7
6
7
22
15
5
4
4
10
13
2
13
9
4
31
11
11
0
1
1
4
7
56
7
2
2
2
17
0
0
2
2
0
13
2
7
2
1
2
3
1
8
0
0
2
0
8
2
3
14
2
4
4
4
7
2
2
0
0
15
7
8
10
10
58
58
6
6
7
4
4
1
14
11
4
4
22
4
118
118
0
24
24
14
4
4
4
3
4
13
4
8
17
17
0
7
6
3
1
2
2
15
4
1
4
59
59
19
59
2
119
119
24
2
2
4
4
4
3
2
4
4
15
9
1
7
2
5
14
4
14
3
17
24
10
10
120
120
2
0
2
2
2
23
4
4
5
12
4
4
0
16
0
7
17
1
79
79
4
11
13
4
4
4
3
17
5
5
17
7
8
0
7
2
2
2
1
3
2
4
2
13
3
2
3
0
16
0
16
4
4
5
4
4
3
0
3
3
1
59
4
0
4
4
4
17
1
7
2
4
4
11
3
2
7
1
57
13
4
0
3
1
2
6
11
2
7
2
24
4
27
1
3
4
2
3
121
121
5
2
10
7
17
0
57
2
2
4
7
0
4
0
2
5
58
1
3
2
11
2
2
7
5
0
58
11
2
24
0
1
3
2
1
5
3
4
4
0
13
3
9
0
8
24
2
5
3
0
2
5
4
8
2
5
2
2
1
1
2
4
79
4
2
2
0
0
78
6
60
60
9
9
1
60
12
12
0
12
17
17
5
13
0
10
1
17
17
1
122
122
3
3
5
1
6
5
37
3
13
4
12
4
5
10
10
5
3
6
1
1
5
19
3
5
3
5
12
1
1
1
1
8
3
3
0
12
0
17
17
3
17
5
5
26
5
22
5
10
17
6
12
23
10
1
1
5
10
0
17
17
5
1
6
5
1
13
17
5
0
1
0
12
5
7
0
17
3
3
5
7
0
5
4
0
12
13
0
17
9
1
1
13
4
5
22
1
5
5
6
5
0
5
5
5
1
5
0
4
7
10
4
13
0
10
10
5
17
1
1
1
22
8
5
5
12
2
5
12
3
21
12
0
5
1
0
10
15
3
10
17
13
12
14
1
5
5
16
16
31
31
7
1
3
0
7
5
3
4
0
60
5
10
10
1
3
3
5
5
0
5
3
0
11
5
14
5
14
1
10
1
0
5
1
12
5
5
5
17
1
17
1
4
15
0
5
0
0
3
5
14
5
5
17
16
15
4
5
5
5
7
12
17
17
5
24
24
2
17
5
5
7
7
2
17
17
3
3
7
3
3
14
4
4
5
11
0
4
18
18
4
5
0
7
6
7
0
61
61
14
5
3
5
14
14
5
5
4
5
7
5
5
5
5
7
5
0
0
5
80
80
18
1
5
2
33
33
1
1
40
40
21
7
6
7
7
2
4
2
5
3
7
5
24
7
1
5
18
17
5
2
0
2
7
17
0
11
3
3
3
1
3
7
3
5
3
40
5
2
3
5
2
2
2
2
3
18
5
3
40
2
5
18
2
2
1
11
4
33
7
40
123
123
4
14
7
4
3
17
5
5
5
14
2
24
0
18
24
7
17
8
5
5
2
18
18
4
21
5
3
5
17
17
3
61
17
17
18
80
2
33
18
5
0
9
5
2
4
5
0
9
5
12
17
0
5
5
14
5
11
5
61
2
5
7
7
24
5
2
33
24
1
0
4
2
33
9
2
7
5
7
1
33
14
2
24
5
4
4
14
124
124
5
9
1
18
40
5
5
11
7
1
5
2
2
0
0
10
18
81
81
81
10
5
9
4
28
28
5
28
28
4
0
7
4
6
4
2
5
6
3
3
5
17
2
2
5
62
62
5
5
0
10
0
5
5
9
0
17
5
5
8
82
82
18
18
5
3
0
0
0
0
14
9
4
11
11
15
0
0
4
0
10
0
0
21
5
28
28
4
4
4
15
5
5
17
17
5
0
5
10
2
0
10
5
9
9
5
25
4
5
17
18
11
5
10
2
2
2
0
10
2
2
5
2
15
5
0
25
25
6
0
17
0
6
0
0
0
0
0
28
10
1
2
10
0
125
125
0
12
5
5
5
21
19
10
2
5
4
5
6
2
10
6
0
5
17
83
83
28
126
126
2
0
0
0
5
3
84
84
29
85
85
0
3
17
28
15
4
28
0
7
0
5
10
5
0
0
5
5
4
4
2
3
11
15
0
0
0
5
0
3
0
0
0
62
62
17
21
0
0
0
4
127
127
0
0
11
0
0
0
0
0
47
47
6
56
5
86
86
17
10
10
4
5
11
0
2
6
17
5
0
25
3
41
41
0
0
3
21
0
0
7
5
3
28
4
0
10
15
0
2
6
17
12
15
32
0
0
11
11
28
0
4
3
0
0
0
5
3
5
5
5
6
5
2
0
0
5
10
5
5
28
5
85
0
2
63
63
5
47
15
0
6
5
0
21
0
0
10
87
87
5
5
9
9
21
0
0
0
1
28
0
0
0
2
7
0
0
3
3
1
2
4
4
5
7
25
4
0
0
0
84
0
5
42
42
4
5
11
0
0
0
83
3
82
2
4
4
2
2
5
5
0
2
0
10
3
6
4
14
10
5
4
7
15
10
0
1
7
0
2
2
3
2
0
5
12
3
0
0
2
2
5
87
86
5
2
0
0
0
1
7
4
0
5
5
1
12
10
28
0
6
5
0
42
0
42
0
88
88
88
2
0
0
0
0
0
2
42
18
0
0
0
0
0
42
28
0
0
0
37
0
0
0
1
10
0
0
28
0
0
0
3
4
5
7
0
37
128
128
0
0
0
0
0
0
0
0
2
5
2
28
0
7
0
5
7
0
2
0
10
10
17
21
18
7
0
6
0
63
0
0
0
0
2
10
0
5
129
129
0
5
2
25
27
0
5
63
16
5
2
12
2
35
64
64
2
2
2
18
21
10
0
24
21
21
21
1
4
16
16
20
29
29
27
0
1
24
0
0
18
48
48
12
41
41
35
1
4
11
29
1
64
1
1
21
24
2
0
8
2
8
10
2
21
21
2
2
0
0
21
21
2
2
8
2
2
5
5
4
2
2
10
2
10
2
2
12
2
2
8
2
2
2
1
2
14
2
132
132
2
12
3
3
10
10
14
29
10
21
1
21
8
2
2
16
4
21
15
29
29
0
0
11
21
16
21
2
0
134
134
21
5
0
4
21
21
21
0
10
16
135
135
1
0
2
5
21
21
48
21
24
1
24
5
2
4
16
18
2
2
2
10
4
0
10
12
24
23
23
2
8
0
0
4
24
24
2
2
1
1
2
1
21
18
0
18
89
89
18
41
2
2
16
2
2
1
2
2
1
2
21
10
21
4
10
0
2
0
21
12
6
0
21
24
12
4
20
21
21
18
2
0
0
0
11
4
11
11
0
0
0
0
41
2
0
0
18
2
4
2
0
0
16
0
11
10
2
0
20
24
0
2
4
11
11
4
10
1
5
4
0
18
23
0
12
0
1
4
18
2
0
1
2
21
5
5
4
10
0
10
1
29
1
1
27
2
2
2
2
2
1
21
0
21
4
16
2
2
1
1
1
2
2
2
35
0
8
5
27
8
0
5
130
130
0
1
24
2
21
15
1
1
1
16
1
5
4
1
4
1
1
0
0
11
0
1
1
18
133
133
2
2
11
12
2
48
4
1
2
2
0
10
1
4
4
4
48
1
1
2
0
0
1
2
2
0
0
27
0
27
0
13
2
2
1
23
2
2
12
21
0
0
27
0
1
2
2
131
131
2
2
2
2
4
5
21
2
2
89
12
12
1
1
4
21
10
0
0
64
0
1
10
5
1
