47
47
10
10
10
10
29
29
30
30
26
26
11
11
2
2
2
10
44
44
2
2
2
26
26
29
2
2
2
2
2
31
31
30
10
29
10
31
2
31
30
2
2
2
11
0
0
37
37
18
18
4
4
7
7
7
7
0
38
38
39
39
4
4
8
8
7
7
7
0
19
19
7
4
7
4
4
0
7
0
4
0
7
8
7
4
7
4
4
7
0
0
4
3
3
0
4
4
38
8
18
18
0
32
32
0
0
0
39
7
19
4
4
0
32
4
4
0
0
8
48
48
0
4
7
0
7
7
7
49
49
8
8
4
8
19
8
8
0
0
0
8
7
4
4
8
37
3
19
0
4
0
19
4
32
7
9
9
65
1
1
4
6
6
2
3
3
14
14
1
33
33
12
9
25
25
6
6
6
1
40
40
17
17
14
5
5
3
40
41
41
20
20
3
12
3
1
1
6
20
9
51
51
2
3
9
34
34
13
13
35
35
21
21
2
1
6
22
22
15
15
10
1
1
52
52
16
16
15
1
2
53
53
6
35
3
2
2
1
15
3
1
1
3
3
4
2
2
17
1
11
13
20
5
15
23
23
54
54
13
1
21
3
3
4
16
35
50
50
2
2
1
5
3
3
14
2
2
2
21
1
2
1
21
34
22
20
16
2
17
4
10
3
3
22
18
4
4
6
25
1
1
4
2
9
11
12
1
2
13
2
3
3
16
1
16
4
1
1
4
1
23
1
13
2
33
3
12
12
1
1
1
14
55
55
2
1
3
33
9
34
2
56
56
6
42
42
2
9
57
14
2
1
11
6
14
5
2
0
0
5
4
2
12
4
2
2
9
12
15
9
15
25
22
22
3
2
2
25
1
12
58
58
6
59
59
2
1
1
2
1
3
6
17
1
2
1
5
1
1
23
41
13
23
23
17
4
42
2
2
18
1
12
17
43
43
60
60
61
61
11
15
2
57
1
11
11
14
21
3
13
62
62
20
2
2
43
13
0
0
0
0
0
3
3
5
3
0
0
27
27
0
6
6
5
5
16
1
0
18
6
6
0
1
1
63
63
5
5
0
0
1
7
27
3
1
0
2
66
36
36
1
5
24
24
36
24
5
5
3
2
0
1
44
0
3
1
5
2
5
3
0
24
3
3
1
1
0
6
3
5
16
5
24
1
1
5
0
0
0
6
45
45
0
5
5
5
46
46
1
6
64
64
5
5
5
24
6
0
0
0
0
6
0
0
3
3
3
3
0
46
27
0
0
6
5
28
28
2
0
5
28
1
1
28
1
5
6
0
0
3
0
0
0
5
28
6
0
0
26
0
0
6
6
0
0
5
0
6
36
0
1
1
5
1
3
6
0
0
45
1
27
