82
82
14
14
20
20
11
11
19
19
8
8
6
2
10
10
10
14
5
5
20
10
10
8
8
11
10
10
10
15
1
14
14
17
14
11
5
7
10
14
19
10
10
10
6
6
6
56
56
14
14
10
10
22
22
22
22
6
5
0
16
16
10
10
14
6
22
22
0
6
5
5
22
10
22
10
10
6
22
6
7
6
22
14
22
10
22
10
10
0
6
6
10
11
11
6
10
10
5
14
14
14
2
5
5
6
6
6
16
22
5
3
1
6
5
16
0
6
6
14
83
83
6
10
22
6
22
0
22
84
84
12
12
18
12
5
14
18
6
6
6
14
22
10
10
12
56
11
5
18
10
2
5
10
6
22
2
2
10
2
0
5
11
11
10
11
9
16
16
2
7
7
2
2
44
44
9
11
11
2
2
2
8
10
16
9
9
11
2
6
6
16
16
11
2
11
6
6
11
1
2
85
85
10
11
2
41
41
15
19
22
22
5
5
1
1
11
7
7
22
22
14
2
2
26
26
18
18
22
2
4
86
86
11
22
11
10
10
2
22
11
3
3
11
11
10
10
10
3
3
2
15
16
9
2
4
4
57
57
15
6
5
11
11
10
1
6
10
10
10
2
2
9
11
10
16
10
10
10
5
7
10
6
5
41
7
16
18
10
8
10
14
11
11
15
14
11
11
11
3
6
2
6
15
9
2
7
4
10
15
1
11
11
1
7
1
7
2
3
10
2
4
2
15
10
7
11
2
2
2
6
2
16
0
0
10
6
11
7
2
41
10
5
5
11
3
3
10
2
16
16
10
6
2
11
16
9
2
16
16
9
10
10
2
10
8
20
2
0
22
2
22
44
7
7
11
8
1
44
2
2
13
13
11
5
5
15
2
6
10
2
11
11
8
2
10
3
9
3
10
4
6
15
4
4
8
10
3
1
10
14
4
0
10
7
7
12
12
87
87
2
3
10
16
6
2
2
1
0
11
2
88
88
16
10
10
7
15
2
2
2
3
2
11
11
9
11
2
2
15
15
2
9
9
9
9
18
6
9
11
9
9
3
2
3
58
58
9
9
2
2
2
22
15
11
3
2
10
10
2
2
3
9
15
15
2
15
9
9
11
10
2
3
5
9
4
3
9
10
9
11
2
15
11
11
2
2
2
9
11
9
18
9
15
3
14
9
2
2
2
9
18
18
2
9
9
9
19
19
2
12
11
11
9
9
9
15
9
2
2
2
2
9
3
2
11
11
9
11
2
19
15
9
4
9
9
12
12
10
2
9
12
2
0
12
6
9
9
2
2
11
9
2
2
9
12
9
2
4
8
4
2
9
9
2
2
9
2
9
2
2
4
3
9
7
11
9
4
2
18
6
15
6
13
13
1
1
13
5
5
22
22
9
6
22
6
5
1
9
3
9
3
3
5
5
2
2
3
0
0
2
2
21
21
2
14
14
0
14
14
2
2
0
0
0
0
5
7
3
2
22
6
6
2
0
0
4
0
14
7
1
2
3
14
0
0
0
0
3
3
2
12
12
0
16
16
15
15
3
0
6
1
4
0
0
3
0
0
0
0
0
7
0
0
7
14
12
12
13
7
7
5
11
2
10
10
0
4
4
0
0
0
0
0
7
7
3
0
6
2
3
0
0
10
24
0
16
16
10
10
7
2
0
13
0
0
0
7
0
4
0
0
0
8
4
0
3
0
30
30
10
11
4
2
2
14
10
2
0
13
10
0
0
2
3
2
2
3
0
5
10
0
0
0
0
9
0
0
14
0
6
0
0
0
0
0
0
12
3
9
9
3
4
2
15
15
0
0
0
10
10
2
1
14
6
10
14
10
1
3
3
5
24
0
2
0
0
0
12
2
10
0
6
2
9
10
10
3
2
7
14
14
5
1
8
7
7
5
3
89
89
0
13
2
3
0
3
21
10
3
3
15
3
42
42
0
0
6
4
3
0
0
6
0
3
7
0
2
6
6
0
2
3
3
14
3
3
6
4
0
2
0
0
0
14
14
2
14
3
0
0
14
6
2
14
3
10
16
3
2
2
5
8
3
22
4
7
3
30
2
3
7
16
14
2
9
2
0
6
16
0
0
13
3
0
0
18
0
0
21
3
3
6
2
2
3
0
14
0
0
0
10
3
0
0
0
0
2
3
0
4
3
14
13
5
14
2
14
0
10
0
2
10
3
15
10
3
0
0
0
0
0
7
2
7
6
5
0
9
0
0
7
3
7
2
14
14
3
13
0
4
0
0
1
0
0
4
29
29
2
2
0
7
0
22
0
9
11
14
3
29
2
0
0
14
3
5
5
3
16
3
2
7
14
2
0
0
7
0
2
0
0
8
8
0
15
0
0
0
9
0
0
0
2
3
3
0
1
3
3
30
0
25
25
0
3
0
0
0
3
0
2
8
0
6
16
0
2
3
0
0
0
0
3
0
3
14
4
0
3
0
10
10
9
2
2
7
0
5
14
16
10
6
10
0
2
2
3
0
0
14
2
2
4
3
2
7
7
14
3
6
6
0
0
10
7
3
16
3
0
0
0
7
0
3
12
10
10
1
2
0
3
6
14
0
8
7
2
2
4
2
8
14
14
2
3
3
0
5
9
7
10
15
5
3
2
2
13
10
12
3
2
2
2
0
2
21
0
8
0
2
0
14
10
0
3
7
3
0
0
0
2
0
2
2
10
6
0
2
2
0
3
0
1
5
0
0
0
14
3
3
0
6
0
2
0
0
0
0
0
2
0
0
2
11
0
14
2
3
9
9
13
13
6
3
2
7
7
14
0
0
3
0
1
0
5
0
0
9
2
18
2
3
2
0
12
12
0
0
0
22
0
2
5
2
2
3
3
3
3
0
0
2
3
10
13
0
0
21
5
6
6
6
0
3
7
7
14
6
0
0
0
3
0
2
9
0
6
0
0
0
6
0
0
0
0
16
3
10
0
0
0
2
0
0
2
0
10
0
3
0
0
0
16
0
0
0
0
0
0
0
5
0
3
14
14
14
14
90
90
17
17
14
29
14
14
4
6
9
2
2
16
11
13
2
2
2
19
10
7
0
9
9
1
14
14
9
5
22
22
5
24
0
1
14
1
14
6
42
18
18
9
11
1
2
0
1
14
4
7
5
59
59
10
0
3
7
2
1
29
9
11
19
9
9
24
7
18
10
10
7
2
2
2
9
6
7
17
7
9
7
5
5
2
9
7
2
2
1
6
7
14
3
2
7
1
18
15
15
12
4
10
11
10
10
22
2
7
9
18
18
14
18
14
4
2
0
17
2
1
1
15
15
14
13
18
2
14
24
11
4
13
1
2
14
14
18
2
14
10
10
6
3
12
12
6
1
2
2
9
14
7
5
2
13
18
6
6
18
14
14
2
8
5
1
6
14
7
19
6
7
14
5
18
3
18
16
0
1
9
9
7
18
7
14
3
4
16
1
14
7
19
16
9
2
2
2
2
9
1
19
10
3
3
2
2
2
3
2
14
14
16
1
18
18
18
12
2
18
2
8
5
5
7
7
9
2
2
2
18
59
5
2
2
2
5
18
4
1
1
1
0
2
16
10
2
2
6
11
7
6
1
2
2
1
2
2
2
10
7
7
7
7
11
18
12
3
0
1
7
14
6
2
6
0
1
9
14
8
57
2
0
2
9
12
2
2
18
1
14
1
12
6
5
6
14
10
24
24
2
2
7
16
16
6
6
6
9
6
2
2
2
2
18
10
18
1
9
6
14
7
14
14
4
6
9
2
2
0
2
20
2
14
7
3
14
3
18
4
2
2
6
0
5
6
7
9
1
18
7
9
24
7
13
11
11
9
14
2
43
43
3
3
13
7
6
6
7
2
1
1
1
2
7
3
3
0
2
7
0
1
1
6
9
2
2
2
13
3
0
13
2
4
2
16
0
1
6
2
2
13
14
1
15
15
7
9
7
6
1
1
6
3
11
91
91
8
6
2
3
5
9
7
7
4
13
8
7
7
7
7
1
12
12
26
26
2
14
6
1
7
17
17
1
1
3
13
1
1
3
2
4
4
6
6
14
2
26
1
1
18
14
7
2
2
1
6
2
43
4
10
4
7
0
7
3
10
3
6
22
6
7
1
9
13
16
2
1
13
22
3
14
2
2
2
12
6
11
9
7
4
2
5
13
2
2
19
19
2
3
2
13
11
3
2
11
22
11
13
2
6
1
1
92
92
7
7
6
2
7
8
2
1
13
0
0
2
15
3
2
3
2
3
11
11
6
6
3
7
1
8
1
5
93
93
7
7
2
1
1
4
1
2
4
19
0
1
5
2
1
12
22
22
0
3
9
7
26
5
5
9
9
1
4
1
14
6
10
8
7
2
0
2
2
10
2
2
1
1
6
2
3
1
13
3
1
3
13
3
13
13
2
1
0
3
7
12
12
1
9
3
15
7
2
4
2
2
2
10
10
0
22
22
26
26
9
2
5
1
14
14
1
3
2
13
2
2
3
94
94
6
4
7
7
1
9
9
2
6
5
10
7
1
18
1
8
2
2
7
16
13
2
6
7
7
9
11
10
5
20
20
14
2
95
95
6
2
1
3
60
60
1
1
14
0
15
7
1
4
3
2
19
4
13
7
3
4
7
6
6
6
7
2
1
16
1
3
3
16
1
1
3
2
0
6
7
3
1
7
17
9
8
6
7
18
14
18
5
5
2
10
13
18
26
26
1
13
16
16
4
7
2
4
7
5
1
6
1
2
4
9
3
3
3
4
7
13
3
11
7
12
7
1
4
1
18
15
2
1
8
15
9
13
0
6
1
6
1
1
13
4
8
4
3
4
1
8
8
14
3
4
1
10
10
0
2
6
4
1
1
1
0
4
3
12
6
7
4
4
14
2
11
2
9
1
11
43
7
2
2
5
7
6
11
3
2
1
5
3
1
16
1
13
6
14
5
1
1
5
2
1
11
2
1
1
18
6
0
19
19
10
1
3
7
6
7
4
4
2
3
13
11
7
9
22
58
13
13
2
4
6
6
2
1
6
2
1
6
1
2
3
1
9
0
2
15
2
7
3
6
6
0
0
8
2
14
10
7
6
7
4
16
16
1
6
2
6
12
15
3
6
4
3
0
12
7
6
0
0
5
6
6
1
6
7
10
6
5
17
6
6
18
6
7
7
3
15
15
0
15
15
15
10
10
12
6
6
6
1
6
0
3
2
6
17
19
7
15
3
15
4
2
12
10
3
7
19
6
2
9
11
3
4
11
4
7
6
6
12
4
6
6
6
3
7
6
2
6
6
3
3
1
1
6
96
96
18
1
15
15
3
15
3
12
2
6
4
15
15
4
6
9
12
10
5
3
7
7
14
14
18
97
97
5
0
6
98
98
6
5
5
13
1
7
3
22
22
4
2
3
3
60
25
25
6
2
22
13
1
2
6
13
13
13
14
2
18
6
6
1
1
21
3
20
20
14
13
9
6
10
8
3
3
1
10
6
14
9
9
11
1
1
10
4
13
9
13
17
17
2
22
1
3
13
13
1
9
10
9
7
15
15
4
6
4
4
21
7
5
5
18
13
16
16
9
22
9
9
9
0
16
21
21
0
3
3
1
7
7
11
11
1
9
1
3
30
11
22
7
18
5
5
4
5
2
2
13
1
1
7
11
1
1
11
5
14
14
14
1
11
10
5
3
11
0
9
6
14
2
4
1
99
99
21
2
1
1
9
9
3
4
1
8
15
0
6
1
1
10
21
17
21
7
2
20
14
5
15
15
2
18
18
18
9
1
7
10
18
5
7
9
9
16
16
14
1
3
4
14
14
1
21
5
19
4
6
5
5
5
42
7
6
21
6
16
6
13
22
2
0
3
1
9
4
6
14
18
4
1
2
6
1
7
1
1
1
4
4
35
35
2
21
21
2
3
5
2
1
4
16
5
5
1
1
11
21
6
0
0
13
3
3
17
2
9
25
1
6
4
30
4
6
18
3
3
1
19
0
4
10
19
100
100
14
21
3
7
25
11
5
5
14
12
12
1
1
3
6
6
13
18
21
6
21
12
21
14
13
15
0
5
14
10
5
11
7
2
10
14
2
2
22
22
20
25
0
4
13
1
10
7
3
8
8
9
25
7
5
9
9
12
12
8
4
2
7
7
7
7
5
4
8
2
1
7
21
21
20
20
5
6
17
3
3
4
5
5
18
2
9
2
0
4
3
10
5
4
9
7
7
12
3
1
0
5
12
9
9
5
1
5
12
12
2
0
3
9
2
5
2
2
6
6
5
4
17
17
7
7
15
5
3
5
9
18
2
2
4
11
0
25
14
14
7
13
13
9
0
21
7
2
2
9
8
7
7
1
2
7
18
4
17
2
2
2
4
3
2
1
1
4
1
2
2
6
20
4
5
5
5
7
2
1
1
1
5
17
2
22
22
21
21
2
10
4
5
5
0
10
12
5
0
15
5
2
2
7
20
20
10
9
5
5
8
8
3
9
2
8
8
1
7
14
10
13
2
2
14
5
5
9
36
36
10
36
4
101
101
20
4
2
9
9
5
6
3
9
5
14
11
0
12
3
3
20
9
10
8
8
20
22
22
18
18
2
5
2
4
4
18
9
5
8
0
9
9
1
6
4
9
1
0
61
61
9
12
2
9
9
9
4
8
8
8
8
7
6
1
17
2
3
3
13
2
2
5
2
4
6
2
6
7
12
1
12
5
5
3
5
5
6
7
6
8
3
36
5
8
18
5
9
3
0
17
2
5
9
12
6
4
19
13
6
2
5
1
8
5
2
10
12
2
7
2
20
9
12
5
13
5
4
6
31
31
5
4
5
7
8
8
6
2
2
5
7
7
9
7
3
7
21
0
8
4
12
4
4
17
4
7
21
14
4
20
1
3
5
3
0
3
6
9
5
1
2
6
11
1
6
20
2
3
6
1
4
5
5
8
2
3
2
4
13
13
2
9
61
5
4
0
4
1
12
14
0
0
11
11
0
0
3
1
7
3
11
11
3
2
7
0
0
8
8
0
102
102
18
8
5
0
0
5
1
6
2
3
3
3
8
6
0
4
18
2
3
3
3
10
8
8
7
5
3
0
0
0
0
3
8
6
8
3
7
11
11
3
8
8
8
21
1
19
8
6
11
22
4
20
0
19
0
8
3
14
11
11
8
0
5
8
0
2
8
7
7
0
1
3
3
12
7
8
3
7
3
12
11
17
9
7
3
4
7
11
11
0
0
2
3
3
19
0
8
0
3
8
7
3
8
8
0
8
7
9
12
6
3
2
7
6
6
1
11
0
0
0
15
3
8
8
3
22
8
1
2
5
3
1
5
2
7
5
14
1
3
11
2
3
16
0
5
3
12
12
25
25
12
0
8
7
7
3
2
3
7
0
0
6
6
0
10
10
5
8
7
8
18
7
14
1
16
8
16
0
5
0
7
8
4
0
3
0
3
8
0
8
0
0
14
14
1
7
7
6
5
16
8
0
11
8
14
9
0
8
8
17
1
11
8
5
15
15
3
5
5
5
3
3
22
8
8
8
8
7
8
8
20
5
5
8
14
1
5
16
16
5
3
7
7
2
3
1
45
45
20
5
8
0
20
20
5
0
5
5
5
5
12
5
5
7
13
1
1
5
4
4
16
0
1
0
13
13
24
24
17
17
5
7
2
7
1
3
5
3
8
8
7
5
15
19
22
5
16
8
5
3
7
3
5
8
1
11
8
8
8
24
8
7
8
5
8
17
3
3
8
8
3
3
3
2
8
16
0
8
17
2
5
16
4
2
24
11
9
13
1
17
0
0
5
10
5
15
8
8
5
5
8
20
2
5
5
16
7
7
8
8
5
5
4
19
19
5
5
8
8
5
8
8
6
45
8
8
16
4
3
13
19
0
6
11
5
2
18
8
1
9
3
3
1
7
5
3
20
3
14
12
45
3
8
5
24
15
1
4
13
20
22
7
9
3
13
9
3
7
8
1
2
13
20
2
15
8
5
5
20
103
103
8
11
24
19
17
5
8
11
0
24
3
3
2
1
1
18
16
21
21
21
0
3
11
5
23
23
3
23
23
5
5
12
0
3
5
2
3
2
6
18
3
8
4
2
0
46
46
0
3
1
18
7
8
8
11
1
6
0
3
0
21
21
15
15
1
8
7
7
7
1
8
11
2
12
12
14
1
1
7
7
0
1
4
0
3
23
23
9
9
9
14
12
12
8
8
3
7
12
5
4
7
5
3
11
11
8
10
2
3
8
16
12
8
5
2
2
2
1
18
4
4
2
2
14
8
1
10
1
3
1
6
1
2
8
1
1
1
1
23
7
3
2
5
1
104
104
19
19
3
3
3
5
10
0
4
2
2
3
3
4
19
3
1
3
8
5
5
23
62
62
4
1
1
1
3
4
5
5
17
13
13
7
18
0
23
14
9
23
1
3
1
3
7
3
1
1
1
3
5
9
9
6
12
11
8
1
1
8
2
6
2
4
1
46
46
5
5
1
1
1
9
105
105
17
1
12
1
1
1
1
1
35
35
3
21
8
9
9
8
4
7
9
3
12
1
2
3
8
1
1
10
8
28
28
1
2
6
19
1
1
17
3
8
23
9
7
0
14
1
2
3
8
19
14
18
4
8
12
12
23
1
9
6
1
1
1
3
8
3
8
3
3
7
2
1
1
3
0
3
3
23
3
13
7
2
16
16
5
35
14
7
3
3
1
5
1
7
3
20
20
3
3
11
11
5
1
1
10
4
23
1
1
4
2
17
1
1
1
6
3
4
9
5
3
12
10
5
1
1
1
5
1
3
8
8
9
8
12
1
1
1
5
18
21
4
9
5
2
4
8
8
4
2
7
18
6
3
9
16
8
4
9
17
14
5
4
4
17
1
4
4
6
4
1
8
1
6
1
1
4
4
5
20
9
3
1
2
1
1
4
5
4
1
3
3
3
19
3
23
1
3
3
7
1
4
8
1
63
63
63
4
10
1
1
1
1
4
8
16
1
1
4
1
4
8
23
1
1
1
1
1
1
1
3
7
1
1
23
1
1
1
18
2
3
3
3
1
106
106
7
1
1
1
1
1
1
1
4
3
4
23
7
7
4
8
17
1
3
1
7
1
8
5
15
17
1
2
1
16
1
1
1
2
4
7
1
3
107
107
1
3
2
10
1
1
3
16
6
3
4
0
4
13
16
16
4
4
4
19
5
3
7
20
5
0
5
0
18
6
6
16
17
17
12
7
0
1
1
2
19
17
17
0
28
28
13
0
0
12
17
0
16
0
4
0
20
0
7
2
4
10
3
4
5
5
4
4
1
1
5
0
4
0
9
4
4
6
6
5
4
4
3
4
3
4
0
0
4
4
0
4
4
4
7
4
20
4
108
108
4
0
10
10
3
3
20
17
0
5
0
5
2
4
4
8
9
0
14
17
17
4
1
12
0
14
5
4
1
18
18
5
6
1
18
5
0
0
4
3
8
13
13
0
1
4
6
5
5
17
5
20
0
20
6
2
9
8
15
4
4
2
3
9
7
7
3
20
8
8
4
2
1
4
5
20
8
4
4
0
0
4
0
3
19
1
19
22
22
19
28
4
4
6
4
4
0
4
4
0
4
5
3
5
5
7
4
4
4
5
0
2
4
5
20
5
18
16
0
5
19
4
7
4
1
12
5
12
12
2
4
4
4
28
4
4
4
19
4
5
4
1
1
8
1
12
3
4
1
1
16
5
4
5
14
14
5
3
0
12
5
1
19
8
4
0
4
0
5
19
4
10
0
4
5
6
12
5
3
10
3
0
17
0
0
12
4
4
4
2
4
0
0
2
5
9
8
4
4
0
0
0
4
4
4
13
4
0
12
9
2
1
6
109
109
20
0
20
4
3
14
0
0
0
1
0
5
5
0
1
0
0
1
1
12
2
0
0
19
1
1
4
4
12
3
4
17
9
0
4
4
7
3
5
7
7
4
5
0
0
4
1
1
0
4
4
1
1
9
1
12
4
2
4
4
0
8
4
4
3
0
1
1
12
1
0
4
4
110
110
4
2
2
4
0
6
5
4
4
22
7
3
0
0
7
0
7
1
1
16
1
0
3
6
0
1
0
0
0
2
0
0
0
12
13
8
6
6
15
2
7
0
0
12
19
2
1
1
3
3
3
2
12
0
0
0
0
0
0
13
6
0
6
0
0
0
3
8
0
0
12
6
12
6
0
6
6
2
0
4
0
5
3
3
6
1
0
0
0
13
0
6
0
18
18
6
50
50
8
8
10
1
7
3
3
3
13
3
9
0
14
3
13
5
14
11
18
6
17
17
13
5
7
4
0
0
6
17
7
5
5
0
13
13
17
0
0
6
0
19
0
11
13
0
21
21
6
1
0
0
0
3
13
7
13
0
0
0
18
0
0
5
13
0
14
12
2
8
6
6
0
0
8
0
13
13
0
11
11
10
3
13
0
15
18
8
2
3
3
0
0
50
13
0
1
0
0
0
6
0
6
2
0
2
8
7
0
0
0
0
0
15
0
7
0
12
0
0
7
0
29
29
0
6
2
2
2
0
0
0
2
0
12
6
0
111
111
0
21
12
0
0
3
13
1
5
1
21
0
18
0
18
18
0
6
0
0
8
5
0
0
3
0
0
0
7
0
18
0
3
8
16
13
13
13
6
3
7
12
7
15
22
2
112
112
0
0
1
0
0
6
3
32
32
11
7
8
8
10
13
21
5
0
4
8
0
0
5
9
15
5
5
2
4
0
1
8
4
4
0
15
16
11
1
1
11
1
2
3
3
20
20
8
4
5
4
0
17
17
4
4
5
6
1
12
8
23
23
23
11
8
8
17
17
0
0
4
16
16
21
21
8
17
0
9
9
4
1
1
17
2
0
4
12
0
15
15
0
0
11
21
3
1
3
8
8
4
15
5
6
0
14
14
5
19
2
15
5
3
5
2
13
0
0
47
47
0
15
2
0
4
20
20
0
0
13
0
4
0
12
6
5
1
0
18
3
5
4
6
4
16
4
0
2
2
2
0
26
1
5
4
2
0
17
0
0
4
0
5
7
1
4
4
8
4
8
1
8
1
0
1
4
2
3
0
1
4
4
4
10
10
17
13
0
4
1
0
4
5
4
0
3
0
4
0
0
7
13
13
4
0
12
0
3
13
1
16
17
17
2
0
17
18
1
0
0
5
0
7
11
11
47
4
4
4
0
2
15
4
6
4
0
4
21
4
4
4
16
0
4
4
4
2
21
4
23
4
5
8
2
5
4
8
8
4
3
20
2
5
4
17
4
10
5
9
17
17
4
16
16
3
3
0
6
1
11
17
0
4
8
1
19
4
0
11
0
4
1
0
4
0
0
1
2
15
3
1
18
4
8
4
8
4
6
20
0
0
4
13
17
11
1
4
0
19
2
0
15
15
0
37
37
15
0
4
16
37
5
37
0
11
1
8
15
4
15
4
12
12
4
8
5
10
16
8
0
0
4
16
1
0
0
7
15
15
4
4
4
9
20
3
5
9
16
4
4
11
6
3
3
4
18
11
0
4
4
6
23
0
2
0
0
0
12
6
9
1
0
15
9
12
19
5
0
0
0
0
0
0
11
21
1
17
1
12
0
6
4
6
0
1
0
0
10
10
10
0
0
4
0
15
11
8
0
5
4
0
3
62
4
2
4
0
4
0
18
0
5
1
11
8
0
21
2
0
4
2
0
15
12
7
1
0
0
2
1
20
5
17
0
15
7
0
1
47
2
0
1
0
37
3
4
0
11
3
0
1
20
13
19
4
4
4
0
13
113
113
0
4
4
15
4
4
4
4
13
5
7
3
4
5
4
13
0
1
4
8
15
0
4
2
9
1
0
4
3
20
0
22
0
4
28
28
2
0
12
12
0
9
8
0
1
4
10
4
2
0
2
0
3
0
0
8
0
0
0
0
2
1
0
0
3
3
5
0
8
8
2
7
7
5
1
0
5
2
13
13
0
1
1
0
1
3
1
4
5
6
8
19
1
0
1
5
0
21
1
0
3
0
8
7
0
0
21
0
7
0
15
1
1
11
1
15
1
9
1
15
15
15
1
0
0
9
8
1
9
0
5
4
3
1
0
0
4
9
0
5
1
8
0
0
0
10
0
7
20
20
8
8
3
1
1
1
4
20
7
16
1
20
22
20
4
1
4
16
16
0
4
1
48
48
1
7
0
0
0
0
3
1
1
4
3
9
0
0
0
1
1
1
27
27
1
0
5
2
2
12
5
0
1
1
1
1
3
3
4
2
65
65
0
1
0
4
3
0
0
2
0
5
13
13
17
0
0
20
20
0
2
1
20
13
5
15
1
7
3
0
15
8
7
3
2
20
13
1
4
1
1
0
1
4
0
12
8
0
0
2
11
11
0
0
1
0
3
5
15
0
5
12
17
24
2
22
114
114
19
0
1
5
5
7
0
1
0
0
1
6
2
7
7
0
0
7
0
0
0
3
4
1
20
20
1
1
0
0
9
9
10
10
12
3
0
0
18
10
5
5
0
15
10
0
3
4
4
0
2
6
6
1
8
1
15
1
9
0
1
0
7
4
4
4
2
20
23
0
0
10
1
0
66
66
10
8
1
4
1
2
0
5
4
1
10
0
0
14
0
0
0
0
8
8
17
17
7
24
1
0
0
0
0
4
21
21
18
8
1
7
0
7
3
1
0
0
3
3
0
13
13
0
9
5
15
7
2
10
4
2
1
1
1
1
17
0
11
1
8
4
1
0
3
2
0
5
2
0
4
6
6
11
10
16
1
1
0
1
1
0
115
115
4
0
5
9
9
9
4
1
7
17
17
24
24
2
15
1
1
1
11
1
0
6
5
5
12
12
0
4
8
22
22
5
10
11
21
12
12
7
5
2
2
7
10
5
0
10
19
2
4
7
8
0
1
1
17
17
0
0
12
12
7
4
4
0
7
4
0
0
0
21
3
5
13
1
1
12
12
6
6
6
4
39
39
20
1
10
10
1
0
0
3
10
7
0
17
17
12
6
23
2
18
4
2
2
0
0
1
0
4
5
0
0
4
1
20
2
12
116
116
4
15
1
0
3
1
1
0
0
1
8
48
12
0
12
12
18
0
6
8
1
12
17
117
117
0
7
15
15
8
12
12
1
19
15
1
1
1
3
20
0
6
2
8
4
1
0
13
36
8
11
4
20
4
0
18
21
0
0
3
1
1
9
8
5
21
2
1
21
3
1
5
1
4
2
1
4
5
8
1
0
10
1
10
4
17
4
4
4
0
3
21
21
0
8
1
21
10
5
8
0
7
1
1
4
1
0
11
21
0
5
22
1
13
13
17
17
13
13
4
2
0
4
9
0
6
67
67
118
118
0
3
0
3
1
7
1
8
20
12
8
11
21
3
1
8
3
6
5
0
4
49
49
119
119
0
120
120
1
17
8
3
0
25
6
12
13
1
1
7
3
1
1
32
1
49
1
1
2
49
7
1
5
5
5
8
12
3
3
3
5
5
5
0
13
1
39
1
3
6
3
2
5
5
14
1
10
17
5
0
0
5
15
1
1
13
7
1
2
2
3
16
5
0
1
2
18
68
68
19
0
1
0
0
5
1
8
1
10
10
2
0
3
22
2
9
5
22
121
121
0
15
1
0
1
4
15
18
15
2
6
7
0
6
10
22
1
1
8
48
8
8
1
8
0
1
1
1
1
20
0
20
15
5
0
10
18
38
38
13
13
15
1
1
21
122
122
1
3
1
10
10
3
1
11
1
15
12
13
8
18
18
7
6
21
0
2
8
8
8
2
1
3
7
2
64
3
14
19
5
1
9
21
0
6
11
3
5
17
13
17
10
8
8
1
8
16
1
10
1
16
18
8
0
9
0
1
9
15
18
3
2
5
10
1
20
3
5
13
3
21
0
0
0
1
123
123
4
4
4
1
1
9
22
9
9
9
12
20
3
4
4
2
0
0
1
3
2
3
1
4
4
0
4
15
10
0
0
20
15
124
124
0
5
17
19
1
3
0
1
1
2
2
4
4
4
1
10
12
1
3
20
1
18
23
5
0
12
4
4
21
5
12
22
16
17
8
3
2
13
1
1
5
22
9
9
0
5
11
17
19
5
3
3
8
16
4
12
2
16
8
39
39
19
1
8
5
3
17
20
6
17
21
22
0
12
50
17
1
3
66
8
21
11
17
8
15
9
8
0
0
0
1
1
8
8
1
12
1
1
1
3
5
5
5
5
6
6
17
3
6
6
69
69
17
2
0
5
0
4
13
13
1
20
1
3
8
5
17
2
23
4
0
8
13
7
17
70
70
14
1
6
1
4
0
1
9
0
9
4
0
6
6
18
12
4
7
4
4
5
3
4
10
17
3
3
5
2
12
6
2
6
12
16
13
20
8
8
6
3
11
40
40
4
20
17
10
6
22
3
0
21
3
11
8
16
6
8
21
32
3
1
1
3
3
10
1
67
9
0
7
10
0
0
8
23
7
8
8
21
8
1
17
4
19
18
17
17
13
2
11
2
13
2
0
1
6
0
1
12
12
3
6
3
22
1
22
8
20
11
1
5
1
10
0
9
14
2
3
4
51
51
1
7
1
125
125
126
126
9
6
21
0
15
1
24
24
11
8
5
17
65
22
2
0
11
127
127
128
128
3
0
1
6
11
0
20
1
4
4
6
129
129
69
15
130
130
6
8
10
15
1
1
17
21
1
9
19
19
8
1
20
20
4
9
8
8
17
17
15
21
71
71
11
9
3
8
1
16
8
0
15
1
131
131
10
20
132
132
11
4
12
3
0
0
2
21
1
21
5
5
6
5
20
1
1
4
4
3
0
5
10
9
1
5
1
8
0
3
20
6
5
70
71
6
3
1
1
13
51
4
7
16
1
4
19
16
7
1
16
6
2
6
7
7
23
15
1
11
4
6
6
13
8
12
18
4
2
5
14
4
3
18
14
0
1
25
1
7
5
8
2
9
1
1
6
52
52
8
2
2
5
5
72
72
15
17
17
2
24
24
4
20
4
0
12
9
5
5
13
13
1
13
1
73
73
1
1
21
15
15
10
19
8
14
11
19
1
16
7
0
1
1
0
16
17
17
11
7
10
1
133
133
16
16
9
9
8
8
5
1
16
25
24
13
4
15
9
21
4
17
17
19
19
2
72
1
1
15
12
19
2
17
17
1
1
134
134
135
135
7
1
0
13
17
17
1
9
0
20
8
5
12
1
136
136
7
0
12
8
12
1
9
9
22
4
13
10
4
4
14
1
12
11
22
1
22
0
3
21
4
4
11
2
4
1
16
16
1
17
1
7
74
74
12
0
15
13
21
21
6
15
14
2
9
17
8
5
137
137
8
8
75
75
12
11
22
1
0
24
8
0
21
2
6
6
21
21
1
21
17
13
10
4
16
13
3
16
12
12
15
8
19
16
19
19
0
11
11
12
14
12
3
0
12
22
9
8
1
0
19
6
8
7
6
8
6
11
4
19
1
4
4
1
2
1
2
6
1
2
68
6
6
12
3
11
8
0
52
17
8
19
0
4
7
12
12
38
1
7
20
20
18
17
19
1
3
6
20
73
12
12
7
17
7
11
2
0
13
21
2
5
7
4
5
138
138
3
5
7
6
1
1
6
0
15
15
17
52
4
12
17
6
53
53
1
7
12
4
3
8
8
8
8
11
7
4
4
10
10
7
7
139
139
4
4
3
11
140
140
2
1
5
13
12
6
19
1
12
38
17
27
4
6
18
4
0
2
21
2
2
1
10
1
22
38
6
7
0
0
13
141
141
4
22
13
6
19
6
19
76
76
0
6
76
15
23
2
4
8
3
18
16
77
77
11
16
1
27
22
19
5
8
0
1
2
74
5
142
142
24
19
1
9
5
143
143
0
77
9
20
2
19
2
11
3
1
1
2
13
15
21
15
1
1
16
1
144
144
6
5
1
4
12
12
2
19
1
145
145
33
33
1
21
21
21
6
0
19
12
34
34
19
2
54
54
5
16
146
146
0
19
19
32
11
51
5
8
78
78
0
6
2
3
7
15
20
13
0
1
1
6
7
1
2
10
19
21
10
6
147
147
1
1
148
148
7
149
149
12
10
0
13
150
150
33
33
33
1
1
20
18
0
5
4
0
21
0
9
3
12
0
5
6
1
40
4
11
12
1
12
0
1
1
18
5
64
64
18
14
4
40
12
3
151
151
3
33
40
3
19
19
54
2
11
23
19
20
19
19
6
11
21
0
4
16
4
4
0
12
31
16
16
7
16
1
11
11
11
4
3
22
54
12
2
20
16
53
19
27
2
79
79
27
78
19
19
6
10
16
8
25
25
12
3
12
14
22
152
152
0
5
17
4
1
16
4
21
3
16
31
3
1
4
16
4
0
6
2
34
34
153
153
1
17
21
21
4
3
3
17
21
18
34
1
8
2
2
19
12
12
5
4
4
0
15
8
12
12
53
21
15
154
154
4
11
79
11
4
12
0
0
16
16
8
5
13
12
12
5
155
155
22
22
1
13
1
15
0
11
5
1
3
7
0
0
18
16
5
5
5
1
31
5
13
14
16
8
16
27
27
1
34
55
55
8
5
156
156
18
13
8
80
80
14
13
6
6
0
12
6
13
13
1
1
15
5
3
20
12
12
12
10
157
157
11
11
5
0
11
6
158
158
13
0
159
159
10
13
18
13
20
17
8
1
19
10
10
10
13
80
8
0
0
5
11
81
81
16
16
160
160
11
1
161
161
6
7
0
1
18
7
6
162
162
13
11
10
13
1
0
0
5
16
13
81
10
31
163
163
1
164
164
1
11
13
0
10
1
5
55
7
10
15
3
165
165
6
3
0
0
75
6
18
18
8
11
11
0
1
10
12
24
8
11
13
13
10
7
9
12
8
19
10
4
5
3
5
13
8
0
20
12
5
12
17
5
4
166
166
167
167
19
19
0
8
2
14
13
11
168
168
4
19
5
11
4
11
13
2
13
1
13
17
169
169
5
170
170
13
3
4
20
4
16
11
17
2
18
32
171
171
2
0
55
1
9
27
1
8
172
172
6
