85
85
8
8
8
8
11
11
36
36
5
5
1
1
9
9
9
8
44
44
9
9
9
5
5
11
9
9
9
9
9
8
8
36
8
11
5
2
9
8
36
9
9
9
1
4
4
64
64
15
15
16
16
0
0
0
0
4
6
6
19
19
16
16
15
15
0
0
0
4
7
7
0
16
0
16
16
4
0
4
3
8
0
15
0
16
0
16
16
0
4
4
16
11
11
4
16
16
6
15
15
15
4
1
1
4
4
4
19
0
7
16
16
4
1
16
3
4
4
15
86
86
4
16
0
5
0
0
0
87
87
15
15
4
15
7
15
15
4
4
4
15
0
16
16
15
64
11
7
4
16
4
7
16
1
0
1
1
9
3
2
16
11
11
9
11
11
19
19
8
27
27
18
18
45
45
11
11
11
3
1
1
4
4
19
13
13
11
1
4
4
14
14
11
18
11
3
3
11
14
1
88
88
9
11
1
48
48
14
14
14
14
6
6
9
3
11
7
7
1
1
8
3
3
28
28
20
20
1
2
9
89
89
11
0
11
9
9
1
1
11
3
3
11
11
12
9
9
4
3
1
14
14
13
1
37
37
65
65
14
3
6
11
11
16
2
14
9
9
9
9
1
13
11
11
19
9
9
22
6
3
9
3
6
48
7
14
20
9
4
16
8
11
11
7
15
16
16
11
45
3
3
4
9
1
1
18
3
9
14
9
11
11
2
2
2
2
2
1
16
3
37
3
14
14
27
11
18
18
1
3
3
19
90
90
9
3
11
27
8
48
9
7
7
11
66
66
9
1
19
19
9
3
1
11
19
13
9
4
4
13
16
9
18
16
9
9
1
18
1
1
1
45
7
7
11
9
9
45
8
18
10
10
11
91
91
9
3
3
9
1
11
11
4
3
9
3
6
3
3
37
4
14
37
37
4
16
66
9
9
15
3
18
4
67
67
21
21
92
92
1
1
9
19
3
1
1
19
6
11
14
93
93
14
9
9
67
14
1
1
1
10
1
11
11
13
11
1
1
17
17
1
13
13
13
13
20
3
12
15
13
13
1
2
1
68
68
13
13
1
1
10
0
17
11
1
1
9
9
1
1
1
13
17
17
1
17
13
13
11
9
4
1
44
13
11
1
13
9
13
11
1
17
11
11
2
1
1
13
11
13
20
13
17
1
15
13
1
1
1
13
39
39
1
13
13
13
69
69
0
13
15
15
13
13
13
17
13
1
1
1
1
13
1
1
11
11
11
11
1
69
17
13
1
13
13
25
25
9
1
13
25
3
2
25
3
13
13
1
1
11
1
1
1
13
25
13
1
1
5
1
1
13
13
1
1
13
1
13
1
1
10
1
13
2
11
13
1
1
39
3
17
14
70
70
9
9
70
49
49
0
0
49
14
1
14
49
9
13
3
7
4
3
5
5
8
8
0
0
0
1
18
23
23
12
8
8
0
15
15
1
0
0
0
0
0
0
7
3
0
1
33
33
18
10
0
0
0
8
2
2
3
3
8
0
0
0
0
0
3
12
2
2
0
19
19
17
17
0
3
3
4
1
0
0
4
0
0
0
0
0
2
10
10
2
8
21
21
0
7
7
7
11
11
22
22
0
50
50
0
0
0
0
0
2
2
15
0
0
18
12
0
0
22
31
0
19
19
24
24
3
3
0
0
0
0
0
7
0
3
0
0
0
0
0
0
3
0
38
38
24
11
10
8
8
15
22
1
0
3
22
0
0
8
4
1
0
0
0
2
24
0
4
0
0
13
0
0
15
0
4
0
0
10
0
0
0
21
0
7
7
7
0
1
17
17
0
0
0
22
22
1
4
15
33
24
8
3
17
3
3
6
6
0
0
0
0
0
2
3
24
0
18
1
0
22
22
3
1
7
15
8
6
3
0
2
12
6
1
94
94
0
0
8
3
10
3
23
22
3
3
17
7
51
51
0
0
0
1
3
0
10
4
0
3
3
10
0
33
33
0
12
18
8
8
1
3
3
1
4
1
0
0
0
15
8
3
8
4
0
0
8
2
3
8
3
22
19
1
3
1
0
3
3
0
0
2
3
38
1
15
7
19
8
1
13
11
0
3
19
0
0
0
3
0
0
30
0
31
23
4
4
3
1
1
0
0
8
0
0
0
24
15
0
0
0
0
8
0
0
1
0
8
6
6
15
1
8
16
22
0
3
24
3
17
24
3
0
0
0
0
0
8
8
0
0
6
0
6
0
0
2
0
7
3
8
8
0
0
0
7
0
0
2
0
0
10
52
52
3
0
0
2
0
0
0
13
11
8
2
0
3
3
0
15
3
44
44
0
19
3
8
10
15
0
0
0
2
10
0
0
0
5
5
0
11
0
0
0
2
0
0
0
3
4
3
0
0
3
3
38
0
95
95
0
4
0
0
0
3
0
8
0
0
3
19
0
1
3
0
0
0
0
1
0
5
15
50
0
3
22
24
22
7
3
8
2
0
6
8
19
24
3
22
0
0
0
1
7
0
15
18
12
4
0
1
7
2
8
3
4
4
0
0
22
7
3
19
8
0
0
0
7
10
0
21
71
71
0
3
0
3
3
15
0
9
2
2
12
50
3
5
15
8
18
0
3
0
6
13
7
22
9
6
3
11
3
6
71
21
0
1
1
1
0
0
23
0
0
10
0
0
8
22
0
3
7
1
0
0
10
3
0
3
3
24
16
0
12
1
0
0
0
2
10
0
10
10
15
3
15
0
4
0
0
0
0
10
0
0
1
0
0
1
11
10
15
3
3
72
72
53
53
33
4
0
7
7
15
0
0
3
10
2
0
0
0
0
6
1
24
18
15
3
0
21
21
0
0
0
12
10
1
0
3
3
0
3
15
3
0
0
11
3
24
53
0
0
23
0
8
8
4
0
12
7
2
8
4
0
0
0
3
0
1
13
0
10
10
10
0
0
0
0
0
0
19
0
22
0
0
0
2
0
0
8
0
24
4
3
10
10
0
9
10
0
0
0
0
0
0
0
0
0
10
10
10
10
96
96
5
5
10
52
10
8
8
8
7
3
3
14
11
0
3
3
3
13
14
7
7
7
7
4
8
8
27
5
16
16
7
31
31
0
8
3
8
8
51
20
20
3
11
4
12
0
0
8
3
7
7
73
73
9
0
4
7
3
8
52
6
11
13
27
27
31
7
4
9
9
7
3
3
12
7
4
7
36
7
7
7
6
6
3
7
7
8
12
8
12
7
8
12
3
2
2
4
14
14
6
12
9
11
14
14
12
12
2
7
30
30
8
20
8
7
3
7
36
1
6
6
17
17
8
8
27
1
8
31
15
1
10
14
1
8
8
12
3
8
9
9
4
12
21
21
4
6
12
12
7
8
4
6
12
0
20
4
4
30
8
8
14
5
7
5
4
8
7
13
16
7
15
6
20
8
4
19
6
12
7
7
7
39
7
8
3
7
14
2
8
7
14
19
7
12
3
3
3
7
14
14
9
3
3
3
3
1
7
2
8
8
12
12
20
39
39
21
1
20
12
8
6
6
3
3
7
1
14
12
30
73
6
14
3
3
6
30
7
6
2
2
7
3
14
3
12
1
4
11
7
4
12
14
12
2
3
1
12
9
7
7
7
7
11
20
15
4
0
2
7
8
8
3
4
7
12
7
8
4
65
12
4
12
27
21
1
12
4
4
8
0
13
4
6
4
8
14
31
31
12
3
7
19
19
12
4
4
7
4
3
3
3
12
20
16
20
4
7
4
3
12
8
8
12
4
27
16
14
0
12
20
12
8
12
3
10
4
30
4
3
12
12
7
6
1
12
27
12
20
3
7
31
7
10
11
11
6
8
8
54
54
3
3
10
2
4
4
2
3
4
2
4
3
4
97
97
3
3
2
10
2
2
2
6
40
40
2
10
3
10
10
18
20
3
19
10
4
4
18
18
10
8
4
17
17
4
4
4
8
2
2
3
3
11
98
98
1
4
18
6
6
2
2
2
2
10
5
2
12
12
18
2
74
74
28
28
1
8
4
4
4
75
75
2
2
3
10
4
2
3
3
4
2
4
4
8
3
28
2
2
20
8
2
1
1
2
4
8
54
8
22
1
4
0
4
4
1
1
4
0
2
2
2
6
10
19
2
2
10
0
1
8
18
8
1
25
25
11
13
2
2
3
5
8
3
0
55
55
12
3
3
10
11
3
18
11
0
11
10
1
5
2
4
99
99
7
2
4
3
2
5
12
2
10
10
10
3
17
4
3
12
1
4
11
11
4
8
10
2
2
2
2
5
100
100
56
56
1
2
2
4
4
1
3
55
10
2
2
3
2
25
101
101
0
3
13
2
28
6
6
76
76
2
4
3
11
4
22
8
4
3
0
40
12
1
1
1
4
2
2
3
10
2
18
3
2
10
10
1
10
10
3
2
15
4
2
102
102
4
4
3
17
2
8
4
3
3
3
14
14
10
0
0
28
28
13
3
1
4
15
8
3
3
1
10
40
1
4
103
103
4
3
2
2
4
104
104
3
4
20
14
18
2
4
2
1
40
3
2
19
10
1
4
2
2
4
11
14
2
105
105
8
8
106
106
18
12
2
3
77
77
3
2
8
10
17
7
4
2
3
1
55
4
10
4
8
2
2
4
4
4
2
1
2
14
2
15
3
14
4
2
3
40
3
4
2
15
2
2
75
72
5
18
18
20
8
20
6
6
1
22
10
20
28
28
1
10
107
107
20
7
3
3
2
1
4
2
3
3
2
76
3
10
4
3
2
3
3
11
2
25
2
2
2
2
20
17
3
4
5
17
7
10
10
4
3
4
2
2
10
4
1
2
5
4
3
5
5
15
1
2
3
14
14
10
4
4
2
2
2
6
0
2
3
74
14
6
2
2
15
3
11
1
6
2
11
54
2
1
3
6
2
4
11
7
8
2
6
4
2
3
2
3
8
3
6
2
3
6
3
2
11
12
2
14
2
2
6
57
57
1
20
1
56
4
2
1
2
1
1
10
11
2
6
0
68
10
10
3
2
4
4
3
5
4
3
2
18
4
3
15
4
6
6
3
17
3
56
3
4
4
4
4
4
4
3
4
2
8
4
4
9
9
4
4
4
8
21
17
1
4
2
4
4
21
7
8
8
4
4
4
4
12
8
7
24
4
6
5
33
12
12
4
2
2
3
17
17
4
17
17
17
22
8
21
4
12
8
8
4
4
4
4
4
7
14
7
17
3
17
4
3
21
14
4
2
14
8
4
4
11
4
12
11
4
2
8
4
21
4
12
4
4
4
7
4
3
4
4
4
2
108
108
8
109
109
12
4
17
17
4
17
4
21
12
4
9
17
17
4
8
6
21
22
6
4
4
12
29
29
4
110
110
6
6
14
111
111
16
0
0
10
2
2
3
1
1
9
8
46
46
77
32
32
14
9
1
10
4
12
3
10
10
2
29
14
4
12
14
14
2
23
2
9
9
3
10
13
12
14
14
3
3
6
12
14
29
47
47
11
4
2
14
9
0
13
10
78
78
1
0
6
3
112
112
2
13
14
7
2
41
41
9
4
9
9
23
2
0
6
4
10
14
14
13
0
13
13
13
0
14
23
23
8
2
3
1
2
2
16
16
2
2
5
3
38
11
1
2
30
6
6
9
6
1
2
10
2
2
7
16
113
113
16
6
15
15
29
2
16
16
6
2
16
16
16
14
15
9
9
2
114
114
6
9
2
2
47
47
3
9
2
18
41
0
16
2
2
14
23
78
23
2
2
9
15
6
41
41
1
79
79
79
13
2
7
14
4
6
2
13
13
14
14
29
2
46
9
29
15
2
23
6
57
9
2
80
80
6
51
2
12
23
14
14
12
10
0
8
0
2
6
13
7
12
29
4
9
2
13
12
2
2
2
2
2
9
9
115
115
8
0
0
10
1
0
12
9
9
14
3
0
2
2
11
23
3
0
0
10
16
15
5
9
13
32
6
12
9
38
2
12
4
46
46
14
57
16
2
9
6
116
116
29
23
10
2
32
16
6
6
15
15
15
2
5
15
14
14
10
4
23
12
23
2
23
29
10
41
8
80
15
14
3
16
4
9
14
3
1
9
0
0
9
32
8
14
10
2
2
2
2
9
9
47
32
7
7
13
13
15
15
12
1
1
12
7
7
7
6
6
5
1
1
2
81
81
9
9
6
4
2
1
4
1
7
6
4
1
13
1
6
1
1
9
6
12
6
7
2
21
1
2
0
6
15
13
13
6
2
6
82
82
1
0
1
7
1
0
12
12
58
58
6
1
4
4
2
7
17
6
1
6
6
4
12
1
12
11
6
32
15
15
2
0
0
13
7
81
7
1
1
1
5
2
2
1
1
2
30
1
4
1
1
1
4
0
1
2
2
1
2
1
1
4
9
1
6
6
6
7
1
1
1
1
6
21
1
16
16
59
59
3
8
7
6
6
0
9
15
6
6
17
6
117
117
2
34
34
9
6
6
6
5
6
12
6
2
5
5
2
7
3
1
0
1
1
8
6
0
13
60
60
22
60
1
118
118
34
1
1
13
6
6
4
1
13
6
8
11
0
21
1
1
9
13
9
5
5
34
16
16
119
119
1
2
1
1
1
20
13
13
5
10
13
13
2
2
1
7
5
0
83
83
13
15
12
13
13
13
4
5
5
5
5
7
1
1
4
1
1
1
0
4
1
6
1
12
4
1
4
2
25
2
25
6
6
1
6
7
4
2
4
4
0
60
6
1
6
6
6
5
0
4
1
6
13
15
4
1
7
0
58
12
6
2
5
0
1
8
15
1
7
1
34
1
15
0
4
6
1
4
120
120
5
1
6
18
5
5
58
1
1
6
7
2
13
2
1
5
59
0
5
1
15
1
1
4
1
2
59
15
1
34
2
0
6
1
0
1
4
13
6
2
12
4
11
1
1
34
1
1
4
2
1
6
6
0
1
1
1
1
0
0
1
13
83
6
1
1
1
2
82
3
61
61
16
16
0
61
10
10
2
10
26
26
5
12
2
0
0
5
5
0
121
121
5
5
5
0
0
5
53
4
12
5
10
4
5
16
16
3
5
12
0
0
5
16
5
5
4
5
10
0
0
0
0
3
5
5
10
10
2
26
26
4
5
5
5
23
4
17
5
16
26
12
10
20
0
0
0
5
16
2
26
26
5
12
0
5
0
12
5
7
2
0
5
10
1
21
2
5
4
5
0
21
2
5
4
2
10
12
2
26
16
0
0
12
5
5
17
0
5
5
3
5
2
5
5
5
0
5
2
4
21
16
4
12
2
16
16
5
26
0
0
0
17
5
5
5
10
1
5
10
1
5
10
0
5
3
2
16
8
4
4
26
12
10
9
0
5
5
25
25
32
32
21
0
5
2
5
3
1
4
2
61
5
16
16
0
122
122
5
5
2
5
5
2
10
5
9
7
9
0
6
0
2
5
0
10
5
5
5
5
0
5
0
0
8
2
5
2
2
4
5
9
5
5
26
5
8
13
5
5
5
5
10
26
5
5
9
9
1
5
5
5
7
7
1
42
42
5
5
7
5
5
9
6
6
5
15
6
6
14
14
6
5
7
7
3
7
1
62
62
9
5
5
5
9
9
5
5
6
5
7
5
5
5
5
5
5
3
3
5
84
84
14
0
5
1
35
35
0
0
43
43
5
7
3
7
7
1
5
1
5
5
7
5
9
7
0
5
14
5
5
1
2
1
7
5
6
15
5
5
5
0
5
5
5
5
5
43
1
1
5
5
1
1
1
1
5
14
5
5
43
1
5
14
1
3
0
15
6
35
7
43
123
123
5
9
7
6
5
42
5
5
5
9
1
9
6
14
9
5
5
5
5
5
1
63
63
6
5
5
5
5
42
42
4
62
5
42
14
84
1
35
63
5
2
11
5
1
6
5
7
11
5
10
5
2
5
5
9
5
10
5
62
1
5
7
7
9
3
1
35
9
0
2
1
1
35
11
1
7
5
7
3
35
9
3
9
5
6
6
9
124
124
5
11
0
63
43
5
5
15
7
0
5
1
1
