89
89
13
13
17
17
10
10
20
20
9
9
10
10
11
11
11
13
35
35
11
11
11
9
9
10
11
11
11
11
1
13
13
20
13
10
2
6
11
13
20
11
11
11
10
5
5
61
61
13
13
6
6
19
19
19
19
5
7
0
12
12
6
6
13
5
19
19
0
5
2
2
19
6
19
6
6
5
19
5
6
5
19
13
19
6
19
6
6
0
5
5
6
10
10
5
6
6
7
13
13
13
3
14
7
5
5
5
12
19
2
2
1
5
14
11
0
5
5
13
90
90
5
6
0
5
19
19
19
91
91
15
15
6
15
2
13
11
5
5
5
13
19
6
6
15
61
10
2
6
6
3
2
6
5
19
3
3
11
3
0
7
10
10
11
10
8
11
11
3
8
8
3
3
50
50
10
10
10
3
5
5
6
6
11
8
8
10
5
5
5
12
12
10
3
10
5
5
10
1
3
92
92
11
10
3
45
45
12
22
19
19
7
7
11
5
10
6
6
3
3
13
3
3
26
26
4
4
3
3
4
93
93
10
0
10
11
11
3
3
10
2
2
10
10
6
11
11
6
3
3
12
12
8
3
21
21
62
62
12
6
7
10
10
6
1
5
11
11
11
3
3
8
10
11
11
11
11
11
7
8
11
5
7
45
6
12
4
11
6
6
13
10
10
12
13
10
10
10
2
5
3
5
12
8
10
6
4
11
12
1
10
10
1
6
1
6
3
3
6
3
21
3
12
9
8
10
3
3
5
5
3
11
0
0
11
5
10
8
3
45
11
7
7
10
2
2
9
3
12
12
11
5
10
10
11
8
3
11
11
8
6
11
3
6
11
17
3
0
3
3
3
50
6
6
10
11
1
50
3
3
14
14
10
2
2
12
3
5
11
3
10
10
21
3
11
3
14
2
11
21
5
12
21
21
9
6
2
1
11
13
4
0
6
6
6
16
16
94
94
3
3
11
12
5
10
10
1
0
10
3
95
95
12
11
11
6
12
3
3
3
2
3
10
10
8
10
3
8
12
12
8
8
8
8
8
4
5
8
10
8
8
2
3
3
63
63
8
8
3
3
3
19
12
10
3
3
11
11
3
3
3
8
12
12
3
12
8
8
10
11
8
3
35
8
4
3
8
11
8
10
3
12
10
10
3
3
3
8
10
8
4
8
12
3
13
8
8
3
8
8
6
6
8
8
8
8
22
22
3
8
10
10
8
8
6
12
8
3
3
3
3
8
2
3
10
10
8
10
3
22
12
8
4
8
8
15
15
11
10
8
15
3
0
15
5
8
8
3
3
10
8
3
3
8
15
8
3
4
9
4
3
8
8
3
3
8
3
8
3
3
21
3
8
6
10
8
21
8
6
5
12
5
14
14
1
1
14
8
8
19
19
8
5
13
5
2
1
8
2
8
2
2
2
2
3
3
0
2
0
5
3
18
18
5
13
13
0
13
13
3
5
0
0
0
0
7
6
6
6
13
5
5
3
0
0
21
0
13
8
1
3
2
13
0
0
0
0
0
2
3
15
15
0
12
12
12
12
0
0
2
1
4
0
0
2
0
0
0
0
0
6
0
0
6
13
16
16
0
6
6
7
10
10
11
11
0
4
4
0
0
0
0
0
6
6
2
0
9
3
19
0
0
11
7
0
11
11
11
11
2
3
0
0
0
0
0
6
0
4
0
0
0
9
4
0
2
0
30
30
11
10
4
3
3
13
11
3
0
14
11
0
0
3
2
3
3
2
0
7
11
0
0
0
0
8
0
0
13
0
5
0
0
0
0
0
0
16
0
6
6
0
6
3
12
12
0
0
0
11
11
3
1
13
5
11
13
11
1
2
2
7
7
0
3
0
0
0
15
3
11
0
5
5
8
11
11
2
3
6
13
13
7
1
9
6
6
7
2
96
96
0
0
3
2
0
2
18
11
2
2
12
2
46
46
0
0
5
4
2
0
0
5
0
2
2
0
3
5
5
0
3
3
2
13
3
2
5
4
0
3
0
0
0
13
13
3
13
2
0
0
13
5
3
13
0
11
12
2
3
3
7
5
2
19
21
6
2
30
5
2
6
12
13
5
8
10
0
5
12
0
0
0
2
0
0
6
0
0
18
2
2
2
3
3
0
0
13
0
0
0
11
2
0
0
0
0
3
2
0
4
2
13
14
7
13
3
13
0
11
0
3
11
2
12
11
2
0
0
0
0
0
6
3
6
5
7
0
14
0
0
8
0
6
8
13
13
0
0
0
1
0
0
1
0
0
21
29
29
3
3
0
6
0
19
0
8
10
13
2
29
3
0
0
13
2
35
35
0
12
2
3
6
13
3
0
0
6
0
3
0
0
9
9
0
12
0
0
0
8
0
0
0
3
2
2
0
1
2
2
30
0
25
25
0
2
0
0
0
2
0
3
2
0
2
12
0
3
2
0
0
0
0
2
0
2
13
4
0
2
0
11
11
6
8
3
6
0
7
13
12
11
5
11
0
3
3
2
0
0
13
3
3
4
2
3
6
6
13
2
5
5
0
0
11
6
2
12
2
0
0
0
6
0
0
16
11
11
1
3
0
2
5
13
0
2
8
5
6
4
3
9
13
13
3
0
2
0
7
8
6
11
12
7
2
10
3
14
11
16
0
3
3
3
0
6
18
0
9
0
6
0
13
11
0
2
6
2
0
0
0
3
0
3
3
11
5
0
6
3
0
2
0
1
7
0
0
0
13
2
2
0
5
0
3
0
0
0
0
0
3
0
0
3
10
0
13
5
2
8
8
13
13
5
2
3
6
6
13
0
0
2
0
1
0
7
0
0
14
3
6
3
2
3
0
16
16
0
0
0
6
0
5
7
8
3
2
2
3
6
0
0
10
2
11
13
0
0
18
7
5
5
5
0
19
6
6
13
5
0
0
0
2
0
3
8
0
5
0
0
0
9
0
0
0
0
12
0
11
0
0
0
3
0
0
3
0
11
0
2
0
0
0
11
0
0
0
0
0
0
0
7
0
2
13
13
13
13
97
97
23
23
13
29
13
13
1
5
6
3
3
11
10
0
3
3
3
20
11
6
0
6
8
1
13
13
8
2
19
19
7
7
0
55
13
1
13
5
46
4
4
3
10
1
3
0
0
13
4
6
7
64
64
11
0
19
2
3
1
29
14
10
20
8
8
7
6
6
11
11
6
3
3
3
6
5
6
20
6
8
8
7
7
3
7
6
1
3
1
6
6
13
19
1
6
1
6
12
12
14
4
11
10
11
11
19
6
6
6
6
6
13
4
13
4
3
0
20
3
1
1
12
12
13
13
6
3
13
7
13
4
14
1
3
13
13
6
3
13
11
11
5
19
16
16
5
1
13
13
6
13
8
7
3
0
7
5
5
6
13
13
3
9
7
1
5
13
6
20
5
6
13
7
4
2
6
12
0
1
6
6
6
6
6
13
2
4
11
1
13
7
22
12
8
6
3
3
3
6
1
22
11
2
3
3
3
3
2
5
13
13
11
1
27
6
6
16
3
4
13
9
7
7
6
6
8
3
3
3
6
64
7
3
3
3
7
6
4
1
1
1
0
3
11
6
13
3
19
10
6
19
1
3
3
1
3
3
13
11
6
8
6
2
10
4
15
2
0
1
8
13
5
3
5
0
1
6
13
9
62
9
0
9
8
16
3
3
6
1
13
1
2
5
7
5
13
11
7
7
3
3
6
12
12
5
5
5
8
5
3
3
3
3
4
6
4
1
8
5
13
6
13
13
4
5
8
8
3
0
3
17
3
13
6
3
13
2
6
21
3
13
5
4
7
5
13
8
1
4
2
6
7
6
0
10
10
14
13
13
47
47
3
3
14
8
5
5
6
3
5
1
1
3
8
2
2
0
8
8
0
1
1
6
14
10
10
8
14
2
0
14
3
4
3
12
0
1
5
3
3
14
13
1
12
12
8
2
2
5
1
1
5
2
10
98
98
5
5
3
2
7
6
6
8
4
14
5
6
6
6
6
1
15
15
26
26
5
13
5
1
2
23
23
3
1
2
14
1
1
2
3
21
4
5
5
13
3
26
1
1
4
13
6
5
5
1
5
3
47
21
11
4
6
0
8
2
5
2
5
0
5
8
1
14
14
12
5
1
0
19
3
13
0
5
5
15
5
10
8
6
4
3
2
0
3
3
22
22
3
2
3
14
10
2
3
10
19
10
0
8
9
1
1
99
99
6
6
5
3
6
9
3
1
14
0
0
3
12
2
3
2
4
4
10
10
5
5
2
6
1
9
1
2
100
100
6
6
5
1
1
2
1
8
4
22
0
1
6
3
1
15
19
19
0
2
8
6
26
7
7
10
10
1
21
1
13
5
11
9
8
3
0
10
3
11
5
3
1
1
5
3
2
1
3
3
1
2
0
2
14
14
3
1
0
2
6
15
15
4
8
2
12
6
3
4
3
8
8
11
11
0
19
19
26
26
8
3
7
1
13
13
1
2
3
14
10
5
2
101
101
5
4
6
8
1
5
5
3
5
7
11
6
1
6
1
2
10
3
6
12
14
5
5
6
6
5
10
11
2
17
17
13
3
102
102
9
3
1
2
65
65
1
1
13
0
12
6
5
4
3
3
22
5
14
8
2
4
6
5
5
5
6
5
1
11
1
2
2
11
5
1
3
10
4
5
6
2
1
6
23
8
5
5
6
27
13
4
7
7
5
11
14
4
26
26
1
14
12
12
4
6
3
4
6
7
1
5
1
3
4
10
3
2
2
4
6
14
2
10
6
15
6
1
4
1
7
12
3
1
2
12
5
14
0
5
1
5
1
1
14
4
9
4
2
5
1
9
9
13
2
4
1
11
11
0
4
5
4
1
1
1
0
4
2
15
5
6
4
4
13
3
10
8
8
1
10
47
8
3
3
7
6
5
10
2
13
1
7
2
1
12
1
14
5
13
2
1
1
2
3
1
10
3
1
1
6
5
0
20
20
5
4
3
6
5
6
4
4
5
5
14
10
6
8
19
63
14
14
8
4
5
5
3
1
5
8
1
9
1
3
2
1
14
0
3
12
3
6
2
5
5
5
0
9
3
13
6
6
5
8
4
11
11
1
5
3
5
16
12
3
5
4
2
0
16
6
5
0
0
2
5
5
1
5
6
11
5
7
23
5
5
7
5
6
6
2
12
12
0
12
12
12
11
11
16
5
5
5
1
5
0
2
3
5
23
22
6
12
2
12
4
3
16
9
2
6
22
5
3
8
10
2
4
10
4
6
5
5
16
4
5
5
5
2
6
5
3
5
5
2
6
103
103
5
104
104
6
1
12
12
2
12
2
16
3
5
4
12
12
4
5
6
16
11
7
2
8
6
13
13
6
105
105
7
0
5
106
106
5
7
7
14
1
1
2
19
19
4
3
2
2
65
25
25
5
3
19
14
1
3
5
14
14
1
13
8
6
5
5
1
1
18
2
17
17
13
14
8
5
9
9
2
2
1
5
5
13
10
10
10
1
1
11
4
0
8
14
16
16
3
19
1
2
14
14
1
8
11
6
6
12
12
4
5
4
4
18
6
2
7
6
14
11
11
8
19
8
8
8
0
11
18
18
0
2
2
1
2
2
10
10
1
8
1
2
30
10
19
8
6
7
7
4
7
3
3
14
1
1
8
10
1
1
10
7
13
13
13
1
10
6
7
2
10
6
5
10
13
3
4
1
107
107
18
3
1
1
10
10
2
4
1
9
12
7
5
1
1
11
18
16
18
6
3
17
13
7
12
12
3
57
57
57
8
1
6
9
6
7
2
8
8
11
11
13
1
2
4
13
13
1
18
7
20
4
5
7
7
7
46
6
5
18
5
11
5
14
19
3
0
3
1
6
4
5
13
2
4
1
3
5
1
6
1
1
1
4
4
37
37
3
18
18
3
3
7
3
1
4
11
7
7
1
1
10
18
5
7
0
14
2
3
23
3
8
25
1
6
4
30
4
5
6
2
2
1
20
0
4
11
22
108
108
13
18
2
1
25
10
7
7
13
15
15
1
1
2
5
5
14
6
18
5
18
21
18
13
14
12
0
7
13
9
5
10
8
3
9
13
3
3
19
19
17
25
0
4
14
1
5
1
6
11
11
10
25
6
7
8
8
15
15
9
4
8
6
6
2
6
7
4
9
8
1
6
18
18
17
17
7
5
23
3
0
4
7
7
6
3
8
3
7
21
3
11
7
21
8
6
6
16
2
1
0
7
15
8
8
7
1
7
15
15
3
0
2
5
3
7
3
3
5
5
7
4
23
23
6
6
12
7
2
7
8
5
3
3
4
10
7
25
13
13
6
0
0
8
0
18
6
8
3
8
5
6
6
1
3
6
6
4
23
3
3
3
4
0
3
1
1
4
1
8
8
5
17
4
7
7
7
6
3
1
1
1
7
16
3
5
5
7
7
3
11
4
7
7
0
11
15
7
7
12
7
3
3
6
17
17
11
8
7
7
9
9
19
8
3
9
9
1
2
13
11
0
3
3
13
7
7
8
36
36
11
36
4
109
109
17
4
3
8
8
8
5
2
8
7
13
10
0
16
3
2
17
8
11
9
9
17
5
5
6
6
8
7
3
4
4
4
8
8
9
0
8
8
1
6
4
6
1
0
66
66
8
15
13
8
8
8
4
9
9
2
9
6
5
1
23
8
2
2
0
5
3
7
3
4
5
8
5
6
15
1
15
7
7
2
7
2
5
6
9
9
2
36
7
9
6
7
7
2
0
23
8
7
8
15
5
4
20
0
5
3
7
5
9
7
3
11
15
3
6
3
17
8
15
7
14
7
4
5
34
34
2
4
7
6
9
9
5
8
3
7
8
6
8
6
2
6
7
0
9
4
15
4
4
23
4
6
7
13
4
17
1
2
7
2
0
2
5
8
2
1
3
5
10
1
5
17
3
2
5
1
4
2
7
9
3
2
3
4
0
0
3
8
66
7
4
4
4
1
15
13
0
0
10
10
0
0
2
1
6
2
10
10
2
3
6
7
0
9
9
0
110
110
6
9
2
0
0
2
1
5
3
2
2
2
9
5
0
4
6
3
2
2
2
6
9
9
8
0
2
0
0
0
0
2
9
5
9
2
6
10
10
2
9
9
9
18
1
22
9
5
10
0
21
17
7
20
0
2
2
13
10
10
9
3
7
9
0
3
9
6
6
0
1
0
2
16
6
9
2
6
2
16
10
23
8
6
2
21
6
10
10
0
0
3
2
2
22
0
9
0
2
2
6
2
9
9
0
9
6
8
16
5
2
3
6
9
5
1
10
0
0
0
12
2
2
2
3
13
9
1
5
2
2
1
2
3
6
7
13
1
2
10
3
2
11
0
2
2
15
15
25
25
16
0
9
6
6
2
5
2
6
0
0
5
5
0
11
11
2
9
6
9
6
6
13
1
11
2
11
0
7
0
6
2
21
0
2
0
2
9
0
9
0
0
13
13
1
6
6
5
2
11
2
0
10
9
13
8
0
2
9
23
1
10
9
2
12
12
3
9
2
2
2
2
13
9
9
9
9
6
9
9
17
7
7
9
13
1
7
12
12
7
2
6
8
3
2
1
48
48
17
2
9
0
17
17
2
0
7
2
7
2
2
2
2
6
0
1
1
2
4
4
12
7
1
0
14
14
0
0
16
16
7
7
3
8
1
3
8
3
9
9
8
2
12
20
19
2
12
9
2
3
6
3
7
9
1
10
9
9
9
0
9
6
9
2
9
16
3
3
9
9
3
3
3
3
9
12
0
9
16
3
2
12
21
3
0
10
8
14
1
16
0
0
7
11
7
12
9
9
2
2
2
17
3
7
7
12
6
6
9
9
2
2
4
22
22
7
7
9
9
2
9
9
9
48
9
9
12
4
3
14
22
0
9
10
2
3
6
9
1
10
2
2
1
6
2
2
17
2
13
2
48
3
9
7
7
12
1
4
14
17
19
6
8
3
14
10
3
6
9
1
3
14
17
3
12
9
7
7
17
111
111
9
10
0
22
16
2
9
10
0
0
2
3
3
1
1
7
12
18
18
18
7
2
10
7
24
24
2
24
24
7
2
16
7
3
7
3
2
3
5
6
2
9
4
3
0
49
49
0
2
1
6
6
9
9
10
1
5
0
2
0
18
18
12
12
1
9
6
6
6
1
11
10
3
15
15
13
1
1
8
6
0
1
4
7
2
24
24
8
8
8
13
2
2
9
9
2
6
2
7
4
6
7
2
10
10
9
11
3
2
9
12
15
9
2
8
3
8
1
6
4
4
3
4
13
9
4
11
1
3
1
5
1
3
2
1
1
1
1
24
2
6
3
7
1
112
112
20
20
2
2
2
2
6
7
4
3
3
2
3
4
20
3
1
2
9
7
7
24
67
67
4
1
1
1
2
4
7
7
16
13
13
6
6
0
24
13
8
24
1
2
1
2
2
2
1
1
1
2
7
8
8
5
15
13
9
1
1
9
8
5
3
4
1
49
49
7
2
1
1
1
8
113
113
16
1
15
1
1
1
1
1
37
37
3
18
21
8
8
9
4
2
8
2
15
1
8
2
9
1
1
11
9
28
28
1
8
5
20
1
1
23
2
9
24
8
6
7
13
4
3
2
9
20
13
6
4
9
15
15
24
1
8
5
1
1
1
2
9
2
9
2
2
8
10
1
1
2
0
2
2
24
2
13
6
3
12
12
7
37
13
6
2
2
1
2
1
6
2
17
17
2
2
10
10
2
1
1
6
6
24
1
1
4
3
23
1
1
1
5
0
4
8
7
2
16
11
7
1
1
1
7
1
2
5
5
8
9
15
1
1
1
7
6
18
4
8
7
3
4
9
9
4
3
6
7
5
2
8
11
9
4
8
23
13
7
4
4
23
1
4
4
5
4
1
9
1
5
1
1
4
4
2
17
8
2
1
3
1
1
4
7
4
1
2
2
6
20
2
24
1
2
2
6
1
4
5
1
68
68
68
4
6
1
1
1
1
4
5
12
1
1
4
1
4
5
24
1
1
1
1
1
1
1
6
8
1
1
24
1
1
1
6
3
2
2
2
1
114
114
6
1
1
1
1
1
1
1
4
2
4
24
6
6
4
9
23
1
2
1
7
1
9
7
12
23
1
3
1
12
1
1
1
8
4
2
1
2
115
115
1
2
3
11
1
1
2
12
5
2
4
0
4
14
12
12
4
4
4
22
2
2
6
17
7
0
2
0
6
5
5
11
16
16
7
6
0
1
1
8
22
16
16
0
28
28
14
0
0
15
16
0
12
0
21
7
17
0
6
3
4
11
2
4
7
7
4
4
1
1
2
7
4
4
8
4
4
5
5
2
4
4
2
4
2
4
4
0
4
4
5
4
4
4
8
21
17
4
116
116
4
0
11
11
2
2
17
16
0
2
0
2
8
4
4
9
8
0
13
16
16
4
1
15
0
13
7
4
1
6
6
0
5
1
6
7
0
7
4
2
9
14
14
0
1
4
5
7
7
16
2
17
7
17
5
3
8
9
12
4
4
8
2
8
6
8
2
17
9
9
4
5
1
4
7
17
9
4
4
7
0
4
7
2
22
1
22
19
19
22
28
4
4
5
4
4
0
4
4
0
4
7
2
7
2
8
4
4
4
2
0
3
4
7
17
7
4
11
0
7
22
4
6
4
1
15
2
15
15
3
4
4
4
28
4
4
4
22
4
2
4
1
1
9
1
15
2
4
1
1
12
18
4
7
13
13
7
2
7
2
7
1
22
9
4
0
4
8
2
22
4
1
0
4
2
5
2
7
2
1
2
0
16
0
0
7
4
4
4
3
4
0
7
8
2
8
9
4
4
0
0
0
4
4
4
14
4
0
2
14
3
1
5
117
117
17
0
17
4
2
13
0
0
0
1
0
2
7
0
1
0
0
1
1
15
8
0
0
22
1
1
4
4
15
0
4
16
8
0
4
4
8
2
0
8
8
4
7
0
0
4
1
1
0
4
4
1
1
14
1
7
4
3
4
4
0
9
4
4
0
0
1
1
16
1
0
4
4
118
118
4
3
3
4
0
5
2
4
4
19
6
0
0
0
8
0
8
1
1
12
1
0
2
5
0
6
0
0
0
3
0
7
0
15
14
11
5
5
12
3
8
0
0
15
22
3
1
1
2
2
2
3
15
0
0
0
0
0
0
0
5
0
5
0
0
0
2
11
0
0
15
5
15
5
0
5
5
3
0
21
0
2
2
2
5
1
0
0
0
14
7
5
0
6
6
5
51
51
9
9
6
1
7
3
2
2
14
2
9
0
13
2
14
2
13
13
6
5
16
16
14
7
8
4
0
0
5
16
8
2
7
0
13
0
16
0
0
5
0
20
0
10
14
0
18
18
5
1
0
0
0
0
14
8
14
0
0
0
6
0
0
2
14
0
13
15
3
9
5
5
0
0
9
0
14
14
0
10
10
6
3
14
0
12
6
9
10
2
9
0
0
51
14
7
1
0
0
0
5
0
5
3
0
3
9
8
0
0
0
0
0
12
0
8
0
15
0
0
8
0
29
29
0
5
3
3
3
0
0
0
3
0
15
5
0
119
119
0
18
15
0
0
2
14
1
7
1
18
0
6
0
6
6
0
5
0
0
5
7
7
0
2
0
0
0
6
0
6
0
2
11
11
14
14
14
5
2
7
15
7
12
19
3
120
120
0
0
21
0
0
5
2
41
41
10
16
9
11
11
14
18
7
0
21
11
0
0
2
5
12
2
2
3
4
0
1
9
4
4
0
12
12
10
1
1
10
1
3
2
2
17
17
9
4
2
4
0
23
23
4
4
2
5
1
16
9
24
24
24
10
9
9
20
20
7
0
4
11
11
18
18
9
20
0
8
8
4
1
1
23
8
0
4
16
0
12
12
0
0
10
18
2
1
2
9
9
4
12
7
5
0
13
13
7
22
3
12
0
2
2
3
14
0
0
52
52
0
12
3
0
4
17
17
7
0
14
0
4
0
15
5
7
1
0
4
2
2
4
5
4
12
4
0
3
3
3
0
26
1
7
4
3
0
23
7
0
4
0
0
6
1
4
4
9
4
9
1
9
1
0
1
4
3
2
0
4
4
4
4
11
11
23
14
0
21
4
0
4
7
4
0
2
0
4
0
0
2
14
14
4
0
15
0
2
14
1
11
16
16
3
0
23
27
1
0
0
7
0
6
10
10
52
4
4
4
0
3
12
4
5
4
7
4
18
4
4
4
12
0
4
4
4
3
18
4
24
4
7
9
3
2
4
9
9
4
2
17
3
2
4
23
21
11
7
14
23
23
4
12
12
2
2
0
5
1
10
23
0
4
5
1
20
4
0
10
0
4
4
0
4
0
0
1
3
12
2
1
6
4
9
4
9
4
5
17
0
0
4
14
16
10
1
4
0
22
3
0
12
12
7
38
38
12
0
4
12
38
2
38
0
10
1
9
12
4
12
22
16
16
4
9
7
11
12
9
0
0
4
12
1
0
0
6
12
12
21
4
4
8
17
2
2
8
11
4
4
10
5
2
2
22
4
10
0
4
4
6
24
0
3
0
0
0
15
5
14
1
0
12
3
16
22
2
0
0
0
0
0
0
10
18
1
16
1
15
0
5
4
5
0
1
0
0
11
11
11
0
0
4
0
12
10
9
0
7
4
0
2
67
4
3
4
0
4
0
6
0
7
1
10
9
0
18
10
0
4
8
0
12
15
8
1
0
0
3
1
17
0
16
0
12
6
0
1
52
3
0
1
0
38
2
4
0
10
2
0
1
17
0
20
4
4
4
0
14
121
121
0
4
4
12
4
4
4
4
14
7
6
2
4
7
4
14
0
1
4
9
12
0
4
3
14
1
0
4
2
17
0
19
0
4
28
28
3
0
122
122
0
8
9
0
1
4
11
4
8
0
8
0
2
0
0
2
0
0
0
0
8
1
0
0
2
2
7
0
9
9
3
6
6
7
1
0
2
3
13
13
0
1
1
0
1
2
1
4
2
5
9
1
1
0
4
7
0
18
1
0
3
0
9
6
0
0
18
0
8
0
12
1
1
10
1
12
1
8
1
12
12
12
1
0
0
8
9
1
8
0
7
4
2
1
0
0
4
9
0
2
1
9
0
0
0
11
0
6
17
17
9
9
2
1
1
1
4
17
8
12
1
17
19
17
4
1
4
12
12
0
4
1
53
53
1
8
0
0
0
0
2
1
1
4
2
8
0
0
0
1
1
1
31
31
1
0
7
8
8
15
7
0
1
1
1
1
2
2
4
8
69
69
0
1
0
4
2
0
0
3
0
7
14
14
20
0
0
17
17
0
8
1
17
14
7
12
1
6
2
0
12
9
6
2
3
17
14
1
4
1
1
0
1
4
0
15
9
0
0
8
10
10
0
0
1
7
2
7
12
0
7
7
20
1
5
5
123
123
20
0
1
7
2
6
0
1
0
0
1
8
8
8
8
0
0
6
7
7
0
2
4
1
17
17
1
1
0
7
8
8
11
11
15
2
0
0
6
11
2
2
0
12
11
0
2
4
4
3
3
9
9
1
9
1
12
1
8
0
1
7
6
4
4
4
3
17
24
0
0
5
1
0
70
70
5
9
1
4
1
3
0
7
4
1
5
0
0
13
0
0
0
0
9
9
23
23
6
1
1
7
7
0
7
4
18
18
6
9
1
8
7
8
2
4
0
0
2
2
0
14
14
0
8
7
12
6
3
11
4
3
1
1
1
1
16
0
10
1
9
4
1
0
2
8
0
7
8
0
4
5
5
10
6
12
1
1
0
1
1
0
124
124
4
0
2
8
5
5
4
1
6
16
16
10
10
8
12
1
1
1
10
1
0
5
7
7
15
15
3
4
9
19
19
7
11
10
18
15
15
8
7
3
3
8
11
7
0
11
20
3
4
2
9
0
1
1
23
23
0
0
15
15
8
4
4
0
8
4
0
0
0
18
2
7
14
13
1
16
16
5
0
0
4
43
43
17
1
11
11
4
0
0
2
11
1
0
16
16
15
5
24
3
4
4
5
5
0
0
1
0
4
7
0
0
4
1
17
8
15
125
125
4
12
1
0
2
1
1
0
0
1
2
53
15
0
15
15
6
0
5
9
1
15
23
126
126
0
6
12
12
9
15
15
1
22
12
1
1
1
0
17
19
5
8
9
4
1
0
14
36
2
10
4
17
4
0
4
18
0
7
2
1
1
8
9
7
18
3
1
18
2
1
7
1
4
5
1
4
7
2
1
0
11
1
11
4
16
4
4
4
7
2
18
18
0
5
1
18
11
2
2
0
8
1
1
4
1
0
10
18
0
7
0
1
14
14
23
23
0
0
4
8
0
4
8
0
5
71
71
127
127
0
3
0
2
1
8
1
9
17
15
2
10
18
2
1
9
2
5
7
0
4
54
54
128
128
0
129
129
1
16
9
2
0
25
9
15
3
1
1
6
2
1
1
41
1
54
55
55
3
54
8
1
7
7
2
9
15
2
2
2
7
7
7
7
14
1
43
1
2
5
2
3
7
7
13
1
11
16
7
0
0
7
12
1
1
14
8
1
3
3
2
12
7
0
1
3
7
72
72
20
7
1
0
0
7
1
9
1
73
73
3
0
2
19
8
8
7
0
130
130
0
12
1
6
1
4
12
11
12
3
5
6
7
6
11
19
1
1
2
53
9
9
1
9
0
1
1
1
1
17
0
17
12
8
0
11
4
39
39
14
14
12
1
1
18
131
131
1
2
55
11
11
2
1
10
1
12
16
14
9
6
6
8
5
18
0
3
9
9
5
8
1
2
8
3
77
2
13
20
7
1
8
18
0
5
14
2
7
16
14
23
11
9
9
1
2
12
1
11
1
11
6
9
0
8
0
4
8
12
6
2
8
7
11
1
17
2
2
14
2
18
0
0
0
1
132
132
4
21
21
1
1
6
19
6
8
8
15
17
2
4
4
3
0
0
1
2
8
2
1
4
4
7
4
12
73
0
0
17
12
133
133
0
7
16
20
4
2
0
1
1
8
3
4
4
4
1
11
15
1
2
17
1
6
24
0
0
15
21
21
18
7
16
19
12
16
2
2
5
14
1
1
7
19
8
8
0
7
10
16
20
2
2
2
9
12
21
15
3
5
9
43
43
22
1
2
7
2
20
17
11
20
18
19
0
15
51
20
1
2
70
9
18
10
23
9
12
8
5
0
0
7
4
1
9
9
1
15
1
1
1
2
7
7
7
7
5
5
16
2
5
5
74
74
23
3
0
7
0
4
14
14
1
17
1
2
2
7
16
5
24
4
0
9
14
6
16
75
75
13
1
5
1
4
0
1
5
0
8
4
7
8
8
7
2
4
6
4
4
2
2
4
11
16
2
2
7
8
15
5
5
9
15
11
14
17
9
9
9
2
10
40
40
3
17
16
6
5
19
2
0
18
2
10
2
12
5
9
18
41
2
1
1
2
2
5
1
71
8
0
6
11
0
0
9
24
8
9
9
18
9
1
16
4
20
6
20
20
14
8
10
3
14
3
0
1
5
0
1
15
15
2
9
2
19
4
19
9
17
10
1
7
1
11
0
8
13
8
2
4
56
56
1
6
1
134
134
135
135
8
5
18
0
12
1
10
10
10
9
7
16
69
19
8
0
10
136
136
137
137
2
0
1
5
10
7
17
1
4
4
5
138
138
74
12
139
139
5
9
11
12
1
1
16
18
1
8
22
22
9
1
17
17
4
8
9
9
23
23
12
18
76
76
10
8
2
9
1
12
9
7
12
1
140
140
11
17
141
141
10
4
15
2
0
5
10
18
1
18
7
7
8
7
17
1
1
4
4
2
0
7
9
8
1
7
1
9
0
2
17
5
7
75
76
5
2
1
1
14
56
21
8
11
1
4
22
11
8
1
12
8
3
5
8
6
24
12
1
10
4
10
10
13
9
15
6
4
3
7
13
4
3
6
13
0
1
25
1
6
2
9
8
8
1
4
8
21
21
9
42
42
7
7
78
78
12
23
23
3
10
10
0
17
4
0
15
8
2
7
13
13
1
14
1
79
79
1
1
18
12
12
11
22
9
13
10
20
1
12
2
0
1
1
0
12
20
20
10
9
11
4
142
142
12
12
143
143
2
2
7
1
12
25
10
14
4
12
5
18
4
16
16
20
20
4
78
1
1
12
15
22
8
16
16
1
1
144
144
145
145
8
1
0
14
20
20
1
8
0
17
9
7
15
1
146
146
8
7
15
2
16
1
8
8
13
4
14
11
4
4
13
17
15
10
13
1
0
0
2
18
4
4
10
42
4
1
12
11
1
16
1
6
80
80
15
0
12
14
7
7
5
12
13
3
8
1
9
7
147
147
2
2
81
81
15
10
13
1
0
10
5
0
18
3
5
5
18
18
1
1
23
13
11
4
12
14
2
12
15
15
12
9
20
12
20
20
0
10
10
15
13
2
2
0
16
19
8
9
1
0
20
8
9
8
2
9
9
10
4
20
1
4
21
1
3
1
3
10
4
3
72
5
5
15
2
10
9
0
21
23
9
22
0
4
8
15
15
39
1
2
17
17
27
16
22
1
2
5
17
79
15
15
9
20
6
10
3
0
14
18
42
2
8
4
7
148
148
2
7
9
5
1
1
5
0
12
12
20
21
4
15
16
10
58
58
1
8
15
4
2
9
9
9
5
10
2
4
4
11
11
2
8
149
149
4
4
20
10
150
150
10
1
7
13
15
5
20
1
15
39
20
31
4
5
6
4
7
8
18
10
3
1
11
1
19
39
2
6
7
7
14
151
151
4
19
14
10
22
5
20
82
82
0
5
82
12
24
42
21
9
2
6
12
83
83
10
12
1
31
13
20
7
9
0
1
10
80
7
152
152
7
20
4
8
7
153
153
7
83
8
17
3
22
10
10
2
1
1
8
14
12
18
12
1
1
12
1
154
154
5
7
1
4
15
15
15
22
1
155
155
32
32
1
18
18
18
10
9
22
15
33
33
20
5
59
59
7
12
156
156
0
20
20
41
10
56
0
9
84
84
0
5
10
2
21
12
17
14
0
1
1
5
2
1
5
11
20
18
11
5
157
157
1
1
158
158
2
159
159
16
6
0
14
160
160
32
32
32
4
17
17
6
0
7
21
0
1
0
8
3
5
0
7
5
1
40
4
10
15
1
16
0
1
1
6
7
77
77
6
13
4
40
15
2
161
161
2
32
40
2
20
20
59
10
10
24
20
17
22
20
5
10
18
0
4
12
21
21
0
15
34
11
11
2
11
1
10
10
10
21
2
5
59
15
3
17
12
58
22
31
5
85
85
31
84
20
20
5
11
12
2
25
25
15
2
15
13
13
162
162
0
7
11
4
1
12
4
18
2
11
34
2
1
4
12
21
0
10
8
33
33
163
163
1
16
18
18
21
164
164
16
18
6
33
1
9
15
10
22
15
15
7
4
4
0
12
9
15
15
58
18
12
165
165
5
10
85
10
21
15
0
0
11
11
2
7
0
15
15
7
166
166
19
19
1
13
1
12
0
10
2
1
2
6
60
60
57
12
7
7
7
1
34
14
13
13
11
9
12
167
167
1
33
86
86
2
7
168
168
27
13
5
87
87
13
13
5
5
0
15
5
13
0
1
1
12
7
2
17
15
15
15
11
169
169
2
2
7
0
10
10
170
170
0
0
171
171
11
0
27
0
17
16
2
1
22
44
44
44
14
87
9
0
0
7
10
88
88
12
12
172
172
10
1
173
173
5
6
0
1
6
6
5
174
174
14
14
6
13
1
60
0
7
11
0
88
44
34
175
175
1
176
176
1
10
0
0
44
1
7
86
6
6
12
2
177
177
21
2
178
178
81
5
27
27
21
10
14
60
1
11
15
7
5
2
