88
88
15
15
15
15
8
8
40
40
50
50
28
28
13
13
13
15
52
52
13
13
13
50
50
8
13
13
13
13
13
15
15
40
15
8
15
15
13
15
40
13
13
13
28
3
3
68
68
18
18
5
5
10
10
10
10
3
42
42
21
21
5
5
30
30
10
10
10
3
41
41
10
5
10
5
5
3
10
3
1
12
10
30
10
5
10
5
5
10
3
3
5
8
8
3
5
5
42
30
18
18
3
56
56
3
3
3
21
10
41
5
5
3
56
5
5
3
3
30
89
89
3
5
10
3
10
10
10
90
90
30
30
16
30
41
30
30
3
3
3
30
10
5
5
30
68
8
41
3
5
9
41
5
56
10
9
25
13
1
11
5
8
8
13
8
8
21
21
12
32
32
9
9
51
51
8
8
8
1
11
11
3
3
21
17
17
8
11
53
53
14
14
8
9
8
4
4
8
14
10
91
91
13
8
9
57
57
14
14
11
11
10
10
13
4
8
29
29
25
25
15
1
1
69
69
23
23
25
1
13
92
92
8
11
8
13
13
1
25
8
1
0
8
8
5
13
13
3
1
28
14
14
17
25
43
43
70
70
14
4
10
8
8
5
2
11
13
13
13
13
1
17
8
8
21
13
13
24
10
7
13
4
10
57
29
14
23
13
3
5
15
8
8
29
18
5
8
8
51
4
1
3
13
9
28
9
1
13
14
13
8
8
2
4
2
5
1
25
5
1
43
1
14
14
32
8
9
9
11
4
1
21
93
93
13
4
8
32
15
57
13
6
6
8
71
71
13
9
21
21
13
4
28
8
21
17
22
3
3
17
5
13
9
5
13
13
9
9
25
9
25
51
29
29
8
13
13
51
12
9
35
35
8
94
94
13
1
4
13
1
8
8
3
1
13
1
17
1
4
43
53
14
43
43
3
5
71
13
13
18
1
9
3
72
72
31
31
95
95
28
25
13
21
4
28
28
21
10
8
14
96
96
14
13
13
72
14
9
9
9
9
9
8
8
17
8
9
9
19
19
9
20
20
17
17
23
4
9
18
20
20
9
1
25
73
73
17
17
9
9
0
10
19
8
25
9
13
13
58
58
25
17
19
19
58
19
17
17
8
13
9
25
52
20
8
25
17
13
20
8
9
19
8
8
1
25
0
20
28
17
23
17
19
25
18
17
9
9
9
20
44
44
9
17
17
17
74
74
1
20
18
18
17
17
17
19
20
9
9
9
9
20
9
9
8
8
8
8
9
74
19
9
9
20
17
34
34
13
9
17
34
1
1
34
4
17
20
9
9
8
9
9
9
17
34
20
9
9
50
9
9
20
20
9
9
17
9
20
58
9
1
25
17
7
8
20
9
9
44
4
19
11
75
75
22
22
75
59
59
97
97
59
11
11
11
59
22
20
4
9
4
4
98
98
12
12
10
4
0
11
9
26
26
11
15
12
0
18
18
0
0
0
0
0
1
0
29
4
0
25
3
3
1
0
0
0
0
15
2
2
4
4
12
0
0
0
0
0
1
15
2
2
0
21
21
19
19
10
10
4
7
10
0
0
0
0
0
0
0
0
2
0
0
0
15
31
31
0
6
6
6
8
28
24
24
10
60
60
10
0
0
0
0
2
2
10
0
0
9
5
0
0
24
0
0
21
21
27
27
4
1
0
0
0
10
0
6
0
4
0
0
0
0
0
0
1
0
45
45
27
28
0
12
12
18
24
10
0
10
24
0
0
1
7
7
0
0
0
3
27
0
6
0
0
20
10
0
18
0
3
0
0
0
10
0
10
31
10
6
6
10
0
9
19
19
7
0
0
24
24
11
4
18
3
27
15
4
19
4
1
36
36
0
0
0
0
0
2
4
27
0
9
0
10
24
24
1
9
6
18
15
36
4
0
2
5
36
4
99
99
0
0
12
4
0
4
26
24
1
4
19
4
61
61
0
0
0
4
4
0
0
7
0
4
4
0
0
3
3
0
0
10
12
15
0
4
4
6
11
0
0
0
0
18
15
4
1
4
0
0
15
3
4
15
10
24
21
4
4
4
0
4
4
0
0
2
4
45
11
18
29
21
15
4
20
28
0
4
21
10
0
0
6
0
0
0
0
0
26
4
11
4
11
4
0
0
15
10
0
0
27
15
0
0
0
10
15
0
10
10
10
15
17
17
18
10
15
0
24
0
4
27
4
19
27
0
0
10
0
0
0
5
5
0
0
36
0
17
14
4
2
10
6
10
15
15
10
10
0
29
0
0
0
0
0
0
62
62
4
10
0
2
0
10
0
20
8
15
7
0
1
4
0
18
7
52
52
10
21
4
12
4
1
0
0
0
2
0
0
0
0
76
76
0
8
0
0
0
7
0
0
0
4
4
4
0
10
4
7
45
0
100
100
0
4
0
0
10
4
0
12
0
0
4
21
0
4
4
0
0
0
0
4
0
4
18
60
0
4
24
27
24
6
10
15
2
0
36
15
21
27
4
24
4
10
0
4
6
0
18
9
1
7
10
9
6
5
15
4
3
11
0
0
24
6
4
21
12
0
0
0
6
0
10
31
77
77
0
4
0
4
4
18
0
13
2
11
5
60
1
76
18
15
9
10
1
0
36
20
29
24
13
36
4
28
1
17
77
31
10
0
11
11
10
0
26
0
10
0
0
0
15
24
10
4
29
4
0
0
0
1
0
1
1
27
5
0
5
0
10
0
0
2
0
0
6
0
18
4
18
0
3
0
0
0
0
0
0
0
9
0
0
4
8
0
18
4
4
78
78
79
79
3
4
0
29
29
18
0
0
4
0
7
0
0
0
0
17
1
27
1
18
1
0
46
46
0
0
0
5
0
11
0
11
1
0
4
18
2
0
0
28
4
27
79
0
0
26
0
12
12
11
0
5
29
2
15
6
0
0
0
4
0
25
20
0
0
0
0
0
0
0
0
0
0
21
0
24
0
0
0
4
0
0
15
0
27
7
4
0
0
0
21
0
0
0
0
0
0
0
11
0
0
18
18
18
18
101
101
102
102
18
62
18
12
12
12
7
1
1
14
8
0
1
1
1
20
14
6
6
6
6
3
12
12
32
6
11
11
6
0
0
0
12
1
12
12
61
23
23
1
8
11
5
0
0
12
1
6
6
80
80
13
0
5
6
1
12
62
17
8
20
32
32
0
6
16
13
13
6
1
1
5
6
3
6
40
6
6
6
16
16
1
7
6
15
5
12
5
6
12
5
7
2
2
16
14
14
17
5
13
8
14
14
10
5
2
6
38
38
15
23
12
6
1
6
40
9
16
16
19
19
12
18
32
1
12
0
18
6
0
14
9
12
12
5
1
12
13
13
3
5
46
46
3
16
37
37
6
12
3
16
5
0
23
6
3
38
12
12
14
3
6
3
3
12
6
20
11
6
18
16
23
12
16
21
16
5
6
6
6
44
6
12
17
6
14
2
12
6
14
21
6
5
1
1
1
6
14
14
13
1
1
1
1
9
6
3
12
12
5
5
23
44
44
46
9
23
37
12
16
16
6
6
6
9
14
5
38
80
16
14
1
1
16
38
5
16
7
7
6
1
14
1
37
9
5
8
6
5
5
14
5
3
1
9
37
13
6
6
6
11
8
23
30
5
5
2
6
12
12
1
3
6
5
6
12
3
70
37
5
5
32
46
9
5
16
2
12
0
20
3
16
3
12
14
0
0
5
1
6
21
21
5
3
3
6
3
1
1
1
5
23
5
23
11
6
3
1
5
15
15
5
3
32
5
14
0
5
5
5
12
5
5
12
5
38
5
1
37
5
6
6
3
37
32
5
23
6
6
0
6
0
8
8
17
8
8
63
63
1
1
0
2
3
3
2
2
3
7
7
1
7
103
103
1
1
2
0
2
2
2
17
47
47
2
0
1
0
0
9
23
1
21
0
7
6
9
9
0
15
11
19
19
11
7
7
12
2
2
1
7
8
104
104
11
3
9
16
16
2
2
2
2
0
3
2
5
5
9
2
81
81
39
39
11
12
3
3
7
82
82
7
2
1
0
6
7
1
1
7
2
6
3
15
1
39
2
2
23
15
2
11
11
2
11
15
63
8
24
6
3
0
7
7
11
11
3
10
3
2
2
17
0
21
11
2
0
10
2
15
9
15
11
34
34
8
20
3
2
1
5
8
1
1
64
64
1
1
1
0
8
1
9
8
10
8
0
11
3
2
6
105
105
29
2
3
1
2
6
1
2
0
0
0
1
19
7
1
5
11
3
8
8
11
12
1
2
2
2
2
15
106
106
65
65
11
2
2
7
6
11
1
64
0
2
2
1
2
34
107
107
0
1
20
2
69
16
16
83
83
2
7
1
15
3
24
12
6
1
10
47
16
11
11
11
7
2
2
1
16
7
9
1
2
1
0
1
0
0
1
2
18
3
2
108
108
7
3
1
19
2
15
6
1
1
2
14
14
0
10
10
39
39
20
1
10
7
18
15
1
1
1
35
47
11
7
109
109
3
1
2
3
7
110
110
1
6
23
14
9
2
16
2
11
47
1
2
21
0
11
6
2
7
7
8
14
2
111
111
15
15
112
112
9
1
2
1
84
84
1
2
8
0
19
6
7
2
1
4
64
3
0
6
12
2
2
6
3
3
2
11
2
14
2
10
1
14
7
2
1
47
1
3
15
10
2
2
82
78
3
9
9
23
12
23
113
113
11
24
0
23
39
39
2
0
114
114
23
2
7
1
2
10
6
3
1
1
2
83
1
16
3
1
2
1
1
8
2
34
2
2
2
2
23
19
1
7
7
19
11
0
0
0
1
3
7
2
0
3
11
2
1
7
1
115
115
18
11
2
1
14
14
0
3
3
2
2
2
16
1
2
1
81
11
2
2
2
1
1
8
2
7
2
8
63
2
11
1
16
7
11
8
6
8
2
16
6
2
21
2
1
12
1
6
7
1
16
1
2
8
1
2
14
3
3
16
66
66
11
23
6
65
3
2
6
2
11
11
0
8
7
7
10
73
0
0
1
2
3
3
1
1
7
1
2
9
7
1
1
7
17
16
1
19
1
65
1
6
3
3
3
3
3
1
3
2
12
3
3
116
116
3
3
3
12
31
19
2
3
2
3
3
31
7
12
1
3
3
3
3
5
12
6
27
53
42
6
3
5
5
3
2
2
1
19
19
3
19
19
19
24
14
31
3
5
12
12
3
3
3
3
3
6
14
6
19
1
19
3
1
31
14
3
2
14
12
3
3
8
3
5
8
3
2
12
3
31
3
5
3
53
3
6
3
4
3
3
7
2
117
117
12
118
118
5
3
19
19
3
19
16
31
3
3
22
19
19
3
12
6
31
24
42
3
3
5
33
33
16
119
119
16
16
11
120
120
4
0
0
0
7
7
4
7
7
22
15
54
54
84
49
49
11
22
7
0
11
5
4
35
35
7
33
11
16
5
11
11
7
26
7
67
67
1
35
7
5
14
14
4
4
16
5
11
33
55
55
8
7
2
11
22
0
20
0
85
85
7
10
16
4
121
121
2
20
14
6
2
48
48
22
11
22
22
26
2
0
16
16
0
14
14
20
10
122
122
20
0
14
26
26
1
2
1
2
7
7
8
8
7
7
7
4
45
8
7
2
38
16
16
22
16
4
7
0
7
7
6
8
123
123
8
16
1
1
33
7
8
5
16
7
8
2
11
11
1
22
22
7
124
124
16
22
7
7
55
55
4
22
7
9
48
0
4
7
2
11
26
85
26
2
7
67
1
16
48
48
15
86
86
86
20
7
7
14
16
4
7
20
20
14
14
33
7
54
22
33
1
2
26
16
66
22
2
87
87
42
61
2
5
26
11
14
5
0
10
12
1
2
16
17
6
5
33
16
22
22
17
5
7
2
7
7
7
22
22
125
125
1
126
126
0
1
0
4
22
22
14
4
0
7
11
8
26
4
0
0
0
11
2
6
22
20
49
16
5
22
45
7
5
16
54
54
11
66
1
7
22
16
127
127
33
26
18
7
49
8
16
16
1
30
30
7
7
1
11
11
0
16
26
5
26
2
26
33
35
48
1
87
1
14
4
8
7
22
14
1
4
22
10
10
67
49
1
11
35
7
7
2
7
128
128
55
49
