52
52
14
14
14
14
32
32
33
33
28
28
16
16
0
0
0
14
40
40
0
0
0
28
28
32
0
0
0
0
0
34
34
33
14
32
14
34
0
34
33
0
0
0
16
7
7
41
41
20
20
3
3
8
8
8
8
7
42
42
43
43
3
3
12
12
8
8
8
7
21
21
8
3
8
3
3
7
8
7
3
7
8
12
8
3
8
3
3
8
7
7
3
2
2
7
3
3
42
12
20
20
7
35
35
7
7
7
43
8
21
3
3
7
35
3
3
7
7
12
53
53
7
3
8
7
8
8
8
54
54
12
12
3
12
21
12
12
7
7
7
12
8
3
3
12
41
2
21
7
3
7
21
3
35
8
10
9
0
4
4
3
5
5
0
2
2
13
13
4
36
36
10
10
29
29
5
5
5
4
44
44
19
19
13
6
6
2
44
45
45
22
22
2
10
2
11
11
5
22
10
55
55
0
2
10
37
37
15
15
17
17
23
23
0
11
5
24
24
9
9
14
4
4
56
56
18
18
9
4
0
57
57
5
17
2
0
0
4
9
2
4
4
2
2
3
0
0
19
4
16
15
22
6
9
25
25
58
58
15
11
23
2
2
3
18
17
0
0
0
0
4
6
2
2
13
0
0
0
23
11
0
11
23
37
24
22
18
0
19
3
14
2
2
24
20
3
3
5
29
11
4
3
0
10
16
10
4
0
15
0
2
2
18
11
18
3
4
9
3
4
25
4
15
0
36
2
10
10
11
11
4
13
59
59
0
11
2
36
10
37
26
60
60
5
46
46
0
10
13
13
0
11
16
5
13
6
0
7
7
6
3
0
10
3
0
0
10
10
9
10
9
29
24
24
2
0
0
29
4
10
61
61
5
62
62
0
4
11
0
4
2
5
19
4
0
4
6
4
11
25
45
15
25
25
19
3
46
0
0
20
4
10
19
47
47
63
63
64
64
16
9
0
13
11
16
16
13
23
2
15
65
65
22
0
0
47
15
1
1
1
1
1
2
2
6
2
1
1
30
30
1
5
5
6
6
18
11
1
20
5
5
1
4
9
66
66
6
6
1
1
4
8
30
2
9
1
26
26
38
38
9
6
27
27
38
27
6
6
2
26
1
9
40
5
2
9
6
26
5
2
1
27
2
2
4
9
1
5
2
6
18
6
27
9
4
6
1
1
1
5
48
48
1
6
6
6
49
49
4
5
67
67
6
6
6
27
5
1
1
1
1
5
1
1
2
2
2
2
1
49
30
1
1
5
6
31
31
26
1
6
31
4
4
31
11
6
5
1
1
2
1
1
1
6
31
5
1
1
28
1
1
5
5
1
1
6
1
5
38
1
4
9
6
4
2
5
1
1
48
11
30
17
50
50
51
51
50
39
39
68
68
39
17
17
17
39
51
