77
77
9
9
9
9
30
30
41
41
44
44
6
6
5
5
5
9
48
48
5
5
5
44
44
30
5
5
5
5
5
9
9
41
9
30
9
9
5
9
41
5
5
5
6
7
7
58
58
13
13
11
11
19
19
19
19
7
59
59
60
60
11
11
26
26
19
19
19
7
36
36
19
11
19
11
11
7
19
7
11
7
19
26
19
11
19
11
11
19
7
7
11
6
6
7
11
11
59
26
13
13
7
49
49
7
7
7
60
19
36
11
11
7
49
11
11
7
7
26
78
78
7
11
19
7
19
19
19
79
79
26
26
11
26
36
26
26
7
11
7
26
19
11
11
26
58
6
36
7
11
7
36
11
49
19
17
17
5
2
2
11
14
14
5
6
6
18
18
2
27
27
2
2
45
45
14
14
14
2
61
61
34
34
18
12
12
6
61
62
62
28
28
6
2
6
1
1
14
28
17
80
80
5
6
8
50
50
22
22
31
31
10
10
5
1
14
24
24
17
17
9
2
2
81
81
21
21
17
2
5
82
82
14
31
6
5
5
2
17
6
2
3
6
6
11
5
5
34
2
6
22
28
12
17
37
37
63
63
22
2
10
6
6
11
21
31
5
5
5
5
2
12
6
6
18
5
5
20
10
1
5
1
10
50
24
28
21
5
34
11
9
6
6
24
13
11
11
14
45
1
2
7
5
17
6
2
2
5
22
5
6
6
21
1
21
11
2
17
11
2
37
2
22
5
27
6
2
2
1
1
2
18
83
83
5
1
6
27
17
50
5
4
4
14
64
64
5
17
18
18
5
1
6
14
18
12
5
11
11
12
11
5
2
11
5
5
17
2
17
17
17
45
24
24
6
5
5
45
2
2
84
84
14
85
85
5
2
1
5
2
6
14
34
2
5
2
12
2
1
37
62
22
37
37
34
11
64
5
5
13
2
2
34
65
65
86
86
87
87
6
17
5
18
1
6
6
18
10
6
22
88
88
28
5
5
65
22
8
8
8
8
8
6
6
12
6
8
8
25
25
8
14
14
12
12
21
1
8
13
14
14
8
2
17
89
89
12
12
8
8
2
19
25
6
17
8
5
5
51
51
17
12
38
38
51
38
12
12
6
5
8
17
48
14
6
17
12
5
14
6
8
38
6
6
2
17
0
14
6
12
21
12
38
17
13
12
8
8
8
14
43
43
8
12
12
12
66
66
9
14
13
13
12
12
12
38
14
8
8
8
8
14
8
8
6
6
6
6
8
66
25
8
8
14
12
46
46
5
8
12
46
2
2
46
1
12
14
8
8
6
8
8
8
12
46
14
8
8
44
8
8
14
14
8
8
12
8
14
51
8
2
17
12
10
6
14
8
8
43
1
25
31
67
67
68
68
67
52
52
90
90
52
31
31
31
52
68
14
1
4
1
1
91
91
9
9
10
1
0
0
0
39
39
3
9
15
0
13
13
3
3
3
0
0
0
0
24
1
0
17
7
7
2
0
0
0
0
9
3
3
1
1
9
0
0
0
0
0
1
1
53
53
0
18
18
25
25
10
10
1
1
10
16
0
16
0
0
0
0
0
1
35
35
0
9
47
47
0
4
4
4
30
6
20
20
10
54
54
10
0
0
0
0
53
3
13
0
0
2
16
0
0
20
29
10
18
18
23
23
1
3
0
0
0
0
0
4
0
1
0
0
3
3
3
3
10
0
55
55
23
6
35
9
9
13
20
10
0
10
20
0
0
2
16
0
0
0
0
0
23
16
0
0
0
14
0
0
13
0
7
0
0
0
10
0
10
47
10
4
4
10
0
8
25
25
0
0
0
20
20
1
1
13
7
23
9
1
25
1
2
32
32
0
3
0
0
0
53
1
23
0
1
3
10
20
20
1
8
4
13
9
32
1
0
0
1
32
1
92
92
16
0
9
1
35
1
39
20
2
1
9
4
69
69
0
0
0
1
1
0
0
1
0
3
1
0
0
7
7
0
0
10
9
9
0
1
1
1
16
0
0
0
0
13
9
1
15
1
0
0
9
3
1
9
10
20
18
1
1
1
0
1
1
0
0
0
1
55
3
13
24
18
9
1
14
6
0
1
18
0
0
0
4
0
0
0
0
29
39
1
1
1
1
1
0
0
9
0
0
0
23
9
0
0
0
10
0
16
10
10
10
9
12
12
13
10
9
0
20
0
3
23
3
25
23
0
0
0
0
0
0
4
4
0
3
32
16
3
0
0
3
10
10
10
9
9
10
10
0
24
0
0
0
0
0
35
56
56
1
10
0
0
0
0
0
14
30
9
1
0
2
1
0
13
1
48
48
10
18
1
2
1
13
0
0
0
0
0
0
3
0
70
70
0
30
0
0
0
1
0
3
0
1
1
1
0
10
1
1
55
0
93
93
0
1
0
0
0
1
16
2
3
0
1
18
0
1
1
3
0
0
0
1
3
1
13
54
0
1
20
23
20
4
10
0
3
16
32
9
18
23
1
20
1
10
0
1
4
0
13
2
2
3
10
8
4
4
9
3
7
3
0
0
20
4
3
18
9
0
0
0
4
0
10
47
71
71
3
1
16
1
1
13
0
5
3
3
3
54
2
70
13
9
2
10
1
0
32
14
24
20
5
32
1
6
13
12
71
47
10
3
0
0
0
3
39
0
10
0
3
0
9
20
10
1
24
1
0
0
0
3
0
3
3
23
11
3
3
0
0
0
0
3
0
0
35
0
13
1
13
0
7
0
0
0
0
0
0
0
8
0
0
1
30
35
13
1
1
94
94
72
72
7
1
0
24
24
13
0
0
1
0
3
0
0
0
0
3
2
23
2
13
2
0
42
42
0
0
0
17
0
3
0
10
2
16
1
13
0
0
0
6
1
23
72
0
16
39
16
73
73
7
0
3
24
0
9
1
0
0
0
1
0
17
14
0
0
0
0
0
0
0
0
0
0
18
16
20
0
0
0
1
0
0
2
0
23
0
1
0
0
0
18
0
0
0
0
0
0
0
16
0
16
13
13
13
13
95
95
96
96
13
56
13
15
15
73
4
2
2
28
6
0
2
2
2
14
2
4
4
4
4
7
15
15
27
4
74
74
4
29
29
0
15
2
15
15
69
21
21
2
6
7
3
0
0
15
2
4
4
75
75
5
0
16
4
2
15
56
3
6
14
27
27
29
4
16
5
5
4
2
2
3
4
7
4
41
4
4
4
12
12
2
4
4
2
3
15
3
4
15
16
2
3
3
11
22
22
3
3
5
6
76
76
3
3
3
4
40
40
9
21
15
4
2
4
41
8
57
57
25
25
15
15
27
2
15
29
13
4
3
28
8
15
15
3
2
15
5
5
7
3
42
42
7
57
33
33
4
15
7
12
3
0
21
4
7
40
15
15
22
7
4
7
7
15
4
14
74
4
13
12
21
15
11
18
12
3
4
4
4
43
4
15
3
4
28
3
15
4
22
18
4
3
2
2
15
4
28
22
5
2
2
2
2
8
4
7
15
15
3
3
21
43
43
42
8
21
33
15
12
12
4
4
4
8
8
3
40
75
12
22
15
2
12
40
16
57
97
97
4
2
28
2
33
8
16
6
4
16
3
22
3
7
2
8
33
5
4
4
4
4
6
21
26
16
16
4
4
15
15
2
7
4
3
4
15
7
63
33
16
3
27
42
8
3
11
16
15
0
14
7
12
7
15
76
29
29
3
2
4
98
98
7
7
7
4
7
2
2
2
3
21
11
21
7
4
7
2
3
2
2
3
7
27
11
22
0
3
3
3
15
3
3
15
16
40
16
13
33
3
4
4
7
33
27
3
21
4
4
29
4
