87
87
16
16
16
16
9
9
37
37
44
44
1
1
10
10
10
16
45
45
10
10
10
44
44
9
10
10
10
10
10
16
16
37
16
9
16
16
10
16
37
10
10
10
1
4
4
64
64
14
14
12
12
18
18
18
18
4
6
6
20
20
12
12
14
14
18
18
18
4
38
38
18
12
18
12
12
4
18
4
3
15
18
14
18
12
18
12
12
18
4
4
12
9
9
4
12
12
6
14
14
14
4
1
1
4
4
4
20
18
38
12
12
4
1
12
12
4
4
14
88
88
4
12
18
4
18
18
18
89
89
14
14
5
14
38
14
14
4
4
4
14
18
12
12
14
64
9
38
4
12
4
38
12
1
18
1
1
10
3
4
12
9
9
10
9
9
20
20
3
28
28
21
21
46
46
9
9
9
3
4
4
5
5
20
11
11
9
4
47
47
17
17
9
21
9
8
8
9
17
1
90
90
10
9
1
50
50
17
17
24
24
6
6
10
8
9
7
7
13
13
16
3
3
30
30
23
23
13
3
10
91
91
9
24
9
10
10
1
13
9
3
0
9
9
13
10
10
12
3
1
17
17
11
13
39
39
65
65
17
16
6
9
9
12
2
24
10
10
10
10
1
11
9
9
20
10
10
22
6
8
10
8
6
50
7
17
23
10
5
12
16
9
9
7
14
12
9
9
46
8
3
4
10
1
1
21
3
10
17
10
9
9
2
8
2
12
3
1
12
3
39
3
17
17
28
9
21
21
4
8
3
20
92
92
10
8
9
28
16
50
10
7
7
9
66
66
10
1
20
20
10
8
1
9
20
11
10
4
4
11
12
10
21
12
10
10
1
21
13
8
13
46
7
7
9
10
10
46
3
21
33
33
9
93
93
10
3
8
10
1
9
9
5
3
10
3
6
3
8
39
47
17
39
39
5
12
66
10
10
14
3
21
5
67
67
27
27
94
94
1
1
10
20
8
1
1
20
6
9
17
95
95
17
10
10
67
17
1
1
1
1
1
9
9
11
9
1
1
19
19
1
11
11
11
11
23
8
13
14
11
11
1
3
1
68
68
11
11
1
1
0
18
19
9
1
1
10
10
1
1
1
11
19
19
1
19
11
11
9
10
5
1
45
11
9
1
11
10
11
9
1
19
9
9
3
1
0
11
9
11
23
11
19
1
14
11
1
1
1
11
41
41
1
11
11
11
69
69
3
11
14
14
11
11
7
19
11
1
1
1
1
11
1
1
9
9
9
9
1
69
19
11
1
11
11
29
29
10
1
11
29
3
3
29
8
11
11
1
1
9
1
1
1
11
29
11
1
1
44
1
1
11
11
1
1
11
1
11
1
1
3
1
11
2
9
11
1
1
41
8
19
24
70
70
10
10
70
51
51
96
96
51
24
24
24
51
10
11
8
7
8
8
97
97
3
3
1
8
0
4
21
25
25
13
16
15
0
14
14
1
0
0
0
0
0
0
7
8
0
13
4
4
3
0
0
0
0
16
2
2
8
8
15
0
0
0
0
0
3
16
2
2
0
20
20
19
19
18
1
8
5
1
12
0
12
0
0
0
0
0
2
7
7
2
16
27
27
0
7
7
7
9
1
22
22
1
52
52
1
0
0
0
0
2
2
18
0
0
21
13
0
0
22
0
0
20
20
26
26
8
3
0
0
0
18
0
7
0
8
0
0
0
0
0
0
3
0
40
40
26
1
7
3
3
14
22
1
0
1
22
0
0
15
12
1
0
0
0
4
26
12
5
0
0
11
18
0
14
0
4
0
0
0
1
0
1
27
1
7
7
7
0
1
19
19
2
0
0
22
22
1
8
14
4
26
16
8
19
8
3
6
6
0
0
0
0
0
2
8
26
0
21
0
1
22
22
3
1
7
14
16
6
8
0
2
13
6
8
98
98
12
0
3
8
7
8
25
22
3
8
19
8
53
53
0
0
0
1
8
0
0
5
0
8
8
0
0
4
4
0
1
1
15
16
0
8
8
1
4
1
0
0
0
14
16
8
16
8
0
0
16
4
8
16
1
22
20
8
8
1
0
8
8
0
0
2
8
40
4
14
7
20
16
8
11
1
0
8
20
18
0
0
8
0
0
32
0
0
25
8
1
8
1
1
12
0
16
18
0
0
26
18
0
0
0
1
16
12
1
1
1
16
6
6
14
1
16
0
22
0
8
26
8
19
26
2
0
18
0
0
0
3
3
0
0
6
12
6
17
8
2
1
7
3
16
16
1
1
0
7
0
0
4
0
0
7
54
54
8
1
1
4
0
18
0
11
9
16
8
0
3
8
0
14
8
45
45
1
20
8
3
8
14
0
0
0
2
0
0
0
0
71
71
0
9
0
0
0
2
0
0
0
8
8
8
0
1
8
8
40
0
99
99
0
8
0
0
18
8
12
3
0
0
8
20
0
8
12
0
0
0
0
8
0
12
14
52
0
8
22
26
22
7
3
16
2
12
6
16
20
26
8
22
8
1
0
8
7
0
14
21
3
5
1
1
7
3
16
8
4
5
0
0
22
7
8
20
15
0
0
0
7
0
24
27
72
72
0
8
12
8
8
14
0
10
2
4
13
52
3
71
14
16
21
18
3
0
6
11
7
22
10
6
8
1
3
6
72
27
1
1
4
4
18
0
25
0
1
0
0
0
16
22
1
8
7
8
0
0
0
3
0
3
3
26
12
0
13
1
18
0
0
2
0
0
7
0
14
8
14
0
4
0
0
12
0
0
0
0
1
0
0
8
9
7
14
8
8
73
73
74
74
4
8
0
7
7
14
0
0
8
0
2
0
0
0
0
6
3
26
3
14
3
0
34
34
0
0
0
13
0
4
0
3
3
12
8
14
2
0
0
1
8
26
74
0
12
25
12
15
15
4
0
13
7
4
16
8
0
0
0
8
0
13
11
0
0
0
0
0
0
0
0
0
0
20
12
22
0
0
0
8
0
0
16
2
26
5
8
0
0
0
20
0
0
0
0
0
0
0
12
0
12
14
14
14
14
100
100
101
101
14
54
14
15
15
15
5
3
3
17
9
0
3
3
3
11
17
7
7
7
7
4
15
15
28
8
18
18
7
0
0
0
15
3
15
15
53
23
23
3
9
4
13
0
0
15
3
7
7
75
75
10
0
13
7
3
15
54
6
9
11
28
28
0
7
3
10
10
7
3
3
13
7
4
7
37
7
7
7
6
6
3
5
7
16
13
15
13
7
15
13
3
2
2
5
17
17
6
13
10
9
17
17
18
13
2
7
32
32
16
23
15
7
3
7
37
1
6
6
19
19
15
16
28
1
15
0
14
1
13
17
1
15
15
13
3
15
10
10
4
13
34
34
4
6
2
2
7
15
4
6
13
0
23
5
4
32
15
15
17
4
7
4
4
15
7
11
18
7
14
6
23
15
5
20
6
13
7
7
7
41
7
15
6
7
17
2
15
7
17
20
7
13
3
3
3
7
17
17
10
3
3
3
3
1
7
4
15
15
13
13
23
41
41
34
1
23
13
15
6
6
8
8
7
1
17
13
32
75
6
17
3
3
6
32
13
6
2
2
7
3
17
3
2
1
13
9
7
13
13
17
13
4
3
1
2
10
7
7
7
7
9
23
14
13
0
2
7
15
15
3
4
7
13
7
15
4
65
2
13
13
28
34
1
13
5
2
15
0
11
4
6
4
15
17
0
0
13
3
7
20
20
4
4
4
7
4
3
3
3
13
23
12
23
4
7
4
3
13
16
16
13
4
28
12
17
0
13
13
13
15
13
13
15
13
32
13
3
2
4
7
6
1
2
28
13
23
8
7
0
7
0
9
9
6
15
15
55
55
3
3
0
2
4
4
2
3
4
2
5
3
5
102
102
3
3
2
0
2
2
2
6
42
42
2
0
3
0
0
21
23
3
20
0
5
5
21
21
0
16
5
19
19
5
5
5
15
2
2
3
1
9
103
103
4
4
21
3
6
2
2
2
2
0
4
2
13
13
21
2
76
76
30
30
4
15
5
4
5
77
77
2
2
3
0
5
2
3
3
5
2
5
5
16
3
30
2
2
23
16
2
4
4
2
4
16
55
15
22
1
4
0
5
5
4
4
4
18
4
2
2
6
0
20
4
2
0
18
1
16
21
16
24
29
29
9
11
4
2
3
13
15
3
3
56
56
3
3
3
0
9
3
21
9
18
9
0
4
4
2
5
104
104
7
2
5
3
2
12
3
2
0
0
0
1
19
5
3
13
4
4
9
9
5
15
3
2
2
2
2
16
105
105
57
57
4
2
2
5
5
4
3
56
0
2
2
3
2
29
106
106
0
3
11
2
30
6
6
78
78
2
5
3
16
4
22
15
5
3
18
42
3
4
4
4
5
2
2
3
3
2
21
3
2
3
0
1
0
0
3
2
14
5
2
107
107
5
5
3
19
2
16
5
3
3
3
17
17
0
18
18
30
30
11
3
18
5
14
16
3
3
1
33
42
4
5
108
108
5
3
2
4
5
109
109
3
5
23
17
21
2
5
2
4
42
3
2
20
0
4
5
2
2
5
9
17
2
110
110
16
16
111
111
21
3
2
3
79
79
3
2
15
0
19
7
5
2
3
1
56
5
0
5
15
2
2
5
4
5
2
4
2
17
2
18
3
17
5
2
3
42
3
4
16
18
2
2
77
73
4
21
21
23
15
23
112
112
4
22
0
23
30
30
2
0
113
113
23
7
3
3
2
18
5
4
3
3
2
78
3
3
4
3
4
3
3
9
2
29
2
2
2
2
23
19
3
5
5
19
7
0
0
0
3
4
2
2
0
5
4
2
14
5
3
12
12
14
4
2
3
17
17
0
4
5
2
2
2
6
3
2
3
76
24
6
2
2
14
3
9
1
6
2
9
55
2
4
3
6
2
5
9
7
15
2
6
5
2
20
2
3
15
3
6
2
3
6
3
2
9
3
2
17
4
4
3
58
58
4
23
1
57
5
2
1
2
4
4
0
9
2
6
18
68
0
0
3
2
4
4
3
3
5
3
2
21
5
3
14
5
6
3
3
19
3
57
3
5
5
5
5
5
5
3
5
2
15
5
5
114
114
5
5
5
15
27
19
2
5
2
5
5
27
7
15
15
5
5
5
5
4
15
7
26
47
6
7
4
4
13
5
2
2
3
19
19
5
19
19
19
22
15
27
5
4
15
15
5
5
5
5
5
7
17
7
19
3
19
5
3
27
17
5
2
17
15
5
5
9
5
13
9
5
2
15
5
27
5
4
5
47
5
7
5
8
5
5
5
2
115
115
15
116
116
13
5
19
19
5
19
5
27
13
5
10
19
19
5
15
6
27
22
6
5
5
13
31
31
5
117
117
6
6
24
118
118
2
12
12
0
2
2
8
2
2
10
16
48
48
79
35
35
24
10
2
0
4
13
8
33
33
2
31
24
5
4
24
24
2
25
2
59
59
3
33
11
4
17
17
8
8
6
13
24
31
49
49
9
4
2
24
10
0
11
0
80
80
1
18
6
8
119
119
2
11
17
7
2
43
43
10
4
10
10
25
2
12
6
5
0
17
17
11
18
11
11
11
0
17
25
25
15
2
3
1
2
2
9
9
2
2
2
8
40
9
2
2
32
6
6
10
6
8
2
0
2
2
7
9
120
120
9
6
14
14
31
2
9
12
6
2
9
2
18
24
14
10
10
2
121
121
6
10
2
2
49
49
8
10
2
21
43
12
8
2
2
24
25
80
25
2
2
59
14
6
43
43
1
81
81
81
11
2
7
17
5
8
2
11
11
17
17
31
2
48
10
31
14
2
25
6
58
10
2
82
82
6
53
2
4
25
24
17
4
0
18
3
3
2
6
7
7
4
31
5
10
2
11
4
2
2
2
2
2
10
10
122
122
15
123
123
13
3
12
8
10
10
17
12
12
2
4
9
25
8
12
0
0
18
1
7
10
11
35
6
4
10
40
2
4
5
48
48
24
58
15
2
10
6
124
124
31
25
14
2
35
9
6
6
14
14
14
2
2
14
24
24
13
5
25
4
25
4
25
31
33
43
15
82
14
17
8
9
5
10
17
3
8
10
18
18
59
35
15
24
33
2
2
2
2
125
125
49
35
7
7
11
11
14
14
12
1
1
13
7
7
7
6
6
12
1
1
2
83
83
60
60
12
5
2
1
5
1
7
6
4
1
11
1
6
1
1
10
6
13
6
7
2
34
1
2
0
6
14
11
11
6
2
6
84
84
1
0
1
7
1
12
13
13
61
61
6
1
5
5
3
7
19
6
1
6
6
5
13
1
13
9
6
35
126
126
2
0
0
11
7
83
7
1
1
1
12
2
2
1
1
7
32
1
5
1
1
1
5
12
1
2
2
1
2
1
1
5
60
1
6
6
6
7
1
1
1
1
6
34
1
2
2
62
62
3
15
7
6
6
0
10
14
6
6
19
6
127
127
2
36
36
10
6
6
6
2
11
13
6
2
12
12
2
7
3
4
0
1
1
16
6
12
11
63
63
22
63
1
128
128
36
1
1
11
6
6
5
1
11
6
16
9
0
27
1
1
60
11
10
12
12
36
2
2
129
129
1
2
1
1
1
23
11
11
12
12
11
6
2
2
1
7
12
0
85
85
11
14
13
11
11
11
5
12
12
12
12
7
1
2
5
1
1
1
0
5
1
6
1
13
4
1
4
2
29
2
29
6
6
1
6
6
5
2
86
86
12
63
6
1
6
6
6
12
0
5
1
6
11
14
4
1
7
0
61
13
6
2
2
12
1
15
14
1
7
1
36
1
14
12
5
6
1
86
130
130
2
1
6
21
12
12
61
1
1
6
7
2
11
2
1
2
62
0
4
1
14
1
1
5
1
2
62
14
1
36
2
12
6
1
0
1
4
11
6
2
13
5
9
1
1
36
1
1
5
2
1
6
6
12
1
1
1
1
0
0
1
11
85
6
1
1
1
2
84
3
