40
40
11
11
11
11
25
25
26
26
27
27
12
12
0
0
0
11
41
41
0
0
0
27
27
25
0
0
0
0
0
28
28
26
11
25
11
28
0
28
26
0
0
0
12
2
2
33
33
23
23
1
1
5
5
5
5
2
34
34
35
35
1
1
9
9
5
5
5
2
17
17
5
1
5
1
1
2
5
2
1
2
5
9
5
1
5
1
1
5
2
2
1
3
3
2
1
1
34
9
23
23
2
29
29
2
2
2
35
5
17
1
1
2
29
1
1
2
2
9
42
42
2
1
5
2
5
5
5
43
43
9
9
1
9
17
9
9
2
2
2
9
5
1
1
9
33
3
17
2
1
2
17
1
29
5
6
6
0
4
4
1
8
8
0
3
3
10
10
4
30
30
6
6
24
24
8
8
8
4
36
36
15
15
10
16
16
3
36
37
37
18
18
3
6
3
7
7
8
18
6
44
44
0
3
6
31
31
13
13
32
32
19
19
0
7
8
20
20
14
14
11
4
4
45
45
22
22
14
4
0
46
46
8
32
3
0
0
4
14
3
4
4
3
3
1
0
0
15
4
12
13
18
16
14
21
21
47
47
13
7
19
3
3
1
22
32
0
0
0
0
4
16
3
3
10
0
0
0
19
7
0
7
19
31
20
18
22
0
15
1
11
3
3
20
23
1
1
8
24
7
4
1
0
6
12
6
4
0
13
0
3
3
22
7
22
1
4
4
1
4
21
4
13
0
30
3
6
6
7
7
4
10
48
48
0
7
3
30
6
31
0
49
49
8
38
38
0
6
10
10
0
7
12
8
10
16
0
2
2
16
1
0
6
1
0
0
6
6
14
6
14
24
20
20
3
0
0
24
4
6
50
50
8
51
51
0
4
7
0
4
3
8
15
4
0
4
16
4
7
21
37
13
21
21
15
1
38
0
0
23
4
6
15
39
39
52
52
53
53
12
14
0
10
7
12
12
10
19
3
13
54
54
18
0
0
39
13
