65
65
8
8
8
8
24
24
41
41
35
35
5
5
3
3
3
8
40
40
3
3
3
35
35
24
3
3
3
3
3
8
8
41
8
24
8
8
3
8
41
3
3
3
5
13
13
50
50
14
14
9
9
16
16
16
16
13
51
51
52
52
9
9
21
21
16
16
16
13
30
30
16
9
16
9
9
13
16
13
9
13
16
21
16
9
16
9
9
16
13
13
9
6
6
13
9
9
51
21
14
14
13
42
42
13
13
13
52
16
30
9
9
13
42
9
9
13
13
21
66
66
13
9
16
13
16
16
16
67
67
21
21
9
21
30
21
21
13
13
13
21
16
9
9
21
50
6
30
13
9
13
30
9
42
16
10
10
3
4
4
9
11
11
3
6
6
15
15
4
43
43
10
10
36
36
11
11
11
4
53
53
28
28
15
12
12
6
53
54
54
31
31
6
10
6
18
18
11
31
10
68
68
3
6
10
44
44
23
23
25
25
2
2
3
18
11
20
20
4
4
8
1
4
69
69
26
26
4
4
3
70
70
11
25
6
3
3
4
4
6
4
7
6
6
9
3
3
28
4
5
23
31
12
4
32
32
71
71
23
18
2
6
6
9
26
25
3
3
3
3
4
12
6
6
15
3
3
17
2
18
3
18
2
44
20
31
26
3
28
9
8
6
6
20
14
9
9
11
36
18
4
9
3
10
6
10
4
3
23
3
6
6
26
18
26
9
4
4
9
4
32
4
23
3
43
6
10
10
18
18
4
15
72
72
3
18
6
43
10
44
3
1
1
11
55
55
3
10
15
15
3
18
5
11
15
12
3
13
13
12
9
3
10
9
3
3
10
10
4
10
4
36
20
20
6
3
3
36
4
10
73
73
11
74
74
3
4
18
3
4
6
11
28
4
3
4
12
4
18
32
54
23
32
32
28
9
55
3
3
14
4
10
28
56
56
75
75
76
76
5
4
3
15
18
5
5
15
2
6
23
77
77
31
3
3
56
23
5
5
5
5
5
6
6
12
6
10
5
22
22
5
11
11
12
12
26
18
5
14
11
11
5
4
4
78
78
12
12
5
5
4
16
22
6
4
5
3
3
45
45
4
12
33
33
45
33
12
12
6
3
5
5
40
11
6
4
12
3
11
6
5
33
6
6
4
4
5
11
6
12
26
12
33
4
4
12
5
5
5
11
57
57
5
12
12
12
58
58
4
11
8
8
12
12
12
33
11
5
5
5
5
11
5
5
6
6
6
6
5
58
22
5
5
11
12
37
37
3
5
12
37
10
4
37
18
12
11
5
5
6
5
5
5
12
37
11
5
5
35
5
5
11
11
5
5
12
5
11
45
5
4
4
12
2
6
11
5
5
57
1
22
25
59
59
60
60
59
46
46
79
79
46
25
25
25
46
60
11
1
1
1
1
80
80
4
4
2
1
0
7
0
34
34
1
8
8
0
14
14
7
7
7
0
0
0
0
20
1
0
4
13
13
10
0
0
0
0
8
38
38
1
1
8
0
0
0
0
0
1
1
47
47
0
15
15
22
22
2
2
1
1
7
2
2
2
0
0
0
0
0
1
29
29
0
8
39
39
0
1
1
1
24
6
17
17
2
48
48
2
0
0
0
0
47
7
14
0
0
10
0
0
0
17
0
2
15
15
19
19
1
7
0
0
0
0
0
0
0
1
0
0
7
7
7
7
10
0
49
49
19
6
29
4
4
14
17
2
0
2
17
0
0
10
2
0
0
0
0
0
19
2
0
0
0
11
0
0
14
0
0
0
0
0
2
0
2
39
2
1
1
2
0
0
22
22
0
0
2
17
17
1
1
14
13
19
8
1
22
1
10
27
27
0
7
0
0
0
47
1
19
0
1
7
2
17
17
1
10
1
14
8
27
1
0
0
1
27
1
81
81
2
0
4
1
29
1
34
17
1
1
4
1
82
82
0
0
0
1
1
0
0
1
0
7
1
0
0
13
13
0
0
10
8
8
0
1
1
1
1
0
0
0
0
14
8
1
8
1
0
0
8
7
1
8
2
17
15
1
1
1
0
1
1
0
0
0
1
49
7
14
20
15
8
1
11
6
0
1
15
0
0
0
1
0
0
0
0
0
34
1
1
1
1
1
0
0
8
0
0
0
19
8
0
0
0
2
0
2
2
2
2
8
12
12
14
2
8
0
17
0
7
19
7
22
19
0
0
0
0
0
0
61
61
0
7
27
2
7
0
0
38
2
2
2
8
8
2
2
0
20
0
0
0
0
0
29
83
83
1
2
0
0
0
0
0
11
24
8
1
0
1
1
0
14
1
40
40
2
15
1
4
1
14
0
0
0
0
0
0
7
0
62
62
0
24
0
0
0
1
0
7
0
1
1
1
0
2
1
1
49
0
84
84
0
1
0
0
0
1
2
4
7
0
1
15
0
1
1
7
0
0
0
1
7
1
14
48
0
1
17
19
17
1
2
0
7
2
27
8
15
19
1
17
1
2
0
1
0
0
14
10
10
7
2
10
1
61
8
7
2
7
0
0
17
1
7
15
8
0
0
0
0
0
2
39
63
63
7
1
2
1
1
14
0
3
38
7
0
48
10
62
14
8
10
2
1
0
27
11
20
17
3
27
1
6
14
12
63
39
2
7
0
0
0
7
34
0
2
0
7
0
8
17
2
1
20
1
0
0
0
7
0
7
7
19
9
7
7
0
0
0
0
38
0
0
29
0
14
1
14
0
0
0
0
0
0
0
0
0
10
0
0
1
24
29
14
1
1
85
85
64
64
13
1
0
20
20
14
0
0
1
0
7
0
0
0
0
7
10
19
10
14
1
0
86
86
0
0
0
4
0
7
0
2
4
2
1
14
0
0
0
6
1
19
64
0
2
34
2
87
87
0
0
0
20
0
8
1
0
0
0
1
0
4
11
0
0
0
0
0
0
0
0
0
0
15
2
17
0
0
0
1
0
0
10
0
19
0
1
0
0
0
15
0
0
0
0
0
0
0
2
0
2
