88
88
18
18
18
18
15
15
42
42
46
46
10
10
9
9
9
18
48
48
9
9
9
46
46
15
9
9
9
9
9
18
18
42
18
15
18
18
9
18
42
9
9
9
10
5
5
67
67
16
16
20
20
0
0
0
0
5
11
11
22
22
20
20
16
16
0
0
0
5
39
39
0
20
0
20
20
5
0
5
1
17
0
16
0
20
0
20
20
0
5
5
20
15
15
5
20
20
11
16
16
16
5
3
3
5
5
5
22
0
39
4
20
5
3
20
20
5
5
16
89
89
5
20
0
8
0
0
0
90
90
16
16
4
16
39
16
16
5
5
5
16
0
20
20
16
67
15
39
5
20
10
39
20
3
0
3
3
9
1
2
20
15
15
9
15
15
22
22
17
31
31
3
3
47
47
15
15
15
1
3
3
4
4
22
12
12
15
3
5
5
19
19
15
3
15
4
4
15
19
3
91
91
9
15
10
51
51
19
19
23
23
11
11
9
4
15
7
7
23
23
18
1
1
32
32
24
24
23
2
9
92
92
15
0
15
9
9
10
23
15
1
1
15
15
14
9
9
4
1
10
19
19
12
23
40
40
68
68
19
4
11
15
15
20
2
23
9
9
9
9
3
12
15
15
22
9
9
26
11
13
9
4
11
51
7
19
24
9
4
20
18
15
15
7
16
20
20
15
47
4
1
5
9
3
10
3
1
9
19
9
15
15
2
4
2
2
2
1
20
1
40
1
19
19
31
15
3
3
3
4
1
22
93
93
9
4
15
31
18
51
9
7
7
15
69
69
9
3
22
22
9
4
10
15
22
12
9
5
5
12
20
9
3
20
9
9
3
3
23
4
23
47
7
7
15
9
9
47
17
3
6
6
15
94
94
9
1
4
9
1
15
15
4
1
9
1
11
1
4
40
5
19
40
40
4
20
69
9
9
16
1
3
5
70
70
25
25
95
95
10
23
9
22
4
10
10
22
11
15
19
96
96
19
9
9
70
19
10
10
10
6
10
15
15
12
15
10
10
21
21
10
12
12
12
12
24
4
10
16
12
12
10
2
1
71
71
12
12
10
10
6
0
21
15
1
10
9
9
1
1
1
12
21
21
1
21
12
12
15
9
8
1
48
12
15
1
12
9
12
15
10
21
15
15
2
1
0
12
15
12
24
12
21
1
16
12
10
10
10
12
41
41
10
12
12
12
72
72
0
12
16
16
12
12
7
21
12
10
10
10
10
12
10
10
15
15
15
15
10
72
21
12
10
12
12
29
29
9
10
12
29
1
2
29
4
12
12
10
10
15
10
10
10
12
29
12
10
10
46
10
10
12
12
10
10
12
10
12
1
10
6
1
12
2
15
12
10
10
41
4
21
23
73
73
9
9
73
52
52
97
97
52
23
23
23
52
9
12
4
7
4
4
98
98
17
17
0
0
0
3
3
27
27
14
18
17
0
16
16
0
0
0
0
0
0
0
7
3
0
23
5
5
1
6
0
0
0
18
2
2
4
4
17
0
0
0
0
0
1
18
2
2
0
22
22
21
21
0
1
13
13
0
4
0
8
0
0
0
0
0
2
7
6
2
18
25
25
0
7
7
7
15
10
26
26
0
53
53
0
0
0
0
0
2
2
6
0
0
10
14
0
0
26
34
0
22
22
28
28
0
1
0
0
0
0
0
7
0
4
0
0
0
0
0
0
1
0
45
45
28
10
7
17
17
16
26
10
0
1
26
0
0
1
13
3
0
0
0
2
28
4
3
0
0
12
0
0
16
0
5
0
0
6
0
0
0
25
0
7
7
7
0
10
21
21
0
0
0
26
26
3
4
16
5
28
18
4
21
1
1
11
11
0
0
0
0
0
2
1
28
0
3
3
0
26
26
1
10
7
16
18
11
13
0
2
14
11
4
99
99
4
0
17
1
7
4
27
26
1
1
21
7
54
54
0
0
0
3
1
0
6
13
0
3
0
6
0
5
5
0
3
1
17
18
0
4
4
3
5
3
0
0
0
16
18
4
18
4
0
0
18
2
4
18
1
26
22
4
4
3
0
4
1
0
0
2
3
45
3
16
7
22
18
3
12
10
0
4
22
0
0
0
7
0
0
35
0
34
27
4
4
13
3
3
0
0
18
0
0
0
28
18
0
0
0
0
18
4
0
3
0
18
11
11
16
3
18
4
26
0
10
28
3
21
28
2
0
0
0
0
0
17
17
0
0
11
4
11
0
0
2
0
7
1
18
18
0
0
0
7
0
0
2
0
0
7
55
55
1
0
0
2
0
0
0
12
15
18
13
0
1
0
0
16
13
48
48
0
22
4
17
8
16
0
0
0
2
6
0
0
0
74
74
0
15
0
0
0
13
0
0
0
1
4
1
0
0
4
13
45
0
100
100
0
4
0
0
0
3
4
17
0
0
4
22
0
1
4
0
0
0
0
3
0
4
16
53
0
3
26
28
26
7
1
18
2
4
11
18
22
28
4
26
0
0
0
1
7
0
16
3
1
3
0
10
7
2
18
3
5
5
0
0
26
7
3
22
17
0
0
0
7
6
0
25
75
75
0
1
4
1
4
16
0
9
2
2
14
53
1
74
16
18
3
0
1
0
11
12
7
26
9
11
1
10
1
11
75
25
0
3
3
3
0
0
27
0
0
6
0
0
18
26
0
4
7
4
0
0
6
1
0
1
1
28
20
0
14
10
0
0
0
2
6
0
7
6
16
4
16
0
5
0
0
0
0
6
0
0
10
0
0
4
15
7
16
4
3
76
76
66
66
5
4
0
7
7
16
0
0
3
6
13
0
0
0
0
11
1
28
1
16
1
0
25
25
0
0
0
14
6
3
0
1
1
4
4
16
2
0
0
10
3
28
66
0
4
27
4
17
17
5
0
14
7
2
18
3
0
0
0
1
0
23
12
0
6
6
6
0
0
0
0
0
0
22
4
26
0
0
0
4
0
0
18
0
28
13
1
6
6
0
9
6
0
0
0
0
0
0
4
0
4
16
16
16
16
101
101
8
8
16
55
16
17
17
17
13
1
1
19
15
0
1
1
1
12
19
7
7
7
7
5
17
17
31
4
4
4
7
34
34
0
17
1
17
17
54
24
24
1
15
5
14
0
0
17
1
7
7
77
77
9
0
5
7
1
17
55
11
15
12
31
31
34
7
4
9
9
7
1
1
14
7
5
7
42
7
7
7
11
11
1
13
7
18
14
17
14
7
17
14
13
2
2
4
19
19
11
14
9
15
19
19
14
14
2
7
35
35
18
24
17
7
1
7
42
10
6
6
21
21
17
18
31
1
17
34
16
3
6
19
10
17
17
14
1
17
9
9
5
14
25
25
5
6
14
14
7
17
5
11
14
0
24
3
5
35
17
17
19
5
7
5
5
17
7
12
4
7
16
11
24
17
4
22
11
14
7
7
7
41
7
17
11
7
19
2
17
7
19
22
7
14
1
1
1
7
19
19
9
1
1
1
1
10
8
5
17
17
14
14
24
41
41
25
10
24
14
17
11
11
7
7
7
10
19
14
35
77
11
19
1
1
11
35
5
6
13
13
7
1
19
1
14
10
5
15
7
5
14
19
14
2
1
13
14
9
7
7
7
7
15
24
16
5
0
2
7
17
17
1
5
7
14
7
17
5
68
14
5
14
31
25
10
14
4
2
17
0
12
5
11
5
17
19
34
34
14
1
7
22
22
14
5
5
7
5
1
1
1
14
24
20
24
5
7
5
1
14
18
18
14
5
31
20
19
0
14
24
14
17
14
1
17
5
35
5
1
14
14
7
11
3
14
31
14
24
7
7
34
7
6
15
15
11
17
17
56
56
1
1
6
2
5
5
2
1
5
13
13
1
13
102
102
1
1
2
6
2
2
2
11
43
43
2
6
1
6
6
3
24
1
22
6
13
3
3
3
6
18
13
21
21
5
13
13
17
2
2
1
1
15
103
103
3
5
3
6
6
7
2
2
2
6
8
2
14
14
3
2
78
78
32
32
3
17
5
5
13
79
79
13
2
1
6
3
13
1
1
13
2
3
5
18
1
32
2
2
24
18
2
3
3
2
5
18
56
17
26
3
5
0
13
13
3
3
5
0
2
2
2
11
6
22
13
2
6
0
10
18
4
18
3
29
29
15
12
2
2
1
14
17
1
0
57
57
14
1
1
6
15
1
3
15
0
15
6
3
8
2
13
104
104
7
2
5
1
2
8
14
2
6
6
6
3
21
13
1
14
3
5
15
15
5
17
6
2
2
2
2
18
105
105
58
58
3
2
2
13
3
3
1
57
6
2
2
1
2
29
106
106
0
1
12
2
32
11
11
80
80
2
13
1
15
5
26
17
5
1
0
43
14
3
3
3
13
7
2
1
6
13
3
1
2
6
6
1
6
6
1
2
16
4
2
107
107
13
5
1
21
2
18
3
1
1
1
19
19
6
0
0
32
32
12
1
0
13
16
18
1
1
10
6
43
3
13
108
108
5
1
2
2
13
109
109
1
3
24
19
13
2
13
2
3
43
1
2
22
6
3
3
2
2
13
15
19
2
110
110
18
18
111
111
3
1
2
1
81
81
1
2
17
6
21
7
13
2
1
3
57
5
6
5
17
2
2
3
5
5
2
3
2
19
2
6
1
19
13
2
1
43
1
5
2
6
2
2
79
76
8
3
13
24
17
24
112
112
3
26
6
24
32
32
2
6
113
113
24
7
13
1
2
0
3
2
1
1
2
80
1
6
5
1
2
1
1
15
2
29
2
2
2
2
24
21
1
13
8
21
7
6
6
4
1
5
13
2
6
5
3
2
16
13
1
8
8
16
3
2
1
19
19
6
5
5
2
2
2
6
0
2
1
78
23
11
2
2
16
1
15
3
11
2
20
56
2
3
1
11
2
5
15
7
17
2
11
3
2
22
2
1
17
1
11
13
1
6
1
2
15
14
2
19
2
2
6
59
59
3
24
1
58
5
2
3
2
3
3
6
15
2
11
0
71
6
6
1
2
5
5
1
8
13
1
2
3
13
1
16
13
11
6
1
21
1
58
1
3
5
5
4
4
5
1
4
2
17
5
4
9
9
5
5
4
17
25
21
2
5
2
8
5
25
7
17
1
5
4
5
5
14
17
7
28
5
11
8
5
14
14
5
2
2
1
21
21
4
21
21
21
26
1
25
4
14
17
17
5
4
4
10
5
8
19
7
21
1
21
5
1
25
19
4
2
19
17
5
8
15
4
14
15
4
2
17
5
25
5
14
5
5
4
7
5
3
5
5
13
2
114
114
17
115
115
14
5
21
21
4
21
4
25
14
5
9
21
21
5
17
7
25
26
11
5
5
14
33
33
4
116
116
6
6
23
117
117
4
4
4
6
13
2
3
3
3
9
18
49
49
81
36
36
23
9
3
6
5
14
4
6
6
13
33
23
4
14
23
23
13
27
13
60
60
1
6
12
14
19
19
3
3
6
14
23
33
50
50
15
13
2
23
9
0
12
6
82
82
13
0
6
3
118
118
2
12
19
7
2
44
44
9
5
9
9
27
2
4
6
4
6
19
19
12
0
12
12
12
0
19
27
27
1
2
1
3
13
13
20
20
13
13
13
3
45
15
3
2
35
6
6
9
6
10
13
6
13
13
7
20
119
119
20
6
16
16
33
13
20
20
6
13
20
4
4
23
16
9
9
13
120
120
6
9
13
13
50
50
3
9
13
3
44
4
4
13
2
23
27
82
27
2
13
60
16
6
44
44
3
83
83
83
12
13
7
19
4
4
13
12
12
19
19
33
13
49
9
33
16
2
27
6
59
9
2
84
84
11
54
2
14
27
23
19
14
6
0
17
0
2
6
7
7
14
33
4
9
2
12
14
13
2
13
13
13
9
9
121
121
1
122
122
6
1
4
14
9
9
19
4
4
13
2
15
27
4
4
0
6
4
6
8
9
12
36
6
14
9
45
13
14
4
49
49
23
59
4
13
9
6
123
123
33
27
16
13
36
20
6
6
16
16
16
13
8
16
23
23
6
4
27
14
27
2
27
33
6
44
1
84
16
19
4
20
5
9
19
1
3
9
0
0
60
36
1
23
6
13
13
2
2
9
9
50
36
7
7
12
12
16
16
8
3
3
14
7
7
7
11
11
8
3
1
2
85
85
61
61
4
5
2
3
4
3
7
11
5
3
12
10
11
10
1
9
11
14
11
7
2
25
1
2
0
11
16
12
12
11
2
11
86
86
1
0
1
7
10
4
14
14
62
62
11
10
5
5
2
7
21
6
1
11
11
5
14
10
14
15
11
36
124
124
2
0
0
12
7
85
7
10
10
10
8
2
2
3
10
7
35
1
5
10
10
10
5
4
3
2
2
3
2
3
3
5
61
3
11
11
11
7
10
1
1
10
6
25
3
4
4
63
63
1
1
7
11
11
0
9
16
11
11
21
11
125
125
2
38
38
9
11
11
11
2
8
14
11
2
8
8
2
7
1
3
0
10
10
18
11
4
12
64
64
26
64
1
126
126
38
3
3
12
11
11
5
1
12
11
18
15
0
25
1
1
61
12
9
8
8
38
4
4
127
127
3
2
10
3
3
24
12
12
8
6
12
11
2
2
3
7
8
0
87
87
12
16
14
12
12
12
5
8
8
8
8
7
3
2
5
1
1
1
0
5
3
11
3
14
5
10
5
2
29
2
29
11
11
1
11
7
5
2
4
4
4
64
11
10
11
11
11
8
0
5
3
11
12
16
5
3
7
0
62
14
11
2
8
4
10
1
16
10
7
10
38
3
16
4
5
11
10
4
128
128
2
1
11
3
8
8
62
3
10
11
7
2
12
2
1
8
63
0
8
3
16
3
1
5
3
2
63
16
1
38
2
4
11
1
0
1
5
12
11
2
14
5
15
3
3
38
10
1
5
2
1
11
11
4
10
1
1
3
0
0
3
12
87
11
3
3
1
2
86
1
65
65
20
20
0
65
6
6
2
6
30
30
8
14
2
0
0
37
37
0
129
129
8
8
8
0
0
8
66
5
14
8
6
8
8
4
4
1
8
1
1
1
8
20
8
8
5
8
6
0
0
0
0
1
8
8
6
6
2
30
30
4
37
8
8
27
4
21
8
4
30
8
6
24
0
0
0
8
4
2
30
30
8
0
0
8
0
14
37
8
2
0
8
6
3
25
2
37
4
2
0
25
2
8
8
2
6
14
2
30
20
0
0
14
8
8
21
0
8
0
1
8
2
8
8
8
0
8
2
8
25
4
8
14
2
8
4
8
30
0
0
0
21
8
8
8
6
23
8
6
3
8
6
0
8
0
2
4
18
4
4
30
14
6
9
0
8
8
29
29
36
36
25
0
8
2
8
1
3
8
2
65
8
4
4
0
130
130
8
8
2
8
8
2
16
8
9
8
9
0
11
0
2
8
0
6
8
0
8
37
0
37
0
0
18
2
8
2
2
4
8
9
8
8
30
8
18
12
8
8
8
8
6
30
37
