92
92
18
18
18
18
14
14
37
37
5
5
3
3
13
13
13
18
46
46
13
13
13
5
5
14
13
13
13
24
13
12
18
37
18
14
4
12
13
12
37
13
13
13
3
5
5
67
67
16
16
22
22
0
0
0
0
5
9
9
21
21
22
22
16
16
0
0
0
5
10
10
0
22
0
22
22
5
0
5
6
12
0
16
0
22
0
22
22
0
5
5
22
14
14
5
22
22
9
16
16
16
5
7
7
5
5
5
21
0
10
7
22
5
7
22
22
5
5
16
93
93
5
22
0
5
0
0
0
94
94
16
16
9
16
10
16
16
5
5
5
16
0
22
22
16
67
14
10
5
22
3
10
22
7
0
7
2
13
2
5
22
14
14
13
14
14
21
21
2
8
8
7
7
45
45
14
14
14
2
7
7
5
22
21
8
8
14
7
5
5
20
20
14
7
14
7
7
14
20
7
95
95
13
14
3
51
51
20
20
2
2
9
9
13
7
14
10
10
31
31
18
2
2
33
33
6
6
31
6
13
96
96
14
2
14
13
13
3
31
14
2
2
14
14
17
13
13
5
2
3
20
20
8
31
3
3
68
68
20
12
9
14
14
22
6
5
13
13
13
13
7
8
14
27
21
13
13
13
9
4
13
7
9
51
10
20
6
13
5
22
18
14
14
10
16
22
22
14
45
7
2
5
13
9
3
10
2
13
20
1
14
14
6
7
6
6
6
2
22
2
3
2
20
13
8
14
7
7
7
7
2
21
97
97
13
7
14
8
18
51
13
10
10
14
69
69
13
7
21
21
13
7
3
14
21
8
13
5
5
8
22
13
7
22
13
13
7
4
31
7
31
45
10
10
14
13
13
45
2
7
15
15
14
19
19
13
2
7
13
2
14
14
11
2
13
2
9
2
7
3
5
20
3
3
5
22
69
13
13
16
3
7
5
12
12
25
25
98
98
3
2
13
21
7
3
3
21
9
14
20
99
99
20
13
13
12
20
3
3
3
15
3
14
14
8
14
3
3
23
23
3
8
8
8
8
1
7
8
16
8
8
3
6
2
70
70
8
8
3
3
15
0
23
14
2
3
13
13
2
2
2
8
23
23
2
23
8
8
14
13
8
2
46
8
14
2
8
13
8
14
3
23
14
14
8
2
3
8
14
8
26
8
23
2
16
8
3
3
3
8
35
35
3
8
8
8
71
71
2
8
16
16
8
8
10
23
8
3
3
3
3
8
4
3
14
14
14
14
3
71
23
8
3
8
8
12
12
13
3
8
12
2
6
12
7
8
8
3
3
14
3
3
3
8
12
8
3
3
5
3
3
8
8
3
3
8
3
8
2
3
15
2
8
6
14
8
3
3
35
7
23
5
38
38
3
3
38
52
52
0
0
52
5
31
5
52
3
8
7
7
11
10
4
4
2
2
0
0
0
7
7
28
28
7
18
12
0
16
16
0
0
0
0
0
0
6
10
0
0
31
5
5
2
15
0
0
0
18
1
1
8
11
12
0
0
0
0
0
2
17
6
6
0
21
21
23
23
0
2
6
6
3
0
0
8
0
0
0
0
0
6
10
15
6
18
25
25
0
10
10
10
14
14
13
13
0
53
53
0
0
0
0
0
6
6
9
0
0
3
17
0
0
13
0
0
21
21
27
27
6
2
0
0
0
0
0
10
0
7
0
0
0
4
0
0
2
0
39
39
27
14
10
2
2
16
13
3
0
2
13
0
0
2
11
7
17
0
0
6
27
0
7
0
0
8
0
0
16
0
5
0
0
15
0
0
0
25
0
10
10
10
0
15
23
23
0
0
0
13
13
7
1
16
5
27
18
7
23
2
2
11
11
0
0
0
0
0
16
2
27
0
7
7
8
13
13
2
3
10
16
18
11
1
4
6
17
19
11
100
100
0
0
2
2
10
11
28
13
11
2
23
7
54
54
0
0
4
7
2
0
15
6
0
7
6
15
0
5
5
0
2
2
18
18
2
7
7
7
5
7
0
0
0
16
18
3
18
11
0
0
18
6
7
18
2
13
21
2
7
7
0
7
2
0
0
6
7
39
7
16
10
21
18
7
8
14
0
7
21
0
0
0
7
0
0
17
0
0
28
11
7
6
7
7
0
0
18
0
0
0
27
18
0
0
0
0
18
11
0
3
0
18
9
9
16
7
18
0
13
0
7
27
7
23
27
11
0
0
0
0
0
6
2
0
0
11
0
9
0
0
1
0
10
2
18
18
0
0
0
1
0
0
6
0
0
10
55
55
2
0
0
6
3
0
0
8
14
18
7
0
2
2
0
16
7
46
46
0
21
7
2
6
16
0
0
0
6
15
0
0
0
4
4
0
14
0
0
0
8
0
0
0
2
11
2
0
0
11
11
39
0
101
101
0
11
0
0
0
7
0
2
24
0
4
21
0
2
7
0
0
0
0
7
0
7
16
53
0
7
13
27
13
10
2
18
6
0
19
18
21
27
7
13
0
0
15
2
10
0
16
7
2
7
0
3
10
6
18
7
5
5
0
0
13
10
7
21
18
0
0
0
10
15
2
25
72
72
0
2
0
2
7
16
0
24
1
5
17
53
2
4
16
18
7
0
2
0
11
8
10
13
24
11
2
14
2
9
72
25
0
2
7
7
0
0
28
0
0
15
0
0
18
13
0
7
10
7
0
0
15
2
0
2
2
27
22
0
17
3
0
0
0
1
15
0
10
15
16
7
16
0
5
0
1
0
0
15
0
0
3
0
15
7
14
10
16
7
7
73
73
44
44
5
11
3
10
10
16
0
0
7
15
6
0
0
0
0
9
3
27
2
2
2
0
25
25
0
0
0
17
15
7
6
2
2
0
7
16
0
0
0
14
7
27
44
0
7
28
0
12
12
5
0
17
10
6
18
7
0
0
0
2
0
31
8
0
15
15
15
0
0
0
0
0
0
21
0
13
0
0
0
7
0
0
18
0
27
0
11
15
15
0
13
15
0
0
0
0
0
0
0
0
7
16
16
16
16
102
102
30
30
16
55
16
12
1
12
11
2
2
20
14
0
2
2
2
8
21
10
10
10
10
5
12
12
8
4
7
7
10
0
0
0
12
2
12
12
54
26
26
2
14
5
17
0
0
12
2
10
10
74
74
13
0
5
10
2
12
55
9
14
8
8
8
0
10
9
13
13
10
2
2
17
10
5
10
37
10
8
10
9
9
2
11
10
1
17
12
17
10
12
17
6
6
1
9
20
20
9
17
13
14
21
21
17
17
6
10
17
17
18
26
12
10
2
9
37
3
1
1
23
23
12
18
8
2
12
0
16
7
15
20
3
12
12
17
2
12
13
13
5
17
25
25
5
1
17
17
10
12
11
9
17
0
26
7
5
17
12
12
20
5
10
4
5
12
10
8
7
10
16
9
26
12
9
21
9
17
10
10
10
35
10
12
8
10
20
1
12
10
20
21
10
17
2
2
2
10
20
20
13
2
2
2
2
3
10
6
12
12
17
17
26
35
35
25
3
26
17
12
9
9
10
10
8
3
21
17
17
74
9
20
2
2
9
17
3
1
6
6
10
2
20
2
17
3
5
14
10
5
1
20
17
5
2
3
17
13
10
10
10
10
14
26
16
11
0
1
10
12
12
2
5
10
17
10
12
5
68
17
5
17
8
25
3
17
9
1
12
0
8
5
9
5
12
21
0
0
17
2
10
21
21
4
5
5
10
5
2
2
2
17
26
22
26
5
10
5
2
17
18
18
17
5
8
22
20
0
17
26
17
12
17
2
12
11
17
5
2
17
17
10
9
7
17
8
1
26
10
10
0
10
15
14
14
9
2
2
56
56
2
2
15
6
5
5
6
6
7
6
6
2
5
4
4
2
2
6
15
1
1
6
9
40
40
1
15
2
15
15
7
1
2
21
15
6
7
7
7
15
18
5
23
23
5
11
11
12
1
1
12
2
14
103
103
7
5
7
9
9
6
6
6
6
15
5
6
17
17
7
1
16
16
33
33
8
12
5
5
11
75
75
6
1
2
15
4
6
11
2
11
6
7
5
18
2
33
1
1
1
18
6
7
7
1
5
18
56
2
13
7
6
0
6
11
7
7
5
0
6
1
6
9
15
21
6
1
15
0
2
18
7
18
5
12
12
14
8
6
6
2
4
2
11
2
20
20
17
2
2
15
14
2
7
14
0
14
15
8
5
6
6
104
104
10
6
5
8
6
4
17
1
15
15
15
2
23
6
2
17
7
5
14
14
5
12
15
6
1
1
6
4
105
105
57
57
7
1
1
11
7
7
2
20
15
1
6
2
1
12
106
106
0
11
15
12
33
9
9
76
76
1
11
2
18
5
13
12
5
17
0
40
11
7
7
7
5
6
6
2
15
6
3
2
1
15
15
2
15
15
2
1
16
11
6
107
107
6
8
2
23
6
18
7
2
2
2
21
21
15
0
0
33
33
8
2
3
6
16
18
2
2
3
15
40
7
11
108
108
5
3
6
6
6
109
109
2
7
26
21
10
1
9
1
24
40
2
6
21
15
7
7
6
6
6
14
21
1
110
110
18
18
111
111
7
17
1
2
77
77
2
1
2
15
23
10
6
1
2
7
20
5
15
5
12
6
6
7
5
5
12
7
1
21
1
9
2
21
6
6
2
40
2
5
12
9
1
6
75
73
5
7
10
26
12
26
1
1
7
13
15
1
33
33
1
15
112
112
1
10
6
2
6
9
7
6
1
2
1
76
2
15
5
2
6
2
11
14
6
12
6
1
1
1
26
23
2
6
11
23
10
15
15
11
2
5
6
1
15
5
7
1
4
17
8
4
4
16
7
3
2
21
21
15
5
5
6
1
1
1
0
6
4
16
5
9
1
6
16
2
14
3
9
1
14
56
1
7
2
9
6
5
14
10
2
8
9
7
1
21
1
2
12
16
19
6
2
9
3
1
14
11
6
21
6
6
9
19
19
7
1
2
57
5
6
7
6
7
7
15
14
6
8
0
70
15
15
2
6
5
5
2
4
6
2
6
7
6
2
16
6
9
9
2
23
2
57
11
7
5
5
11
11
5
2
22
6
12
5
11
13
13
5
5
11
12
25
23
2
5
6
8
5
25
10
12
2
5
19
5
5
17
12
10
27
5
9
30
5
4
17
5
12
6
2
23
23
11
23
23
23
13
2
25
11
4
12
12
5
11
11
5
5
10
20
10
23
2
23
5
2
25
20
11
12
20
12
5
8
14
11
17
14
11
12
12
5
25
5
17
5
5
11
10
5
2
5
5
11
6
113
113
12
114
114
17
5
23
23
11
23
11
25
17
5
3
23
23
5
12
8
25
13
9
5
5
17
18
18
9
115
115
9
9
5
116
116
7
19
19
15
6
6
7
6
6
3
18
47
47
77
34
34
5
3
6
15
5
17
7
15
15
6
18
5
9
4
5
5
6
28
11
13
13
11
15
8
4
7
4
7
7
1
17
5
18
48
48
14
1
6
13
3
0
8
15
32
32
3
0
1
7
117
117
1
8
21
10
6
41
41
3
5
3
3
28
6
19
9
9
15
21
21
8
0
8
8
8
0
21
28
28
2
6
2
7
6
6
22
22
6
6
4
7
39
14
6
1
17
9
9
3
9
3
6
15
6
6
10
14
1
1
22
9
16
16
18
6
22
22
9
6
22
7
11
5
16
3
3
6
118
118
1
3
6
1
48
48
7
3
6
4
41
19
7
6
1
5
28
32
28
6
6
13
16
9
41
41
17
78
78
78
8
6
10
7
9
19
6
8
8
21
21
18
6
47
3
18
16
1
28
9
19
3
6
79
79
9
54
6
4
28
5
21
4
15
0
2
0
6
1
10
10
4
18
9
3
6
8
4
6
6
6
1
6
1
3
49
49
2
15
15
15
2
19
7
3
3
21
7
19
6
5
14
28
7
19
0
15
11
2
30
3
8
34
1
4
3
39
6
4
9
47
47
5
19
7
6
13
1
119
119
18
28
15
6
34
22
9
9
16
16
16
6
4
16
5
5
17
9
28
4
28
6
28
18
15
41
2
79
16
7
7
22
5
3
7
11
7
3
0
0
13
34
2
5
15
6
6
6
0
13
13
48
34
10
11
8
8
16
16
4
7
7
17
10
10
10
9
9
4
7
1
6
64
64
13
13
9
5
6
2
11
3
10
1
5
7
8
3
9
3
1
13
9
17
8
10
6
25
2
6
0
9
16
8
8
9
6
9
80
80
2
0
2
10
3
0
17
17
58
58
11
3
30
30
6
10
23
9
4
9
9
11
17
2
17
14
9
34
16
16
6
0
0
8
10
64
10
3
3
3
4
6
6
7
3
6
17
3
30
3
3
3
5
0
7
1
1
3
1
7
7
5
13
7
9
9
9
10
3
2
1
1
9
25
7
7
7
59
59
2
2
10
9
9
0
13
16
9
9
23
9
120
120
6
24
24
13
9
9
9
8
8
17
8
6
4
4
6
11
2
7
0
3
3
18
9
0
8
60
60
13
60
2
121
121
24
7
7
8
8
9
5
2
8
9
18
14
0
25
2
2
13
8
13
5
4
24
7
7
122
122
3
6
3
3
7
26
8
19
4
15
8
8
1
6
1
10
4
0
81
81
8
16
17
8
8
8
5
4
4
4
4
10
7
1
30
2
2
2
0
5
3
9
3
17
5
3
5
6
12
8
12
9
9
4
9
9
5
6
11
11
0
60
9
4
9
9
9
4
0
30
7
9
8
16
5
1
10
0
58
17
9
6
4
0
3
2
16
3
10
3
24
9
16
0
5
9
3
11
123
123
4
2
9
10
4
1
58
7
3
9
10
6
8
6
2
6
59
0
5
7
16
3
3
30
4
6
59
16
2
24
6
0
9
2
0
2
5
8
19
6
17
5
14
1
7
24
3
2
5
1
2
19
9
7
3
4
2
3
0
0
7
8
81
9
7
3
1
1
80
2
61
61
22
22
0
61
15
15
6
15
14
14
4
17
6
11
0
4
4
0
124
124
9
5
4
0
0
4
44
5
17
8
15
8
4
5
5
2
9
2
0
0
4
22
5
4
5
4
15
0
0
0
0
11
5
5
15
15
12
14
14
11
4
4
4
28
11
23
4
7
14
5
15
26
11
0
0
4
7
12
14
14
4
17
9
4
0
17
4
10
6
0
1
15
11
25
12
4
11
5
11
25
12
4
8
12
15
17
12
14
22
0
0
17
4
4
23
0
4
4
2
4
12
4
4
4
0
4
12
8
25
7
8
17
12
5
7
4
14
0
0
0
23
4
4
4
15
31
4
15
7
19
15
1
4
2
12
11
18
11
11
14
17
15
13
0
4
4
12
12
34
34
25
0
5
12
17
2
7
8
12
61
4
7
7
0
7
7
4
4
12
4
9
6
16
4
13
4
13
0
11
0
12
4
0
15
4
4
4
4
0
4
0
19
18
12
4
12
12
11
4
13
4
4
14
12
18
8
4
4
4
30
15
14
4
4
24
24
2
4
4
4
10
10
31
14
14
5
5
10
5
5
13
9
9
4
16
1
9
20
20
9
4
10
10
2
10
1
62
62
13
4
5
4
13
13
4
4
9
4
19
4
4
19
4
17
4
1
1
4
82
82
20
0
4
31
36
36
0
0
42
42
19
10
3
10
10
2
9
2
4
4
10
4
24
10
0
4
20
4
4
2
6
2
10
4
1
16
5
5
5
0
5
17
5
4
5
42
2
2
5
4
2
2
2
1
5
20
4
5
42
3
4
20
3
2
0
16
8
36
10
42
125
125
9
13
10
9
5
14
4
4
4
13
3
24
1
20
24
17
4
4
4
4
3
20
20
9
19
12
5
4
14
14
5
62
4
14
20
82
2
36
20
4
6
14
4
3
11
4
1
14
4
15
4
6
4
4
13
4
16
4
62
2
4
10
10
24
8
3
36
24
0
6
9
2
36
14
2
10
4
10
2
36
13
3
24
8
9
9
13
126
126
4
14
0
20
42
4
4
16
10
0
4
2
3
1
1
11
20
83
83
83
11
4
14
9
29
29
4
29
29
9
12
25
9
2
9
3
4
2
5
9
2
4
3
3
4
63
63
4
4
1
11
6
4
4
14
1
4
4
2
6
84
84
1
1
4
4
12
12
12
1
13
14
8
16
16
18
1
1
8
12
11
1
1
19
2
29
29
8
8
8
18
4
4
11
4
2
12
4
11
3
12
11
4
14
14
4
27
8
2
4
20
16
4
11
3
3
3
1
11
3
3
2
3
18
12
1
27
27
2
1
4
1
2
24
1
1
1
1
29
11
0
3
11
6
127
127
1
15
2
2
2
19
22
11
3
4
8
4
2
3
11
2
1
2
4
85
85
29
128
128
3
1
1
1
2
5
86
86
32
87
87
12
9
4
29
18
8
29
1
10
1
4
11
4
1
1
4
2
9
7
3
5
16
18
12
1
1
4
1
5
1
1
1
63
63
4
19
1
1
1
8
129
129
1
1
16
1
1
1
1
1
49
49
2
64
2
88
88
4
11
11
9
4
16
6
3
2
4
4
1
27
4
43
43
1
1
5
19
1
1
30
2
4
29
8
12
11
18
1
3
2
4
15
18
35
1
1
16
16
29
1
8
5
1
1
1
4
4
2
4
4
2
2
3
1
1
2
11
4
4
29
4
87
6
3
65
65
4
49
18
12
2
2
1
19
1
12
11
89
89
4
4
14
14
19
1
1
1
0
29
1
1
1
2
30
1
1
5
5
0
3
8
9
4
25
27
9
1
1
1
86
1
4
1
1
8
4
16
1
1
1
85
9
84
3
8
9
3
3
4
4
1
3
12
11
5
2
8
13
11
1
8
30
18
11
1
0
30
1
3
3
5
3
1
4
15
5
1
1
3
3
4
89
88
2
3
1
1
1
3
10
8
1
4
11
0
15
11
29
10
2
2
6
1
1
1
1
90
90
90
3
1
1
1
1
1
3
1
20
1
1
1
1
1
1
29
1
1
1
44
1
1
1
0
11
1
1
29
1
1
1
9
8
4
10
12
44
130
130
12
1
1
1
1
1
1
1
3
2
3
29
12
10
12
4
30
1
3
1
11
11
4
19
1
30
1
2
1
65
1
1
1
1
3
11
1
2
131
131
1
2
3
27
9
1
11
65
12
4
3
15
3
38
66
66
3
3
3
20
19
11
6
24
19
19
19
0
9
12
12
21
32
32
9
12
0
24
1
1
20
50
50
15
43
43
38
0
8
16
32
0
66
0
0
19
24
3
6
7
3
7
11
3
19
19
3
3
1
1
19
19
3
3
6
3
3
4
4
19
3
3
11
3
11
3
3
15
3
3
3
3
3
3
0
3
13
3
132
132
3
15
7
7
11
11
13
32
11
19
0
19
7
3
3
12
8
19
18
32
32
1
1
16
19
12
19
3
1
133
133
19
4
12
9
19
19
19
1
11
12
134
134
0
1
3
4
19
19
50
19
24
0
24
4
3
9
12
20
3
3
3
11
8
12
11
15
24
26
26
3
7
1
1
9
24
24
3
3
0
0
3
0
19
20
6
20
91
91
20
43
3
3
12
3
3
0
3
3
0
3
19
11
19
19
11
6
3
1
19
15
2
6
19
24
15
8
21
19
19
20
3
6
1
1
16
19
16
16
1
1
1
1
43
3
1
1
20
3
19
3
1
1
12
1
16
11
3
1
21
24
1
3
8
16
16
9
11
0
4
9
1
20
26
1
15
6
0
19
20
3
1
0
3
19
4
4
8
11
1
11
0
32
0
0
9
3
3
3
3
3
0
19
1
19
8
12
3
3
0
0
0
3
3
3
38
6
7
4
9
7
1
4
135
135
1
0
24
3
19
18
0
0
0
12
0
4
9
0
9
0
0
1
1
16
1
0
0
20
136
136
3
3
16
15
3
50
8
0
3
3
1
11
0
8
8
8
50
0
0
3
1
1
0
3
3
1
1
9
1
9
1
11
3
3
0
26
3
3
15
19
1
1
9
1
0
3
3
137
137
3
3
3
3
8
4
19
3
3
91
15
15
0
0
19
19
11
1
1
66
1
0
11
4
0
