76
76
14
14
9
9
12
12
20
20
6
6
3
2
13
13
13
14
3
3
13
13
13
6
6
12
13
13
13
16
1
14
14
9
14
12
7
4
13
14
20
13
13
13
3
10
10
52
52
12
12
15
15
0
0
0
0
10
3
0
17
17
15
15
14
13
0
0
0
10
7
7
0
15
0
15
15
10
0
10
4
10
0
14
0
15
0
15
15
0
10
10
15
12
12
10
15
15
3
14
12
12
19
11
11
10
10
10
17
0
7
5
15
10
11
17
0
10
10
14
77
77
10
15
0
10
0
0
0
78
78
11
11
3
11
7
14
13
10
10
10
14
0
15
15
11
52
12
7
3
15
19
7
15
2
0
2
2
13
2
0
15
12
12
13
12
3
17
17
2
1
1
2
2
40
40
12
12
12
2
2
2
15
15
17
3
3
12
2
6
6
17
17
12
2
12
13
13
12
1
2
79
79
13
12
19
41
41
16
20
0
0
15
15
1
1
12
4
4
19
19
14
2
2
24
24
1
1
19
2
8
80
80
12
0
12
13
13
2
19
12
5
5
12
12
15
13
13
0
5
2
16
17
3
19
21
21
53
53
16
13
15
12
12
15
1
10
13
13
13
2
2
3
12
13
17
13
13
13
15
4
13
13
15
41
4
17
1
13
15
15
14
12
12
4
12
12
12
12
5
13
2
10
16
3
2
3
1
13
16
1
12
12
1
4
1
4
2
2
15
2
21
2
16
6
1
12
2
2
2
13
2
17
0
0
13
13
12
1
2
41
13
7
7
12
7
7
6
2
17
17
13
13
2
12
17
3
2
17
17
3
15
6
19
15
13
13
2
0
19
2
19
40
4
4
12
13
4
40
2
2
18
18
12
7
7
16
2
13
13
2
12
12
21
2
13
5
3
5
13
21
6
16
21
21
6
15
7
4
13
14
21
0
15
1
1
11
11
81
81
2
2
13
17
13
2
2
4
0
12
2
82
82
17
13
13
1
16
2
2
2
5
19
12
12
3
12
19
2
16
16
2
3
3
3
3
1
13
3
12
3
3
5
2
2
54
54
3
3
2
2
0
0
16
12
2
19
13
13
2
2
2
3
16
16
2
16
3
3
12
13
2
2
3
3
8
2
3
13
3
12
19
16
12
12
2
2
19
3
12
3
1
3
16
5
14
3
2
2
2
3
13
13
2
3
3
3
20
20
2
3
12
12
3
3
3
16
3
19
19
2
19
3
5
2
12
12
3
12
19
20
16
3
8
3
3
11
11
13
2
3
11
2
0
11
13
3
3
2
2
12
3
2
19
3
11
3
2
8
6
1
19
3
3
19
2
3
19
3
2
19
21
2
3
4
12
3
21
2
13
13
16
10
18
18
4
4
18
3
3
0
0
3
10
19
10
7
4
3
5
3
5
5
7
7
2
2
0
5
0
2
2
15
15
2
14
14
0
14
14
2
2
0
0
0
0
7
4
8
8
19
10
10
2
0
0
21
0
14
1
1
2
5
14
0
0
0
0
0
5
2
11
11
0
17
17
16
16
0
0
4
4
8
7
0
5
0
0
0
0
0
4
0
0
4
14
11
11
0
3
7
7
12
2
13
13
0
20
20
0
0
0
0
0
4
4
5
0
10
2
0
0
0
13
0
0
17
17
13
13
4
2
0
0
0
0
0
3
0
8
0
0
0
6
8
0
5
0
29
29
13
12
8
2
2
14
13
2
0
18
13
0
0
0
5
2
2
5
0
7
13
0
0
0
0
3
0
0
14
0
10
0
0
0
0
0
0
11
0
3
3
0
8
19
16
16
0
0
0
13
13
2
1
14
10
13
14
13
1
5
5
0
0
0
19
0
0
0
11
2
13
0
10
2
3
13
13
5
19
4
14
14
0
1
6
4
4
0
5
83
83
5
0
2
5
0
5
15
13
5
5
16
5
8
8
0
0
6
2
5
0
0
4
0
5
4
0
2
10
10
0
2
19
5
14
2
5
13
8
0
2
0
0
0
14
14
2
14
5
0
0
14
10
2
14
0
13
17
5
2
2
20
6
5
0
21
4
5
29
2
5
4
17
14
2
3
2
0
13
17
0
0
14
5
0
0
3
0
0
15
5
5
4
2
2
0
0
14
0
0
0
13
5
0
0
0
0
2
5
0
8
5
14
3
3
14
2
14
0
13
0
2
13
5
16
13
5
0
0
0
0
5
4
2
4
6
0
0
11
0
0
1
0
3
2
14
14
0
0
0
8
0
0
4
0
0
21
28
28
2
19
0
4
0
0
0
3
12
14
5
28
2
0
0
14
5
3
3
0
17
5
2
4
14
19
0
0
4
0
19
0
0
6
6
0
16
0
0
0
3
0
0
0
2
5
5
0
1
5
5
29
0
23
23
0
5
0
0
0
5
0
2
7
0
7
17
0
2
5
0
0
0
0
5
0
5
14
20
0
5
0
13
13
3
2
2
4
0
7
14
17
13
6
13
0
2
19
5
0
0
14
2
2
8
5
2
3
4
14
5
10
2
0
0
13
4
5
17
5
0
0
0
4
0
0
11
13
13
4
2
0
5
6
14
0
7
1
4
2
20
2
6
14
14
2
0
5
0
0
3
4
13
16
0
5
2
2
18
13
11
0
2
2
2
0
2
15
0
6
0
2
0
14
13
0
5
4
5
0
0
0
2
0
2
2
13
10
0
2
2
0
5
0
1
7
0
0
0
14
5
5
0
10
0
19
0
0
0
0
0
19
0
0
2
12
0
14
2
5
3
3
14
14
10
5
19
4
4
14
0
0
5
0
4
0
7
0
0
11
19
3
2
5
2
0
11
11
0
0
0
19
0
2
7
2
2
7
5
5
4
0
0
2
5
13
14
0
7
15
7
10
10
4
0
0
4
4
14
10
0
0
0
5
0
19
3
0
6
0
0
0
10
0
0
0
0
17
7
13
0
0
0
2
0
0
2
0
13
0
5
0
0
0
17
0
0
0
0
0
0
0
7
0
5
14
14
14
14
84
84
9
9
14
28
14
14
1
10
3
2
2
17
12
0
2
2
2
20
13
3
5
3
3
4
14
14
3
7
6
6
7
0
0
1
14
1
14
10
8
9
9
3
12
4
2
0
1
14
1
3
7
56
56
13
0
0
7
2
1
28
3
12
20
3
3
0
3
3
13
13
3
2
2
2
3
10
3
9
4
3
4
3
3
2
3
3
1
2
1
10
3
14
0
4
4
1
3
16
16
11
1
13
12
13
13
2
2
4
3
3
3
14
9
14
8
2
0
9
2
1
1
16
16
14
14
13
2
14
0
12
8
18
1
2
14
14
1
2
14
13
13
10
0
11
11
10
1
2
2
3
14
4
3
2
0
4
4
10
3
14
14
2
6
7
4
10
14
3
20
6
3
14
3
1
5
3
17
0
1
3
3
4
13
3
14
5
8
17
1
14
3
20
17
3
2
2
2
2
3
1
20
13
5
5
2
2
19
5
2
14
1
17
1
9
13
13
11
2
9
2
6
15
3
3
3
3
19
19
2
3
56
3
2
2
2
3
3
8
1
4
4
5
2
17
15
2
2
10
12
3
10
4
2
2
4
2
2
2
13
3
4
3
3
12
1
11
5
0
1
4
14
6
2
10
0
1
3
14
6
53
2
0
2
3
11
19
2
3
4
14
1
5
10
3
10
14
13
0
0
2
2
3
17
17
6
10
10
3
10
2
2
2
2
9
15
1
4
3
10
14
4
14
14
8
10
3
2
2
0
2
9
2
14
4
2
14
5
3
21
2
2
10
8
3
10
4
3
1
1
4
3
0
3
0
12
12
3
14
0
42
42
5
2
18
4
10
10
4
2
1
4
4
2
4
7
7
0
2
4
0
1
1
4
3
2
2
1
18
4
0
18
2
1
2
17
0
4
4
2
2
18
14
4
16
16
4
21
4
10
1
1
10
5
12
85
85
2
10
2
5
7
3
4
4
1
18
6
4
4
4
4
1
11
11
24
24
2
14
10
1
4
11
11
14
1
5
18
1
4
5
2
21
8
10
6
14
2
24
4
1
1
14
4
2
2
1
10
2
42
21
13
8
4
0
4
5
6
5
10
0
10
4
1
3
18
17
2
1
0
0
2
14
0
2
2
11
10
12
3
4
1
2
7
0
2
19
20
20
2
5
2
18
12
5
2
12
0
12
0
2
10
4
4
86
86
4
4
10
2
4
6
2
1
18
0
0
2
16
5
2
5
1
19
12
12
10
10
5
4
1
6
1
7
87
87
4
4
2
1
1
21
1
2
1
20
0
1
4
2
1
11
0
0
0
5
3
4
24
3
3
3
3
1
21
1
12
10
13
6
4
2
0
2
2
6
2
2
4
1
10
2
5
4
0
2
1
5
0
5
18
18
2
1
0
5
4
11
11
4
3
5
16
4
2
1
2
2
2
13
13
0
0
0
24
24
3
19
7
4
14
14
1
5
2
18
2
2
5
88
88
10
8
4
4
4
3
3
2
10
4
13
3
4
3
1
7
2
2
4
17
18
2
4
4
4
7
12
13
7
9
9
14
2
89
89
6
2
1
5
57
57
1
1
14
0
16
3
10
1
5
2
20
8
18
4
5
8
4
4
10
10
4
2
1
17
1
5
5
17
10
4
5
2
7
10
4
5
1
4
11
3
6
10
3
9
6
1
7
7
2
13
18
3
24
24
1
18
17
17
1
4
2
8
4
7
4
10
1
2
1
3
2
5
5
1
4
18
5
12
4
11
4
1
1
1
4
16
2
4
6
16
3
18
0
10
1
10
4
1
18
1
6
1
5
21
1
6
6
14
5
8
1
13
13
0
2
10
1
1
1
1
0
1
5
11
10
3
1
8
14
2
12
2
3
4
12
42
1
2
2
3
4
10
12
5
0
4
3
5
1
17
1
18
6
14
5
4
1
7
19
1
12
2
1
1
10
10
7
20
20
6
1
2
4
10
4
8
1
2
5
18
12
4
3
0
54
18
18
2
1
10
10
2
1
6
2
1
6
4
2
5
4
3
0
19
16
2
4
5
4
10
0
0
6
19
4
15
4
10
4
1
17
17
1
10
19
10
11
16
2
10
8
5
0
11
3
10
0
0
7
10
10
1
10
4
13
6
3
9
10
6
3
10
4
4
5
16
16
0
16
16
16
13
13
11
6
6
10
1
10
0
5
19
10
9
20
4
16
5
16
8
0
11
6
5
4
20
10
19
3
12
5
8
12
1
4
10
10
11
1
10
10
6
5
3
10
2
10
10
5
2
1
1
10
90
90
3
1
16
16
5
16
5
11
2
10
8
16
16
8
10
3
11
13
3
5
4
20
14
14
3
91
91
15
0
10
92
92
6
7
7
18
4
4
5
2
2
8
2
5
5
57
23
23
10
2
2
18
4
2
6
18
18
14
14
2
3
6
10
4
4
15
5
9
9
14
18
3
6
6
6
5
5
1
3
10
14
19
19
12
4
1
6
8
0
3
18
9
9
19
0
1
5
11
11
1
3
13
3
4
16
16
8
10
8
8
15
4
7
15
3
18
17
17
3
0
3
3
3
0
17
15
15
0
5
5
1
4
4
12
12
4
3
4
5
29
12
2
1
3
15
15
8
15
2
2
18
4
4
4
12
1
1
12
15
14
14
14
4
12
15
15
5
12
2
6
3
14
2
8
4
93
93
15
2
4
4
19
19
5
8
4
6
16
7
6
4
1
6
15
9
15
4
4
9
14
15
16
16
2
9
9
9
3
4
4
6
3
7
4
3
3
17
17
14
4
5
8
14
14
1
15
15
20
8
10
3
3
3
8
4
6
15
10
17
6
18
0
2
0
2
1
3
8
6
14
3
8
1
2
6
4
4
4
4
4
8
8
34
34
2
15
15
2
2
7
2
4
8
17
7
7
4
4
12
15
6
7
0
18
5
2
9
2
3
23
1
6
8
29
1
6
3
5
5
1
20
0
1
8
20
94
94
14
15
5
4
23
12
15
15
14
11
11
4
4
5
10
10
18
3
15
6
15
4
15
14
18
16
0
3
14
6
7
12
4
2
6
14
19
2
0
0
9
23
0
1
18
4
6
1
8
13
13
19
23
3
0
3
3
11
11
6
8
2
20
4
4
4
3
8
6
2
1
4
15
15
9
9
7
10
9
2
5
8
7
4
3
2
3
2
7
21
2
13
7
21
3
4
4
11
5
1
0
3
11
3
3
7
4
7
11
11
2
0
5
3
19
7
2
2
6
6
0
8
9
9
4
4
16
15
5
3
3
10
2
2
8
12
7
23
14
14
4
0
0
3
0
15
4
2
2
3
6
4
4
1
2
4
3
8
9
19
19
2
1
0
2
1
1
1
1
2
2
10
9
1
3
3
3
4
19
1
1
1
15
11
2
13
13
15
15
2
13
8
3
3
0
13
11
3
7
16
3
19
19
4
9
9
13
3
3
3
6
6
0
3
2
6
6
1
4
14
6
0
19
2
14
3
7
3
35
35
13
35
8
95
95
9
8
2
3
3
3
10
5
3
7
14
12
0
11
2
5
9
3
13
6
6
9
13
13
12
12
2
7
2
8
1
1
3
7
6
0
3
3
1
10
1
3
1
0
58
58
3
11
2
3
3
3
1
6
6
6
6
3
10
1
9
21
5
5
0
2
2
3
2
1
10
2
10
4
11
4
11
3
3
5
3
3
10
4
10
6
5
35
15
6
3
3
3
5
0
9
2
7
3
11
10
1
20
0
6
2
7
4
6
7
2
13
11
19
4
2
9
3
11
7
18
3
8
10
32
32
7
1
3
3
6
6
6
2
19
3
4
4
3
4
5
4
15
0
6
8
11
8
21
9
8
4
15
14
8
9
1
5
3
5
0
5
10
3
7
4
2
10
12
1
10
9
2
5
10
1
8
7
3
6
19
5
2
1
0
0
2
3
58
3
8
0
1
1
11
14
0
0
12
12
0
0
5
1
4
5
12
12
5
2
4
0
0
6
6
0
96
96
3
6
7
0
0
7
1
6
2
5
5
5
6
6
0
8
3
2
5
5
5
15
6
6
4
7
5
0
0
0
0
5
6
10
6
5
4
12
9
5
6
6
6
15
4
20
6
6
12
0
21
9
0
20
0
6
5
4
12
12
6
5
3
6
0
2
6
4
4
0
4
5
5
11
4
6
5
4
5
11
12
9
3
4
5
21
4
12
12
0
0
2
5
5
20
0
6
0
5
6
4
7
6
6
0
6
4
3
11
6
5
2
4
6
6
1
12
0
0
0
16
5
6
6
5
19
6
1
2
7
14
1
7
2
4
7
14
4
5
12
2
5
17
0
7
5
11
11
23
23
11
0
6
4
4
5
2
5
4
0
0
6
6
0
13
13
7
6
4
6
3
4
14
4
17
6
17
0
0
0
4
6
21
0
5
0
5
6
0
6
0
0
14
1
4
4
4
6
7
17
6
6
12
6
14
3
0
6
6
9
1
12
6
7
16
16
2
4
7
7
5
5
19
9
9
6
6
4
6
6
9
7
7
6
14
4
7
17
17
7
5
4
4
2
5
1
43
43
9
7
6
0
9
9
7
0
7
7
7
7
7
7
7
4
0
1
1
7
1
1
17
7
4
0
18
18
0
0
9
9
7
4
19
4
4
2
3
2
6
6
4
7
16
20
0
7
17
6
7
2
4
2
7
6
4
12
6
6
6
0
6
4
6
7
6
9
2
2
6
6
2
2
2
19
6
17
0
6
9
2
7
17
21
2
0
12
3
18
4
9
0
0
7
13
7
16
6
9
7
7
5
9
21
3
4
17
4
4
6
6
7
7
8
20
20
7
7
6
6
7
9
9
10
43
6
9
17
1
2
18
20
0
4
12
7
19
3
6
1
12
5
5
1
4
7
5
9
5
14
4
43
2
6
7
7
16
1
8
18
9
0
4
3
2
18
12
2
4
6
4
2
18
9
2
16
6
7
7
9
97
97
6
12
0
20
9
7
6
12
0
0
5
5
19
1
1
3
17
15
15
15
7
5
12
3
22
22
5
22
22
3
7
11
7
2
3
19
5
2
10
3
5
6
8
2
0
44
44
0
5
1
3
4
6
6
12
4
6
0
5
0
15
15
16
16
4
6
4
4
4
1
6
12
2
11
11
14
1
4
4
4
0
1
8
7
5
22
22
3
3
3
14
11
11
6
6
5
4
11
5
8
4
7
5
12
12
6
13
3
5
6
17
11
6
7
2
2
2
1
3
8
8
19
2
14
6
1
13
4
2
4
6
1
2
7
1
1
1
1
22
4
8
19
0
1
98
98
20
20
5
5
5
7
15
7
8
19
2
5
2
8
20
2
1
5
6
15
15
22
59
59
8
1
1
1
5
8
15
15
9
14
14
4
3
0
22
14
3
22
1
5
4
5
4
5
1
4
4
5
3
3
2
10
11
12
6
1
1
6
2
10
19
1
1
44
44
3
7
4
1
1
3
99
99
9
1
11
1
1
1
1
1
34
34
2
16
7
3
3
6
1
4
3
5
11
1
2
5
6
4
1
13
6
26
26
1
2
10
20
1
1
9
5
6
22
3
4
0
14
1
2
5
6
20
14
13
1
6
11
11
22
4
3
10
1
1
1
5
6
5
6
5
5
4
2
1
1
5
0
5
5
22
5
14
4
2
17
17
7
34
14
4
5
5
1
7
1
4
4
9
9
5
5
12
12
7
1
1
15
8
22
4
4
8
2
9
1
1
1
10
0
8
3
3
5
11
13
3
1
4
1
15
1
7
10
10
3
6
11
1
1
4
15
3
15
8
3
3
2
8
6
6
1
19
4
3
10
5
3
17
6
1
3
9
14
0
1
8
9
1
8
8
10
8
4
6
1
10
4
1
8
8
7
9
3
5
4
2
1
1
8
7
8
1
5
5
8
20
5
22
1
5
5
4
1
8
10
4
60
60
60
8
15
1
1
1
4
8
10
17
1
1
1
1
8
10
22
1
1
1
1
1
1
4
8
4
1
1
22
1
1
1
3
2
5
5
5
1
100
100
4
1
1
1
1
1
1
1
8
5
8
22
4
3
1
6
9
1
5
1
3
4
6
7
16
9
1
2
1
17
1
1
1
1
8
4
4
5
101
101
1
5
2
13
1
1
5
17
10
5
8
0
8
18
17
17
8
8
8
20
7
5
4
9
7
0
7
0
3
10
10
17
9
9
11
4
0
1
1
2
20
9
9
0
26
26
18
0
0
11
9
0
17
0
21
7
9
0
4
2
8
13
5
8
7
7
8
8
1
1
7
7
8
0
3
8
1
6
6
7
8
8
5
8
5
8
19
0
8
8
0
8
8
8
4
21
9
8
102
102
8
0
13
13
5
5
9
9
0
7
0
7
2
1
1
6
3
0
14
9
9
1
1
11
0
14
7
8
4
3
3
0
6
4
3
7
0
7
1
5
6
18
18
0
1
8
6
7
7
9
7
9
7
9
10
19
3
6
16
8
8
2
5
3
1
4
5
9
9
9
8
2
4
1
3
9
9
8
8
7
0
8
7
5
20
4
20
2
2
20
26
8
8
10
8
8
0
8
8
0
8
7
5
7
7
4
8
1
1
7
0
2
8
7
9
7
3
17
0
7
20
8
4
1
1
11
7
11
11
19
8
1
1
26
8
8
1
20
8
7
1
1
1
6
1
11
5
8
1
1
17
15
8
7
14
14
3
5
7
4
3
1
20
9
1
0
8
4
7
20
8
13
0
8
7
6
4
7
5
13
5
0
9
0
0
11
8
8
8
2
8
0
7
1
7
3
6
8
8
0
0
0
8
1
8
18
8
0
4
3
2
1
10
24
24
9
0
9
8
5
14
0
0
0
1
0
7
3
0
1
0
0
1
1
11
2
0
0
20
1
1
8
8
11
5
21
9
3
0
8
8
1
5
7
4
4
1
4
0
0
8
1
1
0
8
8
1
1
3
1
11
1
2
8
8
0
9
8
8
5
0
1
1
11
1
0
8
8
103
103
8
2
19
1
0
6
7
8
8
2
4
5
0
0
7
0
4
1
1
17
1
0
5
6
0
15
0
0
0
19
0
7
0
11
18
6
10
10
16
2
4
0
0
11
20
2
1
1
5
5
5
2
11
0
0
0
0
0
0
0
10
0
6
0
0
0
7
6
0
0
11
10
11
10
0
10
10
19
0
21
0
7
5
5
10
1
0
0
0
11
7
10
0
13
13
10
47
47
6
6
15
1
4
2
5
5
18
5
6
0
14
5
11
7
14
12
3
6
9
9
18
7
7
1
0
0
6
9
1
7
7
0
14
18
9
0
0
10
0
20
0
12
18
0
15
15
10
1
0
0
0
0
18
1
18
0
0
0
3
0
0
7
18
0
14
11
2
6
10
10
0
0
6
0
18
18
0
12
12
15
2
18
0
16
13
6
2
5
6
0
0
47
18
7
4
0
0
0
10
0
10
2
0
2
6
4
0
0
0
0
0
16
0
4
0
11
0
0
1
0
28
28
0
10
2
2
2
0
0
0
2
0
11
10
0
104
104
0
15
11
0
0
5
18
1
15
1
15
0
13
0
13
13
0
10
0
0
19
7
7
0
5
0
0
0
4
0
3
0
5
6
17
18
18
18
10
5
4
11
4
16
0
2
105
105
0
0
4
0
0
10
5
30
30
12
1
6
6
1
18
15
3
0
21
6
0
0
7
3
16
7
7
2
1
0
1
6
8
8
0
16
17
12
1
1
12
1
2
5
5
9
9
6
1
7
8
0
11
11
8
8
7
10
1
11
6
22
22
22
12
6
6
9
9
7
0
8
17
17
15
15
6
9
0
3
3
1
1
1
9
1
0
1
11
0
16
16
0
0
12
15
5
1
5
6
6
1
16
15
10
0
14
14
7
20
19
16
7
5
7
19
18
0
0
45
45
0
16
19
0
8
9
9
7
0
18
0
8
0
11
13
7
1
0
1
5
7
8
6
8
17
8
0
19
19
2
0
24
1
7
1
19
0
9
7
0
1
0
7
4
1
8
8
6
8
6
1
6
4
0
1
8
19
5
0
1
1
8
1
27
27
9
18
0
21
1
0
8
7
8
0
5
0
8
0
0
4
18
18
18
0
11
0
5
18
4
17
9
9
19
0
9
9
1
0
0
7
0
4
12
12
45
8
8
8
0
2
16
8
10
1
7
1
15
8
8
8
17
0
8
8
8
19
15
8
22
8
7
6
19
7
8
6
6
20
5
9
2
7
7
9
21
27
7
3
9
9
8
17
17
5
5
0
10
4
12
9
0
1
6
4
20
8
0
12
0
1
1
0
8
0
0
1
2
16
5
1
3
1
6
1
6
1
6
9
0
0
8
18
9
12
1
1
0
20
19
0
16
16
7
36
36
16
0
1
17
36
7
36
0
12
1
6
16
1
16
20
11
11
1
6
7
27
17
6
0
0
1
17
4
0
0
4
16
16
21
8
20
3
9
5
7
3
17
8
8
12
10
5
5
20
3
12
0
1
8
4
22
0
2
0
0
0
11
13
3
1
0
16
3
11
20
7
0
0
0
0
0
0
12
15
4
9
1
11
0
10
8
6
0
1
0
0
13
13
13
0
0
8
0
16
12
6
0
15
8
0
5
59
8
19
1
0
8
0
3
0
7
1
12
6
0
15
2
0
1
2
0
16
11
1
4
0
0
2
1
9
7
9
0
16
3
0
1
45
2
0
1
0
36
5
8
0
12
5
0
1
9
0
20
8
8
8
0
18
106
106
0
8
8
16
8
8
8
8
18
3
4
5
8
7
8
18
0
1
8
6
16
0
1
2
3
1
7
1
5
9
0
1
0
1
26
26
19
0
11
11
0
3
6
0
1
8
27
8
1
0
2
0
5
0
0
7
0
0
0
0
2
1
0
0
5
7
7
0
6
6
2
4
4
3
1
0
7
2
14
14
0
1
1
0
1
5
1
1
7
10
6
20
1
0
1
7
0
15
1
0
5
0
6
4
0
0
15
0
4
0
16
1
1
12
1
16
1
3
1
16
16
16
1
0
0
3
6
4
3
0
7
8
5
1
0
0
1
6
0
7
1
6
0
0
0
13
0
4
9
9
6
6
5
1
4
1
1
9
4
17
1
9
0
9
1
1
1
17
17
0
1
1
46
46
1
4
0
0
0
0
5
1
1
1
5
3
0
0
0
1
1
1
25
25
1
0
7
2
2
11
7
0
1
1
1
1
5
5
1
2
61
61
0
1
0
1
5
0
0
19
6
15
18
18
9
0
0
9
9
0
2
1
9
18
3
16
1
4
5
0
16
6
4
5
2
9
18
1
8
1
1
0
1
8
0
11
6
0
0
2
12
12
0
0
1
7
5
7
16
0
7
11
9
1
2
13
107
107
20
0
1
7
7
4
0
1
0
7
1
4
2
1
1
0
0
4
7
7
0
5
1
1
9
9
1
1
0
7
3
3
13
13
11
5
0
0
3
27
7
7
0
16
13
0
5
1
1
0
2
19
19
4
6
1
16
1
3
0
1
7
4
1
1
1
2
9
22
0
0
6
1
0
62
62
6
6
1
1
1
2
0
7
1
1
6
0
0
14
0
0
7
0
6
9
11
11
4
1
1
7
7
0
7
8
11
11
3
6
1
4
7
1
5
1
0
0
5
5
0
11
11
0
3
3
16
4
2
13
1
19
1
1
1
1
9
0
12
1
6
1
1
0
5
2
0
15
2
0
1
10
10
12
15
17
1
1
0
1
1
0
108
108
1
0
7
3
3
3
1
1
4
9
9
12
12
2
16
1
1
1
12
1
0
6
3
3
11
11
0
1
6
2
2
3
13
12
15
11
11
4
3
2
2
4
13
3
0
13
0
2
1
4
6
0
1
1
11
11
0
0
11
11
4
1
1
0
4
8
0
0
0
15
5
7
18
1
1
11
11
10
10
10
1
37
37
9
1
13
13
1
0
0
5
13
1
0
9
9
11
10
22
19
3
1
2
2
0
0
1
0
8
7
0
0
1
1
9
2
11
109
109
1
16
1
0
5
1
1
0
0
1
7
46
11
0
11
11
12
0
10
6
1
11
9
110
110
0
4
16
16
9
11
11
1
20
16
1
1
1
0
9
0
6
1
9
1
1
0
18
35
5
12
8
9
1
0
3
15
0
7
5
1
1
3
9
7
15
5
1
15
5
1
7
1
1
2
1
8
15
5
1
0
13
1
6
1
9
8
1
1
7
5
15
15
0
10
1
15
13
7
6
0
4
1
1
8
1
0
2
15
0
7
0
1
18
18
11
11
0
0
1
2
0
8
3
0
10
63
63
111
111
0
2
0
5
1
4
1
6
9
11
7
3
15
5
1
6
5
10
7
0
1
10
10
112
112
0
113
113
1
9
6
5
0
23
6
11
0
1
1
4
5
1
1
30
1
10
1
1
19
10
4
1
3
15
7
9
11
5
5
5
7
7
7
7
18
1
37
1
5
13
5
2
7
7
14
4
13
9
7
0
0
3
16
1
1
18
4
1
2
2
5
17
7
0
4
2
3
64
64
20
7
1
0
0
7
1
6
4
13
13
2
0
5
0
2
3
7
0
114
114
0
16
1
0
1
8
16
13
16
2
10
4
7
6
13
2
1
1
5
46
6
6
1
6
0
1
1
1
1
9
0
9
16
7
0
13
3
38
38
18
18
16
0
1
15
115
115
1
5
1
13
13
5
1
12
4
16
11
18
6
13
13
4
10
15
0
2
6
9
2
1
1
5
4
2
55
5
14
20
15
1
3
15
0
10
12
5
3
9
18
11
13
6
6
1
7
17
1
13
1
17
13
6
0
3
0
1
3
16
3
5
2
15
13
1
9
5
7
18
5
15
0
0
0
1
116
116
1
21
21
1
1
3
1
3
3
3
11
9
5
1
8
2
0
0
1
5
2
5
1
8
1
7
1
16
13
0
0
9
16
117
117
0
7
9
20
1
5
0
4
4
2
2
1
8
1
1
13
11
4
5
9
4
12
22
15
0
11
21
21
15
15
11
0
17
9
5
5
2
18
4
4
3
0
3
3
0
3
12
9
20
7
5
5
6
17
21
11
2
17
6
37
37
20
1
5
3
5
9
9
13
9
15
2
0
11
47
9
1
5
62
9
15
12
11
6
16
6
10
0
0
7
1
1
6
6
1
11
1
1
1
5
15
7
7
7
10
10
9
5
10
10
65
65
9
19
0
15
0
8
18
18
1
9
1
5
5
7
9
2
22
8
0
6
18
4
9
66
66
14
4
10
1
8
0
1
3
0
3
1
7
6
6
3
5
8
4
8
1
7
5
8
13
9
5
5
15
2
11
10
2
19
11
17
18
9
6
6
19
5
12
39
39
2
9
9
15
10
0
5
0
15
5
12
7
17
10
9
15
30
5
1
1
5
5
6
1
63
3
0
4
13
0
0
6
22
4
6
6
15
6
1
9
8
20
3
9
9
18
2
12
19
18
19
0
1
10
0
1
11
11
5
6
5
0
4
0
6
9
12
1
7
1
13
0
3
14
2
5
8
48
48
1
4
1
118
118
119
119
3
10
15
0
16
1
12
12
12
6
15
9
61
0
1
0
12
120
120
121
121
5
0
1
10
12
7
9
1
1
1
10
122
122
65
16
123
123
10
6
13
16
1
1
9
15
4
3
20
20
6
1
9
9
8
3
6
6
11
11
16
11
67
67
12
3
5
6
1
17
6
7
16
1
124
124
13
9
125
125
12
1
11
5
0
0
2
15
1
15
3
7
6
3
9
1
1
8
8
5
0
15
6
3
1
7
1
6
0
0
9
6
7
66
67
6
5
4
1
18
48
21
1
17
4
8
20
17
1
1
17
4
2
10
4
4
22
16
4
12
8
3
3
14
6
11
13
8
2
3
14
1
2
13
14
0
4
23
1
3
7
6
2
3
1
1
6
21
21
9
3
3
7
7
68
68
16
11
11
2
12
12
15
9
8
0
11
3
7
15
14
14
1
18
4
12
12
4
1
15
16
16
6
20
9
12
12
20
1
17
3
0
1
1
0
17
9
9
12
4
13
1
126
126
17
17
3
3
7
7
15
1
17
23
12
18
1
16
3
15
8
9
9
20
20
1
68
1
1
16
11
20
2
9
9
4
4
127
127
128
128
1
4
0
18
9
9
4
3
0
9
6
7
11
1
129
129
4
7
11
7
11
1
3
3
19
8
18
13
8
8
14
1
11
12
19
1
0
0
5
15
8
8
12
3
8
1
17
17
1
9
1
3
69
69
11
0
16
18
15
15
10
16
14
2
3
9
6
15
130
130
7
7
70
70
11
12
19
1
0
12
10
0
15
2
10
10
15
15
1
15
9
14
13
8
17
11
5
17
11
11
16
6
20
17
20
20
0
12
12
11
14
5
5
0
11
0
3
6
1
0
20
4
6
1
10
9
6
12
8
20
1
8
21
1
19
4
2
3
4
19
64
6
6
11
5
12
9
0
21
9
6
20
0
8
1
11
11
38
1
3
9
9
9
9
20
1
5
10
9
12
11
11
4
9
4
12
2
0
11
15
3
7
1
8
7
131
131
5
3
4
10
1
1
10
0
16
16
9
21
8
11
9
3
49
49
1
2
11
8
5
6
6
6
10
12
3
8
1
6
6
3
1
132
132
8
8
5
12
133
133
2
1
3
14
11
10
20
1
11
38
9
25
1
10
13
8
7
2
15
2
2
1
6
4
0
38
10
3
7
7
11
134
134
8
0
18
3
20
10
20
71
71
0
10
71
16
22
3
21
6
6
13
17
72
72
12
17
1
25
19
20
7
6
0
1
2
69
3
135
135
0
20
4
3
7
136
136
7
72
3
9
19
20
2
12
5
1
1
2
18
16
15
16
1
1
17
1
137
137
6
4
1
8
11
11
2
20
1
138
138
31
31
4
15
15
15
3
0
20
11
33
33
20
2
50
50
7
17
139
139
0
20
20
30
12
48
7
9
73
73
0
10
2
5
4
16
9
11
0
1
1
10
4
1
2
27
20
15
27
6
140
140
1
1
141
141
4
142
142
11
15
0
18
143
143
31
31
31
1
1
9
3
0
7
21
0
15
0
3
5
11
0
15
10
1
39
8
12
11
1
11
0
1
1
3
3
55
55
13
4
8
39
11
5
144
144
5
31
39
5
20
20
50
2
12
22
20
9
20
20
10
12
15
0
1
17
21
21
0
11
32
17
17
4
17
4
12
12
12
21
5
13
50
11
2
9
17
49
20
25
2
74
74
25
73
20
20
10
13
17
5
23
23
11
5
11
14
19
145
145
0
3
13
8
1
17
1
15
5
17
32
5
1
8
17
21
0
3
2
33
33
146
146
1
9
15
15
21
5
5
9
15
3
33
1
6
2
2
20
11
11
7
8
8
0
16
6
11
11
49
15
16
147
147
8
12
74
12
21
11
0
0
17
17
5
3
18
11
11
3
148
148
13
13
1
14
1
16
0
12
7
1
5
3
0
0
9
17
15
7
3
1
32
7
14
14
17
6
17
25
25
0
33
51
51
5
3
149
149
9
14
10
75
75
14
14
10
10
0
11
10
14
18
1
1
16
7
5
9
11
11
11
13
150
150
12
12
3
0
12
3
151
151
0
0
152
152
13
0
9
18
9
9
5
1
20
13
13
13
11
75
6
0
0
7
12
7
7
17
17
153
153
12
4
154
154
10
4
0
1
13
4
6
155
155
18
12
15
14
1
0
0
7
17
0
7
13
32
156
156
1
157
157
1
12
0
0
13
1
7
51
4
15
16
5
158
158
21
5
0
0
70
10
9
9
7
12
12
0
0
13
11
0
10
12
0
0
13
1
3
11
6
20
13
8
7
5
7
0
7
7
9
11
3
11
11
7
8
159
159
160
160
20
20
0
9
2
14
18
12
161
161
7
9
7
12
21
12
0
2
18
1
11
9
162
162
7
163
163
18
5
8
9
1
17
12
9
2
13
30
164
164
2
0
51
1
3
25
4
6
165
165
10
166
166
12
17
13
9
2
20
6
11
20
1
7
3
7
10
3
17
167
167
17
1
1
2
168
168
169
169
7
13
3
3
12
17
4
4
2
170
170
8
171
171
172
172
2
