49
49
14
14
14
14
31
31
32
32
27
27
15
15
0
0
0
14
39
39
0
0
0
27
27
31
0
0
0
0
0
33
33
32
14
31
14
33
0
33
32
0
0
0
15
7
7
40
40
19
19
3
3
8
8
8
8
7
41
41
42
42
3
3
12
12
8
8
8
7
20
20
8
3
8
3
3
7
8
7
3
7
8
12
8
3
8
3
3
8
7
7
3
2
2
7
3
3
41
12
19
19
7
34
34
7
7
7
42
8
20
3
3
7
34
3
3
7
7
12
50
50
7
3
8
7
8
8
8
51
51
12
12
3
12
20
12
12
7
7
7
12
8
3
3
12
40
2
20
7
3
7
20
3
34
8
9
10
0
4
4
3
6
6
0
2
2
13
13
4
35
35
9
9
28
28
6
6
6
4
43
43
18
18
13
5
5
2
43
44
44
21
21
2
9
2
11
11
6
21
9
52
52
0
2
9
36
36
16
16
37
37
22
22
0
11
6
23
23
10
10
14
4
4
53
53
17
17
10
4
0
54
54
6
37
2
0
0
4
10
2
4
4
2
2
3
0
0
18
4
15
16
21
5
10
24
24
55
55
16
11
22
2
2
3
17
37
0
0
0
0
4
5
2
2
13
0
0
0
22
11
0
11
22
36
23
21
17
0
18
3
14
2
2
23
19
3
3
6
28
11
4
3
0
9
15
9
4
0
16
0
2
2
17
11
17
3
4
10
3
4
24
4
16
0
35
2
9
9
11
11
4
13
56
56
0
11
2
35
9
36
25
57
57
6
45
45
0
9
13
13
0
11
15
6
13
5
0
7
7
5
3
0
9
3
0
0
9
9
10
9
10
28
23
23
2
0
0
28
4
9
58
58
6
59
59
0
4
11
0
4
2
6
18
4
0
4
5
4
11
24
44
16
24
24
18
3
45
0
0
19
4
9
18
46
46
60
60
61
61
15
10
0
13
11
15
15
13
22
2
16
62
62
21
0
0
46
16
1
1
1
1
1
2
2
5
2
1
1
29
29
1
6
6
5
5
17
11
1
19
6
6
1
4
10
63
63
5
5
1
1
4
8
29
2
10
1
25
25
38
38
10
5
26
26
38
26
5
5
2
25
1
10
39
6
2
10
5
25
6
2
1
26
2
2
4
10
1
6
2
5
17
5
26
10
4
5
1
1
1
6
47
47
1
5
5
5
48
48
4
6
64
64
5
5
5
26
6
1
1
1
1
6
1
1
2
2
2
2
1
48
29
1
1
6
5
30
30
25
1
5
30
4
4
30
11
5
6
1
1
2
1
1
1
5
30
6
1
1
27
1
1
6
6
1
1
5
1
6
38
1
4
10
5
4
2
6
1
1
47
11
29
