93
93
4
4
4
4
14
14
39
39
3
3
2
2
12
12
12
4
45
45
12
12
12
3
3
14
12
12
12
22
12
17
4
39
4
14
6
17
12
17
39
12
12
12
2
3
3
68
68
15
15
13
13
0
0
0
0
3
10
10
19
19
13
13
15
15
0
0
0
3
6
6
0
13
0
13
13
3
0
3
4
3
0
15
0
13
0
13
13
0
3
3
13
14
14
3
13
13
10
15
15
15
3
8
8
3
3
3
19
0
6
11
13
3
8
13
13
3
3
15
94
94
3
13
0
3
0
0
0
95
95
15
15
3
15
6
15
15
3
3
3
15
0
13
13
15
68
14
6
3
13
2
6
13
8
0
17
9
12
4
3
13
14
14
12
14
14
19
19
4
34
34
17
17
46
46
2
14
14
4
8
8
5
5
19
7
7
14
8
3
3
18
18
14
17
14
8
8
14
18
17
96
96
12
14
2
51
51
18
18
4
4
10
10
12
8
14
5
5
29
29
4
4
4
31
31
1
1
29
4
12
97
97
14
4
14
12
12
2
29
14
9
9
14
14
13
12
12
3
4
2
18
18
7
29
2
2
69
69
18
17
10
14
14
5
1
3
12
12
12
12
8
7
14
26
19
12
12
12
10
8
12
8
10
51
5
18
1
12
5
13
4
14
14
5
15
14
14
14
46
8
4
3
12
17
2
17
1
12
18
1
14
14
1
8
1
5
4
9
13
4
2
4
18
12
34
14
17
17
8
8
4
19
98
98
12
8
14
34
17
51
12
5
5
14
70
70
12
8
19
19
12
8
2
14
19
7
12
3
3
7
13
12
17
13
12
12
17
17
29
17
29
46
5
5
14
12
12
46
4
17
16
16
14
10
10
12
4
8
12
9
14
14
11
4
12
4
15
4
8
2
3
18
2
2
5
10
70
12
12
15
2
17
5
17
17
21
21
99
99
2
9
12
19
8
2
2
19
10
14
18
100
100
18
12
12
17
18
2
2
2
2
2
14
14
7
14
2
2
20
20
2
7
7
7
7
1
8
7
15
7
7
2
4
9
71
71
7
7
2
2
15
0
20
14
9
2
12
12
9
9
9
7
20
20
9
20
7
7
14
12
8
9
45
7
14
9
7
12
7
14
2
20
14
14
7
9
2
7
14
7
1
7
20
9
15
7
2
2
2
7
32
32
2
7
7
7
72
72
4
7
15
15
7
7
7
20
7
2
2
2
2
7
2
2
14
14
14
14
2
72
20
7
2
7
7
15
15
12
2
7
15
4
0
15
8
7
7
2
2
14
2
2
2
7
15
7
2
2
3
2
2
7
7
2
2
7
2
7
9
2
16
9
7
5
14
7
2
2
32
8
20
3
28
28
2
2
28
52
52
0
0
52
3
29
3
52
2
7
8
17
11
8
6
6
4
4
0
0
0
8
17
23
23
8
4
4
0
15
15
9
0
0
0
0
0
5
5
0
0
29
3
3
17
16
0
0
0
4
1
1
7
11
4
0
0
0
0
0
8
13
5
5
0
19
19
20
20
0
9
8
5
2
0
0
7
0
0
0
0
0
5
7
16
5
4
21
21
0
5
5
5
14
14
12
12
0
53
53
0
0
0
0
0
5
5
9
0
0
17
13
37
0
12
0
0
19
19
26
26
8
8
0
0
0
0
0
5
0
8
0
0
0
6
0
0
4
0
40
40
26
14
2
4
4
15
12
2
0
16
12
0
0
4
11
8
13
0
0
3
26
0
9
0
0
7
0
0
15
0
3
0
0
16
0
0
0
21
0
7
7
5
0
2
20
20
0
0
0
12
12
8
1
15
3
26
4
8
20
8
9
11
11
0
0
0
0
0
24
4
26
0
8
8
7
12
12
8
2
5
15
4
11
1
6
5
13
10
11
101
101
0
0
4
8
7
11
23
12
11
9
20
8
54
54
0
0
6
8
8
0
16
5
0
8
8
16
0
3
3
0
8
17
4
4
9
8
8
8
8
8
0
37
0
15
4
8
4
11
0
0
4
3
9
4
9
12
19
8
8
8
0
8
9
0
0
5
8
40
8
15
5
19
4
8
7
14
0
8
19
0
0
0
8
0
0
33
0
0
23
11
8
8
8
8
0
0
4
0
0
0
26
9
0
0
0
0
4
11
0
8
0
4
15
10
15
8
4
0
12
0
8
26
8
20
26
11
0
0
0
0
0
4
4
0
0
11
0
15
0
0
1
0
5
4
4
4
0
0
0
1
0
0
1
0
0
7
55
55
2
0
0
5
16
0
0
7
14
4
8
0
4
0
0
15
8
45
45
0
19
8
4
5
15
0
0
0
5
16
0
0
0
6
6
0
14
0
0
0
7
0
0
0
8
11
9
0
0
11
11
40
0
102
102
0
11
0
0
0
8
0
4
22
0
8
19
0
9
8
0
0
0
0
8
0
8
15
53
0
8
12
26
12
7
4
13
5
0
10
4
19
26
8
12
0
0
2
9
7
0
15
17
17
8
0
2
5
5
4
8
3
3
0
0
12
5
8
19
6
0
0
0
9
16
4
21
73
73
5
8
0
9
8
15
0
22
1
3
13
53
4
6
15
4
17
0
4
0
11
7
5
12
22
11
8
14
4
15
73
21
0
9
8
8
0
0
23
0
0
16
0
0
4
12
0
8
5
9
0
0
16
4
0
8
4
26
13
0
13
2
0
0
0
1
16
0
7
16
15
11
9
0
3
0
2
0
0
16
0
0
2
0
16
8
14
7
15
8
8
74
74
41
41
3
11
2
5
5
15
0
0
8
16
5
0
0
0
0
15
2
26
17
9
4
0
21
21
0
0
0
13
16
8
5
4
4
0
8
15
0
0
0
14
8
26
41
0
8
23
0
3
3
3
0
13
5
5
4
8
0
0
0
8
0
29
7
0
16
0
16
0
0
0
0
0
0
19
0
12
0
0
0
8
0
0
4
0
26
0
11
16
16
0
12
16
0
0
0
0
0
0
0
0
8
15
15
15
15
103
103
21
21
15
55
15
4
1
3
7
4
4
18
14
0
4
4
4
7
19
5
9
7
7
3
4
4
7
6
11
11
7
0
0
0
4
4
4
15
54
1
1
4
14
3
13
0
0
4
4
5
7
75
75
12
0
11
6
4
4
55
15
14
7
7
7
0
5
4
12
12
5
8
4
13
7
3
5
39
5
7
7
10
10
4
11
5
1
13
4
13
5
4
13
4
5
1
3
18
18
15
13
12
14
19
19
13
13
5
7
33
33
4
1
4
5
4
0
39
2
1
1
20
20
6
4
7
9
4
0
15
8
16
18
2
4
4
13
4
4
12
12
3
13
21
21
3
1
13
13
7
4
11
10
13
0
13
9
3
33
4
4
18
3
7
6
3
4
5
7
11
5
15
10
1
4
3
19
10
13
7
7
5
32
5
4
9
2
18
1
4
5
18
19
7
13
4
4
4
7
18
18
12
4
4
4
4
2
7
5
4
4
13
13
1
32
32
21
2
1
13
6
10
10
8
8
7
2
19
13
33
75
10
18
4
4
10
33
2
1
5
5
7
4
18
4
13
9
11
14
5
11
1
18
13
3
4
5
13
12
5
2
5
5
14
1
15
11
0
1
7
4
4
4
3
5
13
7
4
3
69
13
11
13
7
21
2
13
3
1
4
0
7
3
10
8
4
19
0
0
13
4
5
19
19
6
3
3
7
3
4
4
4
13
1
13
1
3
7
3
4
13
4
4
13
3
7
13
18
0
13
13
13
4
13
9
4
11
33
11
4
13
6
5
10
8
13
7
1
1
8
7
0
5
16
14
14
15
4
4
56
56
9
9
16
5
3
3
5
9
8
5
5
4
3
6
6
4
4
5
16
1
1
5
15
42
42
1
16
4
16
16
17
1
4
19
16
5
9
17
17
16
4
3
20
20
3
11
11
3
1
1
15
9
14
104
104
8
8
17
4
10
7
5
5
1
16
3
5
13
13
17
1
24
24
31
31
8
4
3
3
6
76
76
9
1
4
16
9
5
11
4
11
1
9
3
4
4
31
1
1
1
4
5
8
8
1
8
4
56
4
12
8
5
0
5
11
8
8
8
0
3
1
5
15
16
19
5
1
16
0
9
4
17
13
8
15
15
14
7
5
1
4
6
4
4
9
18
18
13
4
4
16
14
9
17
14
0
14
16
7
3
5
5
105
105
5
5
3
7
5
6
13
1
16
16
16
8
20
4
4
13
8
3
14
14
3
3
16
5
1
1
5
6
106
106
57
57
8
1
1
11
9
8
4
18
16
1
5
4
1
15
107
107
0
11
23
17
31
10
10
77
77
1
11
4
14
3
12
4
3
13
0
42
4
8
8
8
3
7
5
4
16
5
17
9
1
6
16
9
16
16
4
1
16
11
5
108
108
9
7
4
20
5
13
9
4
4
4
19
19
16
0
0
31
31
7
9
2
5
15
4
4
4
2
16
42
8
11
109
109
3
10
5
3
5
110
110
4
3
13
19
5
1
3
1
22
42
4
5
19
16
8
9
5
5
5
14
19
1
111
111
4
4
112
112
17
13
1
9
78
78
4
1
4
16
20
5
5
1
9
8
18
3
16
9
4
5
5
9
3
3
17
8
1
19
1
9
4
19
5
5
4
42
4
3
17
9
1
5
76
74
3
3
17
1
4
1
10
10
8
12
16
1
31
31
1
16
113
113
1
5
4
9
5
0
9
3
1
4
1
77
9
16
3
4
5
4
11
14
5
15
5
1
1
1
13
20
4
5
11
20
7
16
0
11
4
3
5
1
16
2
8
1
9
11
7
6
6
15
8
2
4
19
19
16
2
3
1
1
1
1
0
5
6
24
3
10
1
5
15
4
14
2
10
1
14
56
1
8
4
10
5
3
14
9
4
7
10
9
1
8
1
4
4
4
10
5
4
10
2
1
14
4
5
19
3
3
0
10
10
8
1
9
57
3
5
8
5
8
8
16
14
5
7
0
71
16
16
4
5
3
8
4
6
5
4
5
17
5
4
6
5
15
0
4
20
4
57
11
9
3
3
11
11
3
4
5
5
3
3
11
12
12
3
3
11
3
21
20
9
3
5
7
2
21
5
3
4
2
10
3
8
6
3
5
26
3
10
21
3
6
13
3
17
5
8
20
20
11
20
20
20
12
4
21
16
6
3
3
3
11
11
2
3
7
18
5
20
9
20
3
4
21
18
11
17
18
3
3
7
14
11
13
14
11
17
3
3
21
3
6
3
3
11
5
3
8
3
3
11
9
114
114
3
115
115
13
3
20
20
11
20
11
21
13
3
2
20
20
2
3
7
21
12
10
3
3
13
4
4
3
116
116
10
10
3
117
117
11
0
0
16
5
5
8
5
5
2
13
47
47
78
36
36
3
2
5
16
3
13
8
16
16
5
4
3
3
6
3
3
5
23
11
12
12
4
16
7
6
8
8
8
8
1
13
3
4
48
48
14
1
5
12
2
0
7
16
30
30
2
0
1
8
118
118
1
7
19
7
5
20
20
2
3
2
2
23
5
0
10
3
16
19
19
7
0
7
7
7
0
19
23
23
4
8
4
8
5
5
14
14
5
5
6
8
40
14
5
1
33
10
10
2
10
2
5
16
5
5
7
14
1
1
14
10
15
15
4
5
14
13
10
5
14
11
11
3
15
2
2
5
119
119
1
2
5
1
48
48
9
2
5
17
20
0
11
5
1
3
23
30
23
5
5
12
15
10
20
20
13
79
79
79
7
5
5
8
3
10
5
7
7
19
19
4
5
47
2
4
15
1
23
10
10
2
5
10
10
10
54
5
6
23
3
19
6
16
0
4
0
9
1
7
2
6
4
3
2
5
7
6
5
5
5
1
5
1
2
49
49
4
23
23
16
9
10
17
2
2
19
8
0
5
3
14
23
8
0
0
16
11
9
21
2
7
36
1
6
2
40
1
6
3
47
47
3
10
11
1
12
3
120
120
4
23
16
5
36
14
10
10
15
15
15
5
6
15
3
3
13
3
23
6
23
5
23
4
16
20
9
10
15
8
8
14
2
2
8
4
8
2
0
0
12
36
9
3
16
5
5
5
0
12
12
48
36
5
11
7
7
15
15
6
8
8
13
5
5
5
10
10
6
8
9
5
64
64
12
12
0
3
5
9
11
9
5
10
3
8
7
2
10
2
9
12
10
13
7
5
5
21
9
1
0
10
15
7
7
10
5
10
80
80
9
0
9
7
2
0
13
13
58
58
11
2
21
21
5
5
20
10
9
10
10
11
13
9
13
14
10
36
15
15
5
0
0
7
5
64
5
2
2
2
6
5
5
8
2
5
33
2
21
2
2
2
3
0
8
1
1
8
1
8
8
3
12
8
10
10
10
5
2
9
1
1
10
21
8
11
11
59
59
4
4
7
10
10
0
12
15
10
10
20
10
121
121
5
22
22
12
10
10
10
7
7
13
7
5
6
6
1
6
4
8
0
2
2
4
10
7
7
60
60
12
60
9
122
122
22
8
8
7
7
7
3
9
7
10
4
14
0
21
9
9
12
7
12
3
6
22
11
11
123
123
2
5
2
2
8
1
7
7
6
16
7
7
1
5
1
7
6
0
81
81
7
15
13
7
7
7
3
6
6
6
6
5
8
1
21
9
9
9
0
3
2
10
9
13
3
2
3
5
15
7
15
10
10
9
10
6
3
5
11
11
10
60
10
6
10
10
10
9
0
21
8
10
7
15
3
1
7
0
58
13
10
5
6
0
2
4
15
2
5
2
22
7
15
0
3
10
2
11
124
124
6
9
10
17
6
1
58
8
2
10
5
5
7
5
9
5
59
0
3
8
15
2
9
21
8
5
59
15
9
22
5
0
10
9
0
9
3
7
6
5
13
3
14
1
8
22
2
9
3
1
9
6
10
8
2
9
9
2
0
0
8
7
81
10
8
2
9
1
80
4
61
61
14
14
0
61
16
16
5
16
25
25
6
13
5
11
0
25
25
0
125
125
3
3
6
0
0
6
41
3
13
7
0
7
6
3
0
9
3
17
8
8
6
13
3
6
3
6
16
0
0
0
0
9
3
3
16
16
17
25
25
11
25
6
6
23
11
20
6
11
25
17
16
13
11
0
0
6
11
17
25
25
6
13
10
6
0
13
25
7
5
0
1
16
11
21
17
25
11
5
6
21
17
6
7
17
16
13
17
25
14
0
0
13
6
6
20
0
6
6
9
6
17
6
6
6
0
6
17
7
21
11
7
13
17
3
11
6
25
0
0
0
20
6
6
6
16
29
3
16
8
10
16
1
6
0
17
11
4
11
11
25
13
2
12
0
35
6
15
15
36
36
21
0
3
17
21
9
8
7
17
61
6
11
11
0
8
8
6
6
17
6
3
5
15
6
12
6
12
0
11
0
17
6
0
16
6
6
6
25
0
25
0
6
4
17
6
17
17
11
6
12
6
6
25
6
4
7
6
6
6
21
16
25
25
6
22
22
9
6
6
6
6
6
29
25
25
3
3
16
3
3
12
10
10
6
15
10
10
18
18
10
6
5
5
4
6
1
62
62
12
6
3
6
12
12
6
6
10
6
6
6
35
6
6
21
6
1
1
6
82
82
18
0
6
29
38
38
37
37
43
43
10
5
2
5
5
9
6
9
6
3
5
6
22
7
0
6
18
6
6
9
5
9
5
6
1
15
3
3
3
37
3
21
3
6
3
43
9
9
3
6
9
9
9
9
3
18
6
3
43
9
6
18
2
8
37
15
7
38
5
43
126
126
6
12
5
10
3
25
6
6
6
12
2
22
10
18
22
21
6
6
6
6
2
18
18
10
10
6
3
6
25
25
3
62
6
25
18
82
9
38
18
10
5
14
6
2
11
6
1
2
6
16
6
5
6
6
12
6
15
35
62
9
6
7
7
22
9
10
38
22
0
5
7
9
38
2
9
5
6
5
0
38
12
2
22
7
10
10
12
127
127
6
14
37
18
43
6
6
15
7
37
6
9
2
1
1
11
18
83
83
83
11
6
14
10
27
27
9
27
27
10
4
21
10
9
10
2
6
4
3
3
9
6
2
2
6
63
63
6
6
1
11
5
6
6
14
1
6
9
9
5
23
23
18
18
1
3
17
17
17
1
12
14
9
24
24
4
1
1
7
17
11
1
1
10
9
27
27
7
7
7
4
35
35
11
6
9
17
35
11
2
17
11
6
14
14
6
26
9
9
6
18
24
6
11
2
2
2
1
11
2
2
9
2
4
6
1
26
26
9
1
6
1
8
22
1
1
1
1
27
6
0
2
11
5
128
128
1
23
9
9
9
10
13
11
2
6
7
9
9
2
11
9
1
9
6
84
84
27
129
129
2
1
1
1
9
3
85
85
30
86
86
17
3
9
27
4
7
27
1
7
1
6
6
2
1
1
1
9
10
17
2
3
24
4
4
1
1
6
1
3
1
1
1
63
63
10
10
1
1
1
7
130
130
1
1
24
1
1
1
1
1
49
49
9
64
9
87
87
25
11
6
7
6
24
5
2
8
25
6
1
26
3
44
44
1
1
3
10
1
1
21
9
3
27
7
17
11
4
1
2
8
6
23
4
32
1
1
24
24
27
1
7
3
1
1
1
6
3
9
6
6
8
9
2
1
1
9
11
6
6
27
6
86
5
2
65
65
6
49
4
17
8
9
1
10
1
17
11
88
88
6
6
14
14
10
1
1
1
0
27
1
1
1
9
21
1
1
3
3
0
2
7
10
6
21
26
10
1
1
1
85
1
6
1
1
7
6
24
1
1
9
84
3
23
1
7
10
2
2
6
6
1
2
17
11
3
9
7
12
11
9
7
21
4
11
1
0
21
1
2
2
3
2
1
6
23
3
1
1
2
2
10
88
87
9
2
1
1
1
2
5
7
1
6
6
0
23
11
27
7
4
9
5
1
1
1
1
89
89
89
2
1
1
1
6
1
2
1
18
1
1
1
1
1
1
27
1
1
1
41
1
1
1
0
11
1
1
27
1
1
1
3
7
6
7
4
41
131
131
17
1
1
1
1
1
1
1
2
9
2
27
17
5
4
6
21
1
2
1
6
11
6
10
18
21
1
4
1
65
1
1
1
1
2
6
1
9
132
132
1
9
2
26
15
1
6
65
3
6
2
16
2
28
66
66
2
2
2
18
10
11
5
22
10
0
10
0
10
3
3
19
30
30
15
17
0
22
1
1
18
50
50
16
44
44
28
7
7
24
30
0
66
0
0
10
22
2
5
17
2
8
11
2
10
10
2
2
1
1
10
10
2
2
5
2
2
6
6
6
2
2
11
2
11
2
2
16
2
2
2
2
2
2
0
2
12
2
133
133
2
16
8
8
11
11
12
30
11
10
0
10
8
2
2
9
7
0
4
30
30
1
1
24
10
4
10
2
1
134
134
10
6
17
10
10
10
10
1
11
6
135
135
0
1
2
6
10
10
50
10
22
0
22
6
2
7
6
18
2
2
2
11
7
17
11
16
22
13
13
2
8
1
1
10
22
22
2
2
0
0
2
0
10
18
5
18
90
90
18
44
2
2
3
2
2
0
2
2
0
2
10
11
10
6
11
1
2
1
10
16
4
1
10
22
16
7
19
10
10
18
2
5
1
1
24
6
24
24
1
1
6
1
44
2
1
1
18
2
6
2
1
1
6
1
24
11
2
1
19
22
1
2
7
15
15
10
11
0
35
10
1
18
13
1
16
1
0
6
18
2
1
0
2
10
6
35
7
11
1
11
0
30
0
0
15
2
2
2
2
2
0
10
1
10
7
6
2
2
0
0
0
2
2
2
28
1
8
35
15
8
1
6
136
136
1
0
22
2
10
4
0
0
0
3
0
6
10
0
7
0
0
1
1
24
1
0
0
18
137
137
2
2
24
16
2
50
7
0
2
9
34
11
0
7
7
7
50
0
0
2
1
1
0
2
9
1
1
15
1
15
1
4
2
2
0
13
2
2
16
10
1
1
15
1
0
2
2
138
138
2
2
2
2
7
6
10
2
2
90
16
16
0
0
6
10
11
1
1
66
1
0
11
6
0
5
0
0
0
16
0
0
0
15
16
3
3
3
20
9
3
0
0
24
3
9
1
1
6
9
9
9
24
0
0
0
0
0
0
10
3
7
6
16
9
0
9
3
0
7
15
3
24
3
0
3
3
16
0
0
0
6
9
10
3
0
0
0
0
2
0
3
0
91
91
3
92
92
6
6
5
1
5
9
9
9
28
9
9
0
4
11
2
6
4
15
3
6
67
67
16
7
6
3
0
0
6
67
34
6
10
0
6
16
67
0
0
3
0
7
0
14
28
0
1
1
3
1
16
0
0
11
28
34
28
0
0
0
3
0
10
6
28
0
4
24
9
6
3
3
0
0
9
7
16
28
0
14
14
5
9
28
0
20
91
3
9
9
11
0
0
92
16
0
5
0
0
0
3
7
3
9
0
9
11
6
7
0
0
0
11
20
0
5
0
24
0
0
34
0
139
139
0
3
9
9
9
0
0
0
9
0
15
3
0
140
140
16
23
24
0
0
6
16
0
3
1
23
0
32
16
32
32
0
3
0
0
2
10
0
0
5
0
0
10
5
0
3
0
4
3
3
141
141
28
3
0
5
24
5
20
16
9
142
142
0
7
0
0
0
3
6
143
143
15
34
11
3
1
16
1
10
0
0
3
0
0
0
7
20
