82
82
4
4
4
4
7
7
38
38
46
46
21
21
12
12
12
4
47
47
12
12
12
46
46
7
12
12
12
12
12
4
4
38
4
7
4
4
12
4
38
12
12
12
21
6
6
61
61
4
4
11
11
8
8
8
8
6
62
62
16
16
11
11
25
25
8
8
8
6
39
39
8
11
8
11
11
13
8
6
1
6
8
25
8
11
8
11
11
8
6
6
11
7
7
6
11
11
62
25
4
4
6
51
51
6
6
6
16
8
39
11
11
6
51
11
11
6
6
25
83
83
6
11
8
6
8
8
8
84
84
25
25
11
25
39
25
25
6
6
6
25
8
11
11
25
61
7
39
6
11
9
39
11
51
8
9
9
14
1
1
11
7
7
12
7
7
16
16
1
29
29
3
3
48
48
7
7
7
1
14
14
6
6
16
15
15
7
14
63
63
27
27
7
3
7
3
3
7
27
9
85
85
12
7
9
52
52
20
20
33
33
13
13
12
3
7
23
23
28
28
4
1
1
64
64
18
18
28
1
12
86
86
7
33
7
12
12
1
28
7
1
0
7
7
11
12
12
6
1
21
20
27
15
28
40
40
65
65
20
3
13
7
7
11
2
33
12
12
12
12
1
15
7
7
16
12
12
19
13
3
12
3
13
52
23
27
18
12
6
11
4
7
7
23
11
11
11
7
48
3
1
14
12
9
21
3
1
12
20
12
7
7
2
3
2
11
1
9
11
1
40
1
20
12
29
7
3
3
14
3
1
16
87
87
12
3
7
29
9
52
12
5
5
7
66
66
12
9
16
16
12
3
21
7
16
15
12
6
6
15
11
12
3
11
12
12
9
3
28
9
28
48
23
23
7
12
12
48
1
3
88
88
7
89
89
12
1
3
12
1
7
7
6
1
12
1
15
1
3
40
63
20
40
40
6
11
66
12
12
11
1
3
6
67
67
90
90
91
91
21
28
12
16
3
21
21
16
13
7
20
92
92
27
12
12
67
20
9
9
9
9
9
7
7
15
7
9
9
24
24
9
17
17
15
15
18
3
13
4
17
17
9
1
9
68
68
15
15
9
9
0
8
24
7
9
9
12
12
53
53
9
15
26
26
53
26
15
15
7
12
9
9
47
17
7
9
15
12
17
7
9
26
7
7
1
9
0
17
21
15
18
15
26
9
11
15
9
9
9
17
41
41
9
15
15
15
69
69
1
17
4
4
15
15
15
26
17
9
9
9
9
17
9
9
7
7
7
7
9
69
24
9
9
17
15
32
32
12
9
15
32
1
1
32
3
15
17
9
9
7
9
9
9
15
32
17
9
9
46
9
9
17
17
9
9
15
9
17
53
9
1
9
15
1
7
17
9
9
41
3
24
33
70
70
71
71
70
54
54
93
93
54
33
33
33
54
71
17
3
3
3
3
94
94
1
1
8
3
0
14
3
42
42
14
4
4
0
11
11
0
0
0
0
0
1
0
23
3
0
28
6
6
1
0
0
0
0
4
2
2
3
3
4
0
0
0
0
0
1
3
2
2
0
16
16
24
24
8
8
5
10
8
10
0
10
0
0
0
0
0
2
36
36
0
4
49
49
0
5
5
5
7
21
19
19
8
55
55
8
0
0
0
0
2
2
8
0
0
3
13
0
0
19
31
8
16
16
22
22
5
1
0
0
0
8
0
5
0
3
0
0
0
0
0
0
1
0
56
56
22
21
36
1
1
11
19
9
0
8
19
0
0
1
10
0
0
0
0
13
22
10
3
0
0
17
8
0
11
0
6
0
0
0
8
0
8
49
8
5
5
8
0
9
24
24
0
0
0
19
19
14
3
11
6
22
4
3
24
1
1
34
34
0
0
0
0
0
2
1
22
0
3
0
8
19
19
1
9
5
11
4
34
5
0
2
13
34
3
95
95
10
0
1
1
36
3
42
19
1
1
24
5
72
72
0
0
0
3
1
0
0
5
0
3
5
0
0
6
6
0
0
8
4
4
0
3
3
5
14
0
0
0
0
11
4
3
4
3
0
0
4
13
3
4
8
19
16
3
3
3
0
3
1
0
0
0
1
56
14
11
23
16
4
3
17
21
0
3
16
8
0
0
5
0
0
0
0
31
42
3
14
5
14
14
0
0
4
8
0
0
22
8
0
0
0
8
1
10
8
8
8
4
15
15
11
8
4
0
19
0
0
22
3
24
22
0
0
8
0
0
0
5
5
0
0
34
10
15
0
0
2
8
5
8
4
4
8
8
0
23
0
0
0
0
0
36
57
57
1
8
0
13
0
8
0
17
7
4
3
0
1
1
0
11
3
47
47
8
16
3
1
3
11
0
0
0
2
0
0
0
0
73
73
0
7
0
0
0
14
0
0
0
1
3
3
0
8
3
3
56
0
96
96
0
3
0
0
0
1
10
1
0
0
5
16
0
1
3
0
0
0
0
3
0
3
11
55
0
1
19
22
19
5
8
1
2
10
34
4
16
22
3
19
1
8
0
1
5
0
11
3
1
3
8
9
5
5
4
3
6
14
0
0
19
5
0
16
4
0
0
0
5
0
8
49
74
74
0
1
10
1
3
11
0
12
2
13
13
55
1
73
11
4
3
8
1
0
34
17
23
19
12
34
1
21
11
15
74
49
8
0
14
14
8
0
42
0
8
0
0
0
4
19
8
3
23
3
0
0
0
0
0
0
1
22
13
0
13
0
8
0
0
2
0
0
36
0
11
3
11
0
13
0
0
0
0
0
0
0
9
0
0
3
7
36
11
3
1
75
75
76
76
6
3
0
23
23
11
0
0
5
0
2
0
0
0
0
15
1
22
1
11
1
0
44
44
0
0
0
28
0
14
0
14
1
10
3
11
0
0
0
21
1
22
76
0
10
42
10
77
77
14
0
13
23
2
4
3
0
0
0
1
0
28
17
0
0
0
0
0
0
0
0
0
0
16
10
19
0
0
0
3
0
0
1
0
22
10
1
0
0
0
16
0
0
0
0
0
0
0
10
0
10
11
11
11
11
97
97
98
98
11
57
11
4
4
77
10
1
1
27
7
0
1
1
1
17
30
5
5
5
5
6
4
4
29
5
8
8
5
31
31
0
4
1
4
4
72
18
18
1
7
14
13
0
0
4
1
5
5
78
78
12
0
10
5
1
4
57
15
7
17
29
29
31
5
10
12
12
5
1
1
13
5
6
5
38
5
5
5
15
15
1
10
5
1
13
4
13
5
4
13
1
2
2
11
20
20
15
13
12
7
30
30
13
13
2
5
43
43
4
18
4
5
1
5
38
9
50
50
24
24
4
4
29
1
4
31
11
5
13
27
9
4
4
13
1
4
12
12
6
13
44
44
6
50
35
35
5
4
6
15
13
0
18
3
6
43
4
4
20
6
5
6
6
4
5
17
8
5
11
15
18
4
11
16
15
13
5
5
5
41
5
4
15
5
27
2
4
5
20
16
5
13
1
1
1
5
27
20
12
1
1
1
1
9
5
6
4
4
13
13
18
41
41
44
9
18
35
4
15
15
5
5
5
9
9
13
43
78
15
20
1
1
15
43
10
50
99
99
5
1
27
1
35
9
10
7
5
10
13
20
13
13
1
9
35
12
5
5
5
14
7
18
25
10
10
2
5
4
4
1
6
5
13
5
4
6
65
35
10
13
29
44
9
13
11
10
4
0
17
6
15
6
4
30
31
31
13
1
5
16
16
6
6
6
5
6
1
1
1
13
18
11
18
14
5
6
1
13
1
1
13
6
29
11
20
0
13
13
13
4
13
13
4
10
43
10
1
35
13
5
5
6
35
29
13
18
5
5
31
5
0
7
7
15
4
4
58
58
1
1
0
2
6
6
2
2
6
10
10
1
10
100
100
1
1
2
0
2
2
2
15
45
45
2
0
1
0
0
3
18
1
16
0
10
3
3
3
0
4
14
26
26
14
10
10
4
2
2
1
1
7
101
101
14
6
3
10
10
2
2
2
2
0
6
2
13
13
3
2
79
79
37
37
14
4
6
6
10
80
80
2
2
1
0
3
5
1
1
10
2
6
6
1
1
37
2
2
18
1
2
14
14
2
14
1
58
4
19
5
6
0
10
10
14
14
6
8
13
2
2
15
0
16
14
2
0
8
2
4
3
1
14
32
32
7
17
13
2
1
1
4
10
1
59
59
1
1
1
0
7
1
3
7
8
7
0
14
6
2
10
102
102
23
2
5
1
2
5
1
2
0
0
0
1
24
10
1
13
14
6
7
7
14
4
1
2
2
2
2
4
103
103
60
60
14
2
2
10
3
14
1
59
0
2
2
1
2
32
104
104
0
1
17
2
64
15
15
81
81
2
10
1
7
6
19
4
3
1
8
45
1
14
14
14
10
2
2
1
10
10
3
1
2
10
0
1
0
0
1
2
11
10
2
105
105
10
2
1
26
2
1
3
1
1
2
30
30
0
8
8
37
37
17
1
8
10
11
4
1
1
1
0
45
14
10
106
106
6
1
2
13
10
107
107
1
3
18
30
10
2
10
2
14
45
1
3
16
0
14
3
2
2
5
7
30
2
108
108
1
4
109
109
3
1
2
1
110
110
1
2
4
0
26
5
10
2
1
14
59
6
0
3
4
2
2
3
6
6
2
14
2
9
2
8
1
9
10
2
1
45
1
6
4
8
2
2
80
75
6
6
10
18
4
18
111
111
14
19
0
18
37
37
2
0
112
112
18
2
1
1
2
8
3
13
1
1
2
81
1
10
6
1
2
1
1
7
2
32
2
2
2
2
18
26
1
10
10
26
14
0
0
0
1
6
10
2
0
2
14
2
1
10
1
113
113
11
14
2
1
30
30
0
6
6
2
2
2
50
1
2
1
79
6
2
2
2
1
1
7
2
10
2
7
58
2
14
1
15
10
14
7
5
4
2
15
3
2
16
2
1
4
1
5
4
1
10
1
2
7
1
2
9
13
13
10
114
114
14
18
3
60
6
2
5
2
14
14
0
7
2
10
8
68
0
0
1
2
6
6
1
1
10
1
2
14
10
1
1
10
15
10
1
26
1
60
1
3
