67
67
7
7
7
7
25
25
42
42
36
36
4
4
2
2
2
7
41
41
2
2
2
36
36
25
2
2
2
2
2
7
7
42
7
25
7
7
2
7
42
2
2
2
4
14
14
51
51
11
11
9
9
17
17
17
17
14
52
52
53
53
9
9
22
22
17
17
17
14
31
31
17
9
17
9
9
14
17
14
9
14
17
22
17
9
17
9
9
17
14
14
9
5
5
14
9
9
52
22
11
11
14
43
43
14
14
14
53
17
31
9
9
14
43
9
9
14
14
22
68
68
14
9
17
14
17
17
17
69
69
22
22
9
22
31
22
22
14
14
14
22
17
9
9
22
51
5
31
14
9
14
31
9
43
17
13
13
2
8
8
9
10
10
2
5
5
16
16
8
44
44
15
15
37
37
10
10
10
8
54
54
29
29
16
12
12
5
54
55
55
32
32
5
15
5
19
19
10
32
13
70
70
2
5
13
45
45
24
24
26
26
3
3
2
19
10
21
21
13
13
7
1
8
71
71
27
27
13
8
2
72
72
10
26
5
2
2
8
13
5
8
8
5
5
9
2
2
29
8
4
24
32
12
13
33
33
73
73
24
19
3
5
5
9
27
26
2
2
2
2
8
12
5
5
16
2
2
18
3
19
2
19
3
45
21
32
27
2
29
9
7
5
5
21
11
9
9
10
37
19
8
9
2
13
5
15
8
2
24
2
5
5
27
19
27
9
8
13
9
8
33
8
24
2
44
5
15
15
19
19
8
16
74
74
2
19
5
44
13
45
2
1
1
10
56
56
2
13
16
16
2
19
4
10
16
12
2
14
14
12
9
2
15
9
2
2
13
15
13
13
13
37
21
21
5
2
2
37
8
15
75
75
10
76
76
2
8
19
2
8
5
10
29
8
2
8
12
8
19
33
55
24
33
33
29
9
56
2
2
11
8
15
29
57
57
77
77
78
78
4
13
2
16
19
4
4
16
3
5
24
79
79
32
2
2
57
24
4
4
4
4
4
5
5
12
5
13
4
23
23
4
10
10
12
12
27
19
4
11
10
10
4
8
13
80
80
12
12
4
4
8
17
23
5
13
4
2
2
46
46
13
12
34
34
46
34
12
12
5
2
4
13
41
10
5
13
12
2
10
5
4
34
5
5
8
13
4
10
5
12
27
12
34
13
8
12
4
4
4
10
58
58
4
12
12
12
59
59
8
10
7
7
12
12
12
34
10
4
4
4
4
10
4
4
5
5
5
5
4
59
23
4
4
10
12
38
38
2
4
12
38
15
8
38
19
12
10
4
4
5
4
4
4
12
38
10
4
4
36
4
4
10
10
4
4
12
4
10
46
4
8
13
12
8
5
10
4
4
58
1
23
26
60
60
61
61
60
47
47
81
81
47
26
26
26
47
61
10
1
1
1
1
82
82
8
8
3
1
0
6
0
35
35
1
7
7
0
11
11
6
6
6
0
0
0
0
21
1
0
13
14
14
15
0
0
0
0
7
39
39
1
1
7
0
0
0
0
0
1
1
48
48
0
16
16
23
23
3
3
1
1
6
3
3
3
0
0
0
0
0
1
30
30
0
7
40
40
0
1
1
1
25
5
18
18
3
49
49
3
0
0
0
0
48
6
11
0
0
15
0
0
0
18
0
3
16
16
20
20
1
6
0
0
0
0
0
0
0
1
0
0
6
6
6
6
15
0
50
50
20
5
30
8
8
11
18
3
0
3
18
0
0
15
3
0
0
0
0
0
20
3
0
0
0
10
0
0
11
0
0
0
0
0
3
0
3
40
3
1
1
3
0
0
23
23
0
0
3
18
18
1
1
11
14
20
7
1
23
1
15
28
28
0
6
0
0
0
48
1
20
0
1
6
3
18
18
1
13
1
11
7
28
1
0
0
1
28
1
83
83
3
0
8
1
30
1
35
18
1
1
8
1
84
84
0
0
0
1
1
0
0
1
0
6
1
0
0
14
14
0
0
15
7
7
0
1
1
1
1
0
0
0
0
11
7
1
7
1
0
0
7
6
1
7
3
18
16
1
1
1
0
1
1
0
0
0
1
50
6
11
21
16
7
1
10
5
0
1
16
0
0
0
1
0
0
0
0
0
35
1
1
1
1
1
0
0
7
0
0
0
20
7
0
0
0
3
0
3
3
3
3
7
12
12
11
3
7
0
18
0
6
20
6
23
20
0
0
0
0
0
0
62
62
0
6
28
3
6
0
0
39
3
3
3
7
7
3
3
0
21
0
0
0
0
0
30
63
63
1
3
0
0
0
0
0
10
25
7
1
0
1
1
0
11
1
41
41
3
16
1
8
1
11
0
0
0
0
0
0
6
0
64
64
0
25
0
0
0
1
0
6
0
1
1
1
0
3
1
1
50
0
85
85
0
1
0
0
0
1
3
8
6
0
1
16
0
1
1
6
0
0
0
1
6
1
11
49
0
1
18
20
18
1
3
0
6
3
28
7
16
20
1
18
1
3
0
1
0
0
11
15
15
6
3
13
1
62
7
6
3
6
0
0
18
1
6
16
7
0
0
0
0
0
3
40
65
65
6
1
3
1
1
11
0
2
39
6
0
49
15
64
11
7
15
3
1
0
28
10
21
18
2
28
1
5
11
12
65
40
3
6
0
0
0
6
35
0
3
0
6
0
7
18
3
1
21
1
0
0
0
6
0
6
6
20
9
6
6
0
0
0
0
39
0
0
30
0
11
1
11
0
0
0
0
0
0
0
0
0
13
0
0
1
25
30
11
1
1
86
86
66
66
14
1
0
21
21
11
0
0
1
0
6
0
0
0
0
6
15
20
15
11
1
0
87
87
0
0
0
13
0
6
0
3
8
3
1
11
0
0
0
5
1
20
66
0
3
35
3
88
88
0
0
0
21
0
7
1
0
0
0
1
0
13
10
0
0
0
0
0
0
0
0
0
0
16
3
18
0
0
0
1
0
0
15
0
20
0
1
0
0
0
16
0
0
0
0
0
0
0
3
0
3
11
11
11
11
89
89
90
90
11
63
11
