79
79
16
16
16
16
8
8
37
37
45
45
9
9
12
12
12
16
47
47
12
12
12
45
45
8
12
12
12
12
12
16
16
37
16
8
16
16
12
16
37
12
12
12
9
1
1
61
61
17
17
5
5
7
7
7
7
1
49
49
19
19
5
5
27
27
7
7
7
1
38
38
7
5
7
5
5
5
7
1
3
13
7
27
7
5
7
5
5
7
1
1
5
8
8
1
5
5
49
27
17
17
1
51
51
1
1
1
19
7
38
5
5
1
51
5
5
1
1
27
80
80
1
5
7
1
7
7
7
81
81
27
27
5
27
38
27
27
1
1
1
27
7
5
5
27
61
8
38
1
5
9
38
5
51
7
2
2
12
15
15
5
8
8
12
8
8
19
19
15
28
28
2
2
46
46
8
8
8
15
10
10
1
1
19
14
14
8
10
50
50
21
21
8
2
8
10
10
8
21
7
82
82
12
8
9
52
52
21
21
32
32
7
7
12
10
8
25
25
15
15
16
2
15
62
62
23
23
15
15
12
83
83
8
32
8
12
12
15
15
8
15
0
8
8
5
12
12
1
15
9
21
21
14
15
39
39
63
63
21
10
7
8
8
5
4
32
12
12
12
12
15
14
8
8
19
12
12
22
7
10
12
10
7
52
25
21
23
12
1
5
16
8
8
25
17
5
5
8
46
10
2
5
12
2
9
2
15
12
21
12
8
8
4
10
4
5
15
15
5
15
39
3
21
12
28
8
2
2
10
10
15
19
84
84
12
10
8
28
2
52
12
6
6
8
64
64
12
2
19
19
12
10
9
8
19
14
12
1
1
14
5
12
2
5
12
12
2
2
15
2
15
46
25
25
8
12
12
46
15
2
85
85
8
86
86
12
15
10
12
15
8
8
1
15
12
15
14
15
10
39
50
21
39
39
1
5
64
12
12
17
15
2
1
65
65
26
26
87
87
9
15
12
19
10
9
9
19
7
8
21
88
88
21
12
12
65
21
9
9
9
9
9
8
8
14
8
9
9
18
18
9
20
20
14
14
23
10
9
17
20
20
9
15
15
66
66
14
14
9
9
0
7
18
8
15
9
12
12
53
53
15
14
18
18
53
18
14
14
8
12
9
15
47
20
8
15
14
12
20
8
9
18
8
8
15
15
0
20
9
14
23
14
18
15
17
14
9
9
9
20
40
40
9
14
14
14
67
67
15
20
17
17
14
14
14
18
20
9
9
9
9
20
9
9
8
8
8
8
9
67
18
9
9
20
14
30
30
12
9
14
30
2
15
30
10
14
20
9
9
8
9
9
9
14
30
20
9
9
45
9
9
20
20
9
9
14
9
20
53
9
15
15
14
15
8
20
9
9
40
2
18
32
68
68
69
69
68
54
54
89
89
54
32
32
32
54
69
20
2
2
2
2
90
90
15
15
7
2
0
10
2
41
41
10
16
13
0
17
17
0
0
0
0
0
3
0
25
2
0
15
1
1
2
0
0
0
0
16
4
4
3
2
13
0
0
0
0
0
2
2
4
4
0
19
19
18
18
7
7
2
11
7
11
0
11
0
0
0
0
0
4
35
35
0
16
26
26
0
6
6
6
8
9
22
22
7
55
55
7
0
0
0
0
4
4
7
0
0
2
5
0
0
22
31
7
19
19
24
24
2
3
0
0
0
7
0
6
0
2
0
0
0
0
0
0
2
0
56
56
24
9
35
15
15
17
22
9
0
7
22
0
0
3
11
0
0
0
0
5
24
11
6
0
0
20
7
0
17
0
1
0
0
0
7
0
7
26
7
6
6
7
0
9
18
18
0
0
0
22
22
10
1
17
1
24
16
2
18
2
2
33
33
0
0
0
0
0
4
2
24
0
2
0
7
22
22
3
9
6
17
16
33
2
0
4
5
33
2
91
91
11
0
15
2
35
2
41
22
3
2
18
6
70
70
0
0
0
2
2
0
0
6
0
2
2
0
0
1
1
0
0
7
16
16
0
2
2
6
10
0
0
0
0
17
16
2
16
2
0
0
16
5
2
16
7
22
19
2
2
2
0
2
3
0
0
4
2
56
10
17
25
19
16
2
20
9
0
2
19
7
0
0
6
0
0
0
0
31
41
1
10
2
10
2
0
0
16
7
0
0
24
16
0
0
0
7
2
11
7
7
7
16
14
14
17
7
16
0
22
0
0
24
2
18
24
0
0
7
0
0
0
5
5
0
0
33
11
14
0
0
4
7
6
7
16
16
7
7
0
25
0
0
0
0
0
35
57
57
2
7
0
5
0
7
0
20
8
16
2
0
3
2
0
17
3
47
47
7
19
2
15
4
17
0
0
0
4
0
0
0
0
71
71
0
8
0
0
0
10
0
0
0
2
2
2
0
7
2
2
56
0
92
92
0
1
0
0
11
2
11
15
0
0
2
19
0
2
2
0
0
0
0
2
0
2
17
55
0
2
22
24
22
6
7
2
4
11
33
16
19
24
2
22
2
7
0
2
6
0
17
2
2
6
7
9
6
5
16
2
1
10
0
0
22
6
0
19
16
0
0
0
6
0
7
26
72
72
0
2
11
2
2
17
0
12
4
5
5
55
2
71
17
16
2
7
3
0
33
20
25
22
12
33
2
9
3
14
72
26
7
0
10
10
7
0
41
0
7
0
0
0
16
22
7
2
25
2
0
0
0
3
0
3
3
24
5
0
5
0
7
0
0
4
0
0
35
0
17
2
17
0
5
0
0
0
0
0
0
0
9
0
0
2
8
35
17
2
2
73
73
74
74
1
2
0
25
25
17
0
0
6
0
4
0
0
0
0
14
2
24
2
17
2
0
42
42
0
0
0
5
0
10
0
10
15
11
2
17
4
0
0
9
2
24
74
0
11
41
11
13
13
10
0
5
25
4
16
6
0
0
0
2
0
15
20
0
0
0
0
0
0
0
0
0
0
19
11
22
0
0
0
2
0
0
2
0
24
11
2
0
0
0
19
0
0
0
0
0
0
0
11
0
11
17
17
17
17
93
93
94
94
17
57
17
13
13
13
11
3
3
21
8
0
3
3
3
20
29
6
6
6
6
1
13
13
28
6
7
7
6
31
31
0
13
3
13
13
70
23
23
3
8
10
5
0
0
13
3
6
6
75
75
12
0
11
6
3
13
57
14
8
20
28
28
31
6
3
12
12
6
3
3
5
6
1
6
37
6
6
6
14
14
3
11
6
3
5
13
5
6
13
5
3
4
4
5
21
21
14
5
12
8
29
29
7
5
4
6
43
43
16
23
13
6
3
6
37
9
48
48
18
18
13
17
28
2
13
31
17
6
5
21
9
13
13
5
3
13
12
12
1
5
42
42
1
48
34
34
6
13
1
14
5
0
23
6
1
43
13
13
21
1
6
1
1
13
6
20
7
6
17
14
23
13
5
19
14
5
6
6
6
40
6
13
14
6
21
4
13
6
21
19
6
5
3
3
3
6
21
21
12
3
3
3
3
9
6
1
13
13
5
5
23
40
40
42
9
23
34
13
14
14
6
6
6
9
9
5
43
75
14
21
3
15
14
43
11
48
95
95
6
3
21
3
34
9
11
8
6
11
5
21
5
5
3
9
34
12
6
6
6
10
8
23
27
11
11
4
6
13
13
3
1
6
5
6
13
1
63
34
11
5
28
42
9
5
5
11
13
0
20
1
14
1
13
29
31
31
5
3
6
19
19
5
1
1
6
1
3
2
3
5
23
5
23
10
6
1
15
5
16
16
5
1
28
5
21
0
5
5
5
13
5
5
13
11
43
11
3
34
5
6
6
1
34
28
5
23
6
6
31
6
0
8
8
14
13
13
58
58
3
2
0
4
1
1
4
4
1
11
11
3
11
96
96
3
3
4
0
4
4
4
14
44
44
4
0
3
0
0
2
23
3
19
0
11
6
2
2
0
16
10
18
18
11
11
11
13
4
4
3
3
8
97
97
10
1
2
3
3
4
4
4
4
0
1
4
5
5
2
4
76
76
36
36
10
13
1
1
11
77
77
4
4
2
0
6
6
3
3
11
4
6
1
2
3
36
4
4
23
16
4
10
10
4
10
2
58
13
22
6
1
0
11
11
10
10
1
7
5
4
4
14
0
19
10
4
0
7
4
16
2
2
10
30
30
8
20
5
4
3
5
13
3
3
59
59
3
3
3
0
8
3
2
8
7
8
0
10
1
4
11
98
98
25
4
1
2
4
6
3
4
0
0
0
3
18
11
2
5
10
1
8
8
10
13
3
1
4
4
4
16
99
99
60
60
10
4
4
11
6
10
3
59
0
4
4
3
4
30
100
100
0
3
20
4
62
14
14
78
78
4
11
3
16
1
22
13
6
2
7
44
3
10
10
10
11
4
4
3
3
11
2
3
4
3
0
3
0
0
3
4
17
1
4
101
101
11
1
3
18
4
2
6
2
3
4
29
29
0
7
7
36
36
20
3
7
11
17
16
3
3
2
0
44
10
11
102
102
1
3
4
5
11
103
103
3
6
23
29
11
4
11
4
10
44
3
6
19
0
10
6
4
4
6
8
29
4
104
104
16
16
105
105
2
2
4
3
106
106
3
4
13
0
18
6
11
4
3
2
59
1
0
6
13
4
4
6
1
1
4
10
4
9
4
7
2
9
11
4
3
44
3
1
16
7
4
4
77
73
1
1
11
23
13
23
107
107
10
22
0
23
36
36
4
0
108
108
23
4
3
3
4
7
6
5
3
3
4
78
3
3
1
3
4
3
3
8
4
30
4
4
4
4
23
18
3
11
11
18
10
0
0
0
3
1
11
4
0
1
10
4
2
11
3
109
109
17
10
4
3
29
29
0
1
1
4
4
4
48
2
4
3
76
1
4
4
4
3
3
8
4
11
4
8
58
4
10
3
14
11
10
8
6
13
4
14
6
4
19
4
2
13
3
6
16
3
3
3
4
8
3
4
9
5
5
3
110
110
10
23
6
60
1
4
6
4
10
10
0
8
4
11
7
66
0
0
3
4
1
1
3
3
11
3
4
10
11
3
3
11
14
3
3
18
3
60
3
6
1
1
1
1
1
3
1
4
13
1
1
111
111
1
1
1
13
26
18
4
1
4
1
1
26
11
13
3
1
1
1
1
5
13
6
24
50
49
6
1
5
5
1
4
4
3
18
18
1
18
18
18
22
13
26
1
5
13
13
1
1
1
1
1
6
21
6
18
3
18
1
3
26
21
1
4
21
13
1
1
8
1
5
8
1
4
13
1
26
1
5
1
50
1
6
1
3
1
1
11
4
112
112
13
113
113
5
1
18
18
1
18
1
26
1
1
1
18
18
1
13
6
26
22
49
1
1
5
