89
89
8
8
8
8
11
11
37
37
6
6
2
2
14
14
14
8
45
45
14
14
14
6
6
11
14
14
14
16
14
8
8
37
8
11
3
8
14
8
37
14
14
14
2
6
6
66
66
8
8
24
24
0
0
0
0
6
13
13
21
21
24
24
19
19
0
0
0
6
3
3
0
24
0
24
24
6
0
6
4
6
0
8
0
24
0
24
24
0
6
6
24
11
11
6
24
24
13
8
8
8
6
5
13
6
6
6
21
0
3
9
1
6
5
24
2
6
6
8
90
90
6
24
0
6
0
0
0
91
91
19
19
6
19
3
19
19
6
6
6
19
0
24
24
19
66
11
3
6
24
2
3
24
5
0
17
7
14
4
1
24
11
11
14
11
11
21
21
4
10
10
2
17
44
44
10
11
11
4
5
5
1
1
21
10
10
11
5
18
18
22
22
11
2
11
5
5
11
22
17
92
92
14
11
5
51
51
22
22
4
4
13
13
14
5
11
12
12
2
2
8
4
4
29
29
26
26
2
4
14
93
93
11
4
11
14
14
7
2
11
7
7
11
11
24
14
14
6
4
2
22
22
10
2
2
2
67
67
22
8
13
11
11
1
1
6
14
14
14
14
7
10
11
14
21
14
14
24
13
20
14
5
13
51
12
22
26
14
1
24
8
11
11
12
8
24
11
11
44
5
4
6
14
17
2
12
1
14
22
1
11
11
1
1
1
24
4
7
24
4
2
4
22
22
10
11
2
2
5
5
4
21
94
94
14
5
11
10
17
51
14
12
12
11
68
68
14
5
21
21
14
5
2
11
21
10
14
6
6
10
24
14
2
24
14
14
17
3
2
17
2
44
12
12
11
14
14
44
4
4
15
15
11
3
3
14
4
5
14
7
11
11
9
4
14
4
19
4
5
2
18
22
2
2
1
24
68
14
14
8
4
5
1
8
8
23
23
95
95
2
7
14
21
5
2
2
21
13
11
22
96
96
22
14
14
8
22
2
2
2
2
2
11
11
10
11
2
2
16
16
2
10
10
10
10
26
5
10
8
10
10
2
4
7
69
69
10
10
2
2
15
0
16
11
7
2
14
14
7
7
7
10
16
16
7
16
10
10
11
14
18
7
45
10
11
7
10
14
10
11
2
16
2
11
4
7
2
10
11
10
26
10
16
7
8
10
2
2
2
10
31
31
4
10
10
10
22
22
4
10
8
8
10
10
12
16
10
2
2
2
2
10
2
2
11
11
11
11
2
22
16
10
2
10
10
19
19
14
2
10
19
4
4
19
5
10
10
2
2
11
2
2
2
10
19
10
2
2
6
2
2
10
10
2
2
10
2
10
7
2
2
7
10
1
11
10
2
5
31
5
16
6
28
28
2
2
28
52
52
0
0
52
6
2
6
52
2
10
5
17
9
5
3
3
4
4
4
0
0
5
5
25
25
5
8
8
0
8
8
7
5
0
0
0
0
1
12
5
5
2
6
6
4
15
0
0
0
8
1
1
10
9
4
0
0
0
0
0
7
17
19
19
0
21
21
16
16
0
4
5
1
2
0
0
9
0
0
0
0
0
1
12
15
1
8
23
23
0
12
12
12
11
2
24
24
5
2
2
4
0
0
0
0
1
1
8
0
0
5
17
0
0
24
0
0
24
24
14
14
5
5
0
0
0
0
0
12
0
5
0
0
0
20
5
0
4
0
36
36
14
2
12
4
4
8
24
5
0
4
24
0
0
4
9
5
17
0
0
1
14
0
18
0
0
10
0
0
8
0
6
0
0
0
0
0
4
23
4
12
12
12
5
15
16
16
0
0
0
24
24
5
1
8
6
14
8
5
16
5
4
3
3
0
5
0
0
0
19
4
14
0
5
5
10
24
24
4
2
12
8
8
9
1
20
1
2
3
9
97
97
0
0
4
5
12
9
25
24
9
9
16
5
53
53
0
0
3
5
5
0
15
18
0
5
5
15
0
6
6
0
5
4
4
8
7
5
5
5
5
5
0
0
0
8
8
7
8
9
0
0
8
1
7
8
4
24
21
7
5
5
0
5
9
0
0
1
5
36
5
8
12
21
8
5
10
2
0
5
21
0
0
0
5
0
0
17
0
0
25
9
5
5
5
5
5
0
8
0
0
0
14
8
0
0
0
4
17
9
4
2
4
8
19
13
8
5
8
0
24
0
5
14
5
16
14
9
0
0
0
0
0
4
4
0
5
9
0
19
0
0
1
4
12
4
8
8
4
4
0
2
0
0
1
0
0
12
54
54
5
5
5
1
0
0
0
10
11
8
5
0
4
4
0
8
5
45
45
4
21
5
4
1
8
2
0
0
1
0
5
0
0
20
20
0
11
0
0
0
10
0
0
0
5
9
4
0
4
9
9
36
0
98
98
0
9
0
0
0
5
0
4
3
0
5
21
0
7
9
0
0
0
0
5
0
9
8
2
0
5
24
14
24
12
4
17
1
0
3
8
21
14
5
24
0
0
2
7
0
0
8
5
4
5
4
5
12
4
8
5
6
5
0
0
24
4
5
21
3
0
0
0
7
0
4
23
70
70
1
5
0
7
5
8
0
16
1
1
17
2
4
20
8
8
2
0
4
0
3
10
12
24
16
9
7
2
4
19
70
23
4
7
5
5
0
17
25
0
2
0
17
0
8
24
5
5
12
7
0
0
15
4
0
5
4
14
24
5
17
2
0
0
0
1
15
0
12
15
8
9
7
0
6
0
2
0
0
15
0
0
2
0
15
5
11
12
8
5
5
71
71
40
40
6
9
2
12
12
8
0
0
5
15
1
0
0
0
0
19
2
14
4
7
4
0
23
23
0
0
0
17
15
5
1
4
4
0
9
8
9
0
0
2
5
14
40
0
9
25
0
6
6
6
0
17
12
1
8
5
0
0
0
5
0
2
10
0
15
0
15
0
0
0
0
0
0
21
0
24
0
0
0
1
0
0
17
0
14
1
9
15
15
0
14
15
0
0
0
0
0
0
5
0
9
8
8
8
8
99
99
23
23
8
54
8
4
1
6
9
4
4
21
11
0
4
4
4
10
21
12
12
12
12
6
4
4
10
3
9
9
12
0
0
0
4
4
4
4
53
26
26
4
11
6
17
0
0
4
4
12
12
72
72
14
0
9
3
4
4
54
19
11
10
10
10
0
12
5
14
14
12
5
4
17
12
6
12
37
12
10
12
13
13
4
9
12
4
17
4
17
12
4
17
4
1
1
6
22
22
19
17
14
11
21
21
17
17
1
12
17
17
8
26
4
12
4
0
37
2
1
1
16
16
4
8
10
7
4
0
8
2
15
21
2
4
4
17
4
4
14
14
6
17
23
23
6
1
17
17
12
4
10
13
17
0
1
18
6
17
4
4
22
6
12
3
6
4
12
10
9
12
8
13
26
4
6
21
13
17
12
12
12
31
12
4
7
12
21
1
4
12
22
21
12
17
4
4
4
12
21
22
14
4
4
4
4
2
3
1
4
4
17
1
26
31
31
23
2
26
17
3
13
13
12
12
10
2
2
17
17
72
13
22
4
4
13
17
7
1
1
1
9
4
21
4
17
7
6
11
12
6
1
22
17
1
4
1
17
14
12
12
12
12
11
26
19
9
0
1
12
4
4
4
6
12
1
12
4
6
67
17
0
17
10
23
2
17
6
1
4
0
10
6
13
6
4
21
0
0
17
4
12
21
21
20
6
6
12
6
4
4
4
17
26
24
26
6
12
6
4
2
8
8
2
6
10
24
22
0
17
16
17
4
23
7
4
9
17
9
4
17
17
12
13
5
17
10
1
26
12
12
0
12
15
11
11
19
4
4
55
55
7
7
15
1
6
6
1
7
5
1
1
4
6
3
3
4
4
1
15
1
1
1
19
35
35
1
15
4
15
15
5
26
4
21
15
1
18
2
17
15
8
1
16
16
18
9
9
6
1
1
4
4
11
100
100
5
6
5
5
13
1
1
1
1
15
6
1
2
2
1
1
19
19
29
29
7
4
18
6
9
38
38
1
1
4
15
18
1
9
4
9
1
7
18
8
4
29
1
1
26
8
1
5
5
1
6
17
55
4
24
2
1
0
1
9
5
5
6
0
1
1
1
19
15
21
1
1
15
0
7
8
9
17
5
4
4
11
10
1
1
4
3
4
4
7
22
22
17
4
4
15
11
7
5
11
0
11
15
5
6
1
1
101
101
12
1
18
10
1
20
17
1
15
15
15
5
16
4
4
17
1
1
11
11
18
6
15
1
1
20
1
3
102
102
56
56
5
1
1
9
18
5
4
22
15
1
1
4
1
4
103
103
0
9
10
8
29
13
13
73
73
1
9
4
11
6
24
4
18
17
0
35
4
5
5
5
6
1
6
4
15
1
2
7
1
8
15
7
15
15
4
1
15
9
1
104
104
1
10
4
16
1
17
1
4
4
4
21
21
15
0
0
29
29
10
4
2
1
8
8
4
4
4
15
35
5
9
105
105
18
2
1
1
1
106
106
4
18
1
21
12
1
12
1
3
35
4
1
21
15
5
18
1
1
18
11
21
1
39
39
8
8
107
107
5
17
1
7
74
74
4
1
4
0
16
12
1
1
7
5
22
18
15
18
4
1
1
18
6
1
8
5
1
21
1
7
4
21
1
1
4
35
4
6
8
7
1
1
38
71
6
5
12
26
4
26
13
13
5
24
15
26
29
29
1
15
108
108
26
12
4
4
1
3
18
1
1
4
1
73
7
5
6
4
1
4
9
11
1
4
1
1
1
1
1
16
4
1
9
16
12
15
0
9
4
6
1
1
15
18
5
1
7
17
10
20
20
8
5
2
4
21
21
15
6
6
1
1
1
1
0
2
3
19
6
13
1
2
8
4
11
5
13
1
11
55
1
5
4
13
1
18
11
7
4
10
13
7
1
5
1
4
4
4
3
1
4
3
4
1
11
4
1
21
1
1
0
3
3
5
1
7
56
18
1
2
1
5
5
15
11
1
3
0
69
15
15
4
1
6
6
4
4
9
4
1
5
1
4
3
1
19
0
4
16
4
56
9
18
1
18
9
9
18
4
1
1
6
18
9
14
14
1
18
9
6
23
16
7
18
5
9
18
23
12
6
4
18
3
18
18
17
6
12
14
18
13
23
6
20
9
18
8
1
7
16
16
9
16
16
16
24
21
23
9
20
6
6
18
9
9
2
18
23
22
12
16
4
16
18
4
23
22
9
8
22
6
18
10
11
9
2
11
9
8
6
18
23
18
17
18
18
9
12
18
5
18
18
9
7
109
109
6
110
110
17
1
16
16
9
16
9
23
17
18
2
16
16
2
6
12
23
24
13
18
18
2
8
8
6
111
111
13
13
6
112
112
9
3
3
15
1
1
5
5
5
2
17
9
9
74
32
32
6
2
5
15
1
17
5
15
15
1
8
6
6
20
6
6
1
25
9
14
14
4
15
10
20
22
22
5
5
1
24
6
8
46
46
11
1
1
14
2
0
10
15
30
30
2
0
1
5
28
28
1
10
21
12
1
16
16
2
6
2
2
25
1
3
13
6
15
21
21
10
0
10
10
10
0
21
25
25
4
7
4
5
1
1
11
11
1
1
3
5
36
11
5
1
17
13
13
2
13
5
4
15
1
1
12
11
1
1
11
13
8
8
8
1
11
24
13
1
11
9
9
9
8
2
2
1
113
113
1
2
1
1
46
46
7
2
1
3
16
3
9
1
1
6
25
30
25
1
1
14
8
13
16
16
17
26
26
26
10
1
12
22
6
3
1
10
10
21
21
8
1
9
2
8
8
1
25
13
3
2
6
13
13
13
53
1
20
25
6
21
20
15
0
4
0
7
1
12
2
20
8
6
2
1
10
20
1
1
1
1
1
2
2
47
47
4
25
25
15
7
3
17
1
2
21
5
3
1
1
11
25
5
0
0
15
9
7
23
2
10
32
1
20
2
36
1
20
6
9
9
18
3
4
1
14
6
114
114
8
25
15
1
32
11
13
13
8
19
19
1
3
8
6
6
17
6
25
20
25
1
25
8
15
16
4
13
8
22
5
11
1
2
22
4
5
2
0
0
14
32
4
1
15
1
1
1
5
14
14
46
32
12
9
10
10
19
19
20
5
5
2
12
12
12
13
2
20
5
1
1
57
57
14
14
13
18
23
7
9
2
12
13
6
5
10
2
13
2
1
14
13
17
10
12
1
23
7
1
0
13
19
10
10
13
23
13
75
75
7
0
7
12
2
5
17
17
9
9
9
2
23
23
4
12
16
13
7
13
13
18
17
7
2
11
13
32
8
8
1
0
0
10
12
57
12
5
2
2
20
1
1
1
2
1
17
2
23
2
2
5
18
5
5
1
1
5
1
5
5
18
14
5
13
13
13
12
2
7
1
1
13
23
5
9
9
58
58
4
21
12
13
13
0
14
19
13
13
16
13
115
115
1
16
16
14
13
13
13
10
10
17
10
1
20
20
1
12
4
5
0
2
2
8
13
5
10
59
59
24
59
7
116
116
16
5
7
10
10
3
18
7
10
13
8
11
0
23
7
7
14
10
14
6
20
16
9
9
117
117
2
1
2
2
5
26
10
10
3
15
10
10
1
6
1
12
20
0
76
76
10
19
17
10
10
10
1
20
3
3
20
12
5
1
23
7
7
7
0
18
2
13
7
1
6
2
6
1
19
1
19
13
13
7
13
3
18
1
6
6
5
59
13
3
13
13
13
7
0
23
5
13
10
19
6
1
12
0
9
17
13
1
3
5
2
21
19
2
12
2
16
10
19
5
18
13
2
6
118
118
3
7
13
12
20
1
9
5
15
13
12
1
10
1
7
1
58
0
6
2
19
5
7
23
5
1
58
8
2
16
1
5
13
7
0
7
6
10
3
23
17
18
11
1
5
16
2
7
18
1
7
3
13
9
2
7
7
5
0
0
5
10
76
13
5
5
1
1
75
4
60
60
11
11
0
60
15
15
1
15
20
20
3
17
1
9
0
20
20
0
119
119
6
6
3
0
0
3
40
18
17
7
2
12
3
9
9
2
6
4
5
5
3
24
9
3
18
3
15
0
0
0
0
9
6
6
3
15
8
20
20
9
20
3
3
25
9
16
3
9
20
4
15
16
9
0
0
3
9
8
20
20
3
17
13
20
0
17
20
12
1
0
1
15
9
23
8
20
9
1
3
23
8
23
10
8
15
17
8
20
11
0
0
17
3
3
16
0
3
3
4
3
8
3
3
3
0
3
8
10
23
9
9
17
8
9
9
1
20
0
0
0
16
3
3
3
15
2
6
15
5
3
15
1
3
5
8
9
8
9
9
20
17
2
14
0
3
3
19
19
32
32
23
0
6
8
23
7
5
9
8
60
3
9
9
0
5
5
3
3
8
3
6
1
8
3
14
3
14
0
9
0
8
3
5
2
3
3
3
20
0
20
0
3
8
8
3
8
8
9
3
14
3
3
20
3
8
10
3
3
3
23
15
20
20
3
16
16
7
20
3
3
3
3
2
20
20
3
6
15
6
6
14
13
13
3
8
13
13
22
22
13
3
12
12
4
3
1
61
61
14
3
6
3
14
14
3
3
13
3
12
3
3
3
3
23
3
1
1
3
26
26
22
0
3
2
34
34
0
0
41
41
3
1
4
12
1
7
3
7
3
6
12
3
16
12
0
3
22
20
3
7
1
7
12
20
1
8
6
6
6
0
6
23
6
3
6
41
7
7
6
6
7
7
7
7
6
22
3
6
41
7
3
22
2
5
0
8
10
34
12
41
120
120
3
14
12
16
6
20
3
3
3
14
2
16
13
22
16
23
20
3
3
3
7
22
22
13
3
3
6
3
20
20
6
61
20
20
22
26
7
34
22
3
1
2
3
2
12
3
1
10
3
2
20
1
3
3
14
3
8
3
61
7
3
12
12
16
7
2
34
16
0
1
3
7
34
10
7
12
3
12
5
34
14
5
16
3
13
13
14
121
121
3
11
0
22
41
3
3
8
12
0
3
7
2
1
1
9
22
77
77
77
9
3
11
13
27
27
7
27
27
13
4
23
13
7
13
2
3
4
6
6
7
20
2
2
0
62
62
3
3
1
9
1
3
3
11
1
20
7
7
0
25
25
22
22
1
6
8
8
8
1
14
11
7
19
19
8
1
1
10
8
0
1
2
3
7
27
27
10
10
10
8
3
3
20
20
7
8
3
9
2
8
9
3
11
11
3
14
7
7
20
22
19
3
9
2
2
2
1
9
2
2
7
7
8
3
1
14
14
7
1
20
1
5
3
1
1
1
1
27
9
5
2
9
1
122
122
1
25
9
7
7
3
24
9
2
3
10
7
7
2
9
7
1
7
20
78
78
27
79
79
2
1
1
1
7
6
13
13
30
80
80
8
6
20
27
8
10
27
1
3
1
3
9
7
1
1
1
7
13
17
2
6
19
8
4
7
1
3
1
6
2
1
1
62
62
20
3
1
1
1
10
123
123
1
1
19
1
1
1
1
1
47
47
7
57
7
81
81
20
9
9
10
3
19
8
2
7
20
6
1
14
6
33
33
1
1
6
3
8
1
23
7
6
27
10
8
9
8
1
2
7
20
25
8
31
1
1
19
19
27
1
10
6
1
1
1
3
6
7
3
3
7
7
2
1
1
7
9
3
8
27
3
80
1
2
8
8
3
47
8
8
7
7
1
3
1
8
9
11
11
3
3
11
11
3
1
1
1
5
27
1
1
2
7
23
1
1
1
18
5
2
10
13
3
23
14
13
1
1
1
13
1
3
7
7
10
3
19
1
1
1
78
6
25
2
10
13
2
2
3
3
1
2
8
9
6
7
10
14
9
7
10
23
8
9
1
2
23
1
2
2
6
2
1
3
25
6
1
1
2
2
3
11
81
7
2
2
1
1
5
12
10
1
3
3
5
25
9
27
3
4
7
1
7
2
7
1
82
82
82
2
1
1
1
3
1
2
7
22
1
1
1
1
1
7
27
1
1
1
40
1
1
1
5
9
1
1
27
1
1
1
6
10
3
3
4
40
124
124
8
1
1
1
1
1
1
1
2
9
2
27
8
12
4
3
23
1
2
1
9
9
20
10
22
23
1
4
1
8
1
1
1
1
2
9
1
7
125
125
1
7
2
14
19
1
9
8
6
9
2
15
2
28
21
21
2
2
2
22
3
9
1
16
3
0
3
0
13
6
6
21
30
30
19
8
0
16
1
1
22
48
48
0
33
33
28
0
10
19
30
0
21
0
5
0
16
2
1
17
2
5
9
2
3
3
2
2
1
1
3
3
2
2
1
2
2
3
3
3
7
2
9
2
9
2
2
15
2
2
5
2
2
2
0
2
14
2
126
126
2
15
5
5
9
9
14
30
0
3
0
10
5
2
2
7
10
0
8
30
30
1
1
19
3
4
3
2
1
127
127
3
3
8
13
3
0
3
1
9
3
15
15
0
1
2
3
3
3
48
3
16
0
16
6
2
10
3
22
2
2
2
9
10
8
9
0
16
16
16
2
5
1
1
13
16
16
2
2
0
0
2
0
3
22
1
22
83
83
22
33
2
2
6
2
2
0
2
2
0
2
3
9
3
3
9
7
2
1
3
15
4
7
10
16
15
10
21
3
3
22
2
1
1
1
19
3
19
19
2
2
1
5
33
2
2
1
22
2
3
2
1
1
3
1
19
9
2
1
21
21
1
2
10
8
8
13
9
0
3
13
1
22
16
1
3
7
0
3
22
2
1
0
2
3
3
3
10
9
1
9
0
30
0
0
19
2
2
2
7
2
0
3
1
3
10
3
2
2
0
0
0
2
2
2
28
7
5
3
19
7
1
24
128
128
39
0
16
7
3
8
0
0
0
6
0
3
13
0
10
0
0
1
1
19
1
0
0
22
129
129
2
2
19
15
2
48
10
0
2
7
10
9
0
10
10
8
48
0
0
2
1
1
0
2
7
11
1
19
1
19
1
4
2
2
0
16
2
2
15
3
1
1
19
1
0
2
7
130
130
2
2
2
2
10
3
3
2
2
83
15
15
0
0
3
3
9
1
1
21
1
0
9
3
0
1
0
0
0
0
0
0
0
19
15
6
18
18
16
7
18
0
0
19
6
7
1
1
3
7
7
7
19
0
0
0
0
10
0
4
18
0
20
15
7
0
7
6
0
0
19
18
19
18
0
18
18
0
0
2
0
3
7
7
18
0
0
0
0
10
3
18
0
84
84
18
85
85
3
3
1
1
1
7
7
7
28
7
7
0
8
9
10
3
8
8
6
20
42
42
15
0
3
18
0
0
20
42
10
3
13
0
3
15
42
0
10
18
0
0
0
11
28
0
25
25
18
1
15
0
0
9
28
10
28
0
0
0
6
0
3
3
28
0
8
19
7
3
18
18
0
0
7
0
15
28
0
11
11
1
7
28
0
16
84
6
7
7
9
0
0
85
15
0
6
0
0
0
6
0
18
7
0
7
9
3
0
0
0
0
9
16
0
1
0
19
0
0
10
0
131
131
0
18
7
7
7
0
0
0
7
0
19
6
0
132
132
15
25
19
0
0
3
15
2
6
1
25
0
31
0
31
31
0
6
0
0
6
3
0
0
1
0
0
3
1
0
6
0
4
6
6
133
133
28
6
0
1
19
1
16
0
7
134
134
0
0
2
0
0
18
3
135
135
8
10
9
6
1
15
25
13
0
2
6
0
0
0
12
16
3
3
2
1
0
1
3
2
7
0
16
21
11
1
1
11
1
2
7
7
39
39
3
1
3
2
0
38
38
2
2
3
18
1
23
3
27
27
27
11
6
6
86
86
0
0
2
63
63
25
25
3
86
0
64
64
1
1
1
23
1
0
1
23
0
16
16
0
0
11
25
2
1
9
6
6
1
14
13
18
0
8
8
10
16
2
14
10
9
3
2
15
0
0
65
65
0
11
2
0
2
11
11
0
0
15
0
10
0
19
5
13
1
4
26
9
3
2
9
2
21
2
0
5
1
26
0
29
1
10
1
2
0
23
0
0
26
0
3
1
1
2
2
3
2
3
1
3
1
0
1
1
5
7
0
7
2
2
1
49
49
23
15
0
2
1
0
2
3
2
0
9
0
2
0
0
0
28
28
28
0
19
0
9
15
1
63
87
87
0
0
23
1
1
0
0
12
0
8
43
43
65
2
2
2
0
1
11
2
18
1
13
2
25
2
2
2
21
0
2
2
2
5
25
2
27
2
10
3
2
3
2
10
6
2
9
11
2
3
7
23
9
49
0
19
23
23
2
21
21
9
2
0
18
4
43
23
0
1
1
1
2
2
0
11
0
1
2
0
2
0
0
1
2
16
9
1
6
1
3
1
3
2
9
11
0
0
2
28
42
43
1
1
0
16
9
0
16
16
0
50
50
16
0
1
21
50
3
50
0
11
1
3
16
1
14
2
88
88
1
3
3
49
21
6
0
0
1
21
1
0
0
2
136
136
2
2
2
2
11
3
3
64
63
2
2
11
6
9
9
2
26
43
0
1
2
1
27
0
2
0
0
15
19
5
19
1
0
3
4
88
16
3
0
0
0
0
0
0
11
25
1
42
1
19
0
6
2
9
0
38
0
0
137
137
14
0
0
2
4
11
43
9
0
13
2
0
9
79
2
2
1
0
2
0
6
0
3
1
11
6
0
25
35
0
1
5
0
11
19
1
1
1
0
2
1
16
3
87
0
3
4
0
1
65
0
0
1
0
50
9
2
0
11
9
0
1
39
4
2
2
2
2
0
28
138
138
0
2
2
11
2
2
2
2
15
13
13
25
2
3
2
28
0
16
2
6
11
0
1
5
19
1
0
1
9
16
10
1
0
1
33
33
2
0
139
139
0
64
6
0
1
2
49
2
1
