79
79
13
13
15
15
11
11
16
16
5
5
11
11
10
10
10
13
28
28
10
10
10
5
5
11
10
10
10
10
1
13
13
16
13
11
15
6
10
13
16
10
10
10
8
6
6
55
55
13
13
10
10
12
12
12
12
6
7
0
9
9
10
10
13
5
12
12
0
6
3
3
12
10
12
10
10
6
12
6
6
6
12
13
12
10
12
10
10
0
6
6
10
11
11
6
10
10
7
13
13
13
2
7
7
6
6
6
9
12
3
3
1
6
7
10
0
6
6
13
80
80
6
10
0
6
12
12
12
81
81
14
14
8
14
3
13
10
6
6
6
13
12
10
10
14
55
11
3
8
10
2
3
10
7
12
2
2
10
2
0
7
11
11
10
11
8
10
10
2
14
14
2
2
39
39
11
11
11
2
5
5
10
10
10
8
8
11
5
7
5
9
9
11
2
11
5
5
11
1
2
82
82
10
11
2
38
38
9
9
6
6
7
7
10
5
11
6
6
2
2
13
2
2
22
22
4
4
2
2
4
83
83
11
0
11
10
10
2
2
11
3
3
11
11
10
10
10
10
2
2
9
9
8
2
3
3
56
56
9
5
7
11
11
10
1
6
10
10
10
10
2
8
11
10
10
10
10
10
7
6
10
5
7
38
6
9
4
10
10
10
13
11
11
9
13
11
11
11
3
5
2
10
9
8
11
8
4
10
9
1
11
11
1
6
1
6
2
2
10
2
3
2
9
5
14
11
2
2
5
5
2
10
0
0
10
5
11
14
2
38
10
7
7
11
0
0
10
2
9
9
10
5
11
11
10
8
2
10
10
8
10
10
2
10
10
15
2
0
2
2
2
39
6
6
11
10
1
39
2
2
12
12
11
7
7
9
2
5
10
2
11
11
3
2
10
3
8
3
10
3
7
9
3
3
5
10
0
1
10
13
4
0
10
6
6
14
14
84
84
2
2
10
9
5
11
11
1
0
11
2
85
85
9
10
10
6
9
2
2
2
3
2
11
11
8
11
2
2
9
9
2
8
8
8
8
4
5
2
11
8
8
2
2
2
57
57
8
8
2
2
0
12
9
11
2
2
10
10
2
2
2
8
9
9
2
9
8
8
11
10
2
2
28
8
4
2
8
10
8
11
2
9
11
11
2
2
2
8
11
8
4
8
9
2
13
8
2
2
2
8
11
11
2
8
8
8
9
9
2
8
11
11
8
8
8
9
8
2
2
2
2
8
3
2
11
11
11
11
2
9
9
2
2
8
8
14
14
10
11
8
14
2
0
14
5
8
8
2
2
11
2
2
2
8
14
8
2
4
5
4
2
8
8
2
2
8
2
8
2
2
3
2
8
6
11
8
7
2
11
5
9
6
12
12
1
1
12
8
8
12
12
8
6
12
6
7
1
8
3
8
3
3
3
3
2
2
0
0
0
5
2
18
18
5
13
13
12
13
13
2
0
0
0
0
2
7
6
4
4
12
6
6
2
0
0
7
0
13
1
1
2
3
13
0
0
0
0
0
3
2
16
16
0
9
9
9
9
0
0
3
1
4
0
0
3
0
0
0
0
0
6
0
0
6
13
14
14
0
8
7
7
11
11
10
10
0
4
4
0
0
0
0
0
6
6
3
0
6
2
3
0
0
10
0
0
10
10
10
10
3
2
0
0
0
0
0
8
0
4
0
0
0
5
4
0
3
0
25
25
10
11
4
2
2
13
10
2
0
12
10
0
0
12
3
2
2
3
0
1
10
0
0
0
0
8
0
0
13
0
6
0
0
0
0
0
0
14
0
8
8
0
4
2
9
9
0
0
0
10
10
2
1
13
6
10
13
10
1
3
3
7
0
0
0
0
0
0
16
2
10
0
6
5
8
10
10
3
2
6
13
13
7
1
5
6
6
7
3
86
86
0
0
2
3
0
3
18
10
3
3
9
3
40
40
0
0
5
4
3
0
0
6
0
3
3
0
2
6
6
0
2
2
3
13
2
3
5
4
0
2
0
0
0
13
13
2
13
3
0
0
13
6
2
13
0
10
9
3
2
2
7
5
3
12
0
6
3
25
5
3
6
9
13
2
8
11
0
5
9
0
0
0
8
0
0
8
0
0
18
3
3
3
2
2
0
0
13
0
0
0
10
3
0
0
0
0
2
3
0
4
3
13
12
7
13
2
13
0
10
0
2
10
3
9
10
3
0
0
0
0
0
6
2
2
5
7
0
8
0
0
1
0
8
2
13
13
0
12
0
1
0
0
1
0
0
3
24
24
2
2
0
6
0
12
0
8
11
13
3
24
2
0
0
13
3
28
28
0
9
3
2
6
13
0
0
0
6
0
2
0
0
5
5
0
9
0
0
0
8
0
0
0
2
3
3
0
1
3
3
25
0
20
20
0
3
0
0
0
3
0
2
5
0
3
9
0
2
3
0
0
0
0
3
0
3
13
4
0
3
0
10
10
8
2
2
6
0
7
13
9
10
5
10
0
2
2
3
0
0
13
2
2
4
3
2
8
6
13
3
6
8
0
0
10
7
3
9
3
0
0
0
6
0
0
14
10
10
1
2
0
3
5
13
0
5
1
6
2
4
2
5
13
13
2
0
3
0
7
8
6
10
9
7
3
11
2
12
10
14
0
2
2
2
0
0
18
0
5
0
0
0
13
10
0
3
6
3
0
0
0
0
0
2
2
10
6
0
2
2
12
0
0
1
0
0
0
0
13
3
3
0
6
0
2
0
0
0
0
0
2
0
0
2
11
0
13
5
3
8
8
1
1
6
3
2
6
6
13
0
0
3
0
1
0
0
0
0
8
2
10
2
3
2
0
14
14
0
0
0
2
0
5
7
2
2
3
3
3
0
0
0
11
3
10
1
0
0
18
0
1
1
6
0
3
6
6
13
6
0
0
0
3
0
2
8
0
5
0
0
0
6
0
0
0
0
9
0
10
0
0
0
2
0
0
2
0
10
0
3
0
0
0
10
0
0
0
0
0
0
0
7
0
3
13
13
13
13
87
87
17
17
13
24
13
13
1
1
8
2
2
10
11
0
2
2
2
8
21
7
0
8
8
1
13
13
8
3
12
12
7
0
0
51
13
1
13
6
40
4
4
8
11
1
2
0
0
13
4
8
7
58
58
10
0
3
8
2
1
24
8
11
8
8
8
0
8
8
10
10
8
2
2
2
8
6
8
16
1
8
6
7
7
2
8
8
1
2
1
5
8
13
3
1
6
1
8
9
9
14
4
10
11
21
21
12
2
6
8
8
8
13
4
13
4
2
0
16
2
1
1
9
9
13
13
11
2
13
0
11
4
12
1
2
13
13
8
2
13
10
10
6
3
14
14
6
1
13
13
8
13
6
7
2
0
6
6
6
8
13
13
2
5
7
1
6
13
8
8
5
8
13
7
4
3
8
9
0
1
8
8
6
11
8
13
3
4
10
1
13
7
9
9
6
2
2
2
2
8
1
9
10
3
2
2
2
2
3
5
13
13
10
1
4
11
11
14
2
4
13
5
7
7
8
8
8
2
2
2
8
58
7
2
2
2
7
8
3
1
1
1
0
2
10
10
13
2
6
11
8
6
1
2
2
1
2
2
13
10
8
6
8
8
11
4
14
3
0
1
6
13
13
2
6
0
1
8
13
5
56
5
0
2
8
14
2
2
8
1
13
1
6
6
7
6
13
21
0
0
2
2
8
9
9
5
6
6
8
6
2
2
2
2
4
10
4
1
8
6
2
6
13
13
4
6
8
2
2
0
2
15
2
13
6
2
13
3
8
6
2
13
5
4
7
6
13
8
1
4
8
8
0
8
0
11
11
8
12
12
41
41
2
2
12
6
6
6
6
2
1
1
1
2
6
3
3
0
2
6
0
1
1
5
8
11
11
1
12
1
0
12
2
4
2
9
0
1
6
2
2
12
13
1
9
9
6
8
8
6
1
1
6
3
11
88
88
5
6
2
3
7
8
6
6
4
12
5
6
6
6
6
1
16
16
22
22
5
13
6
1
8
17
17
2
1
3
12
1
1
3
2
8
4
6
5
13
2
22
1
1
4
13
6
5
5
1
6
2
41
3
10
4
6
0
6
3
5
3
6
12
6
6
1
8
12
9
5
1
0
12
2
13
12
5
5
14
6
11
8
6
4
2
3
12
2
2
9
9
2
3
2
12
11
3
2
11
12
11
0
2
5
1
1
89
89
6
6
6
2
6
5
2
1
12
0
0
2
9
3
2
3
4
4
11
11
17
6
3
6
1
5
1
3
90
90
6
6
5
1
1
3
1
2
4
9
0
1
6
2
1
14
12
12
0
3
8
6
22
7
7
11
11
1
3
4
13
6
10
5
6
2
12
11
2
10
5
2
1
1
6
2
3
1
2
2
1
3
0
3
12
12
2
1
0
3
6
16
16
3
8
3
9
6
2
4
2
2
2
21
21
0
12
12
22
22
8
2
7
1
13
13
2
3
2
12
11
5
3
91
91
17
4
6
6
1
8
8
2
6
6
21
8
1
8
1
5
11
12
6
9
12
5
6
6
6
7
11
21
3
15
15
13
2
92
92
5
2
1
3
59
59
4
1
17
0
9
8
8
4
2
2
9
6
12
6
3
4
6
6
6
6
6
5
1
10
1
3
3
10
8
6
2
11
4
6
6
3
1
6
17
8
5
6
8
4
13
4
7
7
5
10
12
4
22
22
1
12
9
9
4
6
2
4
6
7
1
6
1
12
4
11
2
3
6
4
6
12
3
11
6
14
6
1
4
1
6
9
2
1
3
9
8
12
0
6
4
6
1
1
12
4
5
4
3
8
4
5
5
13
5
4
2
21
21
0
2
6
4
1
1
1
0
4
3
16
6
7
4
4
13
2
11
2
8
1
11
41
14
2
2
7
6
6
11
3
12
1
7
3
1
9
1
3
13
13
3
1
4
7
2
1
11
2
1
1
8
6
0
7
7
5
4
2
6
6
6
4
4
5
5
12
11
6
8
12
57
12
12
2
4
6
6
2
4
5
2
1
5
1
2
3
1
8
0
2
9
2
6
3
6
4
6
12
5
2
13
10
6
6
6
4
10
10
1
6
2
6
14
9
2
6
4
3
4
14
8
6
12
6
7
6
6
1
6
6
10
5
7
17
6
5
8
6
6
6
3
9
9
12
9
9
9
10
21
14
5
5
6
1
6
12
3
2
6
17
9
6
9
3
9
4
2
14
5
3
6
9
6
2
8
11
3
4
11
4
6
6
6
14
4
5
6
5
3
8
17
2
6
6
3
6
93
93
6
94
94
8
1
9
9
3
9
3
14
2
6
4
9
9
4
6
8
14
10
7
3
6
6
13
13
8
95
95
7
0
6
96
96
5
7
7
12
1
1
3
12
12
4
2
3
3
59
20
20
6
2
12
12
1
2
5
12
12
1
13
2
8
5
6
1
1
18
3
15
15
13
12
8
5
5
5
3
3
1
5
6
13
2
2
11
1
1
10
4
0
8
12
15
15
2
12
1
3
16
16
1
8
21
8
6
9
9
4
6
4
4
18
6
7
7
8
12
10
10
8
12
8
8
8
0
10
18
18
12
3
3
1
8
8
11
11
1
1
1
3
25
11
12
14
8
7
7
4
7
2
2
12
1
1
6
11
1
1
11
7
13
13
13
1
11
10
7
3
11
8
7
5
13
2
4
1
97
97
18
2
1
1
2
2
3
4
1
5
9
7
5
1
1
5
18
15
18
6
2
15
13
7
9
9
2
4
4
4
8
1
6
5
8
7
8
8
8
10
10
13
1
3
4
13
13
1
18
7
7
4
6
7
7
7
40
6
5
18
6
10
5
12
12
2
0
2
1
8
4
5
13
3
4
6
2
5
1
6
1
1
1
4
4
30
30
2
18
18
2
2
7
2
1
4
10
7
7
1
1
11
18
5
7
0
12
3
2
17
2
8
20
1
5
4
25
4
5
8
3
3
4
7
12
4
10
7
98
98
13
18
3
1
20
11
7
7
13
14
14
1
1
3
6
6
12
8
18
5
18
6
18
13
12
9
12
7
13
5
7
11
6
4
5
13
2
4
12
12
15
20
12
4
12
1
5
6
4
10
10
2
20
8
7
8
8
14
14
5
4
2
6
6
8
6
7
4
5
2
1
6
14
14
15
15
7
17
17
2
3
4
7
1
12
2
8
2
7
2
2
10
7
3
8
6
6
14
3
1
0
7
14
8
8
7
1
7
16
16
2
0
3
8
2
7
2
2
5
5
7
4
17
17
6
6
9
7
3
7
8
17
2
2
4
11
7
20
13
13
6
0
0
8
0
14
6
2
2
8
5
6
6
1
2
6
8
4
17
2
2
2
4
0
2
1
1
4
1
2
2
17
15
4
7
7
7
6
2
1
1
1
7
14
2
5
5
7
7
2
21
8
7
7
0
10
14
7
7
9
7
2
2
6
15
15
10
8
7
7
5
5
3
8
2
5
5
1
8
2
10
0
2
2
13
7
1
8
29
29
10
29
4
99
99
15
4
2
8
8
8
17
3
8
7
13
11
0
14
2
3
15
8
10
5
5
15
5
5
11
11
2
7
2
4
4
4
8
8
5
0
8
8
1
6
4
8
1
0
60
60
8
14
13
8
8
8
4
5
5
3
5
8
6
1
17
2
3
3
0
5
2
7
2
4
6
2
6
6
14
1
14
7
7
3
7
8
17
6
5
5
3
29
7
5
8
7
7
3
0
17
2
7
8
14
6
4
7
0
5
2
7
4
5
7
2
21
14
2
6
2
15
8
14
1
12
7
4
5
42
42
3
4
7
8
5
5
5
2
2
7
6
6
8
6
3
6
7
0
5
4
14
4
2
17
4
6
7
13
4
15
1
17
7
3
0
3
6
8
3
1
2
17
11
1
6
15
2
3
17
1
4
3
7
5
2
3
2
4
0
0
2
8
60
7
4
4
4
1
16
2
12
12
11
11
0
12
3
1
6
3
11
11
3
2
6
7
0
5
5
0
100
100
8
5
3
0
0
5
1
5
2
3
3
3
5
5
0
4
8
2
3
3
3
10
5
5
6
5
3
0
0
0
0
3
5
6
5
3
6
11
11
3
5
5
5
18
1
9
5
5
11
12
3
15
7
7
0
3
3
13
11
11
5
0
7
5
0
2
5
6
6
0
1
3
3
14
6
5
3
6
3
14
11
17
2
6
3
2
6
11
11
0
0
2
3
3
9
0
3
0
3
3
6
3
5
5
0
5
6
8
14
5
3
2
6
5
5
1
11
0
0
0
9
3
3
3
2
12
5
1
5
7
3
1
3
2
6
7
13
4
3
11
2
3
10
0
3
3
14
14
20
20
14
0
5
6
6
3
5
3
6
12
0
5
5
0
10
10
3
5
6
5
8
3
13
1
10
3
10
0
7
0
6
3
3
0
3
0
3
5
0
5
0
0
13
13
1
6
6
5
3
10
3
0
11
5
13
8
0
3
5
17
1
11
5
3
9
9
2
6
3
3
3
3
12
5
5
5
5
3
5
5
15
7
7
5
13
1
7
9
9
7
3
6
6
2
3
1
43
43
15
3
5
0
15
15
3
0
7
3
7
3
3
3
3
6
12
1
1
3
4
4
9
7
1
0
12
12
1
1
14
14
7
6
2
6
1
2
8
2
5
5
6
3
9
7
12
3
9
5
3
2
6
2
7
5
1
11
5
5
5
1
5
6
5
3
5
14
2
2
5
5
2
2
2
2
5
9
0
5
14
2
3
9
3
2
1
11
8
12
1
14
0
0
7
10
7
9
5
5
3
3
3
15
2
7
1
9
7
6
5
3
15
3
4
9
9
7
7
5
5
7
5
5
10
43
5
5
9
4
2
12
9
0
6
11
3
2
8
5
1
11
3
3
1
6
3
3
15
3
13
3
43
2
5
7
7
9
1
4
12
15
12
6
8
2
12
11
2
6
5
1
2
12
15
2
9
5
7
7
15
101
101
5
11
1
9
14
3
5
11
0
1
3
2
2
1
1
8
9
18
18
18
7
3
11
7
19
19
3
19
19
7
3
14
7
2
7
2
3
2
6
8
3
5
4
2
0
44
44
3
3
1
8
6
5
5
11
1
5
0
3
0
18
18
9
9
1
5
6
6
6
1
10
11
2
16
16
13
1
1
6
6
0
1
4
7
3
19
19
8
8
8
13
14
14
5
5
3
6
14
7
4
6
7
3
11
11
5
10
2
3
5
9
16
5
3
2
2
2
1
8
4
4
2
2
13
5
4
10
10
2
1
5
1
2
5
1
1
1
1
19
8
4
2
7
1
102
102
1
8
3
3
3
3
10
7
4
2
8
3
2
4
16
2
1
3
5
7
7
19
61
61
4
1
1
1
3
4
7
7
15
62
62
6
8
0
19
13
8
19
1
3
1
3
8
3
1
1
1
3
7
8
8
6
16
13
5
1
1
5
2
6
2
4
1
44
44
7
3
1
1
1
8
103
103
14
1
16
1
1
1
1
1
30
30
2
14
8
8
8
5
4
8
8
3
16
1
2
3
5
1
1
10
5
23
23
1
2
6
7
1
1
17
3
5
19
8
6
7
13
4
2
3
5
8
13
11
4
1
16
16
19
1
8
6
1
1
1
3
5
3
3
3
3
6
2
1
1
3
0
3
3
19
3
62
6
2
9
9
7
30
13
6
3
3
1
3
1
6
3
15
15
3
3
11
11
7
1
1
10
4
19
1
1
4
2
17
1
1
1
6
0
4
8
7
3
14
10
7
1
1
1
7
1
3
5
5
8
5
16
1
1
1
7
8
18
4
8
7
2
4
5
5
4
2
6
8
6
3
8
10
5
4
8
17
13
7
4
4
17
1
4
4
6
4
1
5
1
6
1
1
4
4
3
15
8
3
1
2
1
1
4
7
8
1
3
3
4
16
3
19
1
3
3
6
1
4
5
1
63
63
63
4
10
1
1
1
1
4
5
9
1
1
4
1
4
5
19
1
1
1
1
1
1
1
4
6
1
1
19
1
1
1
8
2
3
3
13
1
104
104
6
1
1
1
1
1
1
1
4
3
4
19
6
8
4
5
17
1
3
1
7
1
5
7
9
17
1
2
1
9
1
1
1
2
4
8
1
3
105
105
1
3
2
10
1
1
3
9
6
3
4
0
4
12
9
9
4
4
4
9
3
3
6
15
7
0
7
0
8
1
1
10
15
15
14
6
0
1
1
2
9
14
14
0
23
23
12
0
0
16
15
0
9
0
2
7
15
0
6
2
4
10
3
4
7
7
4
4
1
1
7
7
4
4
1
4
4
5
5
3
4
4
3
4
3
4
4
0
4
4
0
4
4
4
6
4
15
4
106
106
4
0
10
10
3
3
15
15
0
7
0
7
2
4
4
5
8
0
13
15
15
4
1
16
0
13
7
4
1
8
8
0
5
1
8
7
0
7
4
3
5
12
12
0
1
4
5
7
7
14
3
15
7
15
5
2
8
5
9
4
4
2
3
8
1
6
3
15
5
5
4
6
1
4
7
15
5
4
8
0
0
4
7
3
9
1
9
12
12
9
23
4
4
1
4
4
0
4
4
0
4
7
3
7
3
6
3
4
4
3
0
2
3
7
15
7
4
10
0
7
9
4
6
4
1
16
8
16
16
2
4
4
4
23
4
4
4
9
4
3
4
1
1
5
1
16
3
4
1
7
9
18
4
7
13
13
7
3
7
3
7
1
9
5
4
0
3
6
3
9
4
1
0
4
3
5
3
7
3
1
3
0
15
0
0
14
4
4
4
2
4
0
7
1
3
6
5
4
4
0
0
0
4
4
4
12
3
0
6
8
2
1
5
107
107
15
0
15
3
3
13
0
0
0
1
0
3
7
0
1
0
0
1
1
16
2
0
0
9
1
1
4
4
16
3
4
14
8
0
4
3
14
3
0
6
6
4
14
0
0
4
1
1
0
4
3
1
1
8
1
14
4
2
4
4
0
5
4
4
3
0
1
1
14
1
0
4
2
108
108
4
2
2
4
0
5
3
4
4
12
3
3
0
0
3
0
6
1
1
9
1
0
3
5
0
10
0
0
0
2
0
7
0
14
12
10
17
17
9
2
6
0
0
16
7
2
1
1
3
3
3
2
16
0
0
0
0
0
0
12
17
0
5
0
0
0
3
10
0
0
14
17
16
17
0
6
17
2
0
3
0
3
3
3
17
1
0
0
0
16
7
17
0
11
11
17
45
45
3
3
10
1
7
2
3
3
12
3
8
0
13
3
16
3
13
11
8
5
14
14
12
7
3
4
0
0
5
14
14
3
7
0
3
0
14
0
0
17
0
1
0
11
12
0
18
18
17
1
0
0
0
3
12
14
12
0
0
0
8
0
0
3
12
0
13
16
2
5
17
17
0
0
5
0
12
12
0
11
11
10
2
12
0
9
11
5
2
3
5
0
0
45
12
7
1
0
0
0
6
0
17
2
0
2
5
6
0
0
0
0
0
9
0
6
0
16
0
0
14
0
24
24
0
17
2
2
2
0
0
0
2
0
14
6
0
109
109
0
18
16
0
0
3
12
1
7
1
18
0
11
0
11
11
0
6
0
0
5
7
7
0
3
0
0
0
6
0
8
0
13
10
6
12
12
12
6
0
7
16
6
9
2
2
110
110
0
0
3
0
0
17
3
35
35
11
14
5
10
6
12
18
7
0
3
10
0
0
3
8
9
3
3
2
4
0
1
5
4
4
0
9
9
11
1
1
11
1
2
3
3
15
15
5
4
3
4
0
17
17
4
4
3
17
1
14
5
19
19
19
11
5
5
16
16
0
0
4
10
10
18
18
5
16
0
8
8
4
1
1
17
1
0
4
14
0
9
9
0
0
11
18
3
1
3
5
5
4
9
7
17
0
13
13
7
9
2
9
7
3
3
2
12
0
0
46
46
0
9
2
0
4
15
15
7
0
12
0
4
0
14
5
7
1
12
4
3
3
4
5
4
9
4
0
3
2
2
0
22
1
7
4
2
0
17
7
0
4
0
5
6
1
4
4
5
4
5
1
5
1
0
1
4
2
3
0
6
4
4
4
10
10
17
12
0
3
1
0
4
7
4
0
3
0
4
0
0
8
12
12
4
0
14
0
3
12
1
10
14
14
3
0
17
1
1
0
0
7
0
6
11
11
46
4
4
4
0
2
9
4
17
4
7
4
18
4
4
4
9
0
4
4
4
2
18
4
19
4
7
5
2
3
4
5
5
4
3
15
2
3
3
17
3
10
0
8
17
17
4
9
9
3
3
0
17
1
11
17
0
4
5
1
4
4
0
11
0
4
4
0
4
0
0
1
2
9
3
1
8
4
5
4
5
4
5
15
0
0
4
12
14
11
1
4
0
9
2
0
9
9
7
31
31
9
0
4
9
31
3
31
0
11
1
5
9
4
9
4
47
47
4
5
7
10
9
5
0
0
4
9
1
0
0
6
9
9
3
4
4
8
15
3
3
8
10
4
4
11
6
3
3
4
4
11
0
4
4
5
19
0
2
0
0
0
14
5
8
1
0
9
8
47
9
3
0
0
0
0
0
0
11
18
1
14
1
14
0
6
4
5
0
1
0
0
10
10
10
0
0
4
12
9
11
5
0
7
4
0
3
61
4
2
4
0
4
0
8
0
7
1
11
5
0
18
11
0
4
2
0
9
14
1
1
0
0
2
1
15
5
14
0
9
8
0
1
46
0
0
1
0
31
3
4
0
11
3
0
1
15
12
4
4
4
4
0
12
111
111
0
4
4
9
4
4
4
4
12
7
6
3
4
7
4
12
0
1
4
5
9
0
4
2
8
1
0
4
3
15
0
12
0
4
23
23
2
0
112
112
0
8
5
0
1
4
10
4
1
0
2
0
3
0
0
5
0
0
0
0
2
1
0
0
3
3
7
0
5
5
2
6
6
7
1
0
3
2
1
1
0
1
1
0
1
3
1
4
3
17
5
1
1
0
4
7
0
18
1
0
3
0
5
7
0
0
18
0
6
0
9
1
1
11
1
9
1
8
1
9
9
9
1
0
0
8
5
1
8
0
7
4
3
1
0
0
4
5
0
5
1
5
0
0
0
10
0
7
15
15
5
5
3
1
1
1
4
15
6
9
1
15
12
15
4
1
4
9
9
0
4
1
48
48
1
6
0
0
0
0
3
1
1
4
3
1
0
0
0
1
1
1
27
27
1
0
7
2
2
14
7
0
1
1
1
1
3
3
4
2
64
64
0
1
0
4
3
0
0
2
0
7
12
12
16
0
0
15
15
0
2
1
15
12
7
9
1
6
3
0
9
10
6
6
2
15
12
1
4
1
1
0
1
4
0
14
5
0
0
2
11
11
0
0
1
7
3
7
9
0
7
14
16
1
5
5
113
113
7
0
1
7
5
6
0
1
0
0
10
6
2
1
1
0
0
6
5
5
0
3
4
1
15
15
1
1
0
7
8
8
10
10
16
3
0
0
8
10
7
7
0
9
10
0
3
4
4
2
2
6
6
1
5
1
9
1
2
0
1
7
6
4
4
4
2
15
19
0
0
5
1
0
65
65
5
5
1
4
1
2
0
7
4
1
5
0
0
13
0
0
0
0
5
5
17
17
1
1
1
7
7
0
7
4
14
14
8
5
1
6
7
1
3
4
0
0
3
3
0
16
16
0
8
7
9
7
2
10
4
2
1
1
1
1
14
0
11
1
5
4
1
3
3
2
0
7
2
0
4
17
17
11
10
9
1
1
0
1
1
0
114
114
4
0
3
8
8
8
4
1
6
14
14
11
11
2
9
1
1
1
11
1
0
5
7
7
14
14
0
4
5
12
12
7
10
11
18
16
16
6
7
2
2
6
10
7
0
10
7
2
4
8
5
0
1
1
17
17
0
0
16
16
6
4
8
0
6
4
0
0
0
18
3
12
12
12
1
14
14
6
0
0
4
32
32
15
1
10
10
4
0
0
3
10
6
0
14
14
16
6
19
2
4
4
5
5
0
0
1
0
4
7
0
0
4
1
15
2
14
115
115
4
9
1
0
3
4
1
0
0
1
5
48
16
0
14
14
11
0
6
5
1
16
17
116
116
0
6
9
9
5
14
14
1
9
9
1
1
1
0
15
12
1
4
5
4
1
0
12
29
3
11
4
15
4
0
4
18
0
7
3
1
1
8
5
7
18
2
1
18
3
1
7
1
4
5
1
4
7
3
1
0
10
1
5
4
14
4
4
4
7
3
18
18
0
5
1
18
10
5
3
0
6
1
1
4
1
0
11
18
0
7
12
1
12
12
17
17
0
0
4
2
0
4
8
0
5
66
66
117
117
0
2
0
3
1
6
1
5
15
16
5
8
18
3
1
5
0
5
7
0
4
49
49
118
118
0
119
119
1
14
5
3
0
20
5
14
0
1
1
6
3
4
4
35
4
49
51
51
3
49
6
1
7
7
3
5
16
3
3
3
7
0
7
7
12
1
32
1
3
5
3
2
7
7
13
1
10
14
7
0
0
7
9
1
1
12
6
1
2
2
3
9
7
0
1
2
8
67
67
7
7
4
0
0
7
1
5
1
68
68
2
0
3
12
2
2
7
12
120
120
0
9
1
8
1
4
9
10
9
2
17
6
7
7
10
12
1
1
3
48
5
5
4
5
0
1
1
1
1
15
0
15
9
8
0
10
4
33
33
12
12
9
0
1
18
121
121
1
3
51
10
10
3
1
11
1
9
14
12
5
11
11
6
6
18
0
2
5
5
5
2
1
3
6
2
1
3
13
16
7
1
8
18
0
17
11
3
7
14
12
17
10
5
5
1
5
9
1
10
10
10
11
5
0
8
0
4
8
9
8
3
2
7
10
1
15
3
5
12
3
18
0
0
0
1
122
122
4
4
3
1
1
8
12
8
8
8
14
15
3
4
4
2
0
0
1
3
2
3
1
4
4
7
4
9
68
0
0
15
9
123
123
0
7
14
7
4
3
0
1
1
2
2
4
4
4
1
10
14
1
3
15
1
11
19
7
0
14
3
3
18
7
14
12
9
14
3
3
5
12
1
1
7
12
8
8
0
7
11
14
7
7
3
3
5
9
3
16
2
5
5
32
32
9
1
3
7
3
16
15
10
16
18
12
0
16
45
16
1
3
65
5
18
11
17
5
9
5
5
0
0
7
4
4
5
5
1
14
1
1
1
3
7
7
7
7
17
6
14
3
17
17
69
69
17
2
0
7
0
4
12
12
1
15
1
3
5
7
14
5
19
4
0
5
12
6
14
70
70
13
1
17
1
4
0
1
8
0
8
4
7
8
8
8
6
4
5
4
4
7
3
17
10
14
3
3
7
2
14
5
5
6
16
10
12
15
5
5
6
3
11
34
34
2
15
14
10
17
12
3
0
18
3
11
5
9
5
5
18
35
3
1
1
3
3
5
1
66
8
0
6
10
0
0
5
19
6
5
5
18
5
1
14
4
7
8
16
16
12
2
11
2
12
2
6
1
5
0
6
14
14
3
5
3
12
4
12
5
15
11
1
7
1
10
0
8
13
2
3
4
50
50
1
6
1
124
124
125
125
8
6
18
0
9
1
11
11
11
5
7
14
64
0
4
0
11
126
126
127
127
3
0
1
6
11
7
15
1
4
4
6
128
128
69
9
129
129
17
5
10
9
1
1
14
18
1
8
130
130
5
4
15
15
4
8
5
5
131
131
9
14
71
71
11
8
3
5
1
9
5
7
9
1
132
132
10
15
133
133
11
4
14
3
0
0
11
18
1
18
7
1
8
7
15
1
1
4
4
3
0
7
5
8
1
7
1
5
0
3
15
5
1
70
71
8
3
1
1
12
50
3
1
10
1
4
9
10
1
1
9
4
2
6
6
6
19
9
1
11
4
8
8
7
5
16
11
4
2
7
13
4
2
11
13
0
1
20
1
8
3
5
2
8
1
4
8
52
52
5
36
36
7
7
72
72
9
17
17
2
11
11
4
15
4
0
16
8
3
7
0
0
1
12
1
73
73
1
1
18
134
134
5
9
5
13
11
7
1
9
8
0
1
1
0
9
16
16
11
5
10
4
135
135
9
9
136
136
5
5
7
1
9
20
11
12
4
9
8
18
4
14
14
16
16
4
72
1
1
9
14
9
2
14
14
1
1
137
137
138
138
1
1
0
12
16
16
1
8
0
15
5
7
16
1
139
139
6
7
16
5
14
1
140
140
12
4
12
10
4
4
13
1
16
11
12
1
12
0
3
18
4
4
11
36
4
1
9
10
1
14
1
8
74
74
16
0
9
12
7
7
6
9
13
4
8
1
5
7
141
141
5
5
142
142
16
11
12
1
0
11
5
12
18
12
6
6
18
18
1
1
17
1
10
4
9
16
3
9
14
14
9
5
16
9
16
16
0
11
11
16
13
6
3
0
14
12
8
5
1
0
7
4
5
14
17
5
5
11
4
7
1
4
1
4
2
1
2
8
4
2
67
7
5
16
3
11
5
0
52
17
3
9
12
4
1
16
16
33
7
8
1
1
4
14
9
1
3
6
15
73
16
16
5
16
6
11
2
0
16
18
36
3
1
4
7
143
143
3
7
5
6
1
1
6
0
9
9
16
52
4
16
14
8
53
53
4
14
16
4
3
144
144
5
5
11
8
4
4
5
5
8
14
145
145
4
4
16
11
146
146
11
1
7
0
16
6
7
1
16
33
16
27
4
6
11
4
0
2
18
11
2
1
5
1
12
33
17
8
7
7
16
147
147
4
2
12
8
9
6
7
75
75
0
6
75
9
19
36
6
5
5
11
9
76
76
11
9
1
27
12
7
12
5
0
1
11
74
7
148
148
8
7
4
8
3
149
149
7
76
8
15
2
9
11
11
3
1
1
2
12
9
18
9
150
150
17
1
151
151
5
6
4
4
14
14
14
9
1
152
152
26
26
1
18
18
18
8
0
9
14
37
37
16
6
54
54
1
9
153
153
0
7
7
35
2
50
5
5
77
77
0
6
11
3
7
9
15
16
0
154
154
17
8
1
5
10
7
18
10
5
155
155
1
1
156
156
8
157
157
47
10
0
12
158
158
26
26
26
1
1
1
8
0
7
3
0
1
0
8
2
14
0
7
6
1
34
4
11
14
4
14
0
1
1
8
7
1
1
11
13
4
34
14
3
159
159
3
26
34
3
7
7
54
11
11
19
7
15
9
7
6
11
18
0
4
9
3
3
0
14
42
6
6
7
6
1
11
11
11
3
3
6
54
14
2
15
9
53
9
27
5
78
78
27
77
7
7
17
10
9
5
20
20
10
3
14
13
12
160
160
0
7
10
4
1
9
4
18
3
10
42
3
1
4
9
7
0
8
2
37
37
161
161
1
14
18
18
7
162
162
14
18
8
37
1
5
14
11
9
16
14
7
4
4
0
9
15
14
14
53
18
9
163
163
6
11
78
11
3
14
164
164
6
6
5
