92
92
13
13
13
1
10
10
16
16
3
3
7
7
9
9
9
13
37
37
9
9
9
3
3
10
9
9
9
12
9
13
13
16
13
10
1
6
9
13
16
9
9
9
7
3
3
65
65
13
13
10
10
20
20
20
20
3
8
8
15
15
10
10
13
9
20
20
0
3
1
1
20
10
20
10
10
3
20
3
6
3
20
13
20
10
20
10
10
20
3
3
10
10
10
3
10
10
8
13
13
13
3
18
18
3
3
3
15
20
1
1
2
3
18
10
0
3
3
13
93
93
3
10
20
3
20
20
20
94
94
16
16
3
16
1
13
13
3
3
3
13
20
10
10
16
65
10
1
3
10
7
1
10
7
20
5
5
9
5
3
10
10
10
9
10
10
9
9
5
7
7
6
5
5
5
10
10
10
5
7
7
6
6
9
8
8
10
7
3
3
12
12
10
6
10
9
9
10
2
5
95
95
9
10
7
49
49
12
12
5
5
8
8
9
9
10
11
11
5
5
13
5
5
25
25
14
14
5
5
9
96
96
10
5
10
9
9
5
5
10
1
1
10
10
5
9
9
3
5
7
12
12
8
5
7
7
66
66
12
9
18
10
10
6
2
3
9
9
9
9
5
8
10
10
9
9
9
9
8
17
9
9
8
49
11
12
14
9
6
10
13
10
10
11
13
10
10
10
5
9
5
3
12
8
7
11
2
9
12
2
10
10
2
6
2
10
5
5
10
5
7
5
12
9
7
10
6
6
7
9
5
9
0
0
9
1
10
7
5
49
9
11
11
10
67
67
9
5
15
15
9
9
7
10
9
8
9
3
3
8
10
9
7
10
9
14
5
0
5
5
5
5
11
11
10
9
9
5
5
6
21
21
10
1
1
12
5
1
9
5
10
10
6
5
9
5
8
5
9
7
3
12
7
7
6
10
67
9
9
13
4
6
6
2
2
15
15
97
97
7
5
9
15
9
7
7
9
0
10
12
98
98
12
9
9
2
12
7
7
7
7
7
10
10
8
10
7
7
12
12
7
8
8
8
8
14
1
7
13
8
8
7
5
5
68
68
8
8
7
7
0
20
1
10
5
7
9
9
5
5
5
8
12
12
5
12
8
8
10
9
7
5
37
8
4
5
8
9
8
10
7
12
10
10
5
5
7
8
10
8
14
8
12
5
13
8
7
7
7
8
10
10
7
8
8
8
12
12
5
8
13
13
8
8
11
12
8
7
7
7
7
8
1
7
10
10
10
10
7
12
12
7
4
8
8
16
16
9
7
8
16
5
5
16
1
8
8
7
7
10
7
7
7
8
16
8
5
4
3
4
7
8
8
7
7
8
7
8
5
7
7
5
8
6
10
8
7
7
10
1
12
3
23
23
4
4
23
22
22
20
20
22
3
5
3
22
4
8
1
8
1
1
1
1
5
5
0
0
0
7
6
19
19
6
13
6
0
13
13
5
7
0
0
0
0
6
11
4
4
5
3
3
5
0
0
0
0
13
2
2
8
1
6
0
0
0
0
0
1
5
16
16
0
15
15
38
38
0
0
1
11
4
1
0
1
0
0
0
0
5
6
0
0
6
13
15
15
0
11
11
11
10
10
9
9
0
4
4
0
0
0
0
0
6
6
1
0
0
6
3
0
0
9
0
0
9
10
9
9
1
7
0
0
0
5
0
11
0
4
0
0
0
17
4
0
5
0
32
32
9
10
4
5
5
13
9
5
0
21
9
5
0
5
1
7
5
0
0
3
9
0
0
0
5
8
0
5
13
0
3
0
0
0
0
0
0
15
0
11
11
11
4
7
12
12
0
0
0
9
9
7
2
13
3
9
13
1
2
1
5
1
1
0
7
0
0
0
16
5
9
0
1
7
8
9
9
1
7
11
13
13
1
2
17
6
5
1
1
99
99
1
0
5
1
0
1
19
9
1
1
12
1
50
50
0
0
3
7
1
0
0
1
0
1
1
0
0
3
3
0
7
5
1
13
5
1
1
4
3
7
0
0
0
13
13
4
13
1
0
0
13
3
5
13
5
9
15
1
1
7
0
3
1
0
7
6
1
32
7
1
11
15
13
1
8
10
0
1
15
5
0
0
1
0
0
5
0
0
19
3
7
1
7
7
3
0
13
0
0
0
9
1
0
0
0
0
13
1
0
4
5
13
8
8
13
5
13
0
9
0
7
9
1
12
9
1
0
5
0
0
1
5
5
0
3
1
0
8
0
0
2
0
11
7
13
13
5
0
0
2
0
0
2
0
0
0
30
30
5
7
7
6
0
20
0
0
10
13
1
30
5
5
0
13
1
37
37
0
15
1
5
6
13
3
0
0
6
0
7
0
0
3
3
0
12
0
0
0
8
0
5
0
5
1
1
0
2
1
1
32
0
24
24
0
1
0
0
0
1
0
5
1
0
1
15
0
5
1
5
0
0
0
1
0
1
13
4
0
1
9
9
9
11
7
13
6
0
1
13
15
9
1
9
0
0
7
5
11
0
13
6
5
4
5
7
11
5
13
1
3
3
0
0
9
11
1
15
1
0
5
0
4
0
5
15
69
69
6
5
0
1
1
13
0
1
2
3
5
4
5
3
13
13
6
0
1
0
1
8
11
9
12
1
1
10
5
0
69
15
0
7
7
7
5
6
19
0
4
0
7
0
13
9
0
1
11
1
0
0
0
5
5
7
5
9
3
0
5
4
20
5
0
2
0
0
0
0
13
1
1
0
3
0
7
0
0
0
0
0
7
0
0
5
10
0
13
6
1
70
70
43
43
3
3
7
11
11
13
0
0
1
0
6
0
0
0
0
8
7
9
5
5
5
0
15
15
0
5
0
5
0
7
6
7
5
1
1
1
6
0
0
10
1
9
43
0
1
19
3
3
3
3
0
5
11
6
13
3
0
0
0
1
0
7
8
0
3
0
0
0
0
0
0
0
0
15
1
9
0
0
0
6
0
0
13
0
9
0
1
0
0
0
9
0
0
0
0
0
0
0
3
5
1
13
13
13
13
100
100
18
18
13
30
13
6
2
3
11
5
5
12
10
0
5
5
5
8
9
11
11
11
11
3
6
6
8
1
20
20
11
0
0
51
6
5
6
6
50
14
14
5
10
3
5
0
0
6
5
11
11
71
71
9
0
3
1
5
6
30
8
10
8
8
8
0
11
3
9
9
11
7
5
5
11
3
11
16
11
8
0
8
8
5
11
11
2
5
2
3
11
6
3
6
6
2
3
12
12
14
2
9
10
9
9
20
5
6
11
5
5
13
14
6
11
5
0
16
5
2
2
38
38
17
13
15
5
6
0
13
4
21
2
7
6
6
5
5
6
9
9
3
3
15
15
3
2
6
6
11
6
1
8
5
3
14
11
3
5
6
6
12
3
11
1
3
6
11
8
3
11
13
8
14
6
3
15
11
5
11
11
11
10
11
6
1
4
12
2
6
11
12
15
11
5
5
5
5
11
2
12
9
5
5
5
5
7
1
6
6
6
5
2
14
10
10
15
7
14
6
17
8
8
11
11
8
7
7
5
5
71
8
12
5
5
8
5
4
2
6
6
11
5
12
10
6
5
3
10
11
3
2
12
5
6
5
6
6
9
11
11
11
11
10
14
16
1
0
2
11
6
6
5
3
11
5
11
6
3
66
6
0
5
8
15
7
5
3
2
6
0
1
3
8
3
6
9
0
0
5
5
11
15
15
3
3
3
11
3
5
5
5
5
14
10
14
3
11
3
5
5
13
13
4
3
8
7
12
0
5
14
5
6
6
5
6
1
5
3
5
6
3
4
11
3
6
8
2
14
11
11
0
11
0
10
10
8
6
6
52
52
5
5
21
6
3
6
6
5
2
6
11
5
11
7
7
0
7
6
0
2
2
6
8
8
8
2
0
5
0
21
6
14
5
15
0
2
11
6
6
21
13
2
12
12
3
1
1
3
2
2
6
5
10
101
101
7
3
6
1
1
11
6
17
6
21
3
6
5
5
6
2
16
16
25
25
1
6
3
2
1
28
28
2
2
1
21
2
2
1
5
1
4
3
3
13
5
25
2
2
14
13
6
7
7
2
3
13
52
6
9
4
6
0
0
1
17
1
3
20
3
2
2
8
21
15
6
2
0
20
5
13
6
13
7
16
16
10
8
6
4
5
1
6
5
5
12
12
5
1
5
21
10
1
6
10
20
10
0
7
3
6
11
102
102
11
6
3
8
6
3
5
2
0
0
0
7
12
1
5
1
2
2
10
10
3
3
21
6
2
3
6
1
103
103
6
6
6
2
2
1
2
7
4
12
0
2
6
5
2
16
104
104
0
1
8
6
25
8
8
10
10
2
1
5
13
3
9
17
3
5
20
8
5
9
6
7
11
2
3
5
1
6
7
5
2
1
0
1
21
21
5
2
0
3
6
39
39
4
8
1
12
6
13
4
5
7
7
9
9
0
20
20
25
25
8
5
0
2
13
13
5
1
5
21
8
7
1
105
105
3
4
6
11
2
47
47
5
3
14
9
11
2
3
2
1
8
5
6
15
21
7
11
6
6
1
10
9
2
14
14
13
13
106
106
6
5
2
1
73
73
5
2
18
0
12
11
11
2
1
7
12
3
21
7
1
4
6
11
3
3
6
7
2
9
2
1
5
9
11
6
5
8
5
3
6
1
2
6
28
70
3
6
11
14
6
14
8
8
7
9
0
14
25
25
2
21
107
107
2
11
5
4
6
1
11
3
2
5
4
10
5
1
6
5
6
5
1
10
6
16
6
2
2
2
2
12
5
2
1
12
11
0
0
3
5
3
2
2
21
4
7
4
1
11
15
3
3
13
7
4
5
9
9
0
3
3
4
2
2
2
5
4
1
16
9
8
4
4
13
5
10
7
8
2
10
52
2
7
5
8
6
3
10
1
6
8
8
4
2
15
2
5
6
13
1
6
5
1
4
2
10
5
2
9
3
3
0
40
40
17
2
5
6
3
6
4
6
7
7
0
10
6
1
20
68
21
21
7
4
3
3
5
1
3
7
6
6
11
5
1
11
8
0
7
12
5
6
5
11
2
3
3
3
3
5
6
6
3
7
4
9
9
2
3
4
3
15
12
5
3
6
1
3
15
11
3
5
3
1
3
3
6
3
11
9
3
8
18
3
3
11
3
6
6
5
12
12
3
12
12
12
9
9
15
3
3
3
2
3
3
1
7
3
18
12
11
12
5
12
4
5
15
9
1
6
12
3
7
8
10
3
4
10
3
6
3
3
15
3
3
3
3
1
11
18
7
3
3
1
6
108
108
3
109
109
5
2
12
12
3
12
3
15
3
3
4
12
12
4
3
8
15
9
8
1
6
5
13
13
3
110
110
8
0
3
111
111
3
1
1
21
6
6
1
6
6
4
13
1
1
73
24
24
9
4
6
21
3
5
1
21
21
6
13
7
3
3
9
9
6
19
1
14
14
13
21
8
3
9
17
1
1
2
17
3
13
10
10
10
2
6
9
4
0
8
21
26
26
6
20
2
1
23
23
2
8
9
11
6
12
12
4
3
4
4
19
6
1
8
3
21
9
9
8
20
8
8
8
0
9
19
19
5
6
1
2
6
6
10
10
6
6
8
1
32
10
6
2
5
8
8
4
8
6
5
21
6
6
11
10
15
15
10
8
13
13
13
6
10
10
1
1
10
8
3
3
13
4
4
6
112
112
2
5
2
2
10
10
1
4
6
17
12
1
3
6
2
17
19
26
19
6
6
14
13
8
12
12
5
14
14
14
8
6
11
17
3
1
6
8
8
9
9
13
6
1
4
13
13
2
19
8
40
4
3
8
8
8
50
6
3
19
9
9
3
21
20
5
5
5
2
11
4
3
13
3
4
6
5
3
2
6
2
2
6
4
4
42
42
5
19
19
5
5
1
5
2
4
9
1
1
2
6
10
19
3
1
0
21
1
5
18
4
8
24
2
6
4
32
2
3
3
1
1
2
40
5
2
9
3
113
113
13
19
7
6
24
10
8
8
13
16
16
2
2
13
3
2
5
3
19
3
19
6
19
13
21
12
5
8
13
9
1
10
4
4
9
13
7
4
20
20
14
24
5
2
21
2
17
6
4
9
9
10
24
11
1
8
8
16
16
17
4
7
5
11
0
11
8
4
3
7
2
6
14
14
14
14
1
18
18
7
3
4
1
8
3
7
8
7
8
7
5
9
1
5
8
11
6
15
5
2
0
8
16
8
8
8
18
1
53
53
5
0
1
11
7
3
5
5
1
1
1
4
18
18
5
11
12
1
1
8
8
11
5
7
4
10
8
24
13
13
6
0
72
8
11
14
11
7
7
8
3
6
11
2
5
6
5
4
18
7
7
7
2
3
7
2
2
4
2
7
7
18
14
4
8
8
8
11
7
2
2
2
1
15
7
13
13
1
1
5
9
11
8
8
0
9
16
8
8
12
8
114
114
6
14
14
9
8
8
8
8
8
5
8
6
3
3
2
0
5
9
0
7
7
13
8
11
8
41
41
9
41
4
115
115
14
7
5
8
8
8
18
1
8
1
13
10
0
15
5
1
14
8
9
3
3
14
13
13
15
15
7
6
7
4
4
14
8
8
1
0
8
8
2
6
2
11
2
0
74
74
8
16
6
8
8
8
2
3
1
1
3
11
6
2
18
7
4
5
0
6
5
8
5
2
3
7
3
6
16
2
16
8
8
1
8
1
3
6
3
3
1
41
18
17
8
8
8
1
0
18
7
1
8
16
3
4
11
0
1
5
8
6
3
3
7
9
16
7
11
5
14
8
16
3
3
11
4
3
116
116
1
4
8
11
3
3
1
7
7
8
11
6
8
6
1
6
1
0
3
4
16
7
4
18
4
6
1
13
4
14
2
3
8
5
0
1
3
8
1
18
5
2
10
2
6
14
7
1
3
2
4
1
8
1
7
1
5
4
0
0
7
8
74
11
7
7
4
2
53
5
54
54
10
10
0
54
7
2
6
7
15
15
1
5
6
0
0
3
3
0
117
117
3
3
1
0
5
1
43
3
5
1
7
1
1
3
0
4
3
5
1
1
1
10
1
1
7
1
1
0
0
0
0
1
3
3
17
7
6
15
15
3
3
1
1
19
3
12
17
3
15
5
7
14
0
1
0
1
3
6
15
15
17
0
8
17
0
5
3
11
6
0
2
7
1
15
6
3
3
6
1
15
15
18
7
6
7
7
6
15
10
0
0
5
1
1
12
0
1
0
5
3
6
7
17
17
0
17
6
8
15
3
1
5
6
3
3
2
15
0
0
0
12
1
1
3
5
5
3
2
7
1
7
2
1
7
6
1
13
2
3
15
5
7
9
0
1
7
16
16
24
24
15
0
3
6
6
1
7
1
6
54
0
3
3
0
9
9
1
1
6
1
3
6
13
1
9
1
9
0
1
0
6
1
7
0
1
0
1
3
0
3
0
0
13
6
2
6
6
3
1
9
3
1
15
17
13
8
1
1
1
18
2
15
3
1
12
12
5
3
1
1
1
1
5
3
3
17
3
11
3
3
14
1
1
3
13
8
1
12
12
1
1
11
7
5
1
2
55
55
14
1
3
0
14
14
1
0
1
1
1
1
1
1
1
6
1
2
2
1
14
14
12
20
1
0
31
31
0
0
27
27
1
11
7
2
2
5
8
5
1
3
7
1
12
11
20
1
12
3
1
5
6
5
1
3
2
13
3
3
3
0
3
6
3
1
3
27
1
5
3
3
5
5
5
7
3
12
0
3
27
5
1
12
7
7
0
13
8
31
2
27
0
0
1
9
11
12
3
3
1
1
3
14
7
12
8
12
6
6
3
3
1
1
4
12
12
1
1
17
3
1
3
3
3
55
3
3
12
14
5
31
4
0
6
10
1
7
11
17
2
10
1
1
2
6
1
1
14
1
13
1
55
5
1
11
11
12
2
4
31
14
20
6
8
5
31
10
5
11
17
11
7
31
14
7
12
17
1
1
14
118
118
17
10
0
12
27
1
3
13
11
0
1
5
7
2
2
11
12
75
75
75
1
1
10
8
22
22
1
22
22
8
1
15
8
5
8
7
1
5
3
3
1
17
4
5
0
56
56
0
1
2
3
6
17
17
10
2
3
0
1
0
19
19
12
12
2
3
6
6
6
2
9
10
8
16
16
13
2
2
7
6
0
2
4
1
1
22
22
8
8
8
13
14
14
17
17
1
6
14
1
4
6
1
1
10
10
17
9
8
1
17
12
16
17
1
7
5
4
2
3
4
4
7
5
13
17
2
9
9
5
2
3
2
7
1
2
2
2
2
22
1
4
7
1
2
119
119
2
19
1
1
1
1
10
1
4
4
8
1
5
4
11
5
2
1
17
8
8
22
76
76
4
2
2
2
1
3
18
18
26
77
77
6
8
0
22
13
8
22
2
1
2
1
1
4
2
2
2
1
8
8
8
3
16
13
17
2
2
17
7
3
7
4
2
56
56
17
1
2
2
2
8
120
120
2
2
16
2
2
2
2
2
42
42
5
14
1
78
78
3
4
1
8
1
16
2
7
1
3
3
2
9
3
29
29
2
7
3
40
2
2
18
1
3
22
8
6
1
13
2
7
1
17
19
13
10
4
2
16
16
22
2
8
3
2
2
2
1
3
1
1
1
1
1
7
2
2
1
1
1
1
22
1
77
6
4
6
6
1
42
13
6
1
1
2
1
2
6
1
14
14
1
1
10
10
1
2
2
6
4
22
2
2
4
5
18
2
2
2
3
3
4
8
8
1
15
9
8
2
2
2
18
2
7
2
2
8
17
16
2
2
2
8
8
19
4
8
8
5
4
17
17
2
7
6
11
3
1
8
9
17
1
8
18
13
1
4
4
18
2
4
4
3
4
2
17
19
3
2
2
4
4
1
14
78
1
2
5
2
2
4
11
4
2
1
1
4
19
1
22
2
5
1
6
2
4
2
11
79
79
79
4
6
2
2
2
2
4
2
12
2
2
2
2
2
2
22
2
2
2
43
2
2
2
4
1
2
2
22
2
2
2
3
8
1
1
6
2
121
121
6
2
2
2
2
2
2
2
4
1
4
22
6
11
6
17
18
2
7
2
8
2
17
8
12
18
2
5
2
6
2
2
2
7
4
1
2
1
122
122
2
1
7
9
8
2
1
6
3
1
4
0
4
23
15
15
4
4
4
12
1
1
6
14
1
0
1
0
8
3
3
9
26
26
14
6
0
2
2
7
12
11
11
0
29
29
23
0
0
16
26
0
15
0
7
1
14
0
6
5
4
9
1
4
1
1
4
4
2
2
1
1
4
0
1
4
4
3
4
1
4
4
1
4
1
4
4
7
4
4
4
4
4
4
7
4
14
4
123
123
4
7
9
9
1
1
14
26
0
1
0
1
7
4
4
17
8
0
13
26
26
2
2
16
0
6
1
4
2
3
3
1
4
2
8
1
0
1
4
1
17
21
21
0
2
4
4
1
1
11
1
14
1
14
3
7
8
17
12
4
4
7
1
8
2
1
0
14
14
14
4
1
2
4
8
14
3
4
4
0
0
4
0
1
12
6
12
6
6
12
29
4
4
3
4
2
0
4
4
0
4
1
1
1
1
6
4
4
4
1
0
5
4
8
14
1
8
9
0
1
12
4
6
4
2
16
1
16
16
7
4
2
4
29
4
4
2
12
4
1
4
2
2
17
2
16
1
4
2
9
15
19
4
8
13
13
8
1
0
1
8
2
12
14
0
17
4
0
1
12
4
2
0
4
1
4
1
8
1
2
1
0
26
0
0
14
4
4
4
5
4
0
1
2
1
8
17
4
4
0
0
0
4
4
4
23
4
0
1
8
5
2
3
124
124
14
0
14
4
1
13
0
0
0
2
0
1
8
0
2
0
0
2
2
16
7
0
0
12
125
125
4
4
16
7
4
11
8
0
4
4
7
1
0
8
8
2
11
0
0
4
2
2
0
4
4
2
2
8
2
14
4
5
4
4
0
14
4
4
7
0
2
2
14
2
0
4
4
126
126
4
7
4
4
0
4
1
4
4
6
11
7
0
0
1
0
1
2
2
15
2
0
1
4
0
6
0
0
0
0
0
1
0
16
21
9
18
18
12
5
3
0
0
16
3
5
2
2
1
4
4
5
16
0
0
0
0
0
0
5
18
11
3
0
0
0
4
9
0
11
16
18
16
18
0
3
18
4
0
7
0
1
1
1
18
2
0
0
0
10
1
18
0
10
10
18
57
57
3
3
6
2
11
5
1
1
23
1
8
0
13
1
10
1
13
13
3
3
34
34
21
11
1
2
0
0
3
34
7
1
8
0
1
21
34
0
8
18
0
11
0
10
23
0
19
19
18
2
0
0
0
3
23
7
23
0
0
0
3
0
0
1
23
0
13
16
5
3
18
18
0
0
3
0
21
23
0
10
10
6
5
23
0
38
10
3
5
4
17
0
0
57
21
1
2
0
0
0
3
0
18
5
0
5
17
1
0
0
0
0
0
12
0
11
0
16
0
0
7
0
30
30
0
18
5
5
5
0
0
0
5
0
16
3
0
127
127
0
19
16
0
0
1
21
2
3
2
19
0
10
0
10
10
0
18
0
0
3
1
0
0
6
0
0
0
11
0
3
0
6
9
3
128
128
23
3
0
11
16
11
12
0
5
129
129
8
11
7
0
0
18
1
58
58
15
7
17
9
6
21
19
8
0
7
9
0
0
0
11
12
1
1
7
2
0
2
17
4
4
0
12
15
10
2
2
10
2
7
1
1
14
14
17
4
1
4
0
28
28
4
4
1
18
2
15
17
22
22
22
10
3
3
16
16
0
0
4
9
9
19
19
17
16
0
59
59
2
2
2
18
2
0
2
16
0
12
12
0
0
10
19
7
2
1
3
3
2
12
18
18
0
13
13
8
12
7
12
8
1
1
4
21
0
0
60
60
0
12
7
0
4
14
14
0
0
0
0
4
0
16
9
18
2
5
14
1
1
4
3
4
15
4
0
7
3
5
0
25
2
8
2
7
0
18
0
0
14
0
1
6
2
4
4
17
4
17
2
3
2
0
2
4
7
4
0
4
4
4
2
35
35
18
0
0
7
2
0
4
1
4
0
1
0
4
0
0
0
23
23
23
0
16
0
1
0
2
9
15
15
0
0
18
2
2
0
0
11
0
6
33
33
60
4
4
4
0
5
12
4
18
2
8
4
19
4
4
4
15
0
4
4
4
7
19
4
22
4
8
17
7
1
4
8
3
4
1
14
7
1
4
18
1
35
0
8
18
18
4
15
15
1
7
0
18
2
33
18
0
4
2
2
4
4
0
10
0
4
4
0
4
0
0
2
5
12
1
2
8
2
17
4
17
4
3
14
0
0
4
23
34
33
2
2
0
12
4
0
12
12
0
44
44
12
0
2
15
44
1
44
0
10
2
17
12
2
12
4
80
80
2
17
1
35
15
3
0
0
2
15
2
0
0
4
130
130
7
4
4
8
14
1
1
59
9
4
4
10
3
1
1
4
14
33
0
2
4
6
22
0
7
0
0
21
16
9
8
2
0
1
5
80
12
1
0
0
0
0
0
0
10
19
2
34
2
16
0
3
4
3
0
2
0
0
131
131
9
0
0
4
5
12
33
17
0
18
4
0
1
76
4
7
2
0
4
0
8
0
1
2
10
3
0
19
8
0
2
7
0
14
16
2
2
0
0
7
2
14
1
15
0
1
3
0
4
60
5
0
2
0
44
1
4
0
10
1
0
2
14
5
4
4
4
4
0
23
132
132
0
4
4
12
4
4
4
4
0
8
10
1
4
1
4
23
0
2
4
3
12
0
4
7
8
2
0
4
1
14
0
20
0
4
29
29
7
0
133
133
0
59
3
0
2
4
35
4
2
0
7
0
5
0
0
1
5
0
0
0
7
2
0
0
1
3
1
0
17
17
5
6
6
12
4
0
1
7
2
2
0
2
2
0
2
1
2
4
1
18
17
2
2
0
2
1
0
19
2
0
5
0
17
6
0
0
19
0
6
0
12
2
2
10
2
12
2
8
2
12
12
12
2
0
0
8
3
3
8
0
12
4
1
2
0
0
2
8
0
1
2
17
0
0
0
9
0
6
14
14
3
3
1
2
2
2
4
14
2
15
15
14
20
14
2
2
4
15
15
0
4
2
62
62
2
7
0
0
0
0
5
2
2
2
1
7
0
0
0
2
2
2
134
134
2
0
0
7
7
16
1
0
2
15
2
2
1
1
4
7
81
81
0
2
0
4
5
0
0
7
11
8
45
45
16
0
0
14
14
0
7
2
14
21
8
12
2
6
1
0
12
3
6
6
5
14
23
2
4
2
2
0
2
4
0
16
17
0
0
7
10
10
0
0
2
1
1
1
12
0
1
14
16
2
13
13
135
135
1
0
2
12
3
6
0
2
0
0
9
11
7
2
2
0
0
11
136
136
0
0
14
2
14
14
2
2
0
1
8
8
9
9
39
1
0
0
3
35
1
1
0
12
9
0
1
4
4
20
5
61
61
2
17
2
12
2
7
0
2
1
6
4
4
4
5
14
22
0
0
17
2
0
82
82
17
3
2
4
2
6
0
1
4
2
17
1
0
13
0
0
1
0
3
3
46
46
2
2
2
1
1
0
1
4
14
14
8
3
2
7
1
4
1
4
0
0
1
1
0
137
137
0
8
12
12
12
8
9
4
6
2
2
2
2
15
0
10
2
3
4
2
0
1
7
0
8
7
0
4
18
18
10
10
15
2
2
0
2
2
0
138
138
4
0
1
22
47
47
2
2
6
27
27
139
139
7
12
2
2
2
10
2
0
3
11
11
16
16
0
4
7
6
6
11
9
10
19
36
36
7
11
7
7
2
9
11
0
9
11
5
4
1
3
0
2
2
28
28
0
0
36
36
11
4
4
0
7
4
0
0
0
19
5
20
0
2
2
140
140
9
18
18
2
48
48
14
2
9
9
2
0
0
1
9
6
0
15
15
39
6
22
5
8
4
6
6
141
141
2
0
4
1
0
0
4
2
14
7
16
142
142
2
12
2
0
1
4
4
0
0
6
1
62
36
0
16
16
15
0
9
3
2
2
18
143
143
3
6
12
12
3
16
16
2
12
12
2
2
15
3
14
20
3
7
3
4
2
0
5
41
1
4
4
14
4
0
8
19
0
1
1
2
2
22
0
15
19
5
2
19
1
2
1
2
4
7
2
4
8
7
2
0
9
2
17
2
15
4
4
4
1
1
19
19
0
2
2
19
9
1
1
0
1
2
2
4
2
0
4
19
0
0
20
15
5
5
46
46
72
72
4
7
0
4
8
0
6
83
83
144
144
0
5
0
1
2
7
2
3
14
36
1
8
9
1
2
3
0
6
1
0
4
63
63
145
145
11
146
146
2
27
3
1
0
24
6
16
3
147
147
6
1
4
2
58
2
63
51
51
3
63
2
2
11
8
1
3
16
1
1
1
1
8
1
1
45
2
48
2
1
9
5
6
1
3
13
2
9
15
7
0
0
12
12
2
2
23
11
2
148
148
1
15
1
0
2
5
11
149
149
11
18
2
0
0
1
2
3
18
84
84
7
0
1
20
7
7
1
20
150
150
0
12
2
8
2
4
12
13
12
5
18
6
1
6
9
6
15
15
1
62
3
3
15
3
0
2
2
2
2
14
0
14
12
8
0
9
8
151
151
64
64
12
0
2
19
152
152
2
1
51
153
153
1
6
15
2
12
15
64
3
85
85
11
3
19
0
5
3
3
7
7
2
1
7
7
2
1
13
19
11
11
8
0
0
0
10
1
11
11
23
46
9
3
3
2
1
12
2
9
9
9
85
3
0
1
0
4
8
12
3
1
7
8
9
2
14
1
1
23
1
19
20
0
7
2
154
154
4
7
7
15
2
11
6
11
8
8
16
14
1
4
4
7
0
0
2
1
7
5
2
4
4
1
4
12
84
0
0
14
12
155
155
0
1
27
2
4
5
0
2
2
7
6
4
4
4
2
9
16
2
5
14
2
15
22
3
0
16
7
7
19
8
15
6
15
15
7
1
6
23
2
2
11
20
86
86
0
11
10
11
11
1
7
5
3
15
1
53
12
7
3
48
48
4
2
7
11
1
16
14
9
16
19
6
0
16
57
16
2
1
82
3
19
10
28
3
12
1
2
0
0
1
4
4
3
3
2
16
2
2
2
1
11
1
12
12
18
3
15
1
18
18
87
87
18
7
20
8
0
4
5
5
2
14
15
1
1
12
15
7
22
4
0
3
5
6
11
88
88
13
2
18
2
4
6
15
47
0
8
4
1
89
89
11
1
4
3
4
4
1
5
4
9
11
1
1
8
7
16
3
6
61
39
9
45
14
3
3
61
1
13
156
156
5
14
2
7
18
20
5
0
19
1
13
1
12
6
3
19
58
1
2
2
1
5
17
2
83
8
0
6
9
0
0
17
22
7
3
3
19
1
2
11
4
1
8
16
16
64
7
10
4
45
7
0
2
6
0
6
16
16
1
6
1
20
2
20
3
14
10
2
1
2
9
0
86
13
7
1
4
90
90
2
6
2
157
157
158
158
8
3
19
0
12
2
159
159
10
17
8
15
81
0
2
0
10
160
160
161
161
1
0
2
3
10
1
14
2
4
4
3
162
162
87
12
163
163
18
3
9
12
2
2
15
19
2
8
164
164
3
15
14
14
4
8
3
3
165
165
12
14
91
91
10
1
5
3
2
12
3
1
12
2
166
166
13
14
167
167
10
2
16
5
0
4
8
19
2
19
12
2
89
8
14
2
2
168
168
5
0
11
9
8
2
12
2
3
0
1
14
3
2
88
91
11
1
2
2
5
90
7
2
