94
94
17
17
17
17
10
10
37
37
3
3
1
1
12
12
12
17
45
45
12
12
12
3
3
10
12
12
12
12
12
13
17
37
17
10
3
13
12
13
37
12
12
12
1
6
6
67
67
16
16
18
18
0
0
0
0
6
8
8
21
21
18
18
16
16
0
0
0
6
7
7
0
18
0
18
18
6
0
6
5
13
0
16
0
18
0
18
18
0
6
6
18
10
10
6
18
18
8
16
16
16
6
1
1
6
6
6
21
0
7
9
18
6
1
18
18
6
6
16
95
95
6
18
0
6
0
0
0
96
96
16
16
3
16
7
16
16
6
6
6
16
0
18
18
16
67
10
7
6
18
1
7
18
1
0
1
1
12
2
5
18
10
10
12
10
10
21
21
2
29
29
1
1
44
44
10
10
10
2
1
1
6
18
21
11
11
10
1
6
6
19
19
10
1
10
9
9
10
19
1
97
97
12
10
1
49
49
19
19
6
6
8
8
12
9
10
7
7
1
1
17
2
2
30
30
23
23
1
2
12
98
98
10
6
10
12
12
1
1
10
2
2
10
10
18
12
12
6
2
1
19
19
11
1
38
38
68
68
19
13
8
10
10
18
5
6
12
12
12
12
1
11
10
24
21
12
12
18
8
9
12
9
8
49
7
19
23
12
6
18
17
10
10
7
16
18
18
10
44
9
2
6
12
1
1
1
2
12
19
4
10
10
5
9
5
18
2
1
18
2
38
2
19
19
29
10
1
1
1
9
2
21
99
99
12
9
10
29
17
49
12
7
7
10
69
69
12
1
21
21
12
9
1
10
21
11
12
6
6
11
18
12
1
18
12
12
1
3
1
1
1
44
7
7
10
12
12
44
2
1
15
15
10
2
2
12
2
9
12
2
10
10
9
2
12
2
11
2
9
38
6
19
38
38
6
18
69
12
12
16
2
1
6
13
13
22
22
100
100
1
1
12
21
9
1
1
21
8
10
19
101
101
19
12
12
13
19
1
1
1
15
1
10
10
11
10
1
4
20
20
1
11
11
11
11
23
9
14
16
11
11
1
2
1
70
70
11
11
1
1
15
0
20
10
1
1
12
12
2
2
1
11
20
20
2
20
11
11
10
12
6
1
45
11
10
1
11
12
11
10
1
20
10
10
2
1
1
11
10
11
23
11
20
1
16
11
1
1
1
11
36
36
1
11
11
11
71
71
2
11
16
16
11
11
7
20
11
1
1
1
1
11
3
1
10
10
10
10
1
71
20
11
1
11
11
28
28
12
1
11
28
2
2
28
9
11
11
1
1
10
1
1
1
11
28
11
1
1
3
1
1
11
11
1
1
11
1
11
2
1
15
1
11
5
10
11
1
1
36
9
20
6
72
72
1
1
72
50
50
0
0
50
6
1
6
50
1
11
9
7
9
9
3
3
13
13
0
0
0
1
1
25
25
9
17
13
0
16
16
0
0
0
0
0
0
5
7
0
0
1
6
6
2
15
0
0
0
17
4
4
9
9
13
0
0
0
0
0
9
17
5
5
0
21
21
20
20
0
2
5
5
1
0
0
3
0
0
0
0
0
5
7
15
5
17
22
22
0
7
7
7
10
10
18
18
0
51
51
0
0
0
0
0
5
5
8
0
0
1
14
32
0
18
0
0
21
21
24
24
5
2
0
0
0
0
0
7
0
9
0
0
0
3
0
0
2
0
41
41
24
10
7
13
13
16
18
9
0
2
18
0
0
2
8
5
17
0
0
5
24
0
14
0
0
11
0
0
16
0
6
0
0
15
0
0
0
22
0
7
7
7
0
1
20
20
0
0
0
18
18
1
4
16
6
24
17
9
20
2
2
8
8
0
0
0
0
0
16
2
24
0
1
1
0
18
18
2
1
7
16
17
8
5
3
5
14
8
9
102
102
0
0
13
2
7
9
25
18
2
2
20
7
52
52
0
0
0
1
2
0
15
5
0
2
5
15
0
6
6
0
1
2
17
17
1
9
9
1
6
1
0
32
0
16
17
9
17
9
0
0
17
5
9
17
2
18
21
9
9
1
0
9
2
0
0
5
2
41
1
16
7
21
17
1
11
10
0
9
21
0
0
0
7
0
0
14
0
0
25
9
9
5
1
1
0
0
17
0
0
0
24
17
0
0
0
0
17
0
0
1
0
17
11
11
16
1
17
9
18
0
2
24
2
20
24
0
0
0
0
0
0
2
2
0
0
8
0
11
0
0
4
0
7
2
17
17
0
0
0
7
0
0
4
0
0
7
53
53
2
0
0
5
0
0
0
11
10
17
9
0
2
2
0
16
9
45
45
0
21
9
2
5
16
0
0
0
5
15
0
0
0
3
3
0
10
0
0
0
7
0
0
0
2
9
2
0
0
9
9
41
0
103
103
0
9
0
0
0
2
0
2
12
0
9
21
0
2
9
0
0
0
0
1
0
9
16
51
0
2
18
24
18
7
2
17
5
0
8
17
21
24
9
18
0
0
1
2
7
0
16
1
2
1
0
1
7
2
17
2
6
6
0
0
18
7
2
21
17
0
0
0
7
15
6
22
73
73
0
2
0
2
9
16
0
12
4
5
14
51
2
3
16
17
1
0
2
0
8
11
7
18
12
8
9
10
2
11
73
22
0
1
1
1
0
0
25
0
0
15
0
0
17
18
0
9
7
9
0
0
15
2
0
2
2
24
18
0
14
1
0
0
0
4
15
0
7
15
16
9
16
0
6
0
4
0
0
15
0
0
1
0
0
9
10
7
16
9
2
74
74
42
42
6
9
0
7
7
16
0
0
9
15
5
0
0
0
0
11
1
24
2
2
2
0
22
22
0
0
0
14
15
1
5
2
2
0
9
16
0
0
0
10
2
24
42
0
9
25
0
13
13
6
0
14
7
5
17
9
0
0
0
2
0
1
11
0
15
15
15
0
0
0
0
0
0
21
0
18
0
0
0
9
0
0
17
0
24
5
2
15
15
0
12
15
0
0
0
0
0
0
0
0
9
16
15
15
16
104
104
27
27
16
53
16
13
13
13
8
2
2
19
10
0
2
2
2
11
19
7
7
7
7
6
13
13
29
3
9
9
7
0
0
0
13
2
2
2
52
23
23
2
10
6
14
0
0
13
2
7
7
75
75
12
0
6
7
2
13
53
11
10
11
29
29
0
7
2
12
12
7
2
2
14
7
6
7
37
7
7
7
8
8
2
8
7
4
14
13
14
7
13
14
5
5
4
3
19
19
11
14
12
10
19
19
14
14
5
7
14
14
17
23
13
7
2
7
37
1
4
4
20
20
2
17
29
2
13
0
16
1
15
19
1
13
13
14
2
13
12
12
6
14
22
22
6
4
14
14
7
13
6
8
14
0
23
14
6
14
13
13
19
6
7
3
6
13
7
11
9
7
16
8
23
13
3
21
8
14
7
7
7
36
7
13
2
7
19
4
2
7
19
21
7
14
2
2
2
7
19
19
12
2
2
2
2
1
7
5
13
13
14
14
23
36
36
22
1
23
14
2
8
8
7
7
7
1
19
14
14
75
8
19
2
2
8
14
7
4
5
5
7
2
19
2
14
1
6
10
7
6
14
19
14
5
2
5
14
12
7
7
7
7
10
23
16
9
0
7
7
13
13
2
6
7
14
7
2
6
68
14
6
14
29
22
1
14
3
4
13
0
11
6
8
6
13
19
0
0
14
2
7
21
21
6
6
6
7
6
2
2
2
14
23
18
23
6
7
6
2
14
17
17
14
6
29
1
19
0
14
23
14
13
14
2
13
6
14
6
2
14
6
7
8
1
14
29
4
23
7
7
0
7
15
10
10
11
2
2
54
54
2
2
15
5
6
6
5
5
6
5
5
2
6
3
3
2
2
5
15
4
4
5
11
39
39
4
15
2
15
15
1
23
2
21
15
5
14
1
1
15
17
4
20
20
6
8
8
13
4
4
2
2
10
105
105
1
6
1
8
8
5
5
5
4
15
3
5
14
14
1
4
76
76
30
30
1
13
6
6
8
77
77
4
4
2
15
14
5
2
2
8
4
14
6
17
2
30
4
4
23
17
5
1
1
4
6
17
54
2
18
1
5
0
5
8
1
1
6
0
5
4
5
11
15
21
5
4
15
0
1
17
9
17
6
28
28
10
11
5
5
2
3
2
2
2
55
55
14
2
2
15
10
2
1
10
0
10
15
1
6
5
5
106
106
7
5
6
2
5
3
14
4
15
15
15
2
20
5
2
14
1
6
10
10
6
13
15
5
4
4
5
3
107
107
56
56
1
4
4
8
14
1
2
55
15
4
5
2
4
28
108
108
0
2
11
13
30
8
8
78
78
4
8
2
17
6
18
13
6
17
0
39
14
1
1
1
6
5
5
2
15
5
1
2
4
15
15
2
15
15
2
4
16
9
5
109
109
5
7
2
20
5
17
14
2
2
2
19
19
15
0
0
30
30
11
2
1
5
16
17
2
2
1
15
39
1
8
110
110
6
2
5
5
5
111
111
2
14
23
19
7
4
3
4
12
39
2
5
21
15
1
14
5
5
5
10
19
4
112
112
17
17
113
113
1
14
4
2
79
79
2
4
2
15
20
7
5
4
2
1
55
6
15
14
13
5
5
14
6
6
13
1
4
19
4
8
2
19
5
5
2
39
2
6
13
8
4
5
77
74
3
1
7
23
13
23
6
6
1
18
15
23
30
30
4
15
114
114
23
7
5
2
5
7
14
5
4
2
4
78
2
15
6
2
5
2
2
10
5
28
5
4
4
4
23
20
2
5
8
20
7
15
15
9
2
6
5
4
15
4
1
4
3
8
2
3
3
16
1
4
2
19
19
15
6
6
5
4
4
4
0
5
3
76
6
8
4
5
16
2
10
5
8
4
10
54
4
1
2
8
5
6
10
7
2
5
8
14
4
2
4
2
13
2
8
5
2
8
2
4
10
14
5
19
5
5
8
35
35
1
23
2
56
6
5
1
5
1
1
15
10
5
8
0
70
15
15
2
5
6
6
2
3
5
2
5
1
5
2
16
5
11
8
2
20
2
56
2
14
6
6
9
9
6
2
18
5
13
6
9
12
12
6
6
9
13
22
20
1
6
5
3
6
22
7
13
2
6
9
6
6
6
13
7
24
6
8
27
6
6
14
6
13
5
9
20
20
9
20
20
20
18
2
22
9
6
13
13
6
9
9
6
6
7
19
7
20
2
20
6
2
22
19
9
13
19
13
6
3
10
9
14
10
9
13
13
6
22
6
6
6
6
9
7
6
2
6
6
5
5
115
115
13
116
116
14
6
20
20
9
20
9
22
9
6
1
20
20
6
13
8
22
18
8
6
6
14
17
17
3
117
117
8
8
6
118
118
9
0
0
15
5
5
2
5
5
1
17
46
46
79
31
31
6
1
5
15
6
14
9
15
15
5
17
6
3
6
6
6
5
25
5
12
12
2
15
11
6
19
19
2
2
4
18
6
17
47
47
10
4
5
12
1
0
11
15
57
57
5
0
4
2
119
119
4
11
19
7
5
40
40
1
6
1
1
25
5
0
8
3
15
19
19
11
0
11
11
11
0
19
25
25
2
9
2
4
5
5
18
18
5
5
3
2
41
10
5
4
14
8
8
1
8
1
5
15
5
5
7
10
4
4
18
8
16
16
17
5
18
18
8
5
18
9
9
6
16
1
1
4
120
120
4
1
5
4
47
47
2
1
5
3
40
0
9
5
4
6
25
57
25
5
5
12
16
8
40
40
17
80
80
80
11
5
7
19
3
9
5
11
11
19
19
17
5
46
1
17
16
4
25
8
35
5
5
81
81
8
52
5
6
25
6
19
6
15
0
2
0
5
4
7
7
6
17
3
1
5
11
6
5
5
5
4
5
4
1
48
48
2
11
11
15
1
0
14
1
1
19
9
0
5
5
10
25
9
0
0
15
9
2
27
1
11
31
4
6
1
41
5
6
3
46
46
6
35
9
5
12
4
121
121
17
25
15
5
31
18
8
8
16
16
16
5
3
16
6
6
14
3
25
6
25
5
25
17
15
40
2
81
16
19
9
18
6
1
19
2
1
1
0
0
12
31
2
6
15
5
5
5
0
12
12
47
31
7
8
11
11
16
16
3
1
1
14
7
7
7
8
8
3
1
4
5
59
59
12
12
8
6
5
1
9
1
7
6
6
1
11
1
8
1
4
12
8
14
8
7
5
22
2
5
0
8
16
11
11
8
5
8
82
82
2
0
2
7
1
0
14
14
58
58
8
1
27
27
2
7
20
8
3
8
8
8
14
1
14
10
8
31
16
16
5
0
0
11
7
59
7
1
1
1
3
5
5
4
1
5
14
2
27
1
1
1
6
0
1
4
4
4
4
1
1
6
12
1
8
8
8
7
1
2
4
4
8
22
1
9
9
60
60
2
2
7
8
8
0
12
16
8
8
20
8
122
122
5
33
33
12
8
8
8
3
11
14
3
5
3
3
5
8
2
1
0
1
1
17
8
0
11
61
61
18
61
1
123
123
33
1
1
11
11
7
6
2
11
8
17
10
0
22
2
2
12
11
12
3
3
33
9
9
124
124
1
5
1
1
1
23
11
11
3
15
11
11
4
5
4
7
3
0
83
83
11
16
14
11
11
11
6
3
3
3
3
7
1
4
27
2
2
2
0
6
1
8
1
14
6
1
6
5
28
4
28
8
8
3
8
7
6
5
9
9
0
61
8
3
8
8
8
3
0
27
1
8
11
16
6
1
7
0
58
14
8
5
3
0
1
2
16
1
7
1
33
7
16
0
6
8
1
9
125
125
3
2
8
1
3
4
58
1
1
8
7
5
11
5
2
5
60
0
3
1
16
1
2
27
3
5
60
16
2
33
5
0
8
2
0
2
6
11
8
5
14
6
10
4
1
33
1
2
6
4
2
8
8
9
1
3
2
1
0
0
1
11
83
8
1
1
2
4
82
2
62
62
18
18
0
62
15
15
5
15
10
10
3
14
13
8
0
3
3
0
126
126
3
3
3
0
0
3
42
6
14
3
15
7
3
9
9
2
3
2
2
2
3
18
3
3
6
3
15
0
0
0
0
2
3
3
15
15
13
10
10
9
3
3
3
25
9
20
3
9
10
3
15
23
8
0
0
3
9
13
10
10
3
14
8
3
0
14
3
7
5
0
4
15
3
22
13
3
9
3
8
22
13
3
3
13
15
14
13
10
18
0
0
14
3
3
20
0
3
3
2
3
13
3
3
3
0
3
13
3
22
9
3
14
13
9
9
3
10
0
0
0
20
3
3
3
15
1
3
15
1
3
15
4
3
2
13
9
17
9
9
10
14
15
12
0
3
3
28
28
31
31
22
0
3
13
14
2
1
3
13
62
3
9
9
0
127
127
3
3
13
3
3
5
16
3
12
7
12
0
8
0
13
3
0
15
3
3
3
3
0
3
0
0
17
13
3
13
13
9
3
12
3
3
10
3
17
11
3
3
3
27
15
10
3
3
12
12
1
3
3
3
7
7
1
10
10
3
3
7
3
3
12
8
8
3
16
6
8
19
19
8
3
7
7
2
7
4
63
63
12
3
3
3
12
12
3
3
8
3
7
3
3
3
3
14
3
5
5
3
84
84
19
0
3
1
34
34
32
32
43
43
3
7
1
7
7
1
7
1
3
3
7
3
12
7
0
3
19
3
3
1
5
1
7
3
4
16
3
3
3
32
3
14
3
3
3
43
2
1
6
3
1
1
1
1
3
19
3
3
43
1
3
19
1
2
32
16
7
34
7
43
128
128
7
12
7
8
3
10
3
3
3
12
1
12
6
19
12
14
3
3
3
3
1
64
64
8
3
13
3
3
10
10
6
63
3
10
19
84
1
34
64
3
5
10
3
1
8
3
7
10
3
15
4
5
3
3
12
3
15
3
63
1
3
7
7
12
2
1
34
12
0
5
7
1
34
10
1
7
3
7
2
34
12
2
12
7
8
8
12
129
129
3
10
32
64
43
3
3
16
7
32
3
1
1
4
4
8
19
85
85
85
8
3
10
8
26
26
3
26
26
8
13
22
8
2
8
1
3
2
6
3
2
3
1
1
3
65
65
3
3
4
8
5
3
3
10
4
3
3
2
5
86
86
4
4
3
3
13
13
13
4
12
10
7
16
16
17
4
4
7
13
8
5
4
2
2
26
26
7
7
7
17
87
87
8
3
2
13
87
8
1
13
8
3
10
10
3
24
7
2
3
19
16
3
8
4
1
1
4
8
1
1
2
1
17
13
4
24
24
2
4
3
4
2
12
4
4
4
4
26
8
0
1
8
5
130
130
4
11
2
2
2
2
18
8
1
3
7
3
2
1
8
2
4
2
3
88
88
26
131
131
4
4
4
4
2
6
89
89
57
90
90
13
3
3
26
17
7
26
4
7
4
3
8
3
4
4
3
2
8
7
1
6
16
17
13
4
4
3
4
6
4
4
4
65
65
3
35
4
4
4
7
132
132
4
4
16
4
4
4
4
4
48
48
2
59
2
91
91
3
8
8
7
3
16
5
1
9
3
3
4
24
3
133
133
4
4
6
35
4
4
27
2
3
26
7
13
8
17
4
1
9
3
11
17
36
4
4
16
16
26
4
11
6
4
4
4
3
3
2
3
3
9
2
1
4
4
2
8
3
3
26
3
90
5
1
66
66
3
48
17
13
9
2
4
2
4
13
8
92
92
3
3
10
10
2
4
4
4
0
26
4
4
4
2
27
4
4
4
6
0
1
11
8
3
22
24
8
4
4
4
89
4
3
4
4
11
3
16
4
4
4
88
3
86
1
7
8
1
1
3
3
4
1
13
8
6
9
11
12
8
2
7
27
17
8
4
0
27
4
1
1
6
1
4
3
11
6
4
4
1
1
3
92
91
2
1
4
4
4
0
7
11
35
3
3
0
11
8
26
7
2
2
5
4
4
4
4
93
93
93
1
4
4
4
4
4
1
4
19
4
4
4
4
4
4
26
4
4
4
42
4
4
4
0
8
4
4
26
4
4
4
3
7
3
7
13
42
134
134
13
4
4
4
4
4
4
4
4
2
1
26
13
7
13
3
27
4
1
4
8
8
3
2
4
27
4
2
4
66
4
4
4
4
4
8
4
2
135
135
4
2
1
24
4
4
3
66
13
3
