76
76
15
15
20
20
13
13
14
14
6
6
13
13
12
12
12
15
4
4
12
12
12
6
6
13
12
12
12
12
12
15
15
14
15
13
9
7
12
15
14
12
12
12
4
11
11
51
51
15
15
7
7
5
5
5
5
11
10
1
16
16
7
7
15
6
5
5
5
11
10
9
5
7
5
7
7
11
5
11
7
11
5
15
5
7
5
7
7
1
11
11
7
13
13
11
7
7
10
15
15
15
2
11
11
11
11
11
16
5
10
3
0
11
11
12
1
11
11
15
77
77
11
7
5
11
5
5
5
78
78
15
10
4
10
10
15
14
11
11
11
15
5
7
7
10
51
13
10
4
7
2
10
7
11
5
2
2
12
2
5
18
13
13
12
13
4
12
12
2
2
2
2
2
41
41
4
13
13
2
2
2
7
7
12
4
4
10
2
6
6
16
16
13
2
13
6
6
13
0
2
79
79
12
13
2
39
39
10
16
5
5
4
4
12
0
13
7
7
24
24
15
2
2
25
25
0
0
24
2
8
80
80
13
5
13
12
12
2
24
13
3
3
13
13
7
12
12
3
3
2
10
16
4
2
19
19
52
52
10
7
4
13
13
7
0
11
12
12
12
2
2
4
13
12
12
12
12
12
4
7
12
6
4
39
7
16
0
12
7
7
15
13
13
7
15
13
13
13
3
6
2
11
10
4
13
4
0
12
10
0
13
13
0
7
0
7
2
2
7
2
19
2
10
6
2
13
2
2
2
6
2
12
1
1
12
6
13
2
2
39
12
9
9
13
3
3
6
2
16
16
12
6
13
13
12
4
2
12
12
4
7
12
2
7
12
20
2
5
24
2
24
41
7
7
13
12
0
41
2
2
17
17
13
9
9
10
2
6
12
2
13
13
19
2
12
3
4
3
12
19
6
10
19
19
6
7
3
0
12
15
19
1
7
7
7
21
21
81
81
2
2
12
16
6
13
13
0
1
13
2
82
82
16
12
12
7
10
2
2
2
3
2
13
13
4
13
2
2
10
10
2
4
4
4
4
0
6
4
13
4
4
3
2
2
53
53
4
4
2
2
5
5
10
13
2
2
12
12
2
2
2
4
10
10
2
10
4
4
13
12
2
2
4
4
8
2
4
12
4
13
2
10
13
13
2
2
2
4
13
4
0
4
10
3
15
4
2
2
2
4
14
14
2
4
4
4
16
16
2
4
13
13
4
4
4
10
4
2
2
2
2
4
3
2
13
13
4
13
2
16
10
4
2
4
4
10
10
12
13
4
10
2
5
10
6
4
4
2
2
13
4
2
2
4
10
4
2
8
6
8
2
4
4
2
2
4
2
4
2
2
19
2
4
7
13
4
19
2
14
6
10
11
17
17
0
0
17
3
3
5
5
4
11
24
11
3
0
4
3
4
3
3
9
9
2
2
5
3
5
2
2
18
18
2
15
15
5
15
15
2
5
5
1
1
4
9
7
5
5
24
11
11
2
1
1
19
1
15
0
0
2
3
15
1
1
1
5
3
3
2
14
14
5
16
16
10
10
3
5
3
0
8
3
5
3
1
1
1
1
5
7
1
1
7
15
21
21
5
4
7
9
13
13
12
12
5
8
8
5
1
5
5
1
7
7
3
5
11
2
19
1
1
12
19
5
12
12
12
12
5
2
5
5
1
5
1
4
5
8
5
1
5
6
8
5
3
1
28
28
12
13
8
2
2
15
12
2
5
17
12
5
5
5
3
2
5
3
5
9
12
1
5
1
5
4
1
5
15
1
11
1
5
5
5
1
1
21
3
4
4
3
5
2
10
10
1
1
5
12
12
2
0
15
11
12
15
12
0
3
3
5
19
1
5
1
5
1
14
2
12
1
3
2
4
12
12
3
2
7
15
15
5
0
6
7
7
5
3
83
83
3
5
2
3
1
3
18
12
3
3
10
3
8
8
5
1
6
2
3
1
1
3
5
3
5
1
2
11
11
1
2
3
3
15
2
3
6
8
5
2
5
1
1
15
15
2
15
3
1
1
15
11
2
15
3
12
16
3
2
2
5
6
3
5
19
7
3
28
2
3
7
16
15
2
4
13
1
6
16
5
1
5
3
5
5
4
5
1
18
3
3
3
2
2
3
1
15
1
5
1
12
3
1
1
1
5
5
3
5
8
3
15
17
6
15
2
15
1
12
1
2
12
3
10
12
3
5
5
5
1
3
7
2
7
6
5
1
5
5
3
0
5
4
2
15
15
3
5
1
8
5
1
0
5
1
19
5
5
2
2
19
7
5
5
1
4
13
15
3
5
2
5
5
15
3
4
4
3
16
3
2
7
15
5
1
5
7
5
2
1
1
6
6
1
10
1
1
5
4
5
5
1
2
3
3
1
0
3
3
28
5
23
23
1
3
5
1
1
3
3
2
9
1
3
16
1
2
3
5
1
1
1
3
5
3
15
8
1
3
1
12
12
4
2
2
7
1
9
15
16
12
6
12
5
2
2
3
1
5
15
2
2
8
3
2
4
7
15
3
11
11
1
1
12
7
3
16
3
1
5
1
7
1
3
21
12
12
5
2
1
3
6
15
5
9
0
11
5
8
2
6
15
15
2
3
3
1
5
4
7
12
10
5
3
13
2
17
12
21
3
2
2
2
5
5
18
1
6
1
5
1
15
12
5
3
7
3
5
1
1
5
5
2
2
12
11
5
2
2
5
3
5
0
9
1
1
5
15
3
3
5
11
1
2
1
5
1
1
1
2
5
1
2
13
1
15
2
3
4
4
2
2
11
3
2
7
7
15
1
1
3
1
0
1
9
5
1
5
2
4
2
3
2
5
21
21
5
5
1
24
1
2
9
2
2
9
3
3
5
5
5
13
3
12
2
1
9
18
9
11
11
11
5
19
7
7
15
11
5
1
5
3
1
2
4
1
6
1
1
1
11
1
1
1
1
16
9
12
5
5
8
2
1
5
2
1
12
1
3
1
1
1
12
1
1
1
1
1
1
1
3
5
3
15
15
15
15
84
84
21
21
15
5
15
15
0
11
4
2
2
12
13
5
2
2
2
14
12
4
5
4
4
0
15
15
4
9
6
6
9
19
1
0
15
0
15
11
8
12
12
2
13
0
2
5
0
15
0
4
9
54
54
12
5
19
9
2
0
5
4
13
14
4
4
19
4
4
12
12
7
2
2
2
4
11
4
14
0
4
7
6
4
2
4
4
0
2
0
6
4
15
19
2
7
0
4
10
10
10
0
12
13
12
12
5
2
7
4
4
4
15
12
15
8
2
1
14
2
0
0
10
10
15
2
14
2
15
1
13
8
17
0
2
15
15
2
2
15
12
12
11
19
21
21
11
0
7
7
4
15
7
6
2
5
14
3
11
4
15
15
2
6
9
0
11
15
4
14
6
4
15
6
0
3
4
16
1
0
4
4
7
14
4
15
3
8
12
0
15
4
16
16
4
2
2
2
2
4
0
16
12
3
3
2
2
2
3
2
15
15
12
0
12
14
14
21
2
12
15
6
18
6
3
3
4
2
5
2
4
54
4
2
2
2
6
4
8
0
0
0
1
2
12
7
7
2
19
13
4
19
0
2
2
0
2
2
7
12
4
7
4
4
13
0
10
3
5
0
7
15
6
2
11
1
0
4
15
6
52
7
1
2
4
21
2
2
4
0
15
0
3
11
6
11
15
12
19
19
2
2
4
16
16
6
11
11
4
11
2
5
2
2
12
7
0
0
4
11
15
7
15
15
8
11
4
2
2
5
2
14
2
15
7
2
15
3
4
19
2
7
6
5
4
11
7
4
0
0
19
4
1
4
17
13
13
4
5
5
40
40
3
2
17
7
11
11
7
2
0
0
0
2
7
3
3
1
2
7
1
0
0
7
4
13
13
0
17
3
1
17
2
0
2
16
1
0
3
2
2
17
15
0
10
10
7
19
19
11
0
0
11
3
13
85
85
2
11
2
3
9
7
7
7
0
17
6
7
7
7
7
0
14
14
25
25
2
15
11
0
19
21
21
2
0
3
17
0
0
3
2
19
8
11
6
15
2
25
0
0
0
15
7
2
2
0
11
2
40
19
12
8
7
5
7
3
6
3
11
5
11
7
0
4
17
16
2
0
17
5
2
15
5
2
2
10
11
13
4
7
8
2
9
5
2
2
16
16
2
3
2
17
13
3
2
13
5
13
7
2
11
0
0
86
86
7
7
11
2
7
6
2
0
17
1
1
2
10
3
5
19
0
5
13
10
11
11
3
7
0
6
0
9
87
87
7
7
2
0
0
19
0
2
0
16
1
0
14
2
0
10
5
5
1
3
4
7
25
4
4
17
17
0
19
0
15
11
12
6
7
2
1
13
2
12
2
2
2
0
11
2
3
0
5
2
0
3
17
3
17
17
2
0
1
19
7
14
14
0
4
3
10
7
2
0
2
2
2
12
12
1
5
5
25
25
4
2
9
0
15
15
0
3
2
17
13
2
3
88
88
11
8
7
7
0
4
4
2
11
14
12
4
0
4
0
9
13
5
7
16
17
2
3
7
7
9
13
12
9
20
20
15
2
89
89
6
2
0
3
55
55
0
0
11
5
10
4
11
0
3
2
16
11
17
7
3
8
7
3
11
11
7
2
0
12
0
6
3
12
11
7
3
13
9
11
7
3
0
7
21
4
6
11
4
12
6
0
4
4
2
12
17
4
25
25
0
17
16
16
0
7
2
8
7
9
0
11
0
5
0
17
2
3
3
0
7
17
3
13
7
10
7
0
0
0
14
10
2
0
3
10
4
17
1
11
0
11
0
0
17
0
6
0
3
19
0
6
6
15
3
8
0
12
12
1
2
11
0
0
0
0
5
0
3
14
11
7
8
8
15
2
13
2
4
0
13
40
2
2
2
4
7
11
13
3
5
0
4
3
0
16
0
17
6
15
3
0
0
3
2
0
13
2
0
0
11
11
1
5
5
6
0
3
7
11
7
8
0
2
3
17
13
7
4
5
53
17
17
2
0
11
11
2
0
6
2
0
6
0
2
3
0
4
1
2
10
2
7
3
0
11
11
5
6
2
7
7
7
11
7
0
12
12
0
11
2
11
21
10
2
11
8
19
5
21
4
11
5
5
9
11
11
0
11
7
12
6
10
21
11
6
4
11
7
7
3
10
10
5
10
10
10
12
12
21
6
6
11
0
11
5
3
2
11
21
16
7
10
3
10
8
2
14
6
19
7
16
11
2
4
13
3
8
13
0
7
11
11
21
0
11
11
6
3
4
11
2
11
11
3
7
0
0
11
90
90
4
0
10
10
3
10
19
21
2
11
8
10
10
8
11
4
21
12
10
3
7
7
15
15
4
91
91
18
1
11
92
92
6
9
1
17
0
7
3
5
5
8
2
3
3
55
23
23
11
2
5
17
0
5
6
17
17
2
15
2
4
6
11
0
0
18
3
20
20
15
17
4
6
6
6
3
3
0
6
11
15
4
4
13
0
0
12
8
5
4
17
20
20
2
5
0
3
17
17
0
4
12
4
7
10
10
8
11
8
8
18
7
9
18
4
17
12
12
4
5
4
4
4
5
12
18
18
5
3
3
0
19
19
13
13
0
4
0
3
28
13
5
2
4
18
18
8
18
2
2
17
0
0
7
13
0
0
13
18
15
15
15
0
13
7
18
3
13
5
3
4
15
2
8
0
93
93
18
2
0
0
4
4
3
8
0
6
10
1
6
0
0
6
18
20
18
7
2
20
15
18
10
10
2
14
14
14
4
0
7
6
4
9
19
4
4
12
12
15
0
3
8
15
15
0
18
18
5
8
11
4
4
10
8
7
6
18
11
12
6
17
5
2
5
2
0
4
8
6
15
4
8
0
2
6
0
7
0
0
0
8
8
34
34
2
18
18
2
2
9
2
0
8
12
9
9
0
0
13
18
6
9
5
17
3
2
21
2
4
23
0
7
8
28
0
6
4
3
3
0
5
5
0
8
18
94
94
15
18
19
7
23
13
18
18
15
10
10
0
0
3
11
11
17
4
18
6
18
19
18
15
17
10
5
4
15
6
9
13
7
2
6
15
2
2
5
5
20
23
5
0
17
0
6
0
5
12
12
4
23
4
5
4
4
10
10
6
8
2
7
7
19
7
4
8
6
2
0
7
18
18
20
20
9
11
21
2
3
8
9
4
4
2
4
2
9
19
2
12
9
19
4
7
7
21
3
0
5
4
10
4
4
9
0
9
14
14
2
1
3
4
2
9
2
2
3
3
5
8
21
21
7
7
10
18
3
4
4
11
2
2
8
13
1
23
15
15
7
5
5
4
1
18
7
2
2
4
6
7
7
0
2
7
4
8
21
2
5
2
0
3
2
0
0
0
0
2
2
11
20
2
4
4
4
7
2
0
0
0
18
21
2
12
12
18
18
2
12
19
4
4
5
12
10
10
1
10
4
2
2
7
20
20
12
4
4
4
6
6
19
4
2
6
6
0
19
15
12
5
2
2
15
4
9
4
33
33
12
33
8
95
95
20
8
2
4
4
4
11
3
4
9
15
13
1
21
2
3
20
4
12
6
6
20
12
12
13
13
2
9
13
8
0
0
4
9
6
1
4
4
0
11
0
4
0
5
56
56
4
10
15
4
4
4
0
6
6
3
6
4
11
0
21
19
3
3
5
2
2
4
2
0
11
2
11
7
10
0
10
4
4
3
4
4
11
7
11
6
3
33
4
6
4
4
4
3
5
21
2
9
4
10
11
0
5
5
3
2
9
0
6
9
2
12
10
2
7
2
20
4
10
9
17
4
8
11
31
31
10
8
4
4
6
6
3
2
2
10
7
7
4
7
3
7
18
5
6
8
10
8
19
21
8
7
18
15
8
20
0
3
4
3
5
3
11
4
9
0
2
11
13
0
11
20
2
3
11
0
8
9
4
6
2
3
2
0
5
5
2
4
56
4
8
5
8
0
14
15
5
5
13
13
5
5
19
0
7
19
13
13
3
2
7
5
1
6
6
1
96
96
6
6
9
1
5
6
0
6
2
3
19
3
6
6
1
8
6
2
3
3
3
7
6
6
7
6
3
1
1
1
1
3
6
11
6
19
7
13
14
3
6
6
6
18
0
16
6
6
13
5
19
14
5
5
5
3
6
7
13
13
6
3
4
6
1
2
6
7
7
1
0
19
3
21
7
6
3
7
3
21
13
21
4
7
19
19
7
13
13
1
5
2
3
3
16
1
6
5
3
3
7
3
6
6
1
6
7
4
21
6
3
2
7
6
6
0
13
1
5
1
10
3
3
3
3
24
6
0
2
9
2
0
9
2
7
9
15
0
3
13
2
3
12
1
3
3
10
10
23
23
21
1
6
7
7
3
2
3
7
5
1
6
6
1
12
12
9
6
7
6
6
7
15
0
12
3
12
5
5
1
7
3
19
1
3
5
3
6
1
6
1
1
15
15
0
7
7
6
9
12
3
3
13
6
15
4
1
3
6
21
0
13
6
9
10
10
2
14
9
9
3
3
24
14
14
6
6
19
6
6
20
9
9
6
15
0
9
16
16
9
3
7
7
2
3
0
42
42
20
9
6
5
20
20
9
5
9
9
9
9
10
9
9
7
5
0
0
9
0
0
16
1
0
5
17
17
19
19
21
21
9
7
2
7
0
2
4
2
6
6
7
9
10
5
5
9
16
6
9
2
7
2
9
14
0
13
6
6
6
19
6
7
6
9
6
21
2
2
6
6
2
2
2
2
6
16
1
6
21
2
9
16
19
2
19
13
4
17
0
21
1
1
9
12
9
10
6
14
9
9
3
20
19
4
4
16
7
7
6
6
9
9
8
16
16
9
9
6
6
9
14
14
11
42
6
14
16
0
2
17
16
5
14
13
9
2
4
6
0
4
3
3
0
7
1
3
20
3
15
10
42
2
6
9
19
10
0
8
17
20
5
7
4
2
17
4
2
7
6
0
2
17
20
2
10
6
9
9
20
97
97
6
13
19
16
21
9
6
13
1
19
3
3
2
0
0
4
16
18
18
18
1
3
13
4
22
22
3
22
22
4
9
21
1
2
4
2
3
2
11
4
3
6
8
2
1
43
43
5
3
0
4
7
6
6
13
0
6
5
3
1
18
18
10
10
0
6
7
7
7
0
6
13
2
14
14
15
0
0
7
7
1
0
8
1
3
22
22
4
4
4
15
10
10
6
6
3
7
10
5
8
7
9
3
13
13
6
12
4
3
6
16
14
6
9
2
2
2
0
4
8
8
2
2
15
6
0
12
0
2
0
6
0
2
9
0
0
0
0
22
19
5
2
5
0
98
98
14
14
3
3
3
9
7
1
8
2
2
3
2
8
14
2
0
3
6
18
18
22
58
58
8
0
0
0
3
8
4
4
20
5
5
7
4
1
22
15
4
22
0
3
0
3
19
3
0
0
0
3
4
4
2
11
14
13
6
0
0
6
2
11
2
0
0
43
43
4
9
0
0
0
4
99
99
14
0
14
0
0
0
0
0
34
34
2
10
6
4
4
6
0
19
4
3
14
0
2
3
6
0
0
12
6
27
27
0
2
11
5
0
0
21
3
6
22
4
7
5
15
0
2
3
6
14
15
14
0
6
14
14
22
0
4
11
0
0
0
3
6
3
6
3
3
7
2
0
0
3
5
3
3
22
3
5
7
2
16
16
9
34
15
7
3
3
0
5
0
7
7
20
20
3
3
13
13
9
0
0
7
5
22
0
0
8
2
21
0
0
0
11
3
8
4
4
3
21
12
4
0
0
0
4
0
3
11
11
4
6
14
0
0
0
18
4
18
8
4
4
2
8
6
6
0
2
7
4
11
3
4
12
6
0
4
21
15
5
0
8
21
0
8
8
11
8
0
6
0
11
0
0
8
8
3
20
4
3
0
2
0
0
8
9
4
0
3
3
5
14
3
22
0
3
3
7
0
8
11
0
59
59
59
8
7
0
0
0
0
8
11
16
0
0
0
0
8
11
22
0
0
0
0
0
0
0
5
7
0
0
22
0
0
0
4
2
3
3
3
0
100
100
7
0
0
0
0
0
0
0
8
3
8
22
7
4
0
6
21
0
3
0
19
0
6
9
10
21
0
2
0
16
0
0
0
0
8
19
0
3
101
101
0
3
2
12
0
0
3
16
11
3
8
1
8
17
16
16
8
8
8
16
9
3
7
20
9
1
9
1
4
11
11
12
20
20
10
7
1
0
0
2
16
14
14
5
27
27
17
1
1
14
20
1
16
1
19
1
20
1
7
2
8
12
3
19
9
9
8
8
0
0
9
1
8
5
4
8
0
6
6
9
8
8
3
8
3
8
5
1
2
8
1
8
8
8
7
19
20
8
102
102
8
1
12
12
3
3
20
20
1
9
1
9
2
8
8
6
4
1
15
20
20
0
0
14
1
15
9
8
0
4
4
1
6
0
4
9
1
1
0
3
6
17
17
1
0
8
6
9
9
14
9
20
9
20
11
2
4
6
10
8
8
2
3
4
0
7
3
20
14
14
8
2
0
0
4
20
14
8
19
1
1
8
1
3
16
0
16
5
5
16
27
8
8
11
8
8
1
8
8
1
8
9
6
9
9
7
3
8
8
9
1
2
3
9
20
9
4
12
1
9
16
8
7
0
0
14
9
14
14
2
8
0
0
27
8
8
0
16
8
9
0
0
0
6
0
14
3
8
0
0
16
18
8
9
15
15
4
3
1
10
4
0
16
14
0
1
3
1
9
16
8
12
1
8
9
6
10
9
3
12
3
1
20
1
1
10
8
8
8
2
8
1
1
0
9
4
6
8
8
1
1
1
8
8
8
17
3
1
10
4
2
0
11
25
25
20
1
20
3
3
15
1
1
1
0
1
3
4
1
0
1
1
0
0
14
2
1
1
16
0
0
8
8
14
19
19
14
4
1
8
8
2
3
9
7
7
0
14
1
1
8
0
0
1
8
3
0
0
4
0
10
0
2
8
8
1
14
8
8
19
1
0
0
21
0
1
8
2
103
103
8
2
2
0
1
6
9
8
8
5
19
19
1
1
7
1
7
0
0
16
0
1
3
6
1
0
1
1
1
2
1
9
1
10
17
6
11
11
10
2
7
1
1
14
18
2
0
0
3
3
3
2
14
1
1
1
1
1
1
5
11
1
6
1
5
1
10
6
1
1
10
11
14
11
1
11
11
2
1
19
1
9
3
3
11
0
1
1
1
17
1
11
1
14
14
11
44
44
6
6
7
0
7
2
3
3
17
6
6
1
15
3
17
9
15
13
4
6
14
14
17
9
7
0
1
5
6
14
2
9
4
1
2
17
14
5
1
11
1
14
1
13
17
1
18
18
11
0
1
1
1
3
17
2
17
1
1
1
4
1
5
9
17
1
15
14
2
6
11
11
1
1
6
1
17
17
1
13
13
7
2
17
1
10
14
6
13
3
6
1
1
44
17
9
0
1
1
1
11
1
11
2
1
2
6
7
1
1
1
1
5
10
1
7
1
14
1
1
2
1
5
5
1
11
2
2
2
1
1
1
2
1
10
11
1
104
104
1
18
14
1
1
3
17
0
18
0
18
1
14
1
14
14
1
11
1
1
6
9
1
1
3
1
1
5
7
1
4
1
3
6
12
17
17
17
11
3
9
14
7
10
5
2
105
105
5
1
19
1
5
11
3
29
29
13
2
6
6
0
17
18
4
1
19
6
1
1
9
4
10
9
9
2
0
1
0
6
8
8
1
10
16
13
0
0
13
0
2
3
3
20
20
6
0
9
8
1
21
21
8
8
9
11
0
21
6
22
22
22
13
6
6
14
14
1
1
8
12
12
18
18
6
14
1
4
4
0
0
0
21
0
5
0
21
1
10
10
1
1
13
18
3
0
3
6
6
0
10
4
11
1
15
15
9
16
2
10
6
3
9
2
17
1
1
45
45
5
10
2
1
8
20
20
1
1
17
1
8
1
10
6
1
0
5
0
3
9
8
6
8
16
8
1
5
5
2
1
25
0
9
0
2
1
21
1
1
0
1
6
7
0
8
8
6
8
6
0
6
0
1
0
8
2
3
1
0
0
8
0
36
36
21
17
1
19
0
1
8
9
8
1
3
1
8
1
1
19
17
17
17
1
10
1
3
17
0
12
14
14
5
1
21
12
0
1
1
9
1
7
13
13
45
8
8
8
1
2
10
8
11
0
1
8
18
8
8
8
16
1
8
8
8
2
18
8
22
8
9
6
2
9
8
6
6
8
3
20
2
10
9
21
19
36
9
4
21
21
8
16
16
3
3
1
11
0
13
21
1
0
6
0
5
8
1
13
1
0
8
1
8
1
1
0
2
10
3
0
4
0
6
0
6
0
6
20
1
1
8
17
14
13
0
0
1
16
2
1
10
10
1
35
35
10
1
0
16
35
9
35
1
13
0
6
10
0
10
16
21
21
0
6
9
36
16
6
1
1
0
16
0
1
1
7
10
10
19
8
8
4
20
3
9
4
12
8
8
13
11
3
3
16
4
13
1
0
8
7
22
1
2
1
1
1
10
6
4
0
1
10
2
21
16
9
1
1
1
1
1
1
10
18
0
14
0
10
1
11
8
6
1
0
1
1
12
12
12
5
1
8
5
10
13
6
1
4
8
1
3
58
8
2
0
1
8
1
4
1
9
0
13
6
1
18
13
1
0
2
1
10
10
0
0
1
1
2
0
20
6
14
1
10
4
1
0
45
2
1
0
1
35
3
8
1
13
3
1
0
20
5
5
8
8
8
5
17
106
106
1
8
8
10
8
8
8
8
17
6
7
3
8
9
8
17
1
0
8
6
10
1
0
2
4
0
9
0
3
20
1
0
5
0
27
27
2
1
21
21
1
4
6
1
0
8
8
8
0
1
2
1
3
1
1
9
5
1
1
1
2
0
1
1
3
9
9
1
6
6
2
7
7
4
0
1
9
2
2
2
1
0
0
1
0
3
0
0
9
11
6
14
0
1
0
9
5
18
0
5
3
1
6
7
1
1
18
1
7
1
10
0
0
13
0
10
0
4
0
10
10
10
0
3
1
4
6
0
4
1
9
8
3
0
5
1
0
6
1
6
0
6
1
1
1
12
1
7
20
20
6
6
3
0
0
0
0
20
7
16
0
20
5
20
0
0
0
16
16
1
0
0
46
46
0
7
1
1
1
5
3
0
0
0
3
4
1
5
1
0
0
0
26
26
0
1
9
2
2
10
9
1
0
0
0
0
3
3
0
2
60
60
5
0
1
0
3
5
1
2
1
18
17
17
14
1
5
20
20
1
2
0
20
17
4
10
0
7
3
5
10
6
7
3
2
20
17
0
8
0
0
1
0
8
1
10
6
1
1
2
13
13
1
1
0
9
3
9
10
1
9
14
14
19
2
12
107
107
5
1
0
9
6
7
1
0
5
1
0
11
2
0
0
1
1
7
1
1
5
3
0
0
20
20
0
0
1
1
4
4
12
12
14
3
1
1
4
36
9
9
1
10
12
1
3
0
0
9
2
11
11
0
6
0
10
0
4
5
0
9
7
0
0
0
2
20
22
5
1
6
0
1
61
61
6
6
0
0
0
2
1
9
0
0
6
5
1
15
1
1
1
1
6
14
21
21
7
19
0
1
1
1
1
8
10
10
4
6
0
7
1
0
3
0
1
1
3
3
1
17
17
1
4
4
10
7
2
12
0
2
0
0
0
0
14
1
13
0
6
0
0
5
3
2
1
18
2
5
0
11
11
13
7
16
0
0
1
0
0
1
108
108
0
1
9
4
4
4
0
0
7
21
21
13
13
2
10
0
0
0
13
0
1
10
9
9
10
10
1
0
6
5
5
9
12
13
18
14
14
7
9
2
2
7
12
9
1
12
1
2
0
19
6
1
0
0
21
21
1
1
14
14
7
0
0
1
7
8
1
1
5
18
3
9
17
0
0
21
21
11
11
11
0
5
5
14
0
12
12
0
1
5
3
12
0
1
14
14
14
11
22
2
4
0
2
2
5
5
0
1
8
9
1
1
0
0
20
2
10
109
109
0
10
0
1
3
0
0
1
1
0
9
46
14
1
10
10
13
1
11
6
0
14
21
110
110
1
7
10
10
14
10
10
0
16
10
0
0
0
3
14
5
6
2
14
0
0
5
17
33
3
13
8
20
0
1
4
18
1
1
3
0
0
4
14
9
18
3
0
18
3
0
9
0
0
2
0
8
4
3
0
1
12
0
6
0
14
8
0
0
1
3
18
18
1
11
0
18
12
6
3
1
7
0
0
8
0
1
13
18
1
9
5
0
17
17
21
21
5
5
0
2
1
8
4
1
11
62
62
111
111
1
2
9
3
0
7
0
6
20
14
6
4
18
3
0
6
3
11
9
5
0
11
11
112
112
1
113
113
0
21
6
3
5
23
6
10
5
0
0
7
3
0
0
29
0
11
0
0
5
11
7
0
9
18
9
14
14
3
3
3
9
9
9
1
17
0
5
0
3
6
3
2
9
9
15
0
12
14
9
1
1
4
10
0
0
17
7
0
2
2
3
16
9
1
0
2
4
63
63
5
1
0
1
5
9
0
6
0
12
12
2
1
3
5
2
4
9
5
114
114
1
10
0
5
0
8
10
14
10
2
11
7
1
7
12
5
0
0
3
46
6
6
0
6
5
0
0
0
0
20
1
20
10
9
5
12
4
37
37
17
17
10
5
0
18
115
115
0
3
0
12
12
3
0
13
0
10
21
17
6
14
14
7
11
18
1
2
6
14
2
0
0
3
7
2
67
3
15
14
18
0
4
18
1
11
13
3
9
14
17
21
12
6
6
0
9
16
0
12
0
12
14
6
1
4
1
0
4
10
4
3
2
4
12
0
20
3
6
17
3
18
1
1
1
0
116
116
0
19
19
0
0
4
0
4
4
4
10
20
3
0
2
13
5
1
0
3
2
3
0
8
0
1
0
10
12
1
1
20
10
117
117
1
9
21
14
0
3
1
0
0
2
2
0
8
0
0
12
10
0
3
20
0
13
22
8
1
10
19
19
18
18
21
5
16
14
3
3
2
17
0
0
9
5
4
4
1
9
13
14
5
9
3
3
6
16
19
14
2
12
6
5
5
16
0
3
9
3
14
20
6
14
18
5
1
14
44
14
0
3
61
14
18
13
21
6
10
6
11
1
1
1
0
0
6
6
0
10
0
0
0
3
18
9
9
9
11
11
14
3
11
11
64
64
21
2
5
18
1
8
17
17
0
20
0
3
3
9
14
2
22
8
1
6
17
7
14
65
65
15
0
11
0
8
1
0
4
5
4
0
1
6
6
4
3
8
7
8
0
9
3
8
12
14
3
3
18
2
10
11
2
11
14
12
17
20
6
6
11
3
13
38
38
2
20
14
7
11
5
3
1
18
3
13
9
16
11
14
18
29
3
0
0
3
3
6
0
62
4
1
7
12
1
1
6
22
7
6
6
18
6
0
14
8
14
4
14
14
17
2
10
2
17
2
5
0
11
5
0
10
10
3
6
3
5
0
5
6
20
13
0
9
0
12
1
4
15
2
3
8
47
47
0
7
0
118
118
119
119
4
11
18
1
10
0
13
13
13
6
18
14
60
5
0
1
10
120
120
121
121
3
5
0
11
13
9
20
0
0
0
11
122
122
64
10
123
123
11
6
12
10
0
0
14
18
0
4
16
16
6
0
14
20
8
4
6
6
21
21
10
10
66
66
13
4
3
6
0
16
6
1
10
0
124
124
12
20
125
125
13
0
10
3
5
1
13
18
0
18
4
9
6
4
20
0
0
8
8
3
1
18
6
4
0
9
0
6
5
3
20
6
9
65
66
19
3
0
0
17
47
19
0
12
0
8
16
12
0
0
16
8
2
11
7
7
22
10
0
13
8
4
4
2
6
14
14
8
2
4
15
0
2
14
15
1
0
23
0
4
9
6
2
4
0
0
6
19
19
14
10
10
9
9
68
68
10
21
21
2
13
13
8
20
2
1
14
4
9
18
2
2
0
17
0
13
13
0
0
18
10
10
6
16
14
13
13
5
0
16
4
1
0
0
1
16
14
14
10
7
12
0
126
126
16
16
4
4
9
9
18
0
16
23
13
17
0
10
4
18
8
14
14
14
14
0
68
0
0
10
10
16
2
14
14
57
57
127
127
128
128
0
0
1
17
14
14
0
4
1
20
6
9
14
0
129
129
7
1
14
6
21
0
4
4
24
8
17
12
8
8
15
0
14
13
24
0
5
1
3
18
8
8
13
10
8
0
16
12
0
14
0
4
69
69
14
1
10
17
18
18
11
10
15
2
4
21
6
18
130
130
9
9
70
70
14
13
24
0
5
13
11
5
18
2
11
11
18
18
0
18
21
2
12
8
16
17
3
16
10
10
10
6
14
16
14
14
1
13
13
14
15
3
3
1
21
5
4
6
0
5
5
8
6
2
11
14
6
10
8
5
0
8
19
0
2
57
2
4
0
2
63
19
6
14
3
13
14
1
19
21
6
16
5
8
2
14
14
37
0
4
20
20
12
14
16
0
3
11
14
13
14
14
7
14
7
13
2
5
17
18
10
10
0
8
9
131
131
3
4
7
11
0
0
11
1
10
10
14
19
8
14
14
4
48
48
0
2
14
8
3
6
6
6
11
13
4
8
0
6
6
4
2
132
132
8
8
3
13
133
133
13
0
9
2
14
11
5
0
14
37
14
26
0
11
14
19
1
2
18
13
2
0
6
0
5
37
11
4
1
1
17
134
134
8
5
17
4
16
11
5
71
71
1
11
71
10
22
10
19
6
3
14
16
72
72
10
16
0
26
24
5
9
6
1
0
13
69
9
135
135
19
5
0
4
9
136
136
1
72
4
20
2
16
13
13
3
0
0
2
17
10
18
10
0
0
16
0
137
137
6
14
0
8
10
10
13
16
0
138
138
30
30
0
18
18
18
4
1
16
10
32
32
14
2
49
49
9
16
139
139
1
14
14
29
13
47
6
14
73
73
1
11
13
3
7
10
20
17
1
0
0
11
19
0
2
8
14
18
8
6
140
140
0
0
141
141
19
142
142
21
7
1
17
143
143
30
30
30
0
0
20
4
1
9
19
1
18
1
4
6
10
1
18
11
0
38
8
13
10
0
21
1
0
0
4
4
67
67
14
7
8
38
10
3
144
144
3
30
38
3
14
14
49
13
13
22
14
20
16
14
11
13
18
1
0
16
19
19
1
10
31
12
12
19
12
0
13
13
13
19
3
12
49
10
2
20
16
48
16
26
2
74
74
26
73
14
14
11
12
16
3
23
23
12
3
10
15
24
145
145
1
10
12
8
0
16
0
18
3
12
31
3
0
8
16
19
5
4
2
32
32
146
146
0
14
18
18
19
3
3
14
18
4
32
0
6
13
13
16
14
10
9
8
8
1
10
6
10
10
48
18
10
147
147
11
13
74
13
19
10
1
1
12
12
3
9
17
14
14
4
148
148
12
12
0
2
0
10
5
13
9
0
3
4
1
1
14
16
18
9
4
0
31
9
2
15
12
6
16
26
26
5
32
50
50
3
4
149
149
12
2
11
75
75
15
2
11
11
1
10
11
2
17
0
0
10
9
3
20
14
10
14
12
150
150
13
13
4
5
13
4
151
151
5
1
152
152
12
5
12
17
20
12
3
0
16
12
12
12
17
75
6
1
5
9
13
9
9
16
16
153
153
13
0
154
154
11
7
1
0
14
7
6
155
155
17
13
7
2
0
1
5
9
12
5
9
12
31
156
156
0
157
157
0
13
5
5
12
0
9
50
7
7
10
3
158
158
19
3
1
1
70
11
12
12
6
13
13
1
5
12
14
19
11
13
5
5
12
0
4
21
6
16
12
8
6
6
9
5
6
1
20
14
4
14
21
9
2
159
159
160
160
16
16
1
14
2
15
17
10
161
161
8
20
9
10
19
13
5
13
17
0
17
21
162
162
9
163
163
17
3
8
20
0
16
13
21
13
14
29
164
164
13
1
50
0
4
26
0
6
165
165
11
9
9
13
12
12
20
13
5
6
14
5
0
9
4
9
11
10
12
166
166
16
0
0
13
167
167
168
168
9
12
4
19
10
16
7
7
2
169
169
8
170
170
171
171
2
7
172
172
173
173
