80	1038	29
80	4064	29
80	6829	29
80	7868	29
80	7874	29
80	7882	29
80	7900	29
80	8307	29
80	8311	29
80	8385	29
80	16767	29
80	20095	29
80	21253	29
80	25166	29
80	27874	29
80	28824	29
80	28958	29
80	29261	29
80	29263	29
80	29264	29
80	29766	29
80	29767	29
118	10423	29
118	24004	29
118	25612	29
118	25737	29
118	25742	29
118	26675	29
160	1070	29
215	10423	29
370	13072	29
370	25314	29
394	431	29
431	7868	29
431	12084	29
431	12086	29
431	13601	29
431	20095	29
431	21887	29
431	30477	29
444	21485	29
478	13601	29
478	21962	29
478	21963	29
609	8042	29
609	24042	29
715	28442	29
853	30461	29
870	4245	29
870	23428	29
870	27872	29
945	1187	29
945	6773	29
945	6986	29
945	19019	29
945	22811	29
1013	30461	29
1038	4064	29
1038	6829	29
1038	7169	29
1038	7868	29
1038	7874	29
1038	7882	29
1038	7900	29
1038	8307	29
1038	8311	29
1038	8385	29
1038	12852	29
1038	12893	29
1038	13251	29
1038	13401	29
1038	16767	29
1038	20095	29
1038	22440	29
1038	25166	29
1038	25421	29
1038	28824	29
1038	28862	29
1038	28865	29
1038	28868	29
1038	28958	29
1038	29261	29
1038	29263	29
1038	29264	29
1038	29766	29
1038	29767	29
1055	13601	29
1070	20354	29
1070	24639	29
1080	30397	29
1089	9343	29
1089	9873	29
1089	11372	29
1089	11491	29
1089	15559	29
1089	21972	29
1115	2701	29
1187	7001	29
1187	8213	29
1187	22740	29
1187	23344	29
1187	26182	29
1187	27585	29
1202	17884	29
1330	8089	29
1330	9785	29
1330	12557	29
1336	7001	29
1336	10060	29
1336	14563	29
1336	15114	29
1336	15123	29
1336	16709	29
1336	26182	29
1342	6424	29
1342	7088	29
1342	7831	29
1342	11253	29
1342	21738	29
1342	22035	29
1342	24533	29
1342	24579	29
1342	24651	29
1342	24705	29
1342	25255	29
1342	26648	29
1342	26991	29
1342	29676	29
1342	30239	29
1342	30384	29
1401	13138	29
1401	14524	29
1401	28442	29
1429	28441	29
1429	28942	29
1432	19571	29
1451	2067	29
1451	3921	29
1451	6396	29
1451	7746	29
1451	10952	29
1451	14366	29
1451	14413	29
1451	15448	29
1451	17318	29
1451	19396	29
1451	25742	29
1451	26166	29
1451	26433	29
1451	26675	29
1451	26817	29
1451	26832	29
1451	27580	29
1451	28305	29
1451	28448	29
1533	1864	29
1558	3438	29
1558	27487	29
1605	19482	29
1633	26265	29
1663	4761	29
1663	19483	29
1704	4064	29
1704	29261	29
1748	14966	29
1748	23226	29
1748	25330	29
1748	25331	29
1831	2084	29
1831	20145	29
1852	2085	29
1852	4836	29
1879	5718	29
1879	23453	29
1879	24216	29
1888	22904	29
1888	28930	29
1979	4347	29
1979	4841	29
2067	6396	29
2067	22558	29
2067	25742	29
2076	14524	29
2076	28442	29
2084	2624	29
2084	2662	29
2085	4836	29
2085	10988	29
2085	19153	29
2101	15051	29
2101	27757	29
2102	15109	29
2131	21984	29
2132	4836	29
2132	5718	29
2132	24216	29
2229	28264	29
2276	27970	29
2290	2834	29
2290	3081	29
2290	4110	29
2290	4324	29
2290	4497	29
2290	4498	29
2290	4624	29
2290	8089	29
2290	8556	29
2290	8981	29
2290	11292	29
2290	11765	29
2290	12092	29
2290	12436	29
2290	12672	29
2290	13564	29
2290	13617	29
2290	14372	29
2290	15906	29
2290	16709	29
2290	19807	29
2290	21644	29
2290	22750	29
2290	28190	29
2290	29751	29
2290	30463	29
2362	6396	29
2362	10742	29
2362	10960	29
2362	10976	29
2362	10985	29
2362	20702	29
2362	25384	29
2362	25737	29
2362	25742	29
2362	27855	29
2441	25742	29
2441	26166	29
2441	26817	29
2448	26265	29
2450	4836	29
2450	24694	29
2451	10988	29
2476	7244	29
2476	27815	29
2476	27887	29
2476	27888	29
2476	27905	29
2536	12369	29
2536	18979	29
2536	19135	29
2536	19207	29
2562	3758	29
2562	4064	29
2562	4324	29
2562	4484	29
2562	4497	29
2562	12092	29
2562	15448	29
2562	15906	29
2562	23760	29
2562	27508	29
2573	8094	29
2606	12233	29
2606	25948	29
2606	26037	29
2606	28442	29
2624	20145	29
2624	24490	29
2633	3255	29
2633	3263	29
2633	3503	29
2633	7355	29
2633	15259	29
2633	15471	29
2633	19691	29
2633	19735	29
2633	25778	29
2633	27815	29
2633	27887	29
2633	27888	29
2633	27905	29
2633	28239	29
2633	29425	29
2633	29708	29
2633	29994	29
2633	30066	29
2633	30442	29
2635	2735	29
2635	7001	29
2635	12719	29
2635	18726	29
2635	19483	29
2635	23594	29
2635	26182	29
2637	3599	29
2637	13692	29
2637	19153	29
2637	28136	29
2639	11816	29
2647	23453	29
2675	9833	29
2733	3438	29
2733	12672	29
2733	12840	29
2733	13072	29
2733	25314	29
2735	3221	29
2735	20145	29
2735	23001	29
2735	24495	29
2735	25268	29
2738	3179	29
2738	3288	29
2738	3960	29
2738	8134	29
2738	8608	29
2738	9957	29
2738	13095	29
2738	14472	29
2738	15884	29
2738	16994	29
2738	18173	29
2738	19088	29
2738	21334	29
2738	26682	29
2738	28643	29
2790	15207	29
2818	3451	29
2834	4484	29
2834	4497	29
2834	4498	29
2834	8981	29
2834	27508	29
2838	4324	29
2838	4498	29
2838	8089	29
2843	11816	29
2904	13211	29
2909	4844	29
2909	5279	29
2909	7989	29
2909	11724	29
2909	23562	29
2914	2914	29
2914	9320	29
2914	12840	29
3063	8556	29
3081	4064	29
3081	4324	29
3081	4484	29
3081	4497	29
3081	8981	29
3081	15906	29
3081	27508	29
3107	3842	29
3107	20276	29
3107	20306	29
3107	24287	29
3143	7308	29
3143	7542	29
3143	9320	29
3143	12840	29
3143	28356	29
3179	14472	29
3221	3919	29
3221	20445	29
3237	3301	29
3255	20119	29
3255	20354	29
3263	28239	29
3267	10039	29
3267	20702	29
3267	25742	29
3267	26675	29
3291	5368	29
3291	5917	29
3291	6382	29
3291	9816	29
3291	12553	29
3291	12661	29
3291	12672	29
3291	12900	29
3301	3471	29
3301	15576	29
3301	26106	29
3301	26323	29
3301	27417	29
3438	3486	29
3438	3504	29
3438	3998	29
3438	7280	29
3438	7361	29
3438	7421	29
3438	8134	29
3438	8608	29
3438	10851	29
3438	11060	29
3438	16230	29
3438	16400	29
3438	29960	29
3451	3998	29
3451	7361	29
3451	7421	29
3451	16371	29
3451	16416	29
3451	16850	29
3451	21829	29
3451	24118	29
3451	27712	29
3451	29960	29
3456	7388	29
3471	11440	29
3486	3504	29
3486	4023	29
3486	7361	29
3486	16471	29
3486	21880	29
3486	25404	29
3503	28239	29
3504	4023	29
3504	8134	29
3504	10851	29
3505	21880	29
3536	22187	29
3599	13338	29
3599	13504	29
3599	13534	29
3599	13566	29
3599	19034	29
3599	19879	29
3599	20378	29
3599	21477	29
3599	21634	29
3599	26770	29
3599	27630	29
3616	30247	29
3619	14759	29
3619	14857	29
3619	25948	29
3619	27630	29
3631	7381	29
3631	9344	29
3640	19604	29
3640	26648	29
3697	16548	29
3728	3921	29
3758	7373	29
3758	10098	29
3758	12845	29
3758	14055	29
3758	14966	29
3758	15906	29
3758	16525	29
3758	19482	29
3758	25236	29
3758	25330	29
3763	5488	29
3763	5539	29
3763	8128	29
3763	8140	29
3763	23675	29
3763	23676	29
3763	25038	29
3763	28643	29
3765	8134	29
3765	9816	29
3765	12553	29
3765	12661	29
3765	12900	29
3765	14372	29
3765	14966	29
3765	15342	29
3765	15346	29
3765	15906	29
3765	19090	29
3765	22780	29
3765	22781	29
3765	23226	29
3765	23675	29
3765	23676	29
3765	25330	29
3765	27530	29
3765	29787	29
3858	3859	29
3858	21964	29
3859	4208	29
3859	4272	29
3859	7868	29
3859	8541	29
3859	12084	29
3859	12852	29
3859	13251	29
3859	29264	29
3865	13072	29
3865	16516	29
3865	20703	29
3865	25314	29
3893	28537	29
3893	28881	29
3917	24041	29
3917	30480	29
3919	4838	29
3919	8333	29
3919	9427	29
3919	13617	29
3919	15437	29
3919	15823	29
3919	16234	29
3919	19031	29
3919	19936	29
3919	22155	29
3919	24904	29
3919	26742	29
3919	27585	29
3960	9957	29
3960	14472	29
3960	15884	29
3960	16994	29
3960	18173	29
3960	18781	29
3960	21334	29
3960	22163	29
3960	27619	29
3963	12143	29
3978	7821	29
3978	24004	29
3991	7542	29
3991	8044	29
3991	11537	29
3991	22035	29
3991	23796	29
3991	25302	29
3998	14837	29
3998	28442	29
4009	30475	29
4064	4191	29
4064	4339	29
4064	4421	29
4064	7900	29
4064	12900	29
4064	21253	29
4064	24150	29
4064	27045	29
4074	21783	29
4074	21855	29
4109	4324	29
4109	4350	29
4109	4484	29
4109	4498	29
4110	4350	29
4110	4484	29
4110	4498	29
4110	8981	29
4110	29782	29
4190	6000	29
4208	7868	29
4208	12086	29
4208	20095	29
4245	22590	29
4245	23428	29
4245	23843	29
4245	26180	29
4245	27872	29
4272	30477	29
4277	17318	29
4324	4624	29
4324	4844	29
4324	8213	29
4324	12672	29
4324	13617	29
4324	14372	29
4324	14458	29
4324	15906	29
4324	19256	29
4324	21075	29
4324	21883	29
4324	22750	29
4324	23344	29
4324	26742	29
4324	27439	29
4324	27508	29
4324	28695	29
4324	29764	29
4339	6981	29
4339	22439	29
4350	4556	29
4350	4624	29
4350	8981	29
4350	12742	29
4350	17868	29
4350	17884	29
4360	11356	29
4363	24533	29
4444	10976	29
4444	22494	29
4444	25384	29
4444	30073	29
4484	4497	29
4484	4498	29
4484	4875	29
4484	6901	29
4484	8981	29
4484	9816	29
4484	12661	29
4484	17884	29
4497	4498	29
4497	5368	29
4497	5917	29
4497	5951	29
4497	8981	29
4497	10987	29
4497	12672	29
4497	12742	29
4497	14458	29
4497	17884	29
4497	19256	29
4497	26088	29
4497	27470	29
4498	4624	29
4498	4875	29
4498	8981	29
4498	10987	29
4508	6207	29
4508	24599	29
4519	10985	29
4547	11356	29
4556	4844	29
4556	12437	29
4556	30480	29
4594	10754	29
4606	18548	29
4606	28901	29
4614	10754	29
4624	4843	29
4624	5373	29
4624	7983	29
4624	11537	29
4624	12436	29
4624	12437	29
4624	12439	29
4624	12672	29
4624	13072	29
4624	14966	29
4624	15906	29
4624	25266	29
4624	25314	29
4624	25508	29
4624	27248	29
4624	29782	29
4655	6396	29
4655	10743	29
4655	20702	29
4655	25742	29
4707	8089	29
4707	22750	29
4717	4792	29
4739	10547	29
4739	14861	29
4761	14646	29
4761	19483	29
4761	23081	29
4780	30322	29
4792	8089	29
4792	21979	29
4814	8047	29
4838	6773	29
4838	6986	29
4838	7001	29
4838	8556	29
4838	10742	29
4838	11266	29
4838	12380	29
4838	15114	29
4838	15123	29
4838	24459	29
4838	24533	29
4838	26182	29
4843	11537	29
4843	11713	29
4843	11808	29
4843	15134	29
4843	19490	29
4843	23760	29
4843	24004	29
4844	6575	29
4844	14372	29
4844	19604	29
4844	19807	29
4844	22750	29
4863	12436	29
4863	12439	29
4863	25508	29
4875	8981	29
4971	8981	29
4971	27508	29
4982	13601	29
4988	14796	29
4988	16516	29
4988	27526	29
5008	25018	29
5008	25820	29
5008	25948	29
5017	8089	29
5017	10060	29
5053	8556	29
5053	10060	29
5065	25266	29
5106	16980	29
5131	5473	29
5131	8114	29
5131	16100	29
5188	5570	29
5211	20186	29
5211	24599	29
5223	6396	29
5223	10743	29
5223	10985	29
5223	14351	29
5223	14352	29
5223	16794	29
5223	20702	29
5223	22558	29
5223	25737	29
5223	25742	29
5223	26675	29
5223	26861	29
5223	27591	29
5223	27855	29
5223	30047	29
5279	6106	29
5279	18902	29
5284	8089	29
5284	9906	29
5284	20083	29
5284	21979	29
5284	24559	29
5342	21477	29
5342	21551	29
5368	5673	29
5368	5917	29
5368	6382	29
5368	9816	29
5368	12553	29
5368	12661	29
5368	12672	29
5368	12900	29
5368	29918	29
5373	5951	29
5373	12557	29
5373	12672	29
5373	12742	29
5373	16709	29
5373	17107	29
5373	19576	29
5373	21644	29
5373	28978	29
5423	20549	29
5473	16385	29
5473	24315	29
5488	7373	29
5488	21334	29
5498	11241	29
5498	11606	29
5498	17638	29
5498	27417	29
5498	27984	29
5502	7358	29
5502	8114	29
5502	17169	29
5502	17178	29
5502	18630	29
5502	23611	29
5502	23891	29
5502	24401	29
5527	6981	29
5527	10039	29
5527	11516	29
5527	17003	29
5532	8089	29
5532	26182	29
5539	7373	29
5565	15016	29
5565	23055	29
5565	24121	29
5574	21919	29
5609	22750	29
5614	6396	29
5614	6718	29
5614	7337	29
5614	14352	29
5614	20122	29
5614	20702	29
5614	25737	29
5614	25742	29
5614	26661	29
5614	26664	29
5614	26675	29
5614	26861	29
5614	29321	29
5718	10797	29
5718	11253	29
5718	14962	29
5718	15386	29
5718	18116	29
5718	18635	29
5718	18758	29
5718	18944	29
5718	19007	29
5718	19162	29
5718	21934	29
5718	22187	29
5718	23987	29
5718	24533	29
5745	24517	29
5749	19179	29
5749	21978	29
5749	22962	29
5897	6130	29
5912	18264	29
5912	25742	29
5917	12672	29
5917	29918	29
5943	16548	29
5951	8355	29
5951	12092	29
6000	12084	29
6000	12086	29
6000	12661	29
6000	12694	29
6088	8047	29
6088	8089	29
6088	14563	29
6088	16709	29
6088	24041	29
6098	6901	29
6098	22717	29
6130	6576	29
6130	8587	29
6130	13325	29
6130	23160	29
6145	11241	29
6145	17638	29
6145	19530	29
6172	16979	29
6186	20284	29
6207	6494	29
6220	8369	29
6220	11356	29
6220	14372	29
6220	14966	29
6220	15906	29
6220	18498	29
6225	26726	29
6319	12159	29
6330	10976	29
6330	13211	29
6330	21803	29
6330	23760	29
6330	28007	29
6330	29848	29
6370	6396	29
6370	8369	29
6370	10295	29
6370	10976	29
6370	25742	29
6396	6410	29
6396	7337	29
6396	7694	29
6396	7746	29
6396	8369	29
6396	10735	29
6396	10743	29
6396	10885	29
6396	10952	29
6396	10976	29
6396	10985	29
6396	11187	29
6396	11216	29
6396	11383	29
6396	11405	29
6396	11432	29
6396	11562	29
6396	11708	29
6396	11808	29
6396	12819	29
6396	13483	29
6396	13485	29
6396	13609	29
6396	13775	29
6396	14641	29
6396	14670	29
6396	14890	29
6396	15474	29
6396	16923	29
6396	19476	29
6396	19604	29
6396	20122	29
6396	20702	29
6396	22639	29
6396	23171	29
6396	23695	29
6396	23793	29
6396	23798	29
6396	23843	29
6396	24651	29
6396	24822	29
6396	25571	29
6396	25629	29
6396	25737	29
6396	25738	29
6396	25742	29
6396	25752	29
6396	25774	29
6396	26166	29
6396	26231	29
6396	26449	29
6396	26661	29
6396	26664	29
6396	26675	29
6396	26791	29
6396	26938	29
6396	27511	29
6396	27591	29
6396	27629	29
6396	27645	29
6396	27828	29
6396	27833	29
6396	27855	29
6396	28509	29
6396	28546	29
6396	28566	29
6396	28572	29
6396	28710	29
6396	28960	29
6396	29037	29
6396	29288	29
6396	29461	29
6396	29495	29
6396	29707	29
6396	29828	29
6396	29829	29
6396	29869	29
6396	29981	29
6396	30231	29
6396	30247	29
6396	30466	29
6410	18498	29
6494	12092	29
6497	15386	29
6575	18456	29
6624	13458	29
6624	30252	29
6649	11259	29
6663	30460	29
6669	29460	29
6696	27682	29
6718	10735	29
6718	10742	29
6720	8114	29
6731	7358	29
6731	9235	29
6731	29300	29
6741	6918	29
6741	7215	29
6741	7260	29
6741	7358	29
6741	19006	29
6741	26444	29
6741	29351	29
6741	29949	29
6773	6986	29
6773	17107	29
6773	22811	29
6773	23131	29
6773	23153	29
6773	26689	29
6773	27436	29
6829	7868	29
6829	7900	29
6829	8095	29
6829	12852	29
6829	13251	29
6829	13375	29
6829	24150	29
6829	29264	29
6849	13375	29
6849	15499	29
6849	20215	29
6849	25878	29
6849	25884	29
6849	28911	29
6874	8134	29
6874	14055	29
6874	23796	29
6918	7215	29
6918	14073	29
6918	19006	29
6918	19738	29
6918	29285	29
6918	29300	29
6918	29351	29
6927	7001	29
6927	15114	29
6927	26182	29
6981	7168	29
6981	7205	29
6981	12893	29
6981	22439	29
6986	22811	29
6986	23131	29
6986	23153	29
6986	26689	29
6986	27436	29
7001	7200	29
7001	15114	29
7001	17107	29
7001	19019	29
7001	22181	29
7001	24368	29
7001	24385	29
7001	27436	29
7068	20122	29
7068	27591	29
7068	29262	29
7088	7337	29
7088	14469	29
7088	23793	29
7088	25255	29
7088	26675	29
7090	10009	29
7090	11126	29
7090	23760	29
7141	29460	29
7169	8094	29
7169	8307	29
7169	8311	29
7169	8385	29
7169	10513	29
7169	16767	29
7169	25166	29
7169	26556	29
7169	28958	29
7169	29026	29
7169	29264	29
7169	29767	29
7169	30477	29
7200	26182	29
7205	19071	29
7205	19121	29
7205	21021	29
7207	15109	29
7207	26202	29
7207	29422	29
7215	29351	29
7244	21021	29
7244	28613	29
7259	13664	29
7259	16558	29
7259	27502	29
7280	27487	29
7299	9772	29
7299	24917	29
7299	28837	29
7299	29048	29
7299	29300	29
7308	7542	29
7308	8608	29
7308	16886	29
7308	17326	29
7308	17487	29
7308	19236	29
7308	26751	29
7308	27045	29
7337	10952	29
7337	11253	29
7337	11383	29
7337	14670	29
7337	19490	29
7337	23793	29
7337	24651	29
7337	25255	29
7337	25737	29
7337	25742	29
7337	25752	29
7337	26648	29
7337	26675	29
7337	29495	29
7337	29571	29
7353	8089	29
7353	29300	29
7355	14571	29
7358	8114	29
7358	15109	29
7358	16558	29
7358	17654	29
7358	27344	29
7358	27757	29
7359	8114	29
7359	21854	29
7359	26105	29
7373	7399	29
7373	7400	29
7373	7559	29
7373	7941	29
7373	8140	29
7373	15386	29
7373	23349	29
7373	23392	29
7373	23675	29
7373	23676	29
7373	25038	29
7373	25302	29
7373	26242	29
7381	9320	29
7381	12497	29
7381	12549	29
7381	12562	29
7381	13072	29
7388	18192	29
7388	23852	29
7396	8089	29
7396	9906	29
7396	13601	29
7399	7400	29
7399	7559	29
7399	8134	29
7399	21334	29
7400	7559	29
7400	8134	29
7408	25473	29
7408	29159	29
7421	7542	29
7421	15448	29
7421	16400	29
7421	28442	29
7494	7926	29
7494	27437	29
7494	29922	29
7494	29932	29
7500	8092	29
7538	30478	29
7542	7941	29
7542	12561	29
7542	16886	29
7542	25548	29
7542	30233	29
7559	8134	29
7581	7723	29
7581	7821	29
7581	7841	29
7668	9840	29
7668	15299	29
7670	16549	29
7671	29300	29
7694	10295	29
7694	21803	29
7694	25634	29
7694	25737	29
7694	25742	29
7694	28007	29
7700	18624	29
7700	21551	29
7733	11241	29
7733	27417	29
7736	16400	29
7736	20823	29
7746	7755	29
7746	25737	29
7746	25742	29
7746	26675	29
7746	28489	29
7746	28899	29
7746	28906	29
7752	16955	29
7752	20661	29
7752	27126	29
7752	29300	29
7755	8022	29
7755	12933	29
7755	13615	29
7755	15499	29
7755	20274	29
7755	21132	29
7755	21737	29
7755	21806	29
7755	23814	29
7755	25344	29
7755	28695	29
7755	28906	29
7755	28915	29
7755	28995	29
7756	19388	29
7760	23160	29
7760	24301	29
7769	15035	29
7821	14366	29
7821	14890	29
7821	16794	29
7821	25634	29
7821	25737	29
7821	25742	29
7821	26675	29
7821	27855	29
7821	29730	29
7831	9203	29
7831	10009	29
7831	11005	29
7831	11126	29
7831	14366	29
7831	22035	29
7831	25742	29
7831	26726	29
7848	13211	29
7861	23174	29
7861	30233	29
7868	7874	29
7868	7900	29
7868	8094	29
7868	8095	29
7868	8152	29
7868	8170	29
7868	8311	29
7868	8541	29
7868	12084	29
7868	12852	29
7868	12893	29
7868	13251	29
7868	20095	29
7868	21887	29
7868	22439	29
7868	22440	29
7868	25378	29
7868	27874	29
7868	28791	29
7868	28799	29
7868	28824	29
7868	28944	29
7868	29263	29
7868	29264	29
7868	29686	29
7868	29767	29
7868	29868	29
7868	30477	29
7871	30366	29
7874	7900	29
7874	8041	29
7874	8094	29
7874	8104	29
7874	8152	29
7874	8307	29
7874	8311	29
7874	26556	29
7874	28497	29
7874	28799	29
7874	28824	29
7874	28958	29
7874	29366	29
7874	29706	29
7874	29767	29
7882	7900	29
7882	8041	29
7882	8094	29
7882	8095	29
7882	8104	29
7882	8307	29
7882	8311	29
7882	12893	29
7882	13251	29
7882	16767	29
7882	22440	29
7882	25166	29
7882	25421	29
7882	28824	29
7882	28958	29
7882	29263	29
7882	29264	29
7882	29767	29
7889	8042	29
7889	14372	29
7889	22400	29
7889	26556	29
7889	28758	29
7889	29038	29
7889	29598	29
7889	29639	29
7900	8094	29
7900	8095	29
7900	8307	29
7900	8311	29
7900	12893	29
7900	13401	29
7900	16767	29
7900	20095	29
7900	22440	29
7900	25166	29
7900	25378	29
7900	25421	29
7900	27874	29
7900	28824	29
7900	28865	29
7900	28958	29
7900	29261	29
7900	29263	29
7900	29264	29
7900	29766	29
7900	29767	29
7914	23349	29
7917	19391	29
7927	20984	29
7932	8213	29
7932	28758	29
7933	8213	29
7933	8333	29
7933	18765	29
7933	23344	29
7941	14837	29
7941	16516	29
7941	20284	29
7941	23349	29
7941	26152	29
7941	28350	29
7973	8089	29
7973	12798	29
7973	13564	29
7973	13586	29
7973	14498	29
7973	22750	29
7983	12661	29
7983	14372	29
7983	14966	29
7983	15906	29
7983	19807	29
7983	20583	29
7983	25331	29
7983	28070	29
7983	28091	29
7989	11790	29
8022	25878	29
8022	28305	29
8041	8104	29
8041	12893	29
8041	28497	29
8041	28799	29
8041	29706	29
8042	15957	29
8042	22400	29
8042	28758	29
8042	29038	29
8042	29598	29
8042	29639	29
8044	15957	29
8044	27725	29
8047	8089	29
8047	12557	29
8047	21550	29
8053	22400	29
8053	28908	29
8077	12370	29
8077	13413	29
8089	8164	29
8089	8213	29
8089	8334	29
8089	8359	29
8089	8552	29
8089	8825	29
8089	9298	29
8089	9833	29
8089	9906	29
8089	9982	29
8089	10060	29
8089	10214	29
8089	10693	29
8089	10818	29
8089	11266	29
8089	11724	29
8089	11765	29
8089	12840	29
8089	13191	29
8089	13617	29
8089	15035	29
8089	18506	29
8089	18719	29
8089	19008	29
8089	19011	29
8089	19606	29
8089	20428	29
8089	21598	29
8089	21644	29
8089	22012	29
8089	22423	29
8089	22750	29
8089	23166	29
8089	26244	29
8089	27480	29
8089	27571	29
8089	27947	29
8089	28059	29
8089	28361	29
8089	28904	29
8089	28957	29
8089	29302	29
8089	29756	29
8089	29764	29
8089	29813	29
8089	29950	29
8092	8334	29
8092	27437	29
8094	8307	29
8094	8311	29
8094	12893	29
8094	16767	29
8094	25166	29
8094	25401	29
8094	28862	29
8094	28863	29
8094	28865	29
8094	28958	29
8094	29018	29
8094	29263	29
8094	29264	29
8094	29706	29
8094	29766	29
8094	29767	29
8095	16767	29
8095	20095	29
8095	22440	29
8095	25166	29
8095	25378	29
8095	28824	29
8095	28958	29
8095	29263	29
8095	29264	29
8095	29766	29
8095	29767	29
8104	12893	29
8104	28497	29
8104	28865	29
8104	29706	29
8114	12241	29
8114	12859	29
8124	8454	29
8124	20284	29
8124	20549	29
8134	9082	29
8134	12672	29
8134	12911	29
8134	13072	29
8134	13095	29
8134	14796	29
8134	18174	29
8134	25314	29
8134	25685	29
8134	28442	29
8152	12086	29
8152	20095	29
8152	21887	29
8152	28799	29
8152	29366	29
8152	30477	29
8164	30463	29
8170	12084	29
8170	12086	29
8170	20095	29
8170	21887	29
8170	30477	29
8213	13601	29
8213	19388	29
8213	28934	29
8213	28935	29
8307	8311	29
8307	8385	29
8307	22440	29
8307	28824	29
8307	28865	29
8307	28868	29
8307	29261	29
8307	29264	29
8311	12893	29
8311	13251	29
8311	16767	29
8311	20095	29
8311	22440	29
8311	25166	29
8311	27874	29
8311	28824	29
8311	28868	29
8311	28958	29
8311	29261	29
8311	29264	29
8311	29766	29
8311	29767	29
8353	12742	29
8353	21363	29
8353	25009	29
8355	12742	29
8355	17868	29
8355	17884	29
8355	25013	29
8359	18136	29
8359	24533	29
8359	29460	29
8369	12143	29
8369	14641	29
8369	25612	29
8369	25742	29
8369	26675	29
8369	27685	29
8376	8449	29
8385	29261	29
8385	29264	29
8385	29766	29
8385	29767	29
8387	12742	29
8387	29782	29
8449	23782	29
8454	26737	29
8494	12761	29
8541	12084	29
8541	12086	29
8541	20095	29
8541	21887	29
8541	30477	29
8552	13511	29
8552	22750	29
8556	12092	29
8556	12436	29
8556	12661	29
8556	13617	29
8556	21644	29
8556	25266	29
8587	12098	29
8587	24973	29
8589	12098	29
8607	14571	29
8607	19523	29
8607	21702	29
8608	13095	29
8608	14472	29
8608	15884	29
8611	20703	29
8611	26231	29
8644	15109	29
8644	23618	29
8665	17838	29
8665	27815	29
8685	12111	29
8685	21139	29
8685	21235	29
8685	22480	29
8685	28352	29
8691	12875	29
8691	18116	29
8691	18944	29
8703	22834	29
8756	11963	29
8756	24973	29
8790	9082	29
8809	9468	29
8822	13628	29
8822	18904	29
8822	20978	29
8822	25479	29
8822	25587	29
8825	24559	29
8838	11383	29
8928	11472	29
8928	22866	29
8981	9816	29
8981	10987	29
8981	12436	29
8998	19689	29
8998	21130	29
9032	12111	29
9050	9343	29
9050	11491	29
9066	9455	29
9066	19689	29
9066	19705	29
9066	21806	29
9066	26622	29
9082	11808	29
9082	11930	29
9082	12549	29
9082	14055	29
9082	26242	29
9092	23363	29
9203	11005	29
9203	11562	29
9203	14366	29
9203	26448	29
9235	16542	29
9235	20440	29
9235	27061	29
9235	29048	29
9298	21130	29
9298	29942	29
9320	9344	29
9320	9635	29
9320	9816	29
9320	12204	29
9320	12549	29
9320	12573	29
9320	12900	29
9320	14966	29
9343	11491	29
9344	11049	29
9344	11220	29
9344	12204	29
9344	12549	29
9344	12561	29
9344	12573	29
9344	17016	29
9344	17651	29
9363	20930	29
9363	23215	29
9427	19936	29
9427	20083	29
9468	22995	29
9468	29209	29
9570	15884	29
9570	20144	29
9600	12582	29
9635	11049	29
9635	11220	29
9635	16516	29
9635	17016	29
9635	27705	29
9671	13614	29
9671	15090	29
9705	30076	29
9772	11463	29
9772	14923	29
9772	15629	29
9772	16582	29
9772	20015	29
9772	20379	29
9785	10060	29
9785	10162	29
9785	10895	29
9785	11357	29
9785	12092	29
9785	12557	29
9785	12790	29
9785	14563	29
9785	15114	29
9785	21550	29
9816	14372	29
9816	14966	29
9816	15906	29
9816	19807	29
9816	25266	29
9816	25508	29
9816	29918	29
9833	27248	29
9873	10009	29
9873	14796	29
9873	16516	29
9873	20448	29
9874	29942	29
9906	10418	29
9906	15915	29
9906	19011	29
9906	22423	29
9906	24047	29
9957	9985	29
9957	9999	29
9957	21330	29
9957	21334	29
9957	21588	29
9964	9966	29
9966	12951	29
9982	15018	29
9985	16525	29
9985	21334	29
9989	16994	29
9989	21979	29
9999	21334	29
9999	21511	29
9999	22096	29
9999	22163	29
10009	10295	29
10009	11383	29
10009	15134	29
10009	24004	29
10009	25774	29
10009	29513	29
10042	10976	29
10042	22494	29
10042	28191	29
10060	10214	29
10060	10895	29
10060	11357	29
10060	12374	29
10060	12557	29
10060	12790	29
10060	13634	29
10060	14563	29
10060	26244	29
10060	27619	29
10098	10875	29
10098	11169	29
10098	12845	29
10098	15346	29
10098	19356	29
10098	19482	29
10098	20426	29
10098	23675	29
10162	10895	29
10162	11357	29
10162	12790	29
10162	14563	29
10162	15464	29
10214	10895	29
10214	12557	29
10214	14563	29
10214	16709	29
10257	14796	29
10295	11005	29
10295	12439	29
10295	14497	29
10295	29018	29
10295	29471	29
10295	29676	29
10295	30239	29
10332	15039	29
10332	15092	29
10332	15097	29
10332	15395	29
10332	16537	29
10423	11005	29
10439	10826	29
10439	12071	29
10439	12875	29
10439	20638	29
10446	10875	29
10446	10965	29
10446	12845	29
10446	14770	29
10446	18842	29
10446	19356	29
10446	29013	29
10522	21334	29
10547	29907	29
10547	30480	29
10559	25862	29
10599	25263	29
10599	28357	29
10610	14567	29
10610	22153	29
10610	22154	29
10617	26675	29
10617	29677	29
10619	12092	29
10619	21334	29
10619	27619	29
10644	13947	29
10693	19388	29
10693	19576	29
10729	11445	29
10729	18829	29
10735	10742	29
10735	10743	29
10735	10960	29
10735	12493	29
10735	20122	29
10735	22558	29
10735	23167	29
10735	24832	29
10735	25737	29
10735	25742	29
10735	26986	29
10735	30261	29
10738	21757	29
10738	30480	29
10742	23859	29
10742	25742	29
10742	28663	29
10742	28795	29
10743	10960	29
10743	10985	29
10743	11216	29
10743	11432	29
10743	11562	29
10743	14670	29
10743	22558	29
10743	24822	29
10743	26584	29
10743	26606	29
10743	26661	29
10743	26675	29
10743	26938	29
10743	27591	29
10743	27855	29
10743	28509	29
10743	29495	29
10753	11931	29
10753	23760	29
10754	14380	29
10795	12380	29
10797	10832	29
10797	10988	29
10797	19153	29
10797	24216	29
10797	24694	29
10826	12875	29
10826	18116	29
10832	27639	29
10851	18715	29
10869	10952	29
10869	28960	29
10875	24053	29
10885	21803	29
10885	25742	29
10885	26675	29
10885	27902	29
10895	11357	29
10895	12790	29
10895	14563	29
10895	15464	29
10933	14646	29
10948	18726	29
10948	27974	29
10952	10960	29
10952	10985	29
10952	24822	29
10952	24890	29
10952	25737	29
10952	25742	29
10952	26331	29
10952	26675	29
10952	28305	29
10960	11187	29
10960	11216	29
10960	11383	29
10960	11405	29
10960	11411	29
10960	11432	29
10960	11708	29
10960	12819	29
10960	22558	29
10960	23695	29
10960	23798	29
10960	24822	29
10960	24890	29
10960	25742	29
10960	26584	29
10960	27828	29
10960	28785	29
10960	29037	29
10960	29089	29
10960	29404	29
10960	29571	29
10960	29828	29
10960	29829	29
10960	30247	29
10965	14770	29
10965	20331	29
10976	10985	29
10976	11405	29
10976	22494	29
10976	25742	29
10976	28191	29
10976	30266	29
10979	10985	29
10979	29083	29
10979	30073	29
10985	11187	29
10985	11383	29
10985	11411	29
10985	11432	29
10985	11708	29
10985	16794	29
10985	23793	29
10985	24822	29
10985	25737	29
10985	25742	29
10985	26675	29
10985	26938	29
10985	27591	29
10985	28191	29
10987	13111	29
10987	30414	29
10988	11394	29
10988	17238	29
11005	11562	29
11005	12439	29
11005	14497	29
11005	15704	29
11005	17876	29
11005	23760	29
11005	24004	29
11005	25742	29
11005	26448	29
11005	26675	29
11005	29664	29
11049	12436	29
11068	24287	29
11068	25278	29
11078	19482	29
11078	30316	29
11080	13601	29
11080	27902	29
11126	11562	29
11126	11599	29
11126	14366	29
11126	15134	29
11126	22035	29
11126	23626	29
11126	25612	29
11126	26448	29
11126	26726	29
11126	28181	29
11126	29264	29
11126	29664	29
11126	29766	29
11127	12557	29
11127	22750	29
11169	25330	29
11187	20702	29
11187	21803	29
11187	22558	29
11187	25737	29
11187	25742	29
11187	26675	29
11187	27855	29
11187	28510	29
11216	25737	29
11216	25742	29
11216	26675	29
11216	28543	29
11216	29712	29
11220	12092	29
11220	20448	29
11241	11267	29
11241	14666	29
11241	15094	29
11241	17638	29
11241	18420	29
11241	18976	29
11241	19523	29
11241	20590	29
11241	25731	29
11241	27417	29
11241	27472	29
11241	29417	29
11245	30419	29
11253	20702	29
11253	23793	29
11253	25255	29
11253	25737	29
11253	25742	29
11253	26675	29
11253	26719	29
11253	28504	29
11253	29676	29
11259	14092	29
11259	23747	29
11259	24014	29
11266	15437	29
11266	27150	29
11292	12672	29
11292	14796	29
11321	29724	29
11321	30270	29
11321	30341	29
11356	11372	29
11356	12667	29
11356	13024	29
11357	12790	29
11357	14563	29
11372	11497	29
11383	14351	29
11383	14352	29
11383	14469	29
11383	16392	29
11383	24783	29
11383	25476	29
11383	25737	29
11383	25742	29
11383	25940	29
11383	26675	29
11383	26861	29
11389	28963	29
11394	19153	29
11405	13211	29
11405	17318	29
11405	20702	29
11405	22558	29
11405	25737	29
11405	25742	29
11405	26675	29
11405	27855	29
11406	11670	29
11406	18774	29
11406	19396	29
11406	19530	29
11406	21753	29
11406	24592	29
11406	26556	29
11406	28940	29
11411	20702	29
11411	22558	29
11411	25737	29
11411	25742	29
11411	26675	29
11411	27591	29
11411	28881	29
11432	20702	29
11432	25742	29
11432	27591	29
11432	27855	29
11432	27974	29
11432	28543	29
11439	28317	29
11439	28356	29
11439	29078	29
11439	29159	29
11445	18829	29
11448	26092	29
11448	26106	29
11452	28060	29
11491	15559	29
11491	29459	29
11497	12852	29
11497	13251	29
11497	24150	29
11502	14608	29
11502	17854	29
11510	25206	29
11510	26726	29
11510	29292	29
11510	30474	29
11537	11713	29
11537	11808	29
11537	12437	29
11537	12439	29
11537	14372	29
11537	14966	29
11537	15134	29
11537	20583	29
11537	22007	29
11537	27248	29
11562	14366	29
11562	20702	29
11562	25742	29
11599	14366	29
11599	22035	29
11599	23626	29
11599	25742	29
11599	26675	29
11599	26726	29
11599	29264	29
11599	29766	29
11606	26092	29
11606	29661	29
11643	26817	29
11670	19396	29
11708	15448	29
11708	20702	29
11708	25737	29
11708	25742	29
11708	26661	29
11708	26675	29
11713	12083	29
11713	12437	29
11713	12439	29
11713	14372	29
11713	14966	29
11765	13564	29
11765	13586	29
11765	22750	29
11770	18192	29
11792	12098	29
11792	20440	29
11800	12437	29
11800	14372	29
11800	23760	29
11800	24533	29
11808	12437	29
11808	12439	29
11808	23760	29
11808	25737	29
11808	25742	29
11808	26675	29
11808	26964	29
11809	16595	29
11815	14442	29
11816	14055	29
11852	24639	29
11870	15249	29
11917	17593	29
11919	20702	29
11919	22558	29
11919	25737	29
11919	25742	29
11919	26675	29
11919	26726	29
11930	23760	29
11931	20112	29
11961	23612	29
11961	23644	29
11961	23645	29
11961	23700	29
11961	23704	29
11961	23706	29
11961	23905	29
12029	12159	29
12036	21505	29
12038	17580	29
12038	28317	29
12038	28356	29
12038	29078	29
12038	29159	29
12071	28457	29
12083	12661	29
12083	12672	29
12083	17868	29
12083	17884	29
12083	19807	29
12083	22750	29
12083	25266	29
12083	25740	29
12083	26088	29
12083	27248	29
12084	12086	29
12084	20095	29
12084	20237	29
12084	21887	29
12084	29686	29
12084	29868	29
12084	30477	29
12086	20095	29
12086	20237	29
12086	21887	29
12086	28791	29
12086	29686	29
12086	29868	29
12086	30477	29
12092	12436	29
12092	12742	29
12092	13634	29
12092	15144	29
12092	15386	29
12092	17073	29
12092	17107	29
12092	20683	29
12092	20693	29
12092	21979	29
12092	26015	29
12092	29782	29
12098	24845	29
12098	27484	29
12111	17677	29
12111	28561	29
12111	29078	29
12118	12875	29
12118	13890	29
12118	18116	29
12118	23524	29
12143	13211	29
12143	14469	29
12143	20702	29
12143	25737	29
12143	25742	29
12143	26661	29
12143	26675	29
12159	22156	29
12187	26381	29
12192	24852	29
12233	14837	29
12233	25948	29
12241	21854	29
12241	25812	29
12241	27588	29
12274	12380	29
12274	26182	29
12337	14770	29
12337	20331	29
12364	24517	29
12369	21428	29
12370	13413	29
12370	13875	29
12370	17358	29
12370	17983	29
12370	19162	29
12370	21428	29
12370	26745	29
12374	12557	29
12374	14579	29
12374	25508	29
12380	19388	29
12380	28060	29
12383	12557	29
12405	14177	29
12405	22189	29
12405	22321	29
12436	12899	29
12436	13634	29
12436	20583	29
12436	20683	29
12436	25266	29
12436	25508	29
12436	27530	29
12436	29782	29
12437	12661	29
12437	15134	29
12437	19768	29
12437	27248	29
12439	12445	29
12439	12661	29
12439	13776	29
12439	20583	29
12439	23760	29
12439	24004	29
12439	25166	29
12439	25266	29
12445	12661	29
12445	23363	29
12445	25266	29
12445	27530	29
12445	29451	29
12489	14469	29
12489	14890	29
12489	26055	29
12489	28354	29
12489	29676	29
12493	14469	29
12493	27591	29
12499	14469	29
12499	14890	29
12549	12672	29
12549	13072	29
12549	13460	29
12549	20703	29
12549	24042	29
12549	25314	29
12549	28944	29
12553	12661	29
12553	14372	29
12553	14966	29
12553	15906	29
12553	19807	29
12553	25266	29
12553	25508	29
12553	29918	29
12557	17107	29
12557	21644	29
12561	13072	29
12561	25309	29
12561	25314	29
12562	13072	29
12562	20703	29
12562	25314	29
12573	13072	29
12574	21854	29
12584	14919	29
12584	17323	29
12584	17358	29
12584	17486	29
12584	17853	29
12584	23127	29
12584	29520	29
12614	14571	29
12614	19523	29
12614	21702	29
12654	28305	29
12654	28475	29
12654	28934	29
12654	28935	29
12654	28943	29
12654	28949	29
12661	12672	29
12661	12900	29
12661	14372	29
12661	14966	29
12661	15906	29
12661	19807	29
12661	22717	29
12661	25266	29
12661	25508	29
12661	26724	29
12661	28070	29
12672	13083	29
12672	14904	29
12672	15611	29
12672	18273	29
12672	26088	29
12696	14372	29
12696	14966	29
12696	19807	29
12698	14372	29
12719	15097	29
12719	15188	29
12719	15262	29
12719	15395	29
12719	26691	29
12742	16709	29
12742	23158	29
12742	27407	29
12742	27508	29
12742	29782	29
12790	13083	29
12790	14563	29
12790	15464	29
12791	13179	29
12791	19008	29
12791	22094	29
12798	13133	29
12799	22989	29
12799	25248	29
12803	13796	29
12819	20702	29
12819	25634	29
12819	25737	29
12819	25742	29
12819	26675	29
12819	27855	29
12840	13072	29
12840	19879	29
12840	25314	29
12840	25531	29
12852	12893	29
12852	13251	29
12852	20095	29
12852	20237	29
12852	25378	29
12852	27874	29
12852	28824	29
12852	28958	29
12852	29263	29
12852	29264	29
12852	29767	29
12853	14073	29
12853	29285	29
12875	15109	29
12875	18116	29
12875	18726	29
12875	18741	29
12875	20638	29
12875	23524	29
12889	20474	29
12889	21737	29
12889	28305	29
12889	28934	29
12889	28935	29
12889	28943	29
12889	28949	29
12893	13251	29
12893	16767	29
12893	25166	29
12893	25421	29
12893	28824	29
12893	29263	29
12893	29264	29
12893	29766	29
12893	29767	29
12899	25508	29
12900	14372	29
12900	14966	29
12900	15906	29
12900	19807	29
12900	25266	29
12900	25508	29
12900	29918	29
12911	18222	29
12913	12937	29
12913	15106	29
12933	14890	29
12933	18520	29
12933	20474	29
12933	21737	29
12933	25257	29
12933	25742	29
12933	28305	29
12933	28475	29
12933	28949	29
12933	28962	29
12937	15106	29
12939	18222	29
12963	13659	29
12963	14789	29
12963	26207	29
12974	20284	29
12974	21477	29
12974	21551	29
12974	22083	29
12974	22413	29
12974	25314	29
12974	26756	29
12974	27630	29
13072	14786	29
13072	17326	29
13072	18243	29
13072	19981	29
13072	20703	29
13072	22535	29
13072	22553	29
13072	23621	29
13072	24215	29
13072	25314	29
13072	26682	29
13072	26737	29
13072	27179	29
13072	27705	29
13074	15051	29
13074	19162	29
13074	26321	29
13077	13329	29
13077	21063	29
13077	21199	29
13083	14796	29
13095	14472	29
13095	15884	29
13095	16994	29
13095	18781	29
13095	19078	29
13095	22962	29
13096	14090	29
13096	15170	29
13096	16385	29
13096	16537	29
13096	16753	29
13096	30228	29
13120	13353	29
13120	13467	29
13120	15024	29
13120	15097	29
13120	15395	29
13120	15413	29
13211	13435	29
13211	13483	29
13211	13597	29
13211	13771	29
13211	13776	29
13211	25742	29
13211	26675	29
13241	26077	29
13251	20095	29
13251	22439	29
13251	22440	29
13251	27874	29
13251	29261	29
13251	29264	29
13251	29766	29
13325	25263	29
13325	28357	29
13329	21063	29
13330	21477	29
13330	22349	29
13338	24665	29
13338	29300	29
13353	16863	29
13353	25323	29
13375	15031	29
13401	29261	29
13401	29263	29
13401	29264	29
13401	29766	29
13413	22083	29
13429	13692	29
13429	22129	29
13435	21803	29
13458	24533	29
13467	13664	29
13467	16558	29
13467	16863	29
13467	25323	29
13482	20702	29
13482	21803	29
13482	25737	29
13482	25742	29
13482	26675	29
13483	20702	29
13483	25737	29
13483	25742	29
13483	26675	29
13483	27855	29
13485	20702	29
13485	25737	29
13485	25742	29
13485	26675	29
13485	30047	29
13504	24665	29
13504	29300	29
13529	20083	29
13529	26273	29
13534	16955	29
13534	24665	29
13534	24719	29
13534	26671	29
13564	13586	29
13564	21550	29
13564	29176	29
13564	30149	29
13566	24719	29
13566	26671	29
13566	29300	29
13586	22754	29
13586	29176	29
13586	30147	29
13586	30149	29
13597	20702	29
13597	23281	29
13597	25737	29
13597	25742	29
13597	26675	29
13601	21887	29
13601	22153	29
13601	22154	29
13601	24793	29
13601	27045	29
13601	29686	29
13601	30477	29
13609	23760	29
13609	25737	29
13609	25742	29
13609	26675	29
13609	26726	29
13614	19033	29
13614	22116	29
13615	25878	29
13622	16241	29
13628	18904	29
13628	25479	29
13628	25587	29
13634	20683	29
13634	26182	29
13637	17446	29
13659	14391	29
13664	15231	29
13664	15413	29
13664	16863	29
13692	13877	29
13692	14059	29
13775	23760	29
13775	25737	29
13775	25742	29
13775	26675	29
13775	26726	29
13776	23760	29
13782	27347	29
13784	25188	29
13784	30460	29
13855	19483	29
13877	22129	29
13912	14177	29
13912	17747	29
13912	22189	29
13912	25726	29
13914	14211	29
13914	19879	29
13914	28231	29
13918	16448	29
13966	16582	29
14055	23796	29
14055	25657	29
14059	22129	29
14073	29300	29
14073	29351	29
14078	28317	29
14078	28356	29
14090	20342	29
14090	23055	29
14092	25378	29
14092	29766	29
14166	19207	29
14167	19132	29
14177	22189	29
14277	20702	29
14277	25742	29
14351	19476	29
14351	20702	29
14351	27833	29
14352	19476	29
14352	20702	29
14352	26675	29
14352	26861	29
14352	29288	29
14352	29321	29
14352	29495	29
14352	30267	29
14366	26448	29
14366	29664	29
14372	14966	29
14372	15342	29
14372	15386	29
14372	16516	29
14372	20683	29
14372	22780	29
14372	22781	29
14372	23110	29
14372	23231	29
14372	23544	29
14372	25266	29
14372	25508	29
14372	25553	29
14372	26088	29
14372	29639	29
14372	29787	29
14391	14760	29
14391	24886	29
14391	25531	29
14391	26207	29
14413	18369	29
14413	22558	29
14420	21661	29
14458	19576	29
14458	22750	29
14469	25940	29
14469	26055	29
14469	26145	29
14469	26611	29
14469	29454	29
14469	29571	29
14469	29894	29
14472	16994	29
14472	18173	29
14472	26682	29
14476	26126	29
14489	14646	29
14498	27480	29
14498	27947	29
14498	28059	29
14516	16680	29
14524	17326	29
14524	18243	29
14524	20823	29
14524	28442	29
14557	16980	29
14562	27503	29
14563	15114	29
14563	21550	29
14571	20354	29
14571	24782	29
14571	26940	29
14571	27036	29
14571	28539	29
14608	14789	29
14608	17854	29
14641	20702	29
14641	25737	29
14641	25742	29
14641	26661	29
14641	26675	29
14641	26861	29
14641	27855	29
14641	29321	29
14646	16677	29
14666	18976	29
14666	19523	29
14666	21101	29
14670	22558	29
14671	19019	29
14671	22153	29
14671	22154	29
14759	15039	29
14759	23016	29
14770	18842	29
14770	20318	29
14770	20331	29
14777	19936	29
14786	25314	29
14786	28442	29
14796	14904	29
14796	16516	29
14796	17651	29
14796	25685	29
14796	26138	29
14796	27526	29
14837	17326	29
14837	18243	29
14837	25948	29
14837	26037	29
14837	26737	29
14837	28442	29
14857	25948	29
14857	27630	29
14881	20115	29
14890	19476	29
14890	23987	29
14890	25737	29
14890	25742	29
14890	25752	29
14890	26611	29
14890	26661	29
14890	26675	29
14890	30377	29
14966	15342	29
14966	15346	29
14966	15386	29
14966	17884	29
14966	17922	29
14966	20683	29
14966	21201	29
14966	22007	29
14966	22517	29
14966	22780	29
14966	22781	29
14966	23226	29
14966	23231	29
14966	23544	29
14966	24243	29
14966	25266	29
14966	25331	29
14966	26088	29
14966	26848	29
14966	26931	29
14966	28070	29
14966	28091	29
14966	29082	29
14966	29639	29
14966	30339	29
14972	15290	29
14972	28060	29
15003	15370	29
15017	23630	29
15018	28060	29
15035	15559	29
15035	15595	29
15035	18804	29
15051	18760	29
15051	19162	29
15051	20506	29
15051	22791	29
15051	23421	29
15051	23428	29
15051	23502	29
15051	25080	29
15051	26077	29
15051	26110	29
15051	26126	29
15051	26127	29
15051	26128	29
15051	26180	29
15051	27872	29
15051	28799	29
15059	17045	29
15059	18780	29
15059	19135	29
15090	15376	29
15092	16314	29
15092	16448	29
15092	28882	29
15094	17638	29
15094	27417	29
15097	16314	29
15097	16448	29
15097	16537	29
15097	16542	29
15097	16558	29
15099	16794	29
15099	20702	29
15099	25737	29
15099	25742	29
15099	26675	29
15099	28305	29
15112	15343	29
15112	21644	29
15112	29931	29
15114	15437	29
15114	15464	29
15114	26182	29
15114	29553	29
15123	21747	29
15134	23760	29
15134	26964	29
15170	23055	29
15183	24695	29
15188	20661	29
15230	16314	29
15230	16558	29
15231	16314	29
15231	16448	29
15231	16537	29
15231	16558	29
15237	16448	29
15237	16979	29
15237	27502	29
15238	16542	29
15238	16558	29
15249	16558	29
15249	16990	29
15249	29300	29
15259	27815	29
15260	20488	29
15260	21919	29
15273	16988	29
15273	26357	29
15273	28870	29
15277	16577	29
15277	23817	29
15290	23594	29
15290	28060	29
15342	15906	29
15342	23110	29
15342	23226	29
15343	19388	29
15346	15906	29
15346	23226	29
15346	25266	29
15346	25330	29
15350	23774	29
15350	30087	29
15363	16577	29
15363	17038	29
15378	17712	29
15378	17879	29
15386	21979	29
15386	24533	29
15386	25331	29
15395	16314	29
15395	16448	29
15395	16537	29
15395	16542	29
15395	16863	29
15395	25323	29
15395	25325	29
15396	16537	29
15396	16553	29
15413	16863	29
15413	25323	29
15437	19388	29
15437	24459	29
15448	30458	29
15450	16979	29
15471	17838	29
15471	21071	29
15471	21919	29
15474	20702	29
15474	25737	29
15474	25742	29
15474	26675	29
15474	27855	29
15474	29461	29
15499	25878	29
15499	25884	29
15569	23987	29
15569	25629	29
15569	25740	29
15569	28181	29
15569	28785	29
15569	29980	29
15571	22989	29
15656	30463	29
15759	16100	29
15759	18829	29
15759	30480	29
15823	26182	29
15884	16057	29
15884	16150	29
15884	17618	29
15884	18039	29
15884	18781	29
15884	19088	29
15884	27448	29
15898	16057	29
15906	16045	29
15906	16356	29
15906	16525	29
15906	17922	29
15906	21201	29
15906	22781	29
15906	23226	29
15906	23427	29
15906	24243	29
15906	25266	29
15906	29639	29
15906	30459	29
15915	16163	29
15957	23349	29
15971	22189	29
16045	16356	29
16045	17922	29
16045	25553	29
16045	27573	29
16045	27842	29
16057	16150	29
16057	16270	29
16057	18039	29
16057	20277	29
16100	30480	29
16211	18328	29
16211	23594	29
16211	25522	29
16211	28837	29
16230	16400	29
16234	19388	29
16314	16537	29
16314	16542	29
16314	26050	29
16314	26847	29
16356	18116	29
16385	18760	29
16385	19147	29
16385	23314	29
16385	26110	29
16385	26121	29
16385	27745	29
16385	27757	29
16400	16471	29
16400	16595	29
16400	29960	29
16403	21063	29
16416	30460	29
16448	19538	29
16458	18548	29
16485	26202	29
16485	29422	29
16516	17326	29
16516	17651	29
16516	18352	29
16516	20703	29
16516	27179	29
16516	27526	29
16525	21334	29
16532	28204	29
16537	16549	29
16537	16553	29
16537	16558	29
16537	25323	29
16537	25325	29
16542	16558	29
16542	17817	29
16542	18631	29
16542	26050	29
16550	27603	29
16556	25518	29
16558	19260	29
16558	25323	29
16558	25325	29
16577	17029	29
16577	28488	29
16582	29580	29
16709	17884	29
16709	19256	29
16709	21644	29
16729	30483	29
16740	29677	29
16767	22440	29
16767	29261	29
16767	29263	29
16767	29264	29
16767	29766	29
16767	29767	29
16794	16923	29
16794	25899	29
16794	27448	29
16794	28305	29
16794	28475	29
16794	29458	29
16794	29495	29
16794	29571	29
16794	30277	29
16794	30312	29
16822	28317	29
16822	28356	29
16822	28389	29
16822	28392	29
16822	28393	29
16822	28399	29
16822	28402	29
16822	28408	29
16822	28930	29
16822	29155	29
16822	29159	29
16822	29963	29
16837	27436	29
16863	25168	29
16863	25323	29
16863	25325	29
16863	29382	29
16869	23565	29
16886	25309	29
16886	27045	29
16923	25742	29
16923	28305	29
16928	21738	29
16928	25737	29
16928	25742	29
16928	26675	29
16928	27855	29
16928	29676	29
16950	17007	29
16979	27502	29
16980	19127	29
16994	18173	29
16994	19078	29
17003	27685	29
17015	21550	29
17025	24290	29
17025	25737	29
17025	25742	29
17025	26675	29
17025	27855	29
17051	25737	29
17051	25742	29
17051	26675	29
17051	27855	29
17107	26182	29
17145	19139	29
17238	19153	29
17267	17446	29
17286	22820	29
17305	25948	29
17318	17460	29
17318	17535	29
17325	25309	29
17325	28350	29
17326	19879	29
17326	20284	29
17326	23349	29
17326	25314	29
17326	28442	29
17358	17446	29
17358	17486	29
17358	17853	29
17358	21992	29
17403	26078	29
17460	17535	29
17487	27045	29
17503	21477	29
17503	21551	29
17503	26756	29
17503	27630	29
17512	18726	29
17512	27745	29
17512	27757	29
17512	28837	29
17539	21392	29
17589	18929	29
17621	18039	29
17638	18976	29
17638	27417	29
17638	27472	29
17638	27984	29
17654	18089	29
17654	19260	29
17654	26127	29
17677	28310	29
17677	28356	29
17790	21048	29
17795	18312	29
17817	27061	29
17838	21071	29
17838	22025	29
17838	22577	29
17838	24019	29
17868	29782	29
17884	29782	29
17922	21876	29
17922	25266	29
18089	21974	29
18089	26127	29
18114	20445	29
18116	18726	29
18116	18741	29
18116	18944	29
18116	21130	29
18136	26556	29
18173	19088	29
18173	19090	29
18192	21048	29
18205	30227	29
18243	19879	29
18243	20284	29
18243	25314	29
18243	28442	29
18264	28010	29
18268	27061	29
18312	21919	29
18328	23131	29
18352	23363	29
18369	29263	29
18369	30287	29
18372	30463	29
18384	23363	29
18435	20284	29
18498	22517	29
18498	29639	29
18498	29787	29
18498	30464	29
18515	18976	29
18520	26556	29
18548	28988	29
18548	28989	29
18568	18645	29
18568	18657	29
18624	21477	29
18624	21551	29
18624	22413	29
18624	26207	29
18624	29171	29
18635	21738	29
18635	29676	29
18635	30239	29
18715	19078	29
18719	29942	29
18721	21198	29
18726	22565	29
18726	27457	29
18730	19571	29
18731	19571	29
18741	19689	29
18741	22187	29
18741	24448	29
18758	19007	29
18758	19162	29
18760	26110	29
18760	26198	29
18774	28934	29
18774	28935	29
18780	19006	29
18781	19088	29
18781	27619	29
18842	20331	29
18868	20702	29
18868	25737	29
18868	25742	29
18868	26675	29
18868	27855	29
18902	19256	29
18904	25479	29
18909	25657	29
18929	19457	29
18976	19523	29
18976	21702	29
18976	27417	29
19008	30463	29
19019	26182	29
19031	26742	29
19034	20378	29
19034	28130	29
19051	19116	29
19051	30233	29
19058	19301	29
19058	21670	29
19058	30143	29
19071	19121	29
19088	27619	29
19090	21330	29
19093	27745	29
19093	27757	29
19116	30233	29
19132	26251	29
19132	26252	29
19135	22535	29
19147	23314	29
19147	23527	29
19147	26121	29
19147	27745	29
19147	27757	29
19153	22249	29
19179	30204	29
19199	25404	29
19199	26831	29
19207	26251	29
19207	26252	29
19242	25518	29
19256	25508	29
19260	23726	29
19301	21670	29
19301	27404	29
19301	30143	29
19356	29078	29
19360	21613	29
19360	23349	29
19365	19762	29
19388	22116	29
19388	26259	29
19388	30372	29
19391	19756	29
19396	19530	29
19470	30475	29
19476	20702	29
19476	25737	29
19476	25742	29
19476	25940	29
19476	26675	29
19476	26861	29
19476	27855	29
19476	29321	29
19476	29461	29
19482	25236	29
19483	23081	29
19483	24448	29
19483	26622	29
19490	21738	29
19490	26675	29
19490	26986	29
19490	27804	29
19490	28007	29
19490	29676	29
19490	30231	29
19490	30481	29
19523	21101	29
19523	29417	29
19604	25737	29
19604	25742	29
19604	26675	29
19670	20002	29
19734	29351	29
19738	29300	29
19738	29351	29
19768	25314	29
19772	24694	29
19807	25266	29
19807	26088	29
19807	27470	29
19807	30421	29
19879	25548	29
19879	26737	29
19879	26770	29
19879	28350	29
19879	30204	29
19902	27394	29
19936	20385	29
19936	22040	29
19936	22116	29
19936	27067	29
19946	22553	29
19981	25314	29
20015	28837	29
20025	24047	29
20083	21550	29
20083	21979	29
20083	22423	29
20083	25850	29
20095	21887	29
20095	27874	29
20095	28824	29
20095	29263	29
20095	29264	29
20095	29686	29
20095	29868	29
20095	30477	29
20112	26848	29
20114	30113	29
20119	20354	29
20119	29724	29
20119	30270	29
20122	25737	29
20122	25742	29
20122	26675	29
20122	27591	29
20140	23076	29
20140	28946	29
20145	25268	29
20145	30256	29
20152	28946	29
20219	27344	29
20274	28906	29
20284	21477	29
20284	22311	29
20284	22349	29
20284	26737	29
20289	27653	29
20290	26770	29
20290	27843	29
20318	20331	29
20318	30479	29
20344	26818	29
20354	29724	29
20354	30270	29
20358	22949	29
20428	27974	29
20448	21177	29
20448	26138	29
20448	27439	29
20474	20770	29
20474	22410	29
20474	22855	29
20474	25257	29
20474	28305	29
20474	28489	29
20474	28995	29
20474	29034	29
20474	29195	29
20488	27313	29
20502	26675	29
20540	20645	29
20540	24315	29
20578	21235	29
20578	28411	29
20583	25508	29
20642	20825	29
20644	27839	29
20652	25850	29
20661	21409	29
20661	28565	29
20661	29300	29
20683	27825	29
20702	22639	29
20702	23695	29
20702	23798	29
20702	24290	29
20702	25571	29
20702	25737	29
20702	25738	29
20702	25742	29
20702	26449	29
20702	26584	29
20702	26661	29
20702	26675	29
20702	26791	29
20702	26861	29
20702	26938	29
20702	27448	29
20702	27629	29
20702	27631	29
20702	27645	29
20702	27833	29
20702	28195	29
20702	28405	29
20702	28546	29
20702	28572	29
20702	28576	29
20702	29037	29
20702	29038	29
20702	29321	29
20702	29349	29
20702	29461	29
20702	29495	29
20702	29559	29
20702	29571	29
20702	29670	29
20702	29765	29
20702	29842	29
20702	29846	29
20703	22553	29
20703	23621	29
20703	25314	29
20703	26737	29
20703	27179	29
20704	23055	29
20715	26948	29
20719	23498	29
20719	24643	29
20770	21755	29
20770	25257	29
20823	28442	29
20974	23852	29
21045	25742	29
21045	26675	29
21045	26938	29
21063	21199	29
21071	22577	29
21071	24019	29
21132	26433	29
21133	23618	29
21139	21235	29
21139	23076	29
21139	25570	29
21197	26388	29
21235	25570	29
21235	28394	29
21235	28449	29
21271	23428	29
21330	23387	29
21334	21588	29
21384	30461	29
21395	30461	29
21477	21551	29
21477	21770	29
21477	22311	29
21477	22413	29
21477	26207	29
21477	26756	29
21477	26831	29
21477	29171	29
21550	25395	29
21550	30149	29
21551	21634	29
21551	21770	29
21551	21978	29
21551	22311	29
21551	22413	29
21551	24448	29
21551	26756	29
21551	26831	29
21551	28231	29
21551	29171	29
21585	22558	29
21585	26719	29
21585	26964	29
21585	26986	29
21585	26991	29
21585	29358	29
21585	29712	29
21588	21876	29
21598	26273	29
21598	27105	29
21613	21692	29
21613	23349	29
21631	28442	29
21634	22349	29
21634	26756	29
21640	28346	29
21644	29931	29
21670	30143	29
21679	21882	29
21702	25731	29
21702	25732	29
21702	29417	29
21737	25344	29
21737	28890	29
21737	28995	29
21737	29034	29
21737	29195	29
21738	24651	29
21738	26719	29
21738	26964	29
21738	27000	29
21738	28572	29
21738	28612	29
21738	29676	29
21738	30247	29
21738	30384	29
21738	30474	29
21740	23231	29
21740	27842	29
21755	21899	29
21783	21855	29
21790	22010	29
21803	28191	29
21803	30458	29
21829	30460	29
21843	23594	29
21887	25401	29
21887	28799	29
21887	30465	29
21887	30477	29
21940	29937	29
21963	29459	29
21972	28830	29
21973	24533	29
21974	26127	29
21974	30367	29
21979	22423	29
21979	23544	29
21979	27712	29
21979	27947	29
21992	22834	29
22010	22897	29
22035	26448	29
22035	29664	29
22035	30135	29
22035	30388	29
22095	30231	29
22163	24107	29
22181	26182	29
22189	22321	29
22195	22558	29
22195	24533	29
22195	26675	29
22311	22349	29
22311	26756	29
22311	27630	29
22339	24719	29
22349	26831	29
22349	28442	29
22371	28934	29
22371	28935	29
22371	28943	29
22400	28046	29
22400	29639	29
22410	25257	29
22410	28305	29
22413	26756	29
22413	27630	29
22413	28231	29
22413	29171	29
22439	22440	29
22439	29264	29
22440	25166	29
22440	28824	29
22440	28958	29
22440	29263	29
22440	29264	29
22440	29766	29
22480	28352	29
22480	28395	29
22480	28402	29
22480	29078	29
22489	29743	29
22489	30025	29
22498	29923	29
22535	25314	29
22553	24215	29
22553	26231	29
22558	24290	29
22558	26611	29
22558	26643	29
22558	26675	29
22558	26725	29
22558	26791	29
22558	26986	29
22558	29358	29
22558	29404	29
22558	29495	29
22564	29155	29
22565	23153	29
22565	30480	29
22583	24041	29
22583	30480	29
22590	27872	29
22593	26131	29
22593	28955	29
22639	25206	29
22639	25737	29
22639	25742	29
22639	26675	29
22639	26861	29
22677	24694	29
22711	23747	29
22711	24014	29
22731	25405	29
22731	25944	29
22731	29830	29
22750	27248	29
22750	27480	29
22750	28059	29
22750	28361	29
22750	29302	29
22754	30147	29
22777	23226	29
22777	25330	29
22777	25331	29
22780	23226	29
22780	25331	29
22790	22989	29
22871	23088	29
22949	29099	29
22956	23630	29
22989	24548	29
22989	25248	29
22989	25278	29
23014	24717	29
23014	24973	29
23076	23093	29
23110	23226	29
23110	23427	29
23110	23544	29
23128	28944	29
23160	23388	29
23167	27591	29
23171	25737	29
23171	25742	29
23171	26152	29
23171	26675	29
23171	28340	29
23171	28792	29
23226	23427	29
23226	23544	29
23226	25266	29
23226	30459	29
23231	25553	29
23231	27037	29
23231	27039	29
23231	27842	29
23231	28370	29
23231	30209	29
23281	28651	29
23314	23502	29
23314	23527	29
23314	26121	29
23314	27745	29
23314	27757	29
23344	28934	29
23344	28935	29
23363	26848	29
23388	28366	29
23390	26273	29
23390	27105	29
23421	26107	29
23421	26110	29
23421	26126	29
23421	27745	29
23421	27757	29
23428	24557	29
23428	26180	29
23428	27872	29
23453	25434	29
23453	29190	29
23466	25118	29
23467	23503	29
23502	26077	29
23502	26110	29
23502	26126	29
23502	27757	29
23503	23690	29
23517	26273	29
23517	27105	29
23527	27745	29
23527	27757	29
23594	23741	29
23594	26273	29
23594	26622	29
23611	23894	29
23621	25314	29
23626	27045	29
23630	23891	29
23645	29588	29
23656	24215	29
23656	25314	29
23683	24216	29
23695	24783	29
23695	25737	29
23695	25742	29
23695	26675	29
23695	27855	29
23695	29321	29
23700	28955	29
23700	29588	29
23702	23814	29
23702	26433	29
23702	28305	29
23704	29588	29
23747	24014	29
23760	24004	29
23760	28566	29
23793	24651	29
23793	24705	29
23793	25255	29
23793	25752	29
23793	26648	29
23793	28881	29
23793	29676	29
23798	25737	29
23798	25742	29
23798	26675	29
23798	27855	29
23814	28305	29
23814	28474	29
23814	28475	29
23814	28915	29
23859	24533	29
23884	25629	29
23905	28955	29
23905	29588	29
23987	25214	29
23987	26964	29
23987	29677	29
24000	26271	29
24004	24575	29
24004	25384	29
24004	25634	29
24004	25742	29
24004	26675	29
24004	28007	29
24066	30461	29
24121	26818	29
24121	30242	29
24167	30477	29
24178	26818	29
24215	25314	29
24216	27639	29
24216	28358	29
24243	25742	29
24243	26675	29
24290	25476	29
24290	25737	29
24290	25774	29
24290	26449	29
24290	26675	29
24290	26986	29
24420	24643	29
24448	28442	29
24495	24694	29
24533	25255	29
24533	25737	29
24533	25742	29
24533	26675	29
24533	29669	29
24554	26675	29
24556	30422	29
24556	30454	29
24571	26202	29
24612	28340	29
24651	25255	29
24651	26675	29
24651	26964	29
24651	26991	29
24651	27743	29
24651	29676	29
24651	29677	29
24665	24719	29
24665	28170	29
24705	25255	29
24717	24761	29
24717	25944	29
24783	25737	29
24783	25742	29
24783	25774	29
24783	26675	29
24793	27045	29
24793	27902	29
24812	29957	29
24832	25476	29
24832	29677	29
24842	29743	29
24897	27591	29
24897	29262	29
24961	28340	29
24973	25370	29
25018	25820	29
25018	29803	29
25033	26202	29
25033	29422	29
25080	26078	29
25161	29661	29
25166	29261	29
25166	29264	29
25166	29766	29
25166	29767	29
25168	25325	29
25181	30247	29
25206	29676	29
25206	30247	29
25214	26725	29
25214	26964	29
25214	26991	29
25214	30384	29
25255	25752	29
25255	26648	29
25257	28995	29
25257	29034	29
25257	29195	29
25263	28357	29
25263	28392	29
25263	28395	29
25266	26931	29
25266	27685	29
25266	28652	29
25266	29639	29
25314	26682	29
25314	26737	29
25314	27179	29
25314	27705	29
25323	25325	29
25338	28837	29
25344	26433	29
25347	28934	29
25347	28935	29
25347	28943	29
25347	28949	29
25351	28935	29
25378	27874	29
25378	28824	29
25378	29264	29
25378	29434	29
25378	29766	29
25384	25571	29
25384	25738	29
25401	29264	29
25418	30306	29
25425	30316	29
25476	25774	29
25476	26986	29
25476	29461	29
25479	25587	29
25508	27530	29
25518	27568	29
25548	26271	29
25553	27842	29
25571	25634	29
25612	25629	29
25612	27804	29
25629	25738	29
25629	25740	29
25629	25742	29
25629	26675	29
25629	29980	29
25634	25738	29
25634	25742	29
25634	27833	29
25634	28566	29
25634	29038	29
25634	29471	29
25634	29707	29
25658	27360	29
25676	27105	29
25737	25752	29
25737	25774	29
25737	26166	29
25737	26449	29
25737	26584	29
25737	26661	29
25737	26664	29
25737	26675	29
25737	26726	29
25737	26791	29
25737	26938	29
25737	27511	29
25737	27591	29
25737	27828	29
25737	27833	29
25737	27855	29
25737	28546	29
25737	28572	29
25737	28576	29
25737	28710	29
25737	29323	29
25737	29495	29
25737	29513	29
25737	29571	29
25737	29670	29
25737	29765	29
25737	29842	29
25737	29846	29
25737	30231	29
25737	30466	29
25738	25742	29
25740	26986	29
25742	25752	29
25742	25774	29
25742	25940	29
25742	26166	29
25742	26316	29
25742	26449	29
25742	26584	29
25742	26661	29
25742	26664	29
25742	26726	29
25742	26791	29
25742	26926	29
25742	26938	29
25742	27448	29
25742	27511	29
25742	27631	29
25742	27645	29
25742	27804	29
25742	27828	29
25742	27833	29
25742	27855	29
25742	28509	29
25742	28546	29
25742	28566	29
25742	28575	29
25742	28576	29
25742	28710	29
25742	28960	29
25742	29037	29
25742	29287	29
25742	29288	29
25742	29461	29
25742	29469	29
25742	29471	29
25742	29495	29
25742	29513	29
25742	29559	29
25742	29571	29
25742	29648	29
25742	29670	29
25742	29707	29
25742	29730	29
25742	29765	29
25742	29842	29
25742	29846	29
25742	29981	29
25742	30231	29
25742	30466	29
25742	30473	29
25752	25940	29
25752	26675	29
25774	26675	29
25807	28792	29
25820	25948	29
25820	29803	29
25850	28934	29
25850	28935	29
25850	28949	29
25862	25973	29
25862	30374	29
25878	25884	29
25899	28405	29
25934	27619	29
25940	26664	29
25940	26861	29
25940	26939	29
25948	26037	29
26015	29782	29
26037	28442	29
26055	26145	29
26055	26611	29
26055	27448	29
26055	29349	29
26055	29571	29
26077	26198	29
26077	26272	29
26088	27842	29
26110	26198	29
26110	27292	29
26121	26126	29
26121	27745	29
26121	27757	29
26126	27745	29
26129	26198	29
26131	28827	29
26131	28904	29
26131	28957	29
26131	30358	29
26148	30327	29
26162	27822	29
26166	26316	29
26166	26675	29
26180	27872	29
26182	26258	29
26182	27436	29
26182	27586	29
26207	27630	29
26219	27974	29
26239	28354	29
26239	28408	29
26239	29724	29
26239	29963	29
26251	27979	29
26252	27979	29
26265	27331	29
26273	27105	29
26273	29573	29
26306	30029	29
26316	26675	29
26357	26381	29
26357	28870	29
26357	29023	29
26426	26433	29
26426	28475	29
26449	26675	29
26449	29848	29
26556	30287	29
26556	30477	29
26575	27487	29
26584	26675	29
26606	30267	29
26611	26643	29
26611	26675	29
26643	26791	29
26643	26986	29
26648	29676	29
26661	26675	29
26661	26938	29
26661	28007	29
26661	28576	29
26661	29571	29
26661	29846	29
26661	30261	29
26664	26675	29
26664	28195	29
26664	29559	29
26664	30267	29
26675	26726	29
26675	26791	29
26675	26926	29
26675	26935	29
26675	26938	29
26675	26939	29
26675	27448	29
26675	27511	29
26675	27631	29
26675	27645	29
26675	27828	29
26675	27833	29
26675	27855	29
26675	28195	29
26675	28546	29
26675	28572	29
26675	28576	29
26675	28710	29
26675	29037	29
26675	29288	29
26675	29321	29
26675	29469	29
26675	29495	29
26675	29513	29
26675	29571	29
26675	29648	29
26675	29765	29
26675	29846	29
26675	29869	29
26675	29981	29
26675	30231	29
26675	30466	29
26679	29300	29
26679	29351	29
26694	28934	29
26694	28935	29
26719	27000	29
26719	27024	29
26719	27048	29
26719	27049	29
26719	27448	29
26719	28569	29
26719	28572	29
26719	29677	29
26719	29712	29
26725	29676	29
26726	30384	29
26726	30388	29
26737	28442	29
26751	27045	29
26756	26831	29
26756	27630	29
26756	28231	29
26756	29171	29
26770	28350	29
26770	30204	29
26791	27855	29
26818	27096	29
26819	27653	29
26823	28934	29
26823	28935	29
26826	29300	29
26845	27575	29
26845	27619	29
26845	28264	29
26845	29596	29
26847	27502	29
26861	26939	29
26861	29321	29
26861	29842	29
26861	30267	29
26891	30077	29
26938	28007	29
26938	29848	29
26939	29321	29
26944	27030	29
26944	28150	29
26948	26951	29
26948	30471	29
26948	30472	29
26964	27743	29
26964	29676	29
26964	30384	29
26976	27068	29
26986	26991	29
26986	27000	29
26986	27804	29
26986	29546	29
26986	29676	29
26986	29677	29
26991	28569	29
26991	29344	29
26991	29571	29
26991	30384	29
27000	29676	29
27023	27743	29
27024	29677	29
27045	27045	29
27061	28491	29
27061	28601	29
27126	27227	29
27126	27237	29
27126	28565	29
27126	29457	29
27126	30027	29
27138	28317	29
27138	28356	29
27138	29078	29
27237	30027	29
27248	28059	29
27272	28530	29
27272	29261	29
27347	30420	29
27417	27472	29
27417	27984	29
27439	27508	29
27472	27984	29
27523	29678	29
27530	28786	29
27558	27706	29
27558	27724	29
27558	29354	29
27558	29748	29
27571	28150	29
27575	28264	29
27577	29687	29
27580	28475	29
27591	27645	29
27591	27871	29
27591	28575	29
27591	29262	29
27591	30261	29
27619	28264	29
27630	29171	29
27631	29292	29
27631	29712	29
27645	27855	29
27653	29761	29
27653	30441	29
27724	29354	29
27725	28954	29
27743	28509	29
27743	29765	29
27745	27757	29
27757	27757	29
27804	28572	29
27804	30231	29
27815	27817	29
27815	27887	29
27815	30356	29
27816	30356	29
27822	29034	29
27822	30482	29
27828	30231	29
27833	27855	29
27855	29089	29
27855	29321	29
27855	29461	29
27855	29495	29
27855	29670	29
27855	29828	29
27874	28824	29
27874	28862	29
27874	28863	29
27874	28865	29
27874	29261	29
27874	29766	29
27874	29767	29
27916	29263	29
27965	28007	29
27968	30247	29
27970	30226	29
27974	28838	29
27979	28049	29
28007	28566	29
28007	28576	29
28046	28758	29
28046	29120	29
28049	28101	29
28049	30166	29
28060	28061	29
28070	28091	29
28121	30475	29
28140	30252	29
28167	30239	29
28264	29596	29
28305	28405	29
28305	28474	29
28305	28475	29
28305	28489	29
28305	29441	29
28305	29730	29
28305	29842	29
28308	30470	29
28310	28394	29
28310	28449	29
28317	28348	29
28317	28356	29
28317	28357	29
28317	28389	29
28317	28391	29
28317	28392	29
28317	28393	29
28317	28394	29
28317	28399	29
28317	28402	29
28317	28439	29
28317	28445	29
28317	29078	29
28317	29155	29
28317	29159	29
28340	29082	29
28350	30204	29
28352	28395	29
28352	28602	29
28352	29724	29
28352	29873	29
28353	28602	29
28353	29198	29
28354	28399	29
28354	28402	29
28354	28407	29
28354	28408	29
28354	29078	29
28354	29724	29
28354	29745	29
28354	29873	29
28356	28389	29
28356	28391	29
28356	28392	29
28356	28393	29
28356	28394	29
28356	28399	29
28356	28402	29
28356	28439	29
28356	29155	29
28356	29159	29
28357	28392	29
28357	29078	29
28389	29078	29
28389	29155	29
28391	29159	29
28392	29155	29
28392	29159	29
28393	29078	29
28393	29155	29
28393	29159	29
28394	29078	29
28399	29078	29
28399	29155	29
28399	29159	29
28402	29155	29
28407	29078	29
28408	29155	29
28408	29963	29
28411	28440	29
28411	28449	29
28439	29078	29
28450	29159	29
28475	28489	29
28475	29441	29
28497	28799	29
28497	29706	29
28509	28510	29
28509	28543	29
28509	29676	29
28510	28543	29
28510	28544	29
28510	30247	29
28519	30077	29
28543	28544	29
28546	29461	29
28557	28625	29
28565	30027	29
28569	29292	29
28571	29292	29
28571	29676	29
28572	29676	29
28572	30231	29
28575	29262	29
28575	29676	29
28601	30228	29
28612	28881	29
28612	29676	29
28652	28911	29
28652	29772	29
28695	28915	29
28710	29321	29
28758	29639	29
28760	29264	29
28783	28962	29
28783	29598	29
28786	28883	29
28792	28891	29
28799	29018	29
28799	29366	29
28824	28958	29
28824	29261	29
28824	29263	29
28824	29264	29
28824	29766	29
28824	29767	29
28827	28955	29
28827	28957	29
28827	28962	29
28827	29262	29
28827	29588	29
28830	29598	29
28890	28934	29
28892	28934	29
28892	28935	29
28892	28943	29
28892	28949	29
28894	28934	29
28894	28935	29
28894	28943	29
28897	28962	29
28898	28934	29
28898	28935	29
28898	28943	29
28899	28906	29
28899	28934	29
28899	28935	29
28904	28955	29
28904	28957	29
28904	29588	29
28907	28934	29
28907	28935	29
28907	28943	29
28907	28949	29
28908	28934	29
28908	28935	29
28908	28943	29
28930	29078	29
28930	29155	29
28934	28935	29
28934	28943	29
28934	28949	29
28934	28987	29
28934	28990	29
28934	28995	29
28934	29021	29
28934	29027	29
28934	29034	29
28934	29035	29
28934	29045	29
28934	29195	29
28935	28943	29
28935	28949	29
28935	28987	29
28935	28990	29
28935	28995	29
28935	29021	29
28935	29027	29
28935	29034	29
28935	29035	29
28935	29045	29
28935	29195	29
28939	28945	29
28943	28949	29
28943	28987	29
28943	28990	29
28943	28995	29
28943	29027	29
28943	29034	29
28943	29195	29
28944	29018	29
28944	29787	29
28949	28987	29
28949	28990	29
28949	28995	29
28949	29021	29
28949	29027	29
28949	29034	29
28949	29045	29
28949	29195	29
28954	29032	29
28955	28957	29
28955	29588	29
28955	29609	29
28955	30222	29
28955	30343	29
28955	30358	29
28957	29588	29
28957	30219	29
28957	30358	29
28958	28962	29
28958	29261	29
28958	29264	29
28958	29538	29
28958	29766	29
28958	29767	29
28966	29957	29
29018	29706	29
29026	30477	29
29029	29263	29
29038	29263	29
29038	29598	29
29038	29639	29
29038	30088	29
29083	30047	29
29083	30073	29
29089	29448	29
29089	30266	29
29155	29159	29
29229	29230	29
29261	29264	29
29261	29766	29
29262	29588	29
29262	29609	29
29263	29264	29
29263	29598	29
29263	29669	29
29263	29766	29
29263	30088	29
29264	29766	29
29264	29767	29
29285	29300	29
29288	29461	29
29300	29351	29
29315	29661	29
29321	29461	29
29321	30267	29
29323	30267	29
29366	29706	29
29368	30476	29
29404	29676	29
29448	29828	29
29448	29829	29
29448	30467	29
29478	29502	29
29506	29661	29
29538	29767	29
29588	29609	29
29588	30222	29
29591	30471	29
29591	30472	29
29598	29639	29
29598	30088	29
29602	29942	29
29639	29787	29
29639	30088	29
29664	29676	29
29682	29848	29
29686	30477	29
29724	30341	29
29743	30025	29
29743	30036	29
29766	29767	29
29787	30464	29
29804	29851	29
29828	30266	29
29829	30266	29
29868	30477	29
29894	30231	29
29897	29898	29
29981	30481	29
30025	30036	29
30047	30217	29
30247	30458	29
30247	30474	29
30251	30266	29
30270	30341	29
30334	30472	29
30363	30462	29
30465	30477	29
30468	30469	29
30471	30472	29
