1	201	3
1	279	3
4	1205	3
4	2381	3
4	5158	3
15	5199	3
18	279	3
18	378	3
18	379	3
22	279	3
22	379	3
25	1205	3
25	2381	3
26	1205	3
26	2378	3
26	2381	3
28	279	3
29	1205	3
29	2378	3
29	2381	3
30	5238	3
30	5796	3
34	686	3
34	1581	3
34	1583	3
34	1973	3
34	2063	3
34	2109	3
34	2520	3
34	2608	3
34	2674	3
34	2773	3
34	2978	3
34	3042	3
34	3089	3
34	3165	3
34	3391	3
34	3542	3
34	4119	3
34	4567	3
34	5233	3
34	6000	3
34	6251	3
34	6527	3
34	7884	3
35	6541	3
36	5128	3
44	266	3
44	351	3
44	427	3
44	483	3
44	549	3
44	574	3
44	603	3
44	628	3
44	867	3
44	877	3
44	905	3
44	941	3
44	965	3
44	1239	3
44	1439	3
44	1875	3
44	1880	3
44	2109	3
44	2205	3
44	2674	3
44	2675	3
44	3089	3
44	3250	3
44	3725	3
44	4299	3
44	4430	3
44	4458	3
44	4516	3
44	4530	3
44	4659	3
44	4739	3
44	4764	3
44	5132	3
44	5240	3
44	5311	3
44	5313	3
44	5333	3
44	5350	3
44	5358	3
44	5373	3
44	5440	3
44	5460	3
44	5466	3
44	5591	3
44	5604	3
44	5609	3
44	5610	3
44	5662	3
44	5692	3
44	5693	3
44	5748	3
44	5773	3
44	5848	3
44	5859	3
44	5876	3
44	5878	3
44	5883	3
44	5914	3
44	5959	3
44	5964	3
44	5974	3
44	5994	3
44	6072	3
44	6091	3
44	6123	3
44	6139	3
44	6202	3
44	6251	3
44	6267	3
44	6305	3
44	6438	3
44	6457	3
44	6527	3
44	6528	3
44	6545	3
44	6553	3
44	6645	3
44	6709	3
44	7006	3
44	7130	3
44	7192	3
44	7389	3
44	7514	3
44	7618	3
44	7711	3
44	7901	3
44	8280	3
44	8298	3
52	1205	3
52	2378	3
52	2381	3
52	5079	3
52	5283	3
53	4423	3
56	208	3
56	5563	3
56	5628	3
56	5944	3
74	5099	3
78	279	3
78	378	3
78	379	3
78	5104	3
84	1020	3
86	5140	3
88	162	3
88	728	3
88	740	3
88	874	3
88	1645	3
88	5102	3
88	5111	3
88	5250	3
89	5616	3
89	5795	3
89	5800	3
89	5850	3
91	2381	3
91	5275	3
93	2359	3
93	2378	3
93	5158	3
93	5175	3
93	5332	3
99	279	3
101	5079	3
101	5283	3
109	279	3
111	5253	3
111	5796	3
114	154	3
114	5250	3
116	7011	3
118	4031	3
120	364	3
120	6265	3
122	209	3
122	379	3
124	1341	3
124	1344	3
127	5099	3
131	1374	3
131	5096	3
131	5128	3
132	208	3
132	379	3
133	364	3
137	5087	3
138	208	3
140	5104	3
144	322	3
144	1192	3
144	1205	3
145	1205	3
145	2360	3
145	5079	3
145	5283	3
150	279	3
150	378	3
150	379	3
153	5796	3
154	210	3
154	226	3
154	323	3
154	439	3
154	501	3
154	649	3
154	816	3
154	858	3
154	949	3
154	966	3
154	1131	3
154	2747	3
154	5452	3
154	6209	3
154	6990	3
155	1374	3
155	5096	3
155	5694	3
155	5705	3
156	4423	3
158	208	3
158	279	3
159	5253	3
160	279	3
161	5563	3
162	226	3
162	235	3
162	323	3
162	377	3
162	498	3
162	501	3
162	574	3
162	581	3
162	620	3
162	762	3
162	901	3
162	930	3
162	949	3
162	966	3
162	993	3
162	1040	3
162	1064	3
162	1125	3
162	1411	3
162	1440	3
162	1690	3
162	1735	3
162	1926	3
162	2161	3
162	2440	3
162	2653	3
162	2765	3
162	2993	3
162	4430	3
162	4503	3
162	4603	3
162	5112	3
162	5251	3
162	5273	3
162	5379	3
162	5548	3
162	5568	3
162	5762	3
162	5888	3
162	5893	3
162	5961	3
162	5990	3
162	6012	3
162	6336	3
162	6421	3
162	6436	3
162	6751	3
162	6844	3
162	7890	3
162	8335	3
163	279	3
163	379	3
163	5179	3
163	5256	3
167	2384	3
168	1341	3
168	1344	3
173	208	3
173	279	3
173	379	3
177	5294	3
177	5398	3
181	279	3
181	379	3
182	279	3
184	5261	3
187	379	3
188	5133	3
188	5324	3
189	1485	3
190	5694	3
190	5705	3
192	6173	3
196	201	3
196	279	3
196	378	3
200	5294	3
200	5398	3
201	410	3
201	505	3
201	578	3
201	593	3
201	612	3
201	641	3
201	761	3
201	848	3
201	971	3
201	973	3
201	1071	3
201	1357	3
201	2300	3
201	2767	3
201	3645	3
201	3683	3
201	4235	3
201	4876	3
201	6205	3
201	6206	3
201	6223	3
201	6430	3
201	6713	3
201	7155	3
201	7242	3
201	7770	3
201	8045	3
201	8098	3
202	279	3
204	1481	3
204	4967	3
204	5104	3
208	271	3
208	282	3
208	283	3
208	367	3
208	368	3
208	379	3
208	518	3
208	579	3
208	1018	3
208	1091	3
208	1103	3
208	1235	3
208	2300	3
208	5355	3
208	5470	3
208	5622	3
208	5702	3
208	5957	3
208	6145	3
208	6343	3
208	6392	3
208	6987	3
208	7110	3
208	7160	3
208	7186	3
208	7380	3
208	7398	3
208	7414	3
208	7701	3
208	7935	3
208	8009	3
208	8318	3
209	216	3
209	408	3
209	505	3
209	593	3
209	673	3
209	684	3
209	700	3
209	725	3
209	848	3
209	971	3
209	1071	3
209	1235	3
209	1357	3
209	1457	3
209	2642	3
209	3645	3
209	6205	3
210	874	3
210	5250	3
210	5430	3
211	279	3
215	322	3
215	1205	3
215	4031	3
216	279	3
219	5099	3
219	5553	3
225	2526	3
225	5398	3
226	874	3
226	3979	3
226	5250	3
227	4423	3
227	5332	3
228	1020	3
231	2378	3
231	4423	3
231	5175	3
231	5332	3
233	5079	3
233	5081	3
233	5283	3
234	4389	3
235	874	3
235	5250	3
236	1344	3
238	2170	3
239	1190	3
239	1205	3
239	2381	3
240	279	3
242	5166	3
244	1527	3
244	5104	3
245	5253	3
246	381	3
247	279	3
247	378	3
247	381	3
247	1527	3
247	5104	3
249	381	3
250	279	3
250	379	3
250	5104	3
251	5475	3
252	1205	3
252	2359	3
252	2381	3
252	4423	3
252	5079	3
252	5283	3
257	5104	3
258	5253	3
258	5546	3
259	4031	3
259	5259	3
260	1341	3
260	1344	3
263	279	3
263	378	3
263	379	3
263	5104	3
266	1205	3
266	2359	3
266	2378	3
266	2381	3
266	5079	3
266	5283	3
266	5332	3
267	5253	3
267	5796	3
271	5104	3
271	5695	3
272	1020	3
275	5107	3
276	279	3
276	364	3
276	378	3
278	279	3
278	378	3
278	381	3
279	281	3
279	283	3
279	285	3
279	297	3
279	359	3
279	368	3
279	369	3
279	383	3
279	387	3
279	393	3
279	396	3
279	408	3
279	410	3
279	448	3
279	463	3
279	465	3
279	466	3
279	473	3
279	477	3
279	483	3
279	488	3
279	490	3
279	493	3
279	503	3
279	505	3
279	509	3
279	518	3
279	525	3
279	527	3
279	555	3
279	562	3
279	577	3
279	579	3
279	582	3
279	592	3
279	618	3
279	632	3
279	633	3
279	636	3
279	638	3
279	641	3
279	645	3
279	656	3
279	680	3
279	683	3
279	689	3
279	702	3
279	724	3
279	729	3
279	738	3
279	760	3
279	785	3
279	788	3
279	793	3
279	794	3
279	833	3
279	842	3
279	845	3
279	848	3
279	866	3
279	871	3
279	958	3
279	961	3
279	967	3
279	973	3
279	974	3
279	990	3
279	1070	3
279	1071	3
279	1075	3
279	1091	3
279	1101	3
279	1184	3
279	1235	3
279	1260	3
279	1315	3
279	1339	3
279	1362	3
279	1434	3
279	1620	3
279	1679	3
279	2411	3
279	3018	3
279	3237	3
279	4250	3
279	4355	3
279	4472	3
279	4617	3
279	4766	3
279	5355	3
279	5540	3
279	5622	3
279	5696	3
279	5816	3
279	5824	3
279	5983	3
279	6019	3
279	6037	3
279	6242	3
279	6247	3
279	6281	3
279	6343	3
279	6346	3
279	6359	3
279	6440	3
279	6442	3
279	6510	3
279	6524	3
279	6525	3
279	6532	3
279	6548	3
279	6584	3
279	6585	3
279	6662	3
279	6746	3
279	6875	3
279	6910	3
279	6996	3
279	7003	3
279	7036	3
279	7052	3
279	7062	3
279	7094	3
279	7106	3
279	7115	3
279	7116	3
279	7121	3
279	7226	3
279	7237	3
279	7283	3
279	7588	3
279	7616	3
279	7622	3
279	7929	3
279	8370	3
280	5497	3
280	6231	3
281	379	3
281	5497	3
285	1485	3
285	5497	3
291	5128	3
291	5219	3
291	5253	3
293	5199	3
296	5083	3
296	5087	3
296	5140	3
297	379	3
300	5475	3
303	5253	3
306	5649	3
310	1341	3
310	1344	3
315	1192	3
315	1196	3
315	4031	3
315	5406	3
316	1341	3
316	1344	3
316	5079	3
316	5283	3
318	5081	3
320	1645	3
320	5102	3
322	669	3
322	765	3
322	771	3
322	772	3
322	778	3
322	824	3
322	854	3
322	928	3
322	955	3
322	1907	3
322	2111	3
322	2292	3
322	2432	3
322	3096	3
322	3228	3
322	3315	3
322	3985	3
322	4035	3
322	4807	3
322	5168	3
322	5392	3
322	5461	3
322	5658	3
322	5664	3
322	5954	3
322	6081	3
322	6098	3
322	6128	3
322	6279	3
322	6288	3
322	6330	3
322	6538	3
323	874	3
323	5250	3
324	1645	3
324	5102	3
325	6212	3
326	1374	3
326	5096	3
326	5128	3
326	5694	3
326	5705	3
328	1205	3
328	2359	3
328	2381	3
328	2526	3
328	5398	3
329	6482	3
333	1205	3
333	2359	3
333	2381	3
333	5175	3
333	5275	3
333	5332	3
335	1487	3
335	5275	3
336	1205	3
336	2381	3
336	5256	3
336	5408	3
337	5158	3
338	2381	3
338	2526	3
344	5398	3
346	1341	3
346	1344	3
349	1374	3
349	5096	3
349	5255	3
349	5694	3
349	5705	3
351	5121	3
353	579	3
354	1020	3
355	1020	3
355	5107	3
355	5910	3
356	5104	3
360	1020	3
361	381	3
363	874	3
363	6312	3
364	6265	3
369	378	3
369	379	3
373	379	3
375	1469	3
375	5196	3
375	5472	3
375	5779	3
375	5984	3
375	6182	3
375	6398	3
375	6850	3
376	5096	3
377	874	3
377	5250	3
378	383	3
378	387	3
378	393	3
378	404	3
378	410	3
378	448	3
378	465	3
378	473	3
378	488	3
378	493	3
378	503	3
378	509	3
378	577	3
378	618	3
378	633	3
378	641	3
378	683	3
378	724	3
378	785	3
378	794	3
378	958	3
378	1071	3
378	1339	3
378	1434	3
378	1679	3
378	5355	3
378	6242	3
378	6524	3
378	6525	3
379	387	3
379	393	3
379	396	3
379	404	3
379	408	3
379	417	3
379	465	3
379	473	3
379	483	3
379	488	3
379	493	3
379	505	3
379	525	3
379	562	3
379	577	3
379	582	3
379	618	3
379	632	3
379	633	3
379	639	3
379	645	3
379	683	3
379	689	3
379	724	3
379	793	3
379	794	3
379	848	3
379	958	3
379	972	3
379	1218	3
379	1339	3
379	2411	3
379	5329	3
379	5437	3
379	5442	3
379	5696	3
379	5983	3
379	6524	3
379	6532	3
379	6662	3
379	6910	3
379	7507	3
379	8010	3
379	8451	3
381	383	3
381	410	3
381	417	3
381	522	3
381	527	3
381	613	3
381	670	3
381	803	3
381	845	3
381	973	3
381	978	3
381	1130	3
381	1136	3
381	1290	3
381	1292	3
381	1382	3
381	1513	3
381	2006	3
381	4371	3
383	5695	3
383	7227	3
384	1192	3
384	1205	3
389	5250	3
391	1988	3
391	5250	3
398	5077	3
400	1020	3
401	1485	3
404	5104	3
405	1020	3
406	5079	3
406	5083	3
406	5087	3
406	5140	3
406	5283	3
407	5079	3
407	5283	3
407	5475	3
408	1485	3
408	5695	3
408	6231	3
409	5497	3
410	1527	3
410	5104	3
410	6002	3
411	1205	3
412	5253	3
424	1341	3
424	1344	3
431	1341	3
431	1344	3
431	4013	3
431	5294	3
434	5294	3
434	5398	3
438	1341	3
438	1344	3
439	874	3
439	1988	3
439	5250	3
439	5430	3
445	5294	3
451	5253	3
452	1374	3
452	5128	3
453	1374	3
453	5096	3
453	5128	3
454	1374	3
455	1484	3
455	5317	3
456	1487	3
457	5133	3
457	5246	3
457	5324	3
458	5398	3
459	5332	3
459	5846	3
459	7225	3
460	5253	3
461	1205	3
461	2381	3
461	4031	3
461	5259	3
462	5097	3
464	6078	3
468	2381	3
468	5079	3
469	1374	3
469	5096	3
470	2381	3
470	2526	3
471	5332	3
473	5104	3
478	1341	3
478	1344	3
478	5294	3
480	5107	3
480	5182	3
480	5319	3
483	5121	3
483	5179	3
483	5256	3
483	5332	3
485	874	3
485	1645	3
485	5080	3
485	5102	3
485	5133	3
485	5250	3
487	5102	3
488	5104	3
493	1527	3
501	874	3
501	5250	3
506	5107	3
506	5238	3
506	5445	3
507	1341	3
507	1344	3
508	1341	3
508	1344	3
516	600	3
516	1081	3
516	1232	3
516	1401	3
516	2364	3
516	4462	3
516	4761	3
516	5117	3
516	5143	3
516	6447	3
516	6798	3
516	7038	3
516	7313	3
516	7406	3
516	7736	3
516	7883	3
516	8040	3
516	8060	3
516	8186	3
516	8218	3
516	8354	3
520	1374	3
520	5150	3
526	5846	3
532	5253	3
533	874	3
533	5250	3
534	728	3
534	1374	3
534	5096	3
534	5111	3
534	5705	3
534	5795	3
536	5363	3
539	1192	3
540	5077	3
541	5079	3
541	5283	3
543	2526	3
544	1341	3
544	1344	3
549	5332	3
550	2170	3
550	5079	3
550	5135	3
550	5283	3
550	5295	3
550	6541	3
552	5253	3
553	4013	3
553	5294	3
562	1527	3
563	5506	3
568	1341	3
568	1344	3
569	1192	3
569	2381	3
570	1344	3
570	1351	3
570	5349	3
570	5553	3
571	5846	3
573	1192	3
573	1205	3
573	2359	3
573	2360	3
573	2378	3
573	2381	3
573	3810	3
573	5079	3
573	5108	3
573	5283	3
574	1205	3
574	2360	3
574	5079	3
574	5332	3
576	1205	3
576	2359	3
578	5695	3
580	1341	3
580	1344	3
581	1205	3
581	2360	3
584	5253	3
590	2359	3
590	2378	3
590	5158	3
590	5175	3
590	5332	3
594	5173	3
596	5295	3
599	5295	3
603	1205	3
603	2359	3
603	2381	3
603	5079	3
603	5104	3
603	5108	3
603	5283	3
606	1205	3
609	5097	3
609	5406	3
612	4255	3
615	5187	3
617	5099	3
618	5104	3
620	874	3
620	1645	3
620	5250	3
621	5099	3
621	5179	3
621	5256	3
631	874	3
633	5104	3
635	2381	3
635	5398	3
636	5104	3
636	5256	3
636	5722	3
637	1341	3
637	1344	3
639	5481	3
640	4967	3
640	5475	3
642	1341	3
642	1344	3
643	5187	3
644	1485	3
649	874	3
649	1988	3
649	5250	3
649	5430	3
652	1344	3
653	1192	3
653	1205	3
653	2359	3
653	2360	3
653	2378	3
653	2381	3
653	3810	3
653	4423	3
653	5108	3
659	1341	3
659	1344	3
660	1344	3
661	1341	3
661	1344	3
661	5083	3
661	5087	3
661	5140	3
662	1341	3
662	1344	3
663	1341	3
663	1344	3
669	1192	3
669	5173	3
671	1192	3
671	4031	3
673	5695	3
677	696	3
677	5173	3
677	5363	3
677	6181	3
679	1205	3
681	5173	3
684	5695	3
686	1205	3
686	5079	3
686	5173	3
686	5283	3
686	5317	3
686	8147	3
687	5107	3
687	5445	3
688	5187	3
689	5497	3
691	5253	3
692	5332	3
693	1205	3
693	2381	3
693	5259	3
696	1177	3
696	1216	3
696	1280	3
696	1410	3
696	1895	3
696	2002	3
696	3127	3
696	3131	3
696	3159	3
696	3186	3
696	3425	3
696	3427	3
696	3439	3
696	3695	3
696	3722	3
696	3736	3
696	3757	3
696	3788	3
696	4082	3
696	4223	3
696	4514	3
696	6680	3
696	6904	3
696	7461	3
696	7981	3
696	8024	3
698	5332	3
701	5104	3
703	5722	3
704	1645	3
704	5102	3
704	6312	3
708	1374	3
708	5786	3
708	5800	3
711	1192	3
711	1205	3
711	5363	3
712	1192	3
712	1205	3
713	5077	3
717	1205	3
717	2378	3
717	5079	3
717	5283	3
718	5104	3
722	5497	3
723	1374	3
724	1485	3
725	5695	3
726	874	3
727	4013	3
727	5294	3
728	831	3
728	1162	3
728	1165	3
728	3450	3
728	4202	3
728	4605	3
728	5112	3
728	5483	3
728	5829	3
728	6058	3
728	6407	3
728	6462	3
728	7027	3
728	7060	3
728	7231	3
728	7267	3
728	7506	3
733	5846	3
735	5182	3
736	4013	3
736	5294	3
739	1341	3
739	1344	3
740	1562	3
740	1695	3
740	2285	3
740	2331	3
740	2479	3
740	2935	3
740	5677	3
740	6352	3
740	6928	3
740	8263	3
743	1205	3
744	1192	3
747	5928	3
748	1205	3
748	5332	3
749	6312	3
755	5079	3
755	5097	3
755	5283	3
755	5294	3
755	5351	3
756	1196	3
757	5253	3
757	5796	3
759	1205	3
759	5083	3
759	5087	3
762	1192	3
762	1205	3
762	5363	3
764	5166	3
765	1192	3
765	1205	3
765	5173	3
766	4031	3
767	1205	3
770	5199	3
771	1205	3
771	2359	3
771	2381	3
772	1192	3
772	1205	3
772	5173	3
772	5363	3
773	1192	3
773	1205	3
773	2359	3
773	2360	3
773	2378	3
773	2381	3
773	3810	3
773	3822	3
773	4423	3
773	5079	3
773	5283	3
777	1205	3
778	1205	3
779	1341	3
779	1344	3
780	2381	3
780	2526	3
780	6252	3
783	1481	3
783	1487	3
786	1205	3
789	1341	3
789	1344	3
790	1190	3
790	1205	3
790	2381	3
791	5250	3
792	1374	3
792	5616	3
792	5694	3
792	5705	3
792	5795	3
792	8412	3
794	5104	3
797	1192	3
797	1205	3
797	4031	3
798	1341	3
798	1344	3
801	5250	3
804	5242	3
805	5796	3
806	1205	3
806	2381	3
806	5593	3
807	1341	3
807	1344	3
809	5475	3
809	5506	3
810	5253	3
810	5796	3
816	1645	3
816	1988	3
819	2526	3
824	1192	3
824	1205	3
824	2359	3
824	2381	3
824	5363	3
825	1205	3
825	5363	3
827	5363	3
831	1205	3
831	1374	3
831	5111	3
831	5128	3
831	5140	3
831	5616	3
831	5795	3
832	1192	3
835	5846	3
839	5649	3
841	5253	3
841	5796	3
844	1196	3
845	5104	3
849	1485	3
852	1205	3
854	1192	3
854	1205	3
854	2381	3
854	5093	3
858	1645	3
858	1988	3
860	1205	3
861	1205	3
861	4423	3
864	1481	3
867	2381	3
867	3880	3
868	5173	3
870	5250	3
870	5430	3
874	901	3
874	922	3
874	949	3
874	966	3
874	993	3
874	1040	3
874	1125	3
874	1131	3
874	1237	3
874	1411	3
874	1440	3
874	1463	3
874	1690	3
874	1735	3
874	1988	3
874	1989	3
874	2161	3
874	2492	3
874	2546	3
874	2653	3
874	2661	3
874	2765	3
874	2993	3
874	3121	3
874	3354	3
874	3556	3
874	3601	3
874	4058	3
874	4603	3
874	4746	3
874	5112	3
874	5251	3
874	5264	3
874	5273	3
874	5379	3
874	5435	3
874	5474	3
874	5548	3
874	5646	3
874	5762	3
874	5888	3
874	5893	3
874	5961	3
874	6336	3
874	6397	3
874	6421	3
874	6751	3
874	6824	3
874	7041	3
874	7125	3
874	7230	3
874	7362	3
874	7426	3
874	7462	3
874	7527	3
874	7633	3
875	2381	3
876	6361	3
877	5332	3
880	5105	3
881	1341	3
881	1344	3
882	4255	3
884	5430	3
885	1341	3
885	1344	3
886	5445	3
887	5445	3
888	1344	3
888	3880	3
888	5253	3
889	5107	3
890	1341	3
890	1344	3
891	1341	3
891	1344	3
891	1351	3
891	5479	3
892	5332	3
898	5253	3
898	5796	3
901	5250	3
905	1205	3
905	2381	3
905	5121	3
905	5332	3
906	5275	3
906	5475	3
910	1205	3
910	2378	3
910	5079	3
910	5283	3
913	1020	3
913	5107	3
915	8393	3
917	5319	3
918	5649	3
919	5398	3
921	5124	3
924	5090	3
924	5140	3
926	2164	3
927	1192	3
927	1205	3
927	2360	3
927	2378	3
927	2381	3
927	3810	3
927	3822	3
927	4423	3
927	5166	3
928	1205	3
930	1205	3
930	2360	3
930	5079	3
930	5283	3
931	1205	3
931	2360	3
931	5079	3
931	5283	3
932	5319	3
934	5158	3
938	1205	3
938	4031	3
940	1020	3
940	6341	3
941	1192	3
941	1205	3
941	2381	3
941	2526	3
941	5081	3
941	5173	3
941	5256	3
941	5332	3
941	5363	3
942	1485	3
943	5199	3
947	1205	3
949	1003	3
949	1988	3
949	5250	3
949	5430	3
949	5434	3
950	1341	3
950	1344	3
953	2359	3
953	2360	3
953	2381	3
954	1192	3
954	1205	3
954	2381	3
954	4031	3
954	5093	3
954	5173	3
954	5363	3
955	1192	3
955	1205	3
955	2381	3
955	5093	3
957	5158	3
958	5104	3
959	1479	3
960	1205	3
960	2381	3
963	1485	3
964	1485	3
965	5332	3
966	1003	3
966	1374	3
966	1645	3
966	1988	3
966	5096	3
966	5102	3
966	5250	3
966	5430	3
966	5434	3
966	5694	3
966	6312	3
967	5104	3
973	5104	3
974	5722	3
974	5759	3
981	5173	3
986	1205	3
986	2381	3
987	1205	3
987	5079	3
988	3880	3
988	5253	3
988	5796	3
994	5253	3
999	5199	3
1001	5846	3
1003	1440	3
1004	1205	3
1007	5332	3
1011	1374	3
1011	5337	3
1016	5259	3
1016	5363	3
1020	1094	3
1020	1302	3
1020	1372	3
1020	1419	3
1020	1467	3
1020	2696	3
1020	2997	3
1020	3610	3
1020	4808	3
1020	5101	3
1020	5131	3
1020	5217	3
1020	5282	3
1020	5376	3
1020	5473	3
1020	5502	3
1020	5557	3
1020	5579	3
1020	5772	3
1020	5915	3
1020	5958	3
1020	5980	3
1020	5981	3
1020	5982	3
1020	6047	3
1020	6160	3
1020	6214	3
1020	6216	3
1020	6244	3
1020	6259	3
1020	6262	3
1020	6301	3
1020	6327	3
1020	6338	3
1020	6344	3
1020	6399	3
1020	6412	3
1020	6413	3
1020	6425	3
1020	6446	3
1020	6456	3
1020	6604	3
1020	6610	3
1020	6617	3
1020	6620	3
1020	6758	3
1020	6794	3
1020	6795	3
1020	6811	3
1020	6830	3
1020	6851	3
1020	6852	3
1020	6853	3
1020	6973	3
1020	7044	3
1020	7050	3
1020	7171	3
1020	7199	3
1020	7323	3
1020	7402	3
1020	7424	3
1020	7445	3
1020	7503	3
1020	7563	3
1020	7677	3
1020	7718	3
1020	8114	3
1020	8332	3
1021	5077	3
1026	1192	3
1027	1196	3
1027	2381	3
1028	4031	3
1030	1341	3
1030	1344	3
1030	5079	3
1030	5283	3
1031	1192	3
1031	1205	3
1032	1205	3
1037	1988	3
1040	5250	3
1044	5166	3
1045	1196	3
1045	1205	3
1045	5173	3
1050	4013	3
1050	5294	3
1053	5173	3
1053	5194	3
1057	5173	3
1059	5173	3
1064	5250	3
1066	5275	3
1066	6472	3
1067	5294	3
1068	1341	3
1068	1344	3
1068	5294	3
1069	5187	3
1069	5825	3
1076	5475	3
1076	6482	3
1077	1205	3
1077	2359	3
1078	1205	3
1078	2359	3
1078	2378	3
1080	1484	3
1085	2381	3
1088	5173	3
1088	5259	3
1090	1196	3
1090	1205	3
1090	5173	3
1090	5259	3
1090	5363	3
1094	6341	3
1103	5099	3
1103	5256	3
1110	1481	3
1113	1205	3
1120	1196	3
1120	1205	3
1121	5852	3
1123	5852	3
1124	1192	3
1124	1205	3
1124	4031	3
1125	5250	3
1129	5199	3
1131	1645	3
1131	1988	3
1131	5250	3
1132	5077	3
1132	5337	3
1135	1205	3
1135	5173	3
1136	1527	3
1136	5104	3
1141	1205	3
1142	5097	3
1142	5616	3
1142	5795	3
1143	1374	3
1143	2142	3
1145	5124	3
1150	1192	3
1155	5250	3
1156	5173	3
1159	5097	3
1159	5128	3
1159	5434	3
1160	5786	3
1160	5800	3
1162	5111	3
1165	1374	3
1165	5096	3
1165	5111	3
1166	5107	3
1171	5598	3
1173	1205	3
1173	5173	3
1175	5105	3
1177	1190	3
1180	1374	3
1180	5096	3
1180	5616	3
1180	5795	3
1182	1192	3
1182	2381	3
1182	5166	3
1182	5173	3
1186	1374	3
1186	6361	3
1188	2359	3
1188	2381	3
1190	1410	3
1190	1425	3
1190	2892	3
1192	1243	3
1192	1281	3
1192	1311	3
1192	1336	3
1192	1413	3
1192	1447	3
1192	1464	3
1192	1515	3
1192	2241	3
1192	2315	3
1192	2774	3
1192	2892	3
1192	3102	3
1192	4222	3
1192	4583	3
1192	5368	3
1192	5388	3
1192	5466	3
1192	5673	3
1192	5917	3
1192	6009	3
1192	6088	3
1192	6148	3
1192	6258	3
1192	6356	3
1192	6374	3
1192	6376	3
1192	6588	3
1192	6615	3
1192	6638	3
1192	6675	3
1192	6709	3
1192	6813	3
1192	6925	3
1192	6985	3
1192	7148	3
1192	7790	3
1192	7964	3
1192	7985	3
1192	8426	3
1193	5108	3
1195	5104	3
1196	1216	3
1196	1280	3
1196	1281	3
1196	1303	3
1196	5234	3
1198	1205	3
1199	1341	3
1199	1344	3
1200	1205	3
1200	2381	3
1201	1341	3
1201	1344	3
1203	1481	3
1203	2381	3
1203	2434	3
1203	5173	3
1203	5194	3
1203	6676	3
1205	1227	3
1205	1268	3
1205	1272	3
1205	1273	3
1205	1285	3
1205	1307	3
1205	1314	3
1205	1337	3
1205	1354	3
1205	1395	3
1205	1402	3
1205	1425	3
1205	1464	3
1205	1515	3
1205	1542	3
1205	1575	3
1205	1623	3
1205	1666	3
1205	1707	3
1205	1801	3
1205	1804	3
1205	1823	3
1205	1880	3
1205	1893	3
1205	1907	3
1205	1909	3
1205	1974	3
1205	1976	3
1205	2159	3
1205	2290	3
1205	2313	3
1205	2319	3
1205	2349	3
1205	2368	3
1205	2432	3
1205	2584	3
1205	2587	3
1205	2588	3
1205	2622	3
1205	2636	3
1205	2674	3
1205	2697	3
1205	2732	3
1205	2862	3
1205	2867	3
1205	2922	3
1205	2974	3
1205	3005	3
1205	3022	3
1205	3042	3
1205	3089	3
1205	3096	3
1205	3102	3
1205	3162	3
1205	3168	3
1205	3170	3
1205	3228	3
1205	3257	3
1205	3283	3
1205	3300	3
1205	3305	3
1205	3315	3
1205	3405	3
1205	3452	3
1205	3567	3
1205	3826	3
1205	3849	3
1205	3872	3
1205	3985	3
1205	3996	3
1205	4016	3
1205	4044	3
1205	4088	3
1205	4116	3
1205	4176	3
1205	4286	3
1205	4288	3
1205	4327	3
1205	4344	3
1205	4400	3
1205	4439	3
1205	4482	3
1205	4522	3
1205	4576	3
1205	4582	3
1205	4583	3
1205	4608	3
1205	4633	3
1205	4692	3
1205	4702	3
1205	4745	3
1205	4757	3
1205	4758	3
1205	4763	3
1205	4768	3
1205	4774	3
1205	4777	3
1205	4780	3
1205	4861	3
1205	4957	3
1205	4977	3
1205	5028	3
1205	5043	3
1205	5074	3
1205	5103	3
1205	5168	3
1205	5169	3
1205	5174	3
1205	5189	3
1205	5195	3
1205	5348	3
1205	5356	3
1205	5392	3
1205	5447	3
1205	5461	3
1205	5463	3
1205	5466	3
1205	5476	3
1205	5527	3
1205	5544	3
1205	5658	3
1205	5664	3
1205	5669	3
1205	5690	3
1205	5691	3
1205	5700	3
1205	5701	3
1205	5707	3
1205	5877	3
1205	5920	3
1205	5954	3
1205	6008	3
1205	6009	3
1205	6081	3
1205	6098	3
1205	6106	3
1205	6159	3
1205	6166	3
1205	6175	3
1205	6185	3
1205	6187	3
1205	6193	3
1205	6207	3
1205	6279	3
1205	6294	3
1205	6325	3
1205	6330	3
1205	6332	3
1205	6333	3
1205	6356	3
1205	6358	3
1205	6370	3
1205	6374	3
1205	6401	3
1205	6427	3
1205	6461	3
1205	6471	3
1205	6476	3
1205	6491	3
1205	6494	3
1205	6508	3
1205	6516	3
1205	6538	3
1205	6552	3
1205	6565	3
1205	6575	3
1205	6579	3
1205	6580	3
1205	6638	3
1205	6660	3
1205	6693	3
1205	6730	3
1205	6766	3
1205	6768	3
1205	6769	3
1205	6771	3
1205	6777	3
1205	6782	3
1205	6813	3
1205	6863	3
1205	6871	3
1205	6877	3
1205	6883	3
1205	6884	3
1205	6889	3
1205	6974	3
1205	6983	3
1205	7007	3
1205	7009	3
1205	7061	3
1205	7075	3
1205	7077	3
1205	7163	3
1205	7167	3
1205	7183	3
1205	7197	3
1205	7221	3
1205	7222	3
1205	7258	3
1205	7266	3
1205	7282	3
1205	7319	3
1205	7325	3
1205	7329	3
1205	7335	3
1205	7336	3
1205	7339	3
1205	7376	3
1205	7378	3
1205	7392	3
1205	7423	3
1205	7432	3
1205	7452	3
1205	7480	3
1205	7508	3
1205	7517	3
1205	7587	3
1205	7613	3
1205	7630	3
1205	7639	3
1205	7669	3
1205	7686	3
1205	7702	3
1205	7731	3
1205	7774	3
1205	7778	3
1205	7789	3
1205	7791	3
1205	7803	3
1205	7804	3
1205	7808	3
1205	7811	3
1205	7814	3
1205	7826	3
1205	7830	3
1205	7856	3
1205	7949	3
1205	7953	3
1205	7990	3
1205	7991	3
1205	7994	3
1205	7995	3
1205	8069	3
1205	8117	3
1205	8262	3
1205	8394	3
1205	8398	3
1222	5173	3
1222	5259	3
1225	1374	3
1225	5096	3
1227	2381	3
1227	5108	3
1227	5125	3
1228	5177	3
1229	1645	3
1229	5079	3
1229	5283	3
1229	5850	3
1230	1374	3
1230	6361	3
1233	1374	3
1234	1374	3
1234	6361	3
1236	5616	3
1236	5705	3
1237	1645	3
1237	5250	3
1237	5434	3
1237	5616	3
1237	5694	3
1237	5795	3
1238	5616	3
1238	5795	3
1238	5800	3
1238	5850	3
1239	5332	3
1241	5616	3
1241	5694	3
1241	5705	3
1241	5795	3
1242	1374	3
1244	1374	3
1244	5096	3
1247	5166	3
1259	5253	3
1264	1485	3
1264	5695	3
1268	2381	3
1268	4031	3
1268	5125	3
1268	5259	3
1274	5173	3
1277	5253	3
1279	5199	3
1281	5406	3
1284	5303	3
1285	5083	3
1285	5087	3
1291	5497	3
1293	1341	3
1293	1344	3
1296	5090	3
1306	6361	3
1309	1484	3
1310	5108	3
1313	5255	3
1314	5083	3
1314	5087	3
1315	5099	3
1317	1341	3
1317	1344	3
1326	1481	3
1329	2381	3
1330	5504	3
1331	5253	3
1334	5107	3
1334	5910	3
1335	5261	3
1341	1500	3
1344	1500	3
1344	4198	3
1344	6016	3
1348	5363	3
1348	6472	3
1351	2886	3
1351	3416	3
1351	3729	3
1351	3851	3
1351	5156	3
1351	5478	3
1351	6378	3
1351	6749	3
1351	6896	3
1351	6897	3
1351	6939	3
1351	6947	3
1356	5104	3
1357	1485	3
1357	5695	3
1358	1374	3
1360	1481	3
1361	5255	3
1364	5173	3
1365	1374	3
1365	5079	3
1365	5283	3
1366	1487	3
1371	5107	3
1372	5107	3
1374	1383	3
1374	1427	3
1374	1465	3
1374	1498	3
1374	1799	3
1374	1870	3
1374	1887	3
1374	1913	3
1374	1915	3
1374	1916	3
1374	1921	3
1374	1964	3
1374	2076	3
1374	2195	3
1374	2296	3
1374	2372	3
1374	2418	3
1374	2569	3
1374	2595	3
1374	2600	3
1374	2613	3
1374	2665	3
1374	2719	3
1374	2747	3
1374	2750	3
1374	2788	3
1374	2805	3
1374	2817	3
1374	2929	3
1374	2980	3
1374	3012	3
1374	3036	3
1374	3047	3
1374	3122	3
1374	3134	3
1374	3136	3
1374	3147	3
1374	3193	3
1374	3331	3
1374	3450	3
1374	3504	3
1374	3639	3
1374	3665	3
1374	3700	3
1374	3717	3
1374	4069	3
1374	4102	3
1374	4207	3
1374	4237	3
1374	4242	3
1374	4273	3
1374	4612	3
1374	4696	3
1374	4902	3
1374	4919	3
1374	4929	3
1374	4974	3
1374	5198	3
1374	5215	3
1374	5362	3
1374	5385	3
1374	5426	3
1374	5468	3
1374	5484	3
1374	5514	3
1374	5601	3
1374	5642	3
1374	5793	3
1374	5806	3
1374	5815	3
1374	5849	3
1374	5922	3
1374	5956	3
1374	6096	3
1374	6104	3
1374	6142	3
1374	6150	3
1374	6184	3
1374	6201	3
1374	6420	3
1374	6451	3
1374	6460	3
1374	6611	3
1374	6740	3
1374	6878	3
1374	6888	3
1374	7033	3
1374	7097	3
1374	7101	3
1374	7117	3
1374	7120	3
1374	7254	3
1374	7262	3
1374	7463	3
1374	7705	3
1374	7767	3
1374	8000	3
1374	8120	3
1374	8344	3
1376	5481	3
1380	2360	3
1383	5096	3
1383	5694	3
1390	5125	3
1392	6341	3
1397	5319	3
1397	5649	3
1408	2381	3
1411	5047	3
1411	5085	3
1411	5250	3
1411	5315	3
1412	5099	3
1412	5303	3
1423	5199	3
1425	2381	3
1425	5158	3
1425	5175	3
1433	1481	3
1435	1481	3
1435	5104	3
1439	5079	3
1439	5283	3
1439	5504	3
1440	1988	3
1440	5250	3
1440	5430	3
1440	5434	3
1441	5125	3
1443	7011	3
1448	2378	3
1450	1484	3
1450	5317	3
1451	5300	3
1451	5335	3
1451	5776	3
1451	6676	3
1459	5104	3
1461	5481	3
1462	5107	3
1464	4031	3
1465	6361	3
1469	5953	3
1472	5481	3
1479	2499	3
1479	3101	3
1481	1487	3
1481	1622	3
1481	1765	3
1481	1792	3
1481	1848	3
1481	2003	3
1481	2065	3
1481	2468	3
1481	3001	3
1481	3123	3
1481	3696	3
1481	4092	3
1481	4301	3
1481	4884	3
1481	4917	3
1481	5868	3
1481	6134	3
1481	7297	3
1484	5771	3
1484	7297	3
1485	5196	3
1485	5236	3
1485	5442	3
1485	5942	3
1485	6306	3
1485	6487	3
1485	6980	3
1485	7145	3
1485	7153	3
1485	7289	3
1485	7733	3
1485	7735	3
1485	7917	3
1485	7971	3
1485	8223	3
1485	8271	3
1485	8281	3
1485	8288	3
1487	5259	3
1497	5303	3
1498	5694	3
1503	5096	3
1505	5479	3
1507	5107	3
1507	5445	3
1508	2381	3
1515	2378	3
1515	2381	3
1515	3810	3
1515	3822	3
1519	4483	3
1524	5150	3
1526	2378	3
1527	6251	3
1527	7870	3
1535	2360	3
1535	2378	3
1535	3822	3
1541	5104	3
1542	4423	3
1543	5150	3
1550	4031	3
1562	1645	3
1562	5102	3
1562	5128	3
1562	6312	3
1563	5140	3
1568	3810	3
1568	3822	3
1568	4423	3
1568	5108	3
1568	5152	3
1568	5166	3
1570	5774	3
1570	8110	3
1572	5079	3
1572	5081	3
1572	5283	3
1575	2381	3
1575	5175	3
1583	5776	3
1583	6033	3
1583	6676	3
1589	4483	3
1589	4967	3
1590	5080	3
1590	6312	3
1591	5255	3
1603	1844	3
1605	8346	3
1606	1844	3
1606	5201	3
1612	7142	3
1615	4031	3
1617	5081	3
1622	2434	3
1622	5194	3
1622	6181	3
1626	4483	3
1626	4967	3
1629	1645	3
1629	5102	3
1629	5434	3
1633	5324	3
1634	5888	3
1634	6012	3
1634	6751	3
1634	7873	3
1639	5825	3
1640	5325	3
1645	1690	3
1645	2161	3
1645	2265	3
1645	2298	3
1645	2345	3
1645	2507	3
1645	2593	3
1645	2765	3
1645	2801	3
1645	3280	3
1645	3289	3
1645	3540	3
1645	4369	3
1645	4603	3
1645	4695	3
1645	5102	3
1645	5161	3
1645	5272	3
1645	5274	3
1645	5285	3
1645	5646	3
1645	5657	3
1645	5734	3
1645	5749	3
1645	5890	3
1645	5908	3
1645	5943	3
1645	5978	3
1645	6151	3
1645	6155	3
1645	6186	3
1645	6228	3
1645	6269	3
1645	6397	3
1645	6402	3
1645	6407	3
1645	6463	3
1645	6556	3
1645	6665	3
1645	6672	3
1645	6725	3
1645	6755	3
1645	6756	3
1645	6781	3
1645	6803	3
1645	6809	3
1645	6824	3
1645	6831	3
1645	6842	3
1645	6892	3
1645	6893	3
1645	6900	3
1645	6919	3
1645	6966	3
1645	6977	3
1645	6988	3
1645	7002	3
1645	7064	3
1645	7065	3
1645	7125	3
1645	7187	3
1645	7202	3
1645	7247	3
1645	7468	3
1645	7469	3
1645	7492	3
1645	7495	3
1645	7510	3
1645	7566	3
1645	7578	3
1645	7625	3
1645	7633	3
1645	7722	3
1645	7766	3
1645	7837	3
1645	7852	3
1645	7899	3
1645	7988	3
1645	8422	3
1654	1692	3
1654	8048	3
1665	5135	3
1665	5295	3
1666	2381	3
1668	5083	3
1668	5087	3
1668	5140	3
1669	4031	3
1669	5108	3
1673	5079	3
1673	5283	3
1674	4031	3
1688	5079	3
1688	5283	3
1690	5102	3
1690	5250	3
1690	5434	3
1691	5108	3
1692	4730	3
1692	8048	3
1693	5081	3
1694	5173	3
1697	5173	3
1698	5104	3
1698	5332	3
1701	5398	3
1702	6312	3
1717	5097	3
1717	5295	3
1717	6211	3
1718	3419	3
1722	4388	3
1722	4389	3
1723	5080	3
1723	5102	3
1723	5133	3
1723	6312	3
1726	5254	3
1733	5090	3
1733	5255	3
1734	5081	3
1735	5102	3
1735	5133	3
1735	5250	3
1735	6312	3
1736	2378	3
1740	5081	3
1741	5255	3
1750	5219	3
1751	4031	3
1759	5047	3
1759	5085	3
1760	4388	3
1760	4389	3
1765	6655	3
1766	2381	3
1768	2381	3
1770	4388	3
1773	2381	3
1773	5295	3
1775	4389	3
1783	5099	3
1785	5255	3
1786	5255	3
1791	4388	3
1795	4388	3
1799	5255	3
1801	3822	3
1801	4423	3
1803	1844	3
1804	2381	3
1804	5408	3
1807	4388	3
1807	4389	3
1807	5406	3
1807	5529	3
1807	6211	3
1811	5102	3
1811	5255	3
1814	5158	3
1815	5158	3
1815	5175	3
1817	5332	3
1822	4388	3
1822	4389	3
1822	5332	3
1822	7225	3
1823	2360	3
1823	2381	3
1833	5255	3
1835	5760	3
1837	5085	3
1838	5083	3
1838	5087	3
1838	5140	3
1838	5255	3
1840	4423	3
1842	4388	3
1844	1863	3
1844	1920	3
1844	2048	3
1844	2075	3
1844	2185	3
1844	2218	3
1844	2778	3
1844	4005	3
1844	4169	3
1844	4855	3
1848	2434	3
1848	4483	3
1848	5194	3
1848	6181	3
1850	2381	3
1851	5255	3
1854	5107	3
1854	5201	3
1855	4388	3
1856	4388	3
1856	4389	3
1857	2381	3
1858	4483	3
1860	4388	3
1865	5255	3
1867	4031	3
1870	5296	3
1870	5430	3
1871	5255	3
1873	5255	3
1875	5332	3
1880	2381	3
1880	5256	3
1880	5332	3
1882	5262	3
1887	5315	3
1892	4388	3
1892	6126	3
1893	2378	3
1895	5309	3
1900	5255	3
1903	5158	3
1905	2378	3
1905	3822	3
1905	4423	3
1905	5332	3
1906	4423	3
1907	2378	3
1907	2381	3
1907	5079	3
1909	2381	3
1910	4423	3
1912	2360	3
1912	5332	3
1916	5096	3
1921	5096	3
1921	5255	3
1923	5107	3
1924	5090	3
1927	5150	3
1928	5079	3
1928	5283	3
1929	2378	3
1929	2381	3
1929	4423	3
1932	4388	3
1932	4389	3
1936	5201	3
1938	3810	3
1941	5179	3
1945	4031	3
1953	4388	3
1953	4389	3
1954	5694	3
1954	5705	3
1957	6138	3
1958	4031	3
1961	5099	3
1964	5096	3
1964	5705	3
1968	5255	3
1969	4389	3
1977	5398	3
1978	5083	3
1978	5087	3
1978	5140	3
1982	4388	3
1982	4389	3
1988	2661	3
1988	3979	3
1988	5250	3
1988	6490	3
1988	6783	3
1989	5080	3
1989	6312	3
1992	5108	3
1993	5096	3
2003	2434	3
2003	5194	3
2004	5083	3
2004	5087	3
2014	5541	3
2019	5365	3
2023	5173	3
2024	5325	3
2025	2381	3
2025	5244	3
2032	5080	3
2032	5102	3
2032	6312	3
2038	4031	3
2038	5280	3
2045	4031	3
2046	2434	3
2047	6676	3
2048	5201	3
2049	2381	3
2055	5254	3
2056	2381	3
2056	5081	3
2058	5295	3
2059	4031	3
2059	7885	3
2065	2434	3
2065	4967	3
2065	5194	3
2070	2170	3
2072	5099	3
2072	5177	3
2075	5201	3
2076	5096	3
2081	5252	3
2082	2381	3
2083	4388	3
2083	4389	3
2090	4388	3
2090	4389	3
2090	5332	3
2092	5083	3
2092	5087	3
2094	4389	3
2095	3880	3
2097	5325	3
2098	5187	3
2100	2378	3
2104	5113	3
2105	5255	3
2106	5255	3
2106	6361	3
2107	5255	3
2109	5121	3
2109	5332	3
2115	5255	3
2116	5309	3
2116	5524	3
2119	6361	3
2120	4031	3
2124	5083	3
2124	5087	3
2124	5140	3
2138	5079	3
2138	5283	3
2141	7846	3
2141	8056	3
2142	3002	3
2142	4084	3
2142	7361	3
2143	5079	3
2143	5097	3
2143	5351	3
2146	5187	3
2147	2381	3
2147	5079	3
2147	5283	3
2154	5079	3
2154	5283	3
2155	4388	3
2155	4389	3
2156	5255	3
2157	5317	3
2159	2378	3
2160	5090	3
2161	5250	3
2163	2526	3
2164	6999	3
2164	7029	3
2165	2360	3
2165	2378	3
2165	4423	3
2167	2360	3
2167	2378	3
2168	5083	3
2168	5255	3
2170	4431	3
2170	5562	3
2170	6403	3
2170	6672	3
2170	6725	3
2170	7026	3
2170	7043	3
2171	5175	3
2172	5104	3
2173	5081	3
2174	4388	3
2174	4389	3
2175	5113	3
2175	5555	3
2182	5255	3
2190	5325	3
2191	5475	3
2192	7225	3
2198	5555	3
2198	6138	3
2203	5121	3
2205	5332	3
2208	5325	3
2209	5104	3
2214	2434	3
2218	5201	3
2221	3810	3
2223	6138	3
2224	6578	3
2225	5090	3
2232	5254	3
2233	5158	3
2233	5175	3
2234	5104	3
2242	5080	3
2242	6312	3
2245	5255	3
2250	4389	3
2258	5158	3
2259	5158	3
2262	5365	3
2263	4255	3
2263	5187	3
2263	5244	3
2263	5533	3
2265	5694	3
2266	2359	3
2266	2381	3
2270	5158	3
2270	5175	3
2272	5332	3
2275	4388	3
2275	4389	3
2276	2381	3
2276	7058	3
2285	5128	3
2285	6312	3
2291	5175	3
2300	7634	3
2303	2360	3
2303	2378	3
2303	2381	3
2304	4388	3
2304	4389	3
2305	2359	3
2305	2381	3
2305	4423	3
2305	5079	3
2305	5283	3
2307	2359	3
2307	2381	3
2307	4423	3
2307	5079	3
2307	5152	3
2307	5283	3
2308	5335	3
2311	5158	3
2313	2381	3
2314	2381	3
2315	2359	3
2315	2381	3
2315	2526	3
2316	3880	3
2316	5294	3
2317	2381	3
2318	5194	3
2319	2360	3
2319	2381	3
2320	2359	3
2320	2381	3
2322	5080	3
2322	5133	3
2323	5317	3
2324	6655	3
2326	5194	3
2328	4388	3
2328	4389	3
2332	5083	3
2332	5255	3
2333	4967	3
2333	5158	3
2334	2381	3
2334	5332	3
2337	5083	3
2337	5087	3
2337	5140	3
2339	4031	3
2342	5294	3
2344	4388	3
2344	4389	3
2346	4389	3
2347	4388	3
2350	5255	3
2351	5255	3
2355	2915	3
2359	2368	3
2359	2425	3
2359	2715	3
2359	2745	3
2359	2967	3
2359	2969	3
2359	3102	3
2359	3185	3
2359	3638	3
2359	3846	3
2359	3946	3
2359	3978	3
2359	4220	3
2359	4398	3
2359	4405	3
2359	4583	3
2359	4757	3
2359	4774	3
2359	5074	3
2359	5380	3
2359	5611	3
2359	6310	3
2359	6382	3
2359	6591	3
2359	6805	3
2359	7066	3
2359	7156	3
2359	7329	3
2359	7412	3
2359	7452	3
2359	7600	3
2359	7647	3
2359	7872	3
2359	8117	3
2359	8323	3
2360	2540	3
2360	3638	3
2360	3677	3
2360	3715	3
2360	3764	3
2360	3996	3
2360	4055	3
2360	4066	3
2360	4067	3
2360	4535	3
2360	4584	3
2360	4782	3
2360	4793	3
2360	4944	3
2360	4959	3
2360	5074	3
2360	6730	3
2360	6742	3
2360	7096	3
2360	7103	3
2360	7822	3
2363	4388	3
2369	5430	3
2372	5255	3
2373	5081	3
2376	2526	3
2378	2618	3
2378	2629	3
2378	3031	3
2378	3032	3
2378	3056	3
2378	3089	3
2378	3391	3
2378	3677	3
2378	3715	3
2378	3764	3
2378	3996	3
2378	4016	3
2378	4055	3
2378	4066	3
2378	4067	3
2378	4567	3
2378	4584	3
2378	4623	3
2378	4649	3
2378	4944	3
2378	4959	3
2378	6730	3
2378	6742	3
2378	7096	3
2378	7103	3
2378	7697	3
2378	8339	3
2381	2501	3
2381	2566	3
2381	2614	3
2381	2629	3
2381	2652	3
2381	2715	3
2381	2795	3
2381	2799	3
2381	2967	3
2381	2969	3
2381	2986	3
2381	3004	3
2381	3006	3
2381	3042	3
2381	3089	3
2381	3102	3
2381	3162	3
2381	3170	3
2381	3185	3
2381	3202	3
2381	3208	3
2381	3291	3
2381	3378	3
2381	3452	3
2381	3552	3
2381	3638	3
2381	3666	3
2381	3704	3
2381	3845	3
2381	3846	3
2381	3847	3
2381	3858	3
2381	3894	3
2381	3895	3
2381	3925	3
2381	3946	3
2381	3978	3
2381	4024	3
2381	4079	3
2381	4081	3
2381	4208	3
2381	4220	3
2381	4262	3
2381	4286	3
2381	4288	3
2381	4327	3
2381	4398	3
2381	4405	3
2381	4427	3
2381	4439	3
2381	4450	3
2381	4530	3
2381	4556	3
2381	4576	3
2381	4583	3
2381	4584	3
2381	4608	3
2381	4623	3
2381	4745	3
2381	4752	3
2381	4757	3
2381	4763	3
2381	4774	3
2381	4977	3
2381	5043	3
2381	5048	3
2381	5074	3
2381	5120	3
2381	5190	3
2381	5348	3
2381	5350	3
2381	5361	3
2381	5380	3
2381	5433	3
2381	5447	3
2381	5460	3
2381	5466	3
2381	5495	3
2381	5512	3
2381	5515	3
2381	5535	3
2381	5585	3
2381	5591	3
2381	5609	3
2381	5669	3
2381	5690	3
2381	5691	3
2381	5920	3
2381	5921	3
2381	5948	3
2381	5974	3
2381	6008	3
2381	6009	3
2381	6023	3
2381	6083	3
2381	6128	3
2381	6187	3
2381	6189	3
2381	6192	3
2381	6193	3
2381	6284	3
2381	6294	3
2381	6310	3
2381	6334	3
2381	6337	3
2381	6371	3
2381	6382	3
2381	6401	3
2381	6427	3
2381	6461	3
2381	6471	3
2381	6476	3
2381	6508	3
2381	6516	3
2381	6531	3
2381	6535	3
2381	6560	3
2381	6579	3
2381	6587	3
2381	6591	3
2381	6660	3
2381	6667	3
2381	6678	3
2381	6683	3
2381	6691	3
2381	6693	3
2381	6705	3
2381	6724	3
2381	6812	3
2381	6863	3
2381	6864	3
2381	6866	3
2381	6867	3
2381	6871	3
2381	6884	3
2381	6926	3
2381	6942	3
2381	6943	3
2381	7009	3
2381	7061	3
2381	7066	3
2381	7075	3
2381	7077	3
2381	7079	3
2381	7127	3
2381	7131	3
2381	7156	3
2381	7163	3
2381	7180	3
2381	7233	3
2381	7252	3
2381	7255	3
2381	7266	3
2381	7282	3
2381	7284	3
2381	7329	3
2381	7338	3
2381	7339	3
2381	7345	3
2381	7412	3
2381	7476	3
2381	7522	3
2381	7533	3
2381	7535	3
2381	7600	3
2381	7605	3
2381	7613	3
2381	7636	3
2381	7653	3
2381	7731	3
2381	7738	3
2381	7818	3
2381	7886	3
2381	7980	3
2381	8221	3
2381	8228	3
2381	8292	3
2381	8307	3
2381	8311	3
2381	8400	3
2381	8416	3
2381	8455	3
2384	2505	3
2384	6767	3
2384	7114	3
2389	5162	3
2390	4388	3
2395	3822	3
2400	5140	3
2401	2526	3
2402	2526	3
2406	4031	3
2407	5280	3
2421	4031	3
2423	5081	3
2426	5187	3
2428	5079	3
2428	5087	3
2428	5108	3
2428	5283	3
2432	4031	3
2434	2468	3
2434	2891	3
2434	2937	3
2434	3088	3
2434	3137	3
2434	3441	3
2434	4585	3
2434	4845	3
2434	4877	3
2434	5428	3
2434	5595	3
2434	6349	3
2434	6818	3
2434	7300	3
2434	7898	3
2434	8435	3
2435	5081	3
2436	5238	3
2436	5475	3
2437	4388	3
2438	5187	3
2442	5047	3
2442	5085	3
2442	5124	3
2442	5219	3
2442	5760	3
2444	6181	3
2447	4388	3
2452	4483	3
2453	3822	3
2453	5079	3
2453	5283	3
2470	4076	3
2471	4076	3
2479	6312	3
2480	3822	3
2484	5081	3
2486	5325	3
2488	5158	3
2491	5275	3
2492	5250	3
2496	5705	3
2500	5481	3
2501	2526	3
2502	5317	3
2507	5102	3
2507	5135	3
2507	5255	3
2509	5158	3
2511	4388	3
2511	4389	3
2511	7225	3
2512	4388	3
2512	4389	3
2514	5079	3
2514	5097	3
2514	5283	3
2515	4031	3
2521	4031	3
2523	5102	3
2523	6312	3
2526	2646	3
2526	2681	3
2526	2693	3
2526	2799	3
2526	2989	3
2526	3102	3
2526	3208	3
2526	3351	3
2526	3370	3
2526	3459	3
2526	3557	3
2526	3575	3
2526	3741	3
2526	3753	3
2526	3847	3
2526	4015	3
2526	4021	3
2526	4081	3
2526	4215	3
2526	4226	3
2526	4339	3
2526	4346	3
2526	4373	3
2526	4405	3
2526	4578	3
2526	4763	3
2526	4829	3
2526	5002	3
2526	5074	3
2526	5465	3
2526	5834	3
2526	6063	3
2526	6275	3
2526	6282	3
2526	6658	3
2526	6661	3
2526	6670	3
2526	6671	3
2526	6677	3
2526	6702	3
2526	7122	3
2526	7178	3
2526	7180	3
2526	7310	3
2526	7320	3
2526	7352	3
2526	7544	3
2526	7549	3
2526	7550	3
2526	7551	3
2526	7554	3
2526	7557	3
2526	7562	3
2526	7610	3
2526	7696	3
2526	7699	3
2526	7719	3
2526	7725	3
2526	7895	3
2526	7910	3
2526	7918	3
2526	8036	3
2526	8256	3
2526	8452	3
2534	5187	3
2534	5825	3
2534	7227	3
2535	5325	3
2538	5324	3
2538	6078	3
2544	5255	3
2545	5255	3
2546	5250	3
2548	5255	3
2549	5255	3
2552	5332	3
2554	5255	3
2559	5332	3
2568	5079	3
2568	5283	3
2569	5096	3
2569	5795	3
2569	5850	3
2570	5351	3
2572	5325	3
2580	5250	3
2584	5079	3
2584	5283	3
2592	5219	3
2593	5102	3
2593	6312	3
2594	5080	3
2594	5102	3
2594	5133	3
2594	6312	3
2595	5255	3
2599	5158	3
2599	5175	3
2602	5479	3
2603	5124	3
2603	5219	3
2604	5081	3
2609	6125	3
2610	5255	3
2614	5090	3
2614	5097	3
2614	5140	3
2614	5295	3
2614	6211	3
2615	3822	3
2618	4423	3
2623	5090	3
2623	5295	3
2629	4423	3
2631	5255	3
2636	4031	3
2636	5158	3
2640	4388	3
2645	5255	3
2651	5175	3
2652	5081	3
2652	5324	3
2653	5250	3
2653	5430	3
2657	5250	3
2660	5175	3
2661	3979	3
2661	5250	3
2674	5125	3
2674	5158	3
2674	5332	3
2675	5121	3
2682	5546	3
2683	5325	3
2685	4388	3
2690	4388	3
2690	4389	3
2697	5317	3
2699	5325	3
2701	5121	3
2702	5099	3
2710	5081	3
2710	5238	3
2710	5475	3
2714	5317	3
2719	6361	3
2723	5158	3
2730	5090	3
2730	5140	3
2733	5083	3
2733	5090	3
2733	5097	3
2733	5140	3
2745	5275	3
2748	5158	3
2753	5090	3
2764	5166	3
2765	5102	3
2765	5250	3
2767	5099	3
2767	5349	3
2767	5497	3
2772	5047	3
2776	5173	3
2777	4388	3
2778	5201	3
2778	5854	3
2778	7014	3
2778	7095	3
2782	5152	3
2788	5096	3
2788	5694	3
2792	5083	3
2792	5087	3
2792	5140	3
2792	5518	3
2795	5280	3
2797	5255	3
2800	5194	3
2801	5102	3
2801	5434	3
2804	5081	3
2805	5096	3
2807	5081	3
2807	5164	3
2808	6361	3
2810	5255	3
2811	5083	3
2811	5087	3
2811	5760	3
2812	5104	3
2813	4423	3
2814	5083	3
2814	5087	3
2814	5090	3
2814	5140	3
2815	5351	3
2817	5096	3
2818	5255	3
2819	5135	3
2822	5140	3
2829	5201	3
2833	5324	3
2833	5337	3
2835	5083	3
2835	5087	3
2835	5140	3
2844	5175	3
2845	5398	3
2848	5255	3
2850	5111	3
2856	5408	3
2856	5479	3
2857	5694	3
2857	5705	3
2858	5081	3
2862	5408	3
2867	5332	3
2875	5280	3
2876	5081	3
2879	5102	3
2879	6312	3
2880	5187	3
2880	5825	3
2881	5081	3
2883	5081	3
2883	5164	3
2887	4031	3
2892	5175	3
2893	4388	3
2893	4389	3
2895	5332	3
2896	5315	3
2901	5166	3
2909	5158	3
2909	5175	3
2910	5317	3
2915	5946	3
2915	7396	3
2915	7944	3
2915	8078	3
2924	4389	3
2928	4388	3
2928	4389	3
2929	5096	3
2930	5079	3
2930	5283	3
2933	5140	3
2933	6578	3
2935	5080	3
2939	5760	3
2941	5256	3
2944	5158	3
2946	4031	3
2951	5254	3
2952	4031	3
2960	4031	3
2968	4388	3
2968	4389	3
2968	5406	3
2972	5083	3
2972	5087	3
2972	5140	3
2975	5705	3
2976	5187	3
2976	5825	3
2980	5096	3
2980	5694	3
2981	5175	3
2984	5253	3
2993	5250	3
2995	3880	3
2995	5546	3
3002	5083	3
3002	5087	3
3005	5275	3
3007	5090	3
3007	5295	3
3012	5694	3
3012	5705	3
3020	5047	3
3020	5124	3
3021	5219	3
3022	5113	3
3032	4423	3
3039	5294	3
3042	5332	3
3044	5255	3
3045	5140	3
3054	5164	3
3062	6078	3
3062	6238	3
3068	5262	3
3070	5083	3
3070	5087	3
3070	5140	3
3076	4031	3
3076	5280	3
3077	5108	3
3084	8147	3
3087	4031	3
3087	5363	3
3089	5121	3
3089	5332	3
3092	6655	3
3094	5113	3
3096	4031	3
3096	5173	3
3097	3822	3
3100	4031	3
3109	5083	3
3109	5087	3
3110	5192	3
3111	5124	3
3121	5107	3
3121	5250	3
3122	5694	3
3128	5255	3
3129	5283	3
3134	5255	3
3136	5096	3
3136	5140	3
3139	5244	3
3140	5255	3
3140	5616	3
3140	5694	3
3140	5705	3
3140	5795	3
3146	4388	3
3147	5430	3
3150	5104	3
3150	5332	3
3151	5173	3
3151	5363	3
3156	4031	3
3159	6181	3
3164	5135	3
3167	5275	3
3168	5280	3
3169	5238	3
3169	5475	3
3171	4423	3
3174	5296	3
3177	5335	3
3186	5194	3
3192	5244	3
3196	5187	3
3196	5825	3
3215	4388	3
3215	4389	3
3218	5099	3
3226	5524	3
3236	5090	3
3238	3304	3
3238	8148	3
3238	8171	3
3240	6887	3
3240	6895	3
3240	8102	3
3249	5079	3
3249	5283	3
3250	5079	3
3250	5121	3
3250	5283	3
3250	5504	3
3252	5083	3
3252	5087	3
3252	5140	3
3252	5219	3
3257	5166	3
3260	5182	3
3266	5099	3
3267	5158	3
3269	4414	3
3270	4076	3
3271	5325	3
3276	4031	3
3276	5280	3
3278	4414	3
3280	5102	3
3283	5332	3
3284	5140	3
3284	5255	3
3286	5090	3
3287	5760	3
3289	5351	3
3298	4255	3
3300	4031	3
3301	4255	3
3302	5079	3
3302	5283	3
3308	5079	3
3308	5097	3
3308	5283	3
3310	5173	3
3311	5275	3
3318	5081	3
3327	5219	3
3328	5300	3
3331	5096	3
3332	5164	3
3343	4388	3
3349	4031	3
3353	4388	3
3354	5250	3
3357	4031	3
3357	5108	3
3358	5152	3
3358	5408	3
3362	5083	3
3362	5087	3
3362	5140	3
3366	4967	3
3366	5158	3
3369	4388	3
3369	4389	3
3372	5825	3
3374	4388	3
3378	5081	3
3387	5555	3
3389	4031	3
3389	5275	3
3394	5158	3
3395	5158	3
3399	4388	3
3411	5280	3
3412	5324	3
3412	7727	3
3416	5133	3
3416	5177	3
3418	5255	3
3431	5108	3
3437	5104	3
3439	6181	3
3445	5332	3
3450	5296	3
3451	5255	3
3465	5616	3
3465	5694	3
3465	5705	3
3465	5795	3
3471	4255	3
3476	3810	3
3476	3822	3
3476	4423	3
3479	4031	3
3480	4031	3
3481	5324	3
3481	5337	3
3483	5083	3
3483	5087	3
3483	5090	3
3483	5140	3
3483	5219	3
3493	5079	3
3493	5087	3
3493	5140	3
3493	5219	3
3493	5283	3
3493	7823	3
3499	5079	3
3499	5135	3
3499	5283	3
3499	6541	3
3500	5083	3
3500	5087	3
3500	5219	3
3501	5135	3
3515	5194	3
3516	5694	3
3516	5705	3
3521	4031	3
3525	5079	3
3525	5283	3
3525	5295	3
3532	6181	3
3535	5121	3
3536	5324	3
3540	5102	3
3540	6312	3
3541	5158	3
3541	5175	3
3542	5325	3
3543	6541	3
3547	4031	3
3549	5616	3
3549	5795	3
3550	5280	3
3551	5280	3
3552	5152	3
3556	3979	3
3556	5250	3
3566	5337	3
3566	5522	3
3567	5173	3
3571	5705	3
3571	5800	3
3582	5705	3
3583	5107	3
3586	5201	3
3590	5125	3
3590	5158	3
3590	5175	3
3593	5319	3
3594	4388	3
3594	4389	3
3596	5087	3
3597	5506	3
3599	5083	3
3599	5087	3
3601	5250	3
3602	5108	3
3609	5795	3
3610	6266	3
3611	5242	3
3611	6181	3
3612	5182	3
3615	5090	3
3616	4388	3
3620	6181	3
3623	5325	3
3629	5173	3
3638	3822	3
3638	5079	3
3638	5283	3
3639	5694	3
3639	5705	3
3642	5250	3
3650	5097	3
3652	5081	3
3656	5047	3
3658	5275	3
3666	5108	3
3667	5077	3
3668	5085	3
3668	5162	3
3668	5262	3
3668	5315	3
3671	5408	3
3675	5083	3
3675	5087	3
3675	5140	3
3675	5219	3
3675	5518	3
3676	5219	3
3677	5079	3
3677	5283	3
3689	5280	3
3695	5194	3
3695	5309	3
3695	6181	3
3701	5325	3
3703	5108	3
3705	5219	3
3706	5219	3
3707	5255	3
3710	5616	3
3710	5694	3
3710	5705	3
3710	5795	3
3716	5255	3
3717	5795	3
3719	4031	3
3723	5250	3
3725	5121	3
3725	5332	3
3726	5255	3
3733	5275	3
3733	5555	3
3738	5083	3
3738	5087	3
3738	5090	3
3738	5140	3
3738	5219	3
3745	5555	3
3751	7190	3
3754	5776	3
3758	5760	3
3759	5081	3
3759	5108	3
3762	5317	3
3762	5332	3
3763	5083	3
3763	5087	3
3764	5108	3
3766	5158	3
3772	5255	3
3773	5533	3
3779	3822	3
3781	5325	3
3786	6441	3
3788	6181	3
3789	4076	3
3789	5099	3
3789	5177	3
3796	5140	3
3802	5522	3
3805	5104	3
3808	5242	3
3808	6181	3
3810	4584	3
3810	5220	3
3810	5239	3
3810	6309	3
3810	8240	3
3813	6181	3
3816	6181	3
3817	5158	3
3818	5481	3
3820	5158	3
3822	3996	3
3822	4019	3
3822	4944	3
3822	4959	3
3822	5891	3
3822	6000	3
3822	6084	3
3822	6200	3
3822	6730	3
3822	7096	3
3822	7232	3
3822	7886	3
3822	7943	3
3822	7962	3
3822	8198	3
3822	8206	3
3827	5262	3
3831	4388	3
3844	4388	3
3845	5079	3
3845	5283	3
3850	4031	3
3870	5255	3
3877	5408	3
3880	4205	3
3885	5187	3
3885	5825	3
3886	5083	3
3886	5087	3
3891	5255	3
3893	5335	3
3899	5705	3
3903	5325	3
3904	5555	3
3906	5219	3
3907	5158	3
3910	5219	3
3910	5315	3
3919	5107	3
3923	5317	3
3925	5081	3
3927	5079	3
3927	5283	3
3929	5083	3
3929	5087	3
3929	5140	3
3930	5453	3
3931	6181	3
3932	6078	3
3935	5255	3
3944	5317	3
3946	5332	3
3949	4423	3
3959	5255	3
3961	5335	3
3963	4031	3
3963	5259	3
3964	5158	3
3966	4388	3
3972	5175	3
3974	5194	3
3981	5194	3
3981	5335	3
3982	5194	3
3982	5335	3
3984	5325	3
3995	5187	3
4003	5194	3
4003	5335	3
4010	5255	3
4012	5324	3
4013	4252	3
4013	5835	3
4013	6178	3
4013	6422	3
4013	6480	3
4013	7572	3
4013	7690	3
4019	4423	3
4022	5108	3
4022	5152	3
4027	5255	3
4028	6181	3
4031	4095	3
4031	4129	3
4031	4158	3
4031	4222	3
4031	4302	3
4031	4413	3
4031	4418	3
4031	4434	3
4031	4445	3
4031	4470	3
4031	4583	3
4031	4628	3
4031	4639	3
4031	4732	3
4031	4793	3
4031	4800	3
4031	4811	3
4031	4978	3
4031	4986	3
4031	5016	3
4031	5172	3
4031	5211	3
4031	5223	3
4031	5299	3
4031	5307	3
4031	5341	3
4031	5354	3
4031	5461	3
4031	5500	3
4031	5526	3
4031	5527	3
4031	5704	3
4031	5836	3
4031	5840	3
4031	5870	3
4031	5892	3
4031	5898	3
4031	5899	3
4031	5912	3
4031	6069	3
4031	6090	3
4031	6109	3
4031	6110	3
4031	6133	3
4031	6156	3
4031	6191	3
4031	6230	3
4031	6263	3
4031	6268	3
4031	6288	3
4031	6302	3
4031	6371	3
4031	6491	3
4031	6509	3
4031	6514	3
4031	6517	3
4031	6518	3
4031	6530	3
4031	6563	3
4031	6634	3
4031	6812	3
4031	6906	3
4031	6932	3
4031	6938	3
4031	6954	3
4031	7035	3
4031	7083	3
4031	7084	3
4031	7089	3
4031	7191	3
4031	7212	3
4031	7214	3
4031	7218	3
4031	7220	3
4031	7240	3
4031	7250	3
4031	7448	3
4031	7483	3
4031	7497	3
4031	7750	3
4031	7751	3
4031	7773	3
4031	7820	3
4031	7914	3
4031	8072	3
4031	8073	3
4031	8144	3
4031	8199	3
4031	8224	3
4031	8225	3
4031	8369	3
4031	8429	3
4031	8432	3
4035	4389	3
4037	5081	3
4038	5255	3
4043	7720	3
4046	5083	3
4046	5087	3
4058	5096	3
4066	5079	3
4066	5283	3
4067	5079	3
4067	5283	3
4071	5108	3
4072	5262	3
4076	4086	3
4076	4580	3
4076	4913	3
4076	5372	3
4076	5403	3
4076	5404	3
4076	5448	3
4076	5449	3
4076	5675	3
4076	5938	3
4076	5972	3
4076	5979	3
4076	6162	3
4076	6270	3
4076	6865	3
4076	6880	3
4076	6891	3
4076	7349	3
4076	7355	3
4076	7681	3
4076	7739	3
4076	8253	3
4076	8257	3
4076	8299	3
4077	7225	3
4078	5083	3
4078	5087	3
4078	5140	3
4078	5219	3
4079	5093	3
4089	5097	3
4092	4967	3
4102	5096	3
4106	5255	3
4107	5173	3
4107	5259	3
4114	5317	3
4116	5363	3
4126	4483	3
4139	5398	3
4142	6341	3
4145	5705	3
4146	4236	3
4152	5102	3
4152	6312	3
4158	5097	3
4171	5158	3
4171	5175	3
4173	5303	3
4177	5175	3
4182	5529	3
4194	5275	3
4194	5555	3
4202	5111	3
4202	5296	3
4202	5694	3
4202	5795	3
4204	5294	3
4204	5398	3
4205	5398	3
4205	5755	3
4209	5254	3
4209	5309	3
4209	5524	3
4214	5309	3
4216	5087	3
4223	6181	3
4224	5099	3
4236	6146	3
4236	6828	3
4236	6857	3
4239	4389	3
4241	4388	3
4242	5096	3
4248	4388	3
4252	5294	3
4255	4452	3
4255	4704	3
4255	5769	3
4255	5810	3
4255	7477	3
4255	8121	3
4255	8283	3
4255	8341	3
4255	8396	3
4262	5179	3
4262	5256	3
4262	6126	3
4274	5255	3
4283	5079	3
4283	5283	3
4285	4483	3
4285	4967	3
4285	6181	3
4286	5125	3
4286	5259	3
4287	5259	3
4288	5158	3
4288	5175	3
4293	5349	3
4299	5332	3
4299	5398	3
4311	5113	3
4312	5158	3
4322	5173	3
4327	5408	3
4331	5252	3
4332	5113	3
4341	5133	3
4342	6181	3
4343	4483	3
4343	4967	3
4345	5087	3
4345	5219	3
4347	5317	3
4357	5158	3
4357	5175	3
4359	5083	3
4359	5087	3
4359	5140	3
4369	5097	3
4369	5102	3
4369	5351	3
4369	6312	3
4388	5072	3
4389	6873	3
4393	5255	3
4394	5219	3
4397	5254	3
4397	5698	3
4401	5194	3
4414	7649	3
4416	5254	3
4418	5406	3
4423	4692	3
4423	4944	3
4423	4994	3
4423	5948	3
4423	6383	3
4423	6668	3
4423	6730	3
4423	6742	3
4423	6933	3
4423	7096	3
4423	7103	3
4423	7232	3
4423	7620	3
4428	5087	3
4430	5079	3
4430	5121	3
4430	5283	3
4430	5332	3
4430	6470	3
4438	5335	3
4440	5108	3
4445	5173	3
4449	5158	3
4449	5175	3
4455	5529	3
4458	4967	3
4458	5332	3
4460	5800	3
4473	5365	3
4482	5108	3
4483	4657	3
4483	4993	3
4483	5011	3
4485	5255	3
4486	5173	3
4486	7243	3
4489	5275	3
4489	6472	3
4493	5108	3
4502	5252	3
4510	5079	3
4510	5090	3
4510	5255	3
4510	5283	3
4516	5113	3
4516	5332	3
4516	5555	3
4516	6138	3
4522	5079	3
4522	5283	3
4528	5140	3
4530	5121	3
4530	5332	3
4531	5158	3
4533	5104	3
4537	5398	3
4538	5398	3
4542	5253	3
4543	5332	3
4544	5398	3
4548	5303	3
4549	5140	3
4556	5158	3
4557	5219	3
4560	7095	3
4561	5083	3
4561	5255	3
4576	5081	3
4602	5097	3
4603	5102	3
4603	5250	3
4603	5434	3
4605	5111	3
4610	5108	3
4610	5275	3
4612	5096	3
4617	5349	3
4633	5408	3
4636	5158	3
4636	5175	3
4636	5776	3
4637	5175	3
4639	6138	3
4659	5332	3
4660	5776	3
4687	6181	3
4695	5694	3
4695	5705	3
4701	5303	3
4707	5317	3
4708	4967	3
4711	5694	3
4715	5081	3
4720	5786	3
4720	5800	3
4721	5194	3
4725	5593	3
4730	8048	3
4738	5786	3
4738	5800	3
4743	5541	3
4745	5408	3
4746	5250	3
4749	5173	3
4752	5093	3
4755	5324	3
4764	5332	3
4765	5173	3
4765	5194	3
4768	5275	3
4769	5099	3
4769	5177	3
4776	5309	3
4776	5524	3
4777	5121	3
4779	5616	3
4779	5795	3
4780	5173	3
4800	5363	3
4801	5250	3
4811	5097	3
4817	5529	3
4830	5081	3
4841	5317	3
4844	5158	3
4846	5113	3
4847	5201	3
4857	5158	3
4858	5254	3
4859	5081	3
4861	5081	3
4864	5295	3
4868	5173	3
4874	5694	3
4886	5786	3
4886	5800	3
4887	5694	3
4887	5705	3
4888	6002	3
4889	5541	3
4890	6212	3
4897	5187	3
4902	5096	3
4904	5593	3
4906	5102	3
4906	6312	3
4908	5201	3
4909	5332	3
4922	5760	3
4926	6578	3
4927	5093	3
4935	5219	3
4937	5108	3
4942	5694	3
4942	5705	3
4952	5475	3
4956	5694	3
4956	5705	3
4966	5081	3
4967	4993	3
4967	5137	3
4967	5302	3
4967	5401	3
4967	5402	3
4967	5466	3
4967	5527	3
4967	5687	3
4967	5868	3
4967	5914	3
4967	6073	3
4967	6267	3
4967	6276	3
4967	6508	3
4967	6955	3
4967	7340	3
4967	7515	3
4967	7973	3
4967	8185	3
4967	8215	3
4967	8250	3
4967	8443	3
4967	8447	3
4972	5158	3
4974	5096	3
4979	5254	3
4983	5099	3
4985	5083	3
4985	5087	3
4990	5800	3
5003	5187	3
5003	5825	3
5013	5081	3
5014	5187	3
5014	5825	3
5024	5099	3
5026	5555	3
5030	5201	3
5035	5173	3
5043	5093	3
5045	5238	3
5047	5085	3
5047	5146	3
5047	5213	3
5047	5262	3
5047	5340	3
5047	5371	3
5047	5413	3
5047	5441	3
5047	5492	3
5047	5499	3
5047	5510	3
5047	5640	3
5047	5660	3
5047	5676	3
5047	5780	3
5047	5926	3
5047	6040	3
5047	6433	3
5047	6473	3
5047	6483	3
5047	6566	3
5047	6681	3
5047	6750	3
5047	6753	3
5047	6839	3
5047	6898	3
5047	6899	3
5047	6967	3
5047	7317	3
5047	7486	3
5047	7771	3
5047	7871	3
5047	7902	3
5047	8160	3
5047	8320	3
5047	8356	3
5047	8417	3
5047	8456	3
5052	5102	3
5060	5694	3
5060	5795	3
5065	5337	3
5074	5275	3
5074	5337	3
5077	5078	3
5077	5110	3
5077	5144	3
5077	5155	3
5077	5397	3
5077	5567	3
5077	5907	3
5077	5918	3
5077	5992	3
5077	5997	3
5077	6196	3
5077	6605	3
5077	6631	3
5077	7049	3
5077	7393	3
5077	7843	3
5077	8154	3
5077	8169	3
5077	8330	3
5079	5115	3
5079	5157	3
5079	5160	3
5079	5186	3
5079	5278	3
5079	5284	3
5079	5298	3
5079	5350	3
5079	5356	3
5079	5369	3
5079	5377	3
5079	5381	3
5079	5387	3
5079	5418	3
5079	5447	3
5079	5450	3
5079	5467	3
5079	5487	3
5079	5489	3
5079	5490	3
5079	5496	3
5079	5523	3
5079	5558	3
5079	5583	3
5079	5585	3
5079	5592	3
5079	5612	3
5079	5666	3
5079	5674	3
5079	5710	3
5079	5720	3
5079	5736	3
5079	5746	3
5079	5833	3
5079	5867	3
5079	5933	3
5079	5970	3
5079	5973	3
5079	6005	3
5079	6008	3
5079	6023	3
5079	6066	3
5079	6074	3
5079	6159	3
5079	6300	3
5079	6368	3
5079	6435	3
5079	6448	3
5079	6449	3
5079	6451	3
5079	6461	3
5079	6474	3
5079	6475	3
5079	6573	3
5079	6582	3
5079	6719	3
5079	6723	3
5079	6733	3
5079	6735	3
5079	6747	3
5079	6748	3
5079	6754	3
5079	6790	3
5079	6810	3
5079	6883	3
5079	6950	3
5079	7086	3
5079	7357	3
5079	8050	3
5079	8302	3
5079	8395	3
5079	8404	3
5081	5082	3
5081	5142	3
5081	5154	3
5081	5359	3
5081	5491	3
5081	5511	3
5081	5572	3
5081	5670	3
5081	5678	3
5081	5687	3
5081	5717	3
5081	5851	3
5081	6060	3
5081	6067	3
5081	6101	3
5081	6183	3
5081	6485	3
5081	7743	3
5081	8138	3
5081	8279	3
5081	8436	3
5083	5084	3
5083	5089	3
5083	5129	3
5083	5141	3
5083	5149	3
5083	5170	3
5083	5176	3
5083	5204	3
5083	5225	3
5083	5265	3
5083	5289	3
5083	5305	3
5083	5331	3
5083	5347	3
5083	5370	3
5083	5423	3
5083	5488	3
5083	5493	3
5083	5496	3
5083	5503	3
5083	5519	3
5083	5534	3
5083	5539	3
5083	5545	3
5083	5590	3
5083	5592	3
5083	5630	3
5083	5631	3
5083	5632	3
5083	5644	3
5083	5689	3
5083	5728	3
5083	5730	3
5083	5735	3
5083	5740	3
5083	5741	3
5083	5751	3
5083	5752	3
5083	5757	3
5083	5761	3
5083	5765	3
5083	5766	3
5083	5767	3
5083	5768	3
5083	5770	3
5083	5781	3
5083	5782	3
5083	5791	3
5083	5801	3
5083	5805	3
5083	5811	3
5083	5875	3
5083	5903	3
5083	5993	3
5083	6001	3
5083	6006	3
5083	6017	3
5083	6018	3
5083	6026	3
5083	6045	3
5083	6050	3
5083	6114	3
5083	6121	3
5083	6213	3
5083	6222	3
5083	6228	3
5083	6239	3
5083	6249	3
5083	6250	3
5083	6269	3
5083	6271	3
5083	6277	3
5083	6287	3
5083	6328	3
5083	6364	3
5083	6387	3
5083	6388	3
5083	6406	3
5083	6455	3
5083	6458	3
5083	6498	3
5083	6501	3
5083	6652	3
5083	6665	3
5083	6687	3
5083	6712	3
5083	6717	3
5083	6744	3
5083	6752	3
5083	6764	3
5083	6821	3
5083	6916	3
5083	6953	3
5083	6997	3
5083	7170	3
5083	7195	3
5083	7249	3
5083	7257	3
5083	7373	3
5083	7381	3
5083	7382	3
5083	7385	3
5083	7399	3
5083	7400	3
5083	7418	3
5083	7449	3
5083	7457	3
5083	7537	3
5083	7546	3
5083	7555	3
5083	7564	3
5083	7573	3
5083	7582	3
5083	7591	3
5083	7595	3
5083	7645	3
5083	7693	3
5083	7715	3
5083	7744	3
5083	7861	3
5083	8019	3
5083	8023	3
5083	8027	3
5083	8028	3
5083	8029	3
5083	8030	3
5083	8031	3
5083	8118	3
5083	8128	3
5083	8134	3
5083	8140	3
5083	8149	3
5083	8155	3
5083	8159	3
5083	8168	3
5083	8174	3
5083	8350	3
5083	8351	3
5084	5087	3
5084	5140	3
5085	5086	3
5085	5271	3
5085	5393	3
5085	5528	3
5085	5742	3
5085	7211	3
5085	8409	3
5085	8431	3
5086	5262	3
5087	5088	3
5087	5089	3
5087	5129	3
5087	5149	3
5087	5170	3
5087	5204	3
5087	5225	3
5087	5265	3
5087	5305	3
5087	5331	3
5087	5370	3
5087	5423	3
5087	5488	3
5087	5493	3
5087	5503	3
5087	5534	3
5087	5539	3
5087	5545	3
5087	5590	3
5087	5592	3
5087	5630	3
5087	5631	3
5087	5632	3
5087	5689	3
5087	5728	3
5087	5730	3
5087	5735	3
5087	5740	3
5087	5751	3
5087	5752	3
5087	5757	3
5087	5765	3
5087	5767	3
5087	5768	3
5087	5770	3
5087	5781	3
5087	5782	3
5087	5791	3
5087	5799	3
5087	5801	3
5087	5805	3
5087	5811	3
5087	5875	3
5087	5903	3
5087	5950	3
5087	5993	3
5087	6001	3
5087	6006	3
5087	6017	3
5087	6026	3
5087	6050	3
5087	6114	3
5087	6121	3
5087	6213	3
5087	6222	3
5087	6228	3
5087	6239	3
5087	6249	3
5087	6250	3
5087	6269	3
5087	6271	3
5087	6277	3
5087	6287	3
5087	6328	3
5087	6364	3
5087	6387	3
5087	6388	3
5087	6406	3
5087	6455	3
5087	6458	3
5087	6498	3
5087	6500	3
5087	6501	3
5087	6502	3
5087	6687	3
5087	6712	3
5087	6717	3
5087	6744	3
5087	6764	3
5087	6821	3
5087	6916	3
5087	6953	3
5087	6963	3
5087	6984	3
5087	7170	3
5087	7195	3
5087	7249	3
5087	7257	3
5087	7381	3
5087	7385	3
5087	7400	3
5087	7444	3
5087	7537	3
5087	7546	3
5087	7559	3
5087	7564	3
5087	7570	3
5087	7591	3
5087	7595	3
5087	7645	3
5087	7693	3
5087	7716	3
5087	7730	3
5087	7744	3
5087	7861	3
5087	7922	3
5087	8029	3
5087	8030	3
5087	8128	3
5087	8134	3
5087	8149	3
5087	8155	3
5087	8351	3
5087	8454	3
5088	5140	3
5089	5140	3
5090	5091	3
5090	5092	3
5090	5147	3
5090	5148	3
5090	5268	3
5090	5323	3
5090	5360	3
5090	5469	3
5090	5537	3
5090	5556	3
5090	5575	3
5090	5624	3
5090	5625	3
5090	5735	3
5090	5843	3
5090	5856	3
5090	5857	3
5090	5860	3
5090	5919	3
5090	5975	3
5090	6014	3
5090	6043	3
5090	6179	3
5090	6195	3
5090	6208	3
5090	6299	3
5090	6411	3
5090	6951	3
5090	7039	3
5090	7166	3
5090	7173	3
5090	7194	3
5090	7206	3
5090	7385	3
5090	7536	3
5090	7542	3
5090	7628	3
5090	7698	3
5090	7700	3
5090	8026	3
5090	8035	3
5090	8105	3
5090	8161	3
5090	8167	3
5090	8233	3
5090	8237	3
5090	8238	3
5090	8239	3
5090	8337	3
5090	8358	3
5094	5095	3
5094	5224	3
5094	5241	3
5094	5549	3
5095	5118	3
5095	5208	3
5095	6002	3
5095	6431	3
5095	6972	3
5096	5198	3
5096	5362	3
5096	5385	3
5096	5422	3
5096	5426	3
5096	5439	3
5096	5468	3
5096	5483	3
5096	5514	3
5096	5601	3
5096	5642	3
5096	5737	3
5096	5829	3
5096	5862	3
5096	5888	3
5096	5922	3
5096	5956	3
5096	6184	3
5096	6353	3
5096	6740	3
5096	6878	3
5097	5098	3
5097	5170	3
5097	5307	3
5097	5346	3
5097	5389	3
5097	5419	3
5097	5596	3
5097	5709	3
5097	5710	3
5097	5719	3
5097	5720	3
5097	5744	3
5097	5750	3
5097	5996	3
5097	5998	3
5097	6027	3
5097	6051	3
5097	6065	3
5097	6122	3
5097	6218	3
5097	6253	3
5097	6314	3
5097	6372	3
5097	6593	3
5097	6663	3
5097	6874	3
5097	7280	3
5097	7421	3
5097	7458	3
5097	7460	3
5097	7478	3
5097	7485	3
5097	7667	3
5097	7706	3
5097	7891	3
5097	7905	3
5097	7959	3
5097	7997	3
5097	8079	3
5097	8133	3
5097	8249	3
5097	8389	3
5097	8392	3
5097	8413	3
5097	8438	3
5099	5100	3
5099	5116	3
5099	5122	3
5099	5126	3
5099	5127	3
5099	5145	3
5099	5153	3
5099	5178	3
5099	5185	3
5099	5188	3
5099	5375	3
5099	5378	3
5099	5396	3
5099	5415	3
5099	5417	3
5099	5444	3
5099	5464	3
5099	5478	3
5099	5480	3
5099	5570	3
5099	5621	3
5099	5622	3
5099	5647	3
5099	5648	3
5099	5659	3
5099	5675	3
5099	5682	3
5099	5683	3
5099	5684	3
5099	5697	3
5099	5703	3
5099	5711	3
5099	5715	3
5099	5721	3
5099	5724	3
5099	5727	3
5099	5732	3
5099	5778	3
5099	5866	3
5099	5879	3
5099	5889	3
5099	5895	3
5099	5909	3
5099	5916	3
5099	5924	3
5099	5925	3
5099	5927	3
5099	5957	3
5099	6057	3
5099	6095	3
5099	6115	3
5099	6129	3
5099	6131	3
5099	6132	3
5099	6141	3
5099	6143	3
5099	6144	3
5099	6153	3
5099	6164	3
5099	6234	3
5099	6321	3
5099	6322	3
5099	6324	3
5099	6326	3
5099	6339	3
5099	6345	3
5099	6367	3
5099	6378	3
5099	6466	3
5099	6504	3
5099	6505	3
5099	6515	3
5099	6551	3
5099	6562	3
5099	6583	3
5099	6598	3
5099	6710	3
5099	6711	3
5099	6714	3
5099	6715	3
5099	6726	3
5099	6727	3
5099	6760	3
5099	6763	3
5099	6784	3
5099	6902	3
5099	6907	3
5099	6915	3
5099	6920	3
5099	6921	3
5099	6930	3
5099	6935	3
5099	6940	3
5099	6944	3
5099	6946	3
5099	6948	3
5099	6952	3
5099	6958	3
5099	7109	3
5099	7110	3
5099	7126	3
5099	7128	3
5099	7132	3
5099	7137	3
5099	7149	3
5099	7155	3
5099	7157	3
5099	7164	3
5099	7302	3
5099	7326	3
5099	7626	3
5099	7637	3
5099	7668	3
5099	7801	3
5099	7805	3
5099	7807	3
5099	7815	3
5099	7844	3
5099	7927	3
5099	7947	3
5099	7950	3
5099	7957	3
5099	7972	3
5099	8005	3
5099	8063	3
5099	8093	3
5099	8097	3
5099	8100	3
5099	8103	3
5099	8108	3
5099	8227	3
5099	8248	3
5099	8266	3
5099	8274	3
5099	8282	3
5099	8388	3
5099	8437	3
5099	8439	3
5099	8446	3
5100	5177	3
5102	5161	3
5102	5272	3
5102	5274	3
5102	5285	3
5102	5435	3
5102	5517	3
5102	5561	3
5102	5657	3
5102	5734	3
5102	5749	3
5102	5890	3
5102	5908	3
5102	5943	3
5102	5978	3
5102	6125	3
5102	6151	3
5102	6336	3
5102	6397	3
5102	6463	3
5102	6556	3
5102	6977	3
5102	6988	3
5102	7362	3
5102	7541	3
5102	7948	3
5102	8058	3
5102	8107	3
5104	5822	3
5104	6042	3
5104	6636	3
5104	7053	3
5104	7776	3
5104	8304	3
5105	5106	3
5105	5519	3
5105	5936	3
5105	6233	3
5105	6261	3
5105	6416	3
5105	8066	3
5107	5123	3
5107	5138	3
5107	5139	3
5107	5214	3
5107	5216	3
5107	5217	3
5107	5287	3
5107	5288	3
5107	5290	3
5107	5306	3
5107	5326	3
5107	5376	3
5107	5382	3
5107	5383	3
5107	5384	3
5107	5411	3
5107	5425	3
5107	5429	3
5107	5436	3
5107	5438	3
5107	5451	3
5107	5459	3
5107	5508	3
5107	5600	3
5107	5605	3
5107	5608	3
5107	5613	3
5107	5623	3
5107	5632	3
5107	5635	3
5107	5636	3
5107	5637	3
5107	5643	3
5107	5653	3
5107	5654	3
5107	5661	3
5107	5667	3
5107	5784	3
5107	5792	3
5107	5794	3
5107	5798	3
5107	5804	3
5107	5813	3
5107	5814	3
5107	5821	3
5107	5841	3
5107	5871	3
5107	5872	3
5107	5873	3
5107	5874	3
5107	5880	3
5107	5885	3
5107	5894	3
5107	5911	3
5107	6021	3
5107	6024	3
5107	6030	3
5107	6031	3
5107	6032	3
5107	6035	3
5107	6041	3
5107	6047	3
5107	6092	3
5107	6094	3
5107	6099	3
5107	6105	3
5107	6111	3
5107	6112	3
5107	6154	3
5107	6160	3
5107	6214	3
5107	6221	3
5107	6274	3
5107	6278	3
5107	6290	3
5107	6298	3
5107	6301	3
5107	6327	3
5107	6344	3
5107	6351	3
5107	6357	3
5107	6369	3
5107	6413	3
5107	6425	3
5107	6478	3
5107	6484	3
5107	6492	3
5107	6493	3
5107	6542	3
5107	6544	3
5107	6550	3
5107	6555	3
5107	6558	3
5107	6559	3
5107	6564	3
5107	6570	3
5107	6571	3
5107	6572	3
5107	6574	3
5107	6581	3
5107	6586	3
5107	6589	3
5107	6596	3
5107	6597	3
5107	6599	3
5107	6646	3
5107	6664	3
5107	6682	3
5107	6689	3
5107	6690	3
5107	6696	3
5107	6720	3
5107	6731	3
5107	6736	3
5107	6741	3
5107	6759	3
5107	6795	3
5107	6860	3
5107	6862	3
5107	6868	3
5107	6870	3
5107	6918	3
5107	6949	3
5107	6961	3
5107	6962	3
5107	6992	3
5107	7005	3
5107	7069	3
5107	7070	3
5107	7071	3
5107	7072	3
5107	7076	3
5107	7078	3
5107	7081	3
5107	7085	3
5107	7087	3
5107	7091	3
5107	7093	3
5107	7111	3
5107	7112	3
5107	7129	3
5107	7144	3
5107	7146	3
5107	7147	3
5107	7152	3
5107	7162	3
5107	7207	3
5107	7215	3
5107	7256	3
5107	7259	3
5107	7260	3
5107	7264	3
5107	7265	3
5107	7269	3
5107	7270	3
5107	7271	3
5107	7273	3
5107	7277	3
5107	7292	3
5107	7299	3
5107	7309	3
5107	7311	3
5107	7318	3
5107	7321	3
5107	7322	3
5107	7330	3
5107	7333	3
5107	7342	3
5107	7343	3
5107	7344	3
5107	7346	3
5107	7353	3
5107	7354	3
5107	7358	3
5107	7359	3
5107	7453	3
5107	7455	3
5107	7456	3
5107	7464	3
5107	7465	3
5107	7466	3
5107	7470	3
5107	7472	3
5107	7473	3
5107	7475	3
5107	7479	3
5107	7481	3
5107	7487	3
5107	7488	3
5107	7489	3
5107	7490	3
5107	7491	3
5107	7493	3
5107	7499	3
5107	7504	3
5107	7511	3
5107	7519	3
5107	7531	3
5107	7532	3
5107	7560	3
5107	7631	3
5107	7635	3
5107	7651	3
5107	7652	3
5107	7654	3
5107	7661	3
5107	7662	3
5107	7663	3
5107	7670	3
5107	7671	3
5107	7675	3
5107	7676	3
5107	7678	3
5107	7682	3
5107	7683	3
5107	7707	3
5107	7710	3
5107	7714	3
5107	7724	3
5107	7752	3
5107	7757	3
5107	7780	3
5107	7782	3
5107	7795	3
5107	7809	3
5107	7816	3
5107	7824	3
5107	7827	3
5107	7829	3
5107	7833	3
5107	7838	3
5107	7859	3
5107	7865	3
5107	7867	3
5107	7887	3
5107	7904	3
5107	7908	3
5107	7909	3
5107	7912	3
5107	7916	3
5107	7921	3
5107	7925	3
5107	7930	3
5107	7931	3
5107	7936	3
5107	7938	3
5107	7952	3
5107	7961	3
5107	7967	3
5107	7968	3
5107	7978	3
5107	7979	3
5107	7986	3
5107	7987	3
5107	7998	3
5107	8011	3
5107	8038	3
5107	8039	3
5107	8043	3
5107	8055	3
5107	8074	3
5107	8076	3
5107	8081	3
5107	8136	3
5107	8137	3
5107	8141	3
5107	8177	3
5107	8187	3
5107	8205	3
5107	8211	3
5107	8212	3
5107	8222	3
5107	8229	3
5107	8234	3
5107	8235	3
5107	8236	3
5107	8243	3
5107	8246	3
5107	8255	3
5107	8264	3
5107	8265	3
5107	8268	3
5107	8270	3
5107	8308	3
5107	8309	3
5107	8314	3
5107	8315	3
5107	8367	3
5107	8373	3
5107	8391	3
5107	8402	3
5107	8406	3
5107	8408	3
5107	8414	3
5107	8420	3
5107	8421	3
5107	8428	3
5107	8444	3
5108	5109	3
5108	5181	3
5108	5367	3
5108	5377	3
5108	5405	3
5108	5416	3
5108	5456	3
5108	5495	3
5108	5516	3
5108	5520	3
5108	5559	3
5108	5681	3
5108	5716	3
5108	5733	3
5108	5977	3
5108	5999	3
5108	6015	3
5108	6054	3
5108	6093	3
5108	6188	3
5108	6210	3
5108	6401	3
5108	6979	3
5108	7022	3
5108	7329	3
5108	7371	3
5108	7436	3
5108	7501	3
5108	7502	3
5108	7539	3
5108	7556	3
5108	7561	3
5108	7575	3
5108	7842	3
5108	7897	3
5108	8112	3
5108	8170	3
5108	8352	3
5108	8371	3
5109	5166	3
5111	5112	3
5111	5483	3
5111	5829	3
5111	6058	3
5111	6407	3
5111	6462	3
5111	7027	3
5111	7060	3
5111	7267	3
5111	7506	3
5112	5250	3
5113	5114	3
5113	6700	3
5115	5283	3
5115	5363	3
5116	7862	3
5118	5119	3
5118	5209	3
5118	5224	3
5118	5241	3
5118	5249	3
5118	5281	3
5118	5549	3
5118	5754	3
5118	5820	3
5118	6246	3
5118	6432	3
5118	6534	3
5118	6577	3
5118	6590	3
5118	6600	3
5118	6695	3
5118	6856	3
5119	6002	3
5119	6972	3
5120	5332	3
5121	5240	3
5121	5350	3
5121	5466	3
5121	5609	3
5121	5748	3
5121	5773	3
5121	5999	3
5121	6251	3
5121	6267	3
5121	6457	3
5121	6459	3
5121	6527	3
5121	6959	3
5121	7006	3
5121	7711	3
5121	7901	3
5121	8280	3
5121	8298	3
5124	6659	3
5124	6923	3
5124	7239	3
5124	7545	3
5124	8062	3
5125	5527	3
5125	6020	3
5125	6285	3
5125	6686	3
5125	6981	3
5125	7168	3
5125	7169	3
5125	7175	3
5125	7205	3
5125	7379	3
5125	7448	3
5125	7643	3
5125	7974	3
5125	8275	3
5127	5177	3
5128	5130	3
5128	5462	3
5128	5484	3
5128	6082	3
5128	7140	3
5129	5351	3
5132	5332	3
5132	7190	3
5133	5134	3
5133	5237	3
5133	5258	3
5133	5277	3
5133	5330	3
5133	5482	3
5133	5577	3
5133	5589	3
5133	5712	3
5133	5714	3
5133	5715	3
5133	5758	3
5133	5864	3
5133	5901	3
5133	6075	3
5133	6149	3
5133	6232	3
5133	6698	3
5133	6738	3
5133	6957	3
5133	7136	3
5133	7538	3
5133	7760	3
5133	7878	3
5133	7879	3
5133	8077	3
5133	8080	3
5133	8109	3
5133	8111	3
5133	8310	3
5133	8380	3
5133	8405	3
5133	8407	3
5133	8419	3
5133	8448	3
5135	5136	3
5138	5445	3
5138	6847	3
5140	5141	3
5140	5170	3
5140	5225	3
5140	5265	3
5140	5323	3
5140	5360	3
5140	5364	3
5140	5370	3
5140	5412	3
5140	5431	3
5140	5488	3
5140	5493	3
5140	5539	3
5140	5545	3
5140	5590	3
5140	5619	3
5140	5630	3
5140	5631	3
5140	5680	3
5140	5689	3
5140	5730	3
5140	5740	3
5140	5751	3
5140	5752	3
5140	5757	3
5140	5765	3
5140	5768	3
5140	5781	3
5140	5791	3
5140	5801	3
5140	5803	3
5140	5805	3
5140	5860	3
5140	5875	3
5140	5899	3
5140	5902	3
5140	5903	3
5140	5950	3
5140	6001	3
5140	6045	3
5140	6113	3
5140	6114	3
5140	6121	3
5140	6133	3
5140	6217	3
5140	6287	3
5140	6300	3
5140	6348	3
5140	6488	3
5140	6498	3
5140	6500	3
5140	6501	3
5140	6594	3
5140	6652	3
5140	6687	3
5140	6697	3
5140	6699	3
5140	6712	3
5140	6716	3
5140	6744	3
5140	6916	3
5140	7373	3
5140	7381	3
5140	7388	3
5140	7399	3
5140	7400	3
5140	7444	3
5140	7559	3
5140	7941	3
5140	8006	3
5140	8071	3
5140	8105	3
5140	8125	3
5140	8126	3
5140	8180	3
5140	8203	3
5140	8260	3
5140	8267	3
5140	8301	3
5140	8403	3
5140	8415	3
5140	8418	3
5140	8427	3
5140	8433	3
5140	8441	3
5145	5177	3
5146	5262	3
5150	5151	3
5150	5171	3
5150	5184	3
5150	5200	3
5150	5399	3
5150	5400	3
5150	5427	3
5150	5477	3
5150	5494	3
5150	6039	3
5150	6177	3
5150	6384	3
5150	6882	3
5150	7387	3
5150	7857	3
5150	8119	3
5152	5216	3
5152	5416	3
5152	5688	3
5152	5708	3
5152	5716	3
5152	5733	3
5152	5923	3
5152	6055	3
5152	6188	3
5152	6366	3
5152	6489	3
5152	6495	3
5152	6560	3
5152	6591	3
5152	6917	3
5152	6924	3
5152	7574	3
5152	8316	3
5152	8324	3
5152	8325	3
5152	8326	3
5152	8445	3
5157	5283	3
5157	6655	3
5158	5159	3
5158	5172	3
5158	5197	3
5158	5218	3
5158	5248	3
5158	5279	3
5158	5312	3
5158	5348	3
5158	5352	3
5158	5402	3
5158	5500	3
5158	5507	3
5158	5527	3
5158	5534	3
5158	5535	3
5158	5542	3
5158	5552	3
5158	5582	3
5158	5594	3
5158	5595	3
5158	5615	3
5158	5658	3
5158	5775	3
5158	5818	3
5158	5828	3
5158	5842	3
5158	5858	3
5158	5869	3
5158	5941	3
5158	5955	3
5158	6036	3
5158	6069	3
5158	6087	3
5158	6108	3
5158	6124	3
5158	6272	3
5158	6280	3
5158	6285	3
5158	6286	3
5158	6289	3
5158	6291	3
5158	6307	3
5158	6308	3
5158	6318	3
5158	6347	3
5158	6355	3
5158	6375	3
5158	6389	3
5158	6506	3
5158	6509	3
5158	6521	3
5158	6526	3
5158	6540	3
5158	6549	3
5158	6567	3
5158	6603	3
5158	6607	3
5158	6629	3
5158	6637	3
5158	6639	3
5158	6640	3
5158	6779	3
5158	6793	3
5158	6801	3
5158	6802	3
5158	6955	3
5158	7010	3
5158	7055	3
5158	7056	3
5158	7067	3
5158	7219	3
5158	7220	3
5158	7240	3
5158	7246	3
5158	7253	3
5158	7263	3
5158	7288	3
5158	7416	3
5158	7435	3
5158	7442	3
5158	7443	3
5158	7548	3
5158	7684	3
5158	7983	3
5158	7989	3
5158	7996	3
5158	8087	3
5158	8088	3
5158	8091	3
5158	8118	3
5158	8124	3
5158	8286	3
5158	8294	3
5158	8295	3
5158	8296	3
5158	8334	3
5160	5283	3
5161	5434	3
5162	5163	3
5162	5191	3
5162	5391	3
5162	5471	3
5162	5543	3
5162	6062	3
5162	6520	3
5162	6684	3
5162	6701	3
5162	6826	3
5162	6890	3
5162	7405	3
5162	7939	3
5164	5165	3
5164	5269	3
5164	5532	3
5164	5572	3
5164	5817	3
5164	5837	3
5164	5845	3
5164	5968	3
5164	6003	3
5164	6292	3
5164	6293	3
5164	6303	3
5164	6765	3
5164	6788	3
5164	6789	3
5164	6796	3
5164	6799	3
5164	6807	3
5164	6808	3
5164	6814	3
5164	6833	3
5164	6968	3
5164	6991	3
5164	6994	3
5164	7015	3
5164	7057	3
5164	7210	3
5164	7216	3
5164	7505	3
5164	7608	3
5164	7609	3
5164	7695	3
5164	7928	3
5164	8129	3
5164	8164	3
5166	5167	3
5166	5226	3
5166	5227	3
5166	5229	3
5166	5232	3
5166	5263	3
5166	5343	3
5166	5357	3
5166	5361	3
5166	5536	3
5166	5538	3
5166	5588	3
5166	5597	3
5166	5611	3
5166	5639	3
5166	5641	3
5166	5652	3
5166	5738	3
5166	5753	3
5166	5783	3
5166	5802	3
5166	5971	3
5166	5989	3
5166	6022	3
5166	6064	3
5166	6068	3
5166	6076	3
5166	6077	3
5166	6248	3
5166	6377	3
5166	6428	3
5166	6429	3
5166	6434	3
5166	6443	3
5166	6453	3
5166	6468	3
5166	7098	3
5166	7107	3
5166	7209	3
5166	7229	3
5166	7251	3
5166	7296	3
5166	7438	3
5166	7440	3
5166	7589	3
5166	7592	3
5166	7593	3
5166	7612	3
5166	7618	3
5166	7619	3
5166	7657	3
5166	7745	3
5166	7761	3
5166	7764	3
5166	7765	3
5166	7849	3
5166	7866	3
5166	7868	3
5166	7874	3
5166	7876	3
5166	7880	3
5166	7881	3
5166	7882	3
5166	7889	3
5166	7900	3
5166	7913	3
5166	7923	3
5166	7932	3
5166	7933	3
5166	7942	3
5166	8041	3
5166	8042	3
5166	8044	3
5166	8057	3
5166	8094	3
5166	8095	3
5166	8099	3
5166	8104	3
5166	8146	3
5166	8152	3
5166	8158	3
5166	8182	3
5166	8188	3
5166	8191	3
5166	8192	3
5166	8210	3
5166	8213	3
5166	8219	3
5166	8244	3
5166	8333	3
5166	8359	3
5166	8360	3
5166	8379	3
5166	8381	3
5166	8384	3
5166	8442	3
5166	8453	3
5173	5174	3
5173	5189	3
5173	5195	3
5173	5212	3
5173	5221	3
5173	5222	3
5173	5463	3
5173	5544	3
5173	5747	3
5173	5976	3
5173	6190	3
5173	6260	3
5173	6729	3
5173	6732	3
5173	6836	3
5173	6838	3
5173	6877	3
5173	6936	3
5173	6945	3
5173	7012	3
5173	7020	3
5173	7508	3
5173	7581	3
5173	7694	3
5173	7723	3
5173	7821	3
5173	7831	3
5173	7841	3
5173	7848	3
5173	8051	3
5173	8176	3
5175	5197	3
5175	5595	3
5175	5790	3
5175	6007	3
5175	6108	3
5175	6285	3
5175	6291	3
5175	6307	3
5175	6308	3
5175	6497	3
5175	6964	3
5175	7019	3
5175	7150	3
5175	7154	3
5175	7172	3
5175	7347	3
5175	7370	3
5175	7548	3
5175	7552	3
5175	7585	3
5175	7684	3
5175	7737	3
5175	7763	3
5175	7960	3
5175	8003	3
5175	8068	3
5175	8070	3
5175	8085	3
5175	8106	3
5175	8113	3
5175	8116	3
5175	8130	3
5175	8131	3
5175	8241	3
5175	8272	3
5175	8276	3
5175	8300	3
5175	8319	3
5177	5178	3
5177	5188	3
5177	5464	3
5177	5480	3
5177	5570	3
5177	5634	3
5177	5645	3
5177	5727	3
5177	5732	3
5177	5778	3
5177	5913	3
5177	5916	3
5177	5934	3
5177	6115	3
5177	6127	3
5177	6141	3
5177	6152	3
5177	6234	3
5177	6254	3
5177	6321	3
5177	6466	3
5177	6515	3
5177	6872	3
5177	7157	3
5177	7189	3
5177	7414	3
5177	8181	3
5177	8349	3
5179	5180	3
5179	5257	3
5179	5291	3
5179	5334	3
5179	5566	3
5179	5610	3
5179	5838	3
5179	5882	3
5179	6086	3
5179	6140	3
5179	6157	3
5179	6414	3
5179	6417	3
5179	6533	3
5179	6606	3
5179	7054	3
5179	7151	3
5179	7395	3
5179	7451	3
5179	7660	3
5179	7672	3
5179	7709	3
5180	5256	3
5182	5183	3
5182	5513	3
5182	5576	3
5182	5823	3
5182	6452	3
5182	6464	3
5182	6465	3
5182	6467	3
5182	6613	3
5182	6657	3
5182	7238	3
5182	7241	3
5182	7248	3
5182	7272	3
5182	7286	3
5182	7384	3
5182	7401	3
5182	7446	3
5182	7528	3
5182	7540	3
5182	7558	3
5182	7615	3
5182	7685	3
5182	7689	3
5182	7692	3
5182	7728	3
5182	7777	3
5182	7836	3
5182	7875	3
5182	7955	3
5182	8001	3
5182	8145	3
5182	8173	3
5182	8291	3
5182	8343	3
5182	8348	3
5184	6312	3
5186	5283	3
5187	5235	3
5187	5547	3
5187	5586	3
5187	5587	3
5187	5617	3
5187	5713	3
5187	5785	3
5187	5788	3
5187	5826	3
5187	5896	3
5187	5932	3
5187	6046	3
5187	6052	3
5187	6136	3
5187	6137	3
5187	6147	3
5187	6393	3
5187	6499	3
5187	7632	3
5187	8014	3
5187	8254	3
5187	8259	3
5187	8277	3
5187	8290	3
5187	8321	3
5187	8322	3
5192	5193	3
5192	7177	3
5192	7348	3
5194	5207	3
5194	5228	3
5194	5424	3
5194	5633	3
5194	5839	3
5194	5967	3
5194	6056	3
5194	6120	3
5194	6227	3
5194	6297	3
5194	6329	3
5194	6350	3
5194	6373	3
5194	6385	3
5194	6511	3
5194	6554	3
5194	6592	3
5194	6770	3
5194	6776	3
5194	6823	3
5194	7008	3
5194	7073	3
5194	7203	3
5194	7223	3
5194	7224	3
5194	7617	3
5194	7792	3
5194	7821	3
5194	8122	3
5194	8127	3
5194	8247	3
5194	8317	3
5196	6969	3
5199	6503	3
5199	6618	3
5199	6780	3
5199	6816	3
5199	6827	3
5199	6998	3
5199	7275	3
5199	7407	3
5201	5202	3
5201	5203	3
5201	5269	3
5201	5531	3
5201	6176	3
5201	6391	3
5201	6685	3
5201	6773	3
5201	6789	3
5201	6927	3
5201	6929	3
5201	6986	3
5201	7001	3
5201	7200	3
5201	7341	3
5201	7397	3
5201	7509	3
5201	7762	3
5201	7779	3
5201	7819	3
5201	7864	3
5201	7877	3
5201	7896	3
5201	8016	3
5201	8032	3
5201	8052	3
5201	8123	3
5201	8132	3
5201	8162	3
5201	8172	3
5201	8340	3
5205	5206	3
5205	5210	3
5205	5260	3
5205	7063	3
5208	5209	3
5208	5224	3
5208	5241	3
5208	5249	3
5208	5281	3
5208	5549	3
5208	5754	3
5208	6432	3
5208	6695	3
5208	6856	3
5208	7853	3
5209	6002	3
5209	6400	3
5215	5616	3
5215	5795	3
5215	5800	3
5215	5850	3
5219	5592	3
5219	5832	3
5219	6364	3
5219	6455	3
5219	7377	3
5219	7439	3
5219	7621	3
5219	7781	3
5224	6002	3
5224	6264	3
5224	6400	3
5224	6431	3
5224	6972	3
5224	8084	3
5230	5231	3
5230	5270	3
5230	5390	3
5230	5420	3
5230	5421	3
5230	5443	3
5230	5573	3
5230	5966	3
5230	5985	3
5230	6004	3
5230	7422	3
5230	7513	3
5230	7655	3
5230	7839	3
5230	7840	3
5230	7851	3
5230	8025	3
5230	8037	3
5230	8190	3
5230	8208	3
5230	8390	3
5231	5394	3
5238	5476	3
5238	5521	3
5238	5706	3
5238	5726	3
5238	7516	3
5238	7518	3
5238	7565	3
5238	7717	3
5238	7769	3
5238	7825	3
5238	7956	3
5238	8245	3
5238	8305	3
5238	8430	3
5240	5332	3
5240	5959	3
5241	6002	3
5241	6264	3
5241	6431	3
5241	6707	3
5241	6972	3
5241	8084	3
5242	5243	3
5242	5614	3
5242	6415	3
5242	6568	3
5242	6879	3
5242	7021	3
5242	7691	3
5242	7845	3
5244	5245	3
5244	5617	3
5244	5785	3
5244	7408	3
5244	7934	3
5244	7999	3
5246	5247	3
5246	6416	3
5246	7975	3
5247	6341	3
5249	6002	3
5249	6264	3
5249	6400	3
5249	6431	3
5249	6972	3
5249	8084	3
5250	5251	3
5250	5273	3
5250	5379	3
5250	5435	3
5250	5474	3
5250	5548	3
5250	5646	3
5250	5657	3
5250	5762	3
5250	5888	3
5250	5893	3
5250	5961	3
5250	6336	3
5250	6751	3
5250	6824	3
5250	6990	3
5250	7041	3
5250	7125	3
5250	7308	3
5250	7426	3
5250	7527	3
5250	8083	3
5250	8086	3
5252	5286	3
5252	7013	3
5252	7741	3
5252	7813	3
5252	8115	3
5253	5386	3
5253	5446	3
5253	5571	3
5253	5819	3
5253	6044	3
5253	6316	3
5253	8090	3
5253	8230	3
5253	8231	3
5253	8342	3
5253	8423	3
5254	6071	3
5254	6444	3
5254	7037	3
5254	7217	3
5254	7413	3
5254	7431	3
5254	7946	3
5255	6859	3
5256	5257	3
5256	5291	3
5256	5334	3
5256	5355	3
5256	5470	3
5256	5566	3
5256	5610	3
5256	5620	3
5256	5651	3
5256	5838	3
5256	6086	3
5256	6140	3
5256	6167	3
5256	6168	3
5256	6392	3
5256	6414	3
5256	6417	3
5256	6533	3
5256	6800	3
5256	7048	3
5256	7151	3
5256	7395	3
5256	7430	3
5256	7451	3
5256	7672	3
5256	7709	3
5256	7799	3
5256	8165	3
5256	8285	3
5259	5870	3
5259	6083	3
5259	6156	3
5259	7016	3
5259	7133	3
5262	5340	3
5262	5393	3
5262	5640	3
5262	5656	3
5262	5660	3
5262	5663	3
5262	5668	3
5262	5864	3
5262	5931	3
5262	6845	3
5262	7040	3
5262	7429	3
5262	7486	3
5262	7598	3
5262	7624	3
5262	7650	3
5262	7771	3
5262	7992	3
5262	7993	3
5262	8017	3
5262	8156	3
5262	8327	3
5266	5267	3
5266	5827	3
5275	5276	3
5275	5278	3
5275	5418	3
5275	5581	3
5275	6395	3
5275	6469	3
5275	6616	3
5275	6869	3
5275	6877	3
5275	6889	3
5275	6937	3
5275	6974	3
5275	7051	3
5275	7312	3
5275	7508	3
5275	8046	3
5275	8054	3
5275	8166	3
5275	8345	3
5278	5283	3
5280	5308	3
5280	5526	3
5280	5831	3
5280	5877	3
5280	6829	3
5280	6849	3
5280	7030	3
5280	7090	3
5280	7427	3
5280	7450	3
5280	7480	3
5280	7594	3
5280	7604	3
5280	7623	3
5280	7665	3
5280	7753	3
5280	7800	3
5280	7806	3
5280	8450	3
5281	6002	3
5281	6972	3
5283	5284	3
5283	5350	3
5283	5356	3
5283	5369	3
5283	5377	3
5283	5381	3
5283	5387	3
5283	5418	3
5283	5487	3
5283	5489	3
5283	5490	3
5283	5496	3
5283	5523	3
5283	5558	3
5283	5583	3
5283	5585	3
5283	5592	3
5283	5612	3
5283	5666	3
5283	5674	3
5283	5720	3
5283	5736	3
5283	5746	3
5283	5833	3
5283	5867	3
5283	5933	3
5283	5970	3
5283	5973	3
5283	6005	3
5283	6023	3
5283	6066	3
5283	6074	3
5283	6300	3
5283	6311	3
5283	6368	3
5283	6435	3
5283	6448	3
5283	6449	3
5283	6451	3
5283	6474	3
5283	6573	3
5283	6582	3
5283	6666	3
5283	6719	3
5283	6733	3
5283	6735	3
5283	6747	3
5283	6748	3
5283	6754	3
5283	6790	3
5283	6810	3
5283	6883	3
5283	6950	3
5283	6956	3
5283	7086	3
5283	7357	3
5292	5293	3
5292	7287	3
5293	5327	3
5294	5681	3
5294	5835	3
5294	6178	3
5294	6422	3
5294	6480	3
5295	5323	3
5295	5360	3
5295	5739	3
5295	6048	3
5295	6507	3
5295	6593	3
5295	7206	3
5295	7419	3
5295	7628	3
5295	7687	3
5295	7954	3
5295	7977	3
5295	8067	3
5295	8184	3
5296	5297	3
5296	5578	3
5296	6911	3
5296	7208	3
5296	8336	3
5299	5363	3
5300	5301	3
5300	6654	3
5300	6914	3
5300	7776	3
5300	8440	3
5303	5304	3
5303	5314	3
5303	5353	3
5303	5517	3
5303	5830	3
5303	5865	3
5303	5897	3
5303	6089	3
5303	6130	3
5303	6273	3
5303	6313	3
5303	6576	3
5303	6704	3
5303	6721	3
5303	6722	3
5303	6737	3
5303	7124	3
5303	7351	3
5303	7369	3
5303	8178	3
5303	8200	3
5303	8273	3
5303	8289	3
5309	5310	3
5309	5525	3
5309	5584	3
5309	5595	3
5309	5603	3
5309	5614	3
5309	5638	3
5309	5679	3
5309	6097	3
5309	6323	3
5309	6360	3
5309	6561	3
5309	6718	3
5309	6734	3
5309	6971	3
5309	6995	3
5309	7024	3
5309	7025	3
5309	7028	3
5309	7068	3
5309	7203	3
5309	7204	3
5309	7337	3
5309	7372	3
5309	7441	3
5309	7523	3
5309	7583	3
5309	7641	3
5309	7646	3
5309	7810	3
5309	7940	3
5309	7984	3
5309	8313	3
5309	8457	3
5309	8458	3
5310	5524	3
5315	5316	3
5315	5353	3
5315	5763	3
5315	5884	3
5315	6215	3
5315	6224	3
5315	6243	3
5315	6386	3
5315	6481	3
5315	6512	3
5315	6622	3
5315	6626	3
5315	6653	3
5315	6679	3
5315	6704	3
5315	6757	3
5315	6775	3
5315	6819	3
5315	6846	3
5315	6855	3
5315	6982	3
5315	6989	3
5315	7031	3
5315	7034	3
5315	7201	3
5315	7295	3
5315	7391	3
5315	7434	3
5315	7543	3
5315	8175	3
5315	8372	3
5317	5318	3
5317	5569	3
5317	5618	3
5317	5627	3
5317	5725	3
5317	6135	3
5317	6477	3
5317	6901	3
5317	6941	3
5317	7113	3
5317	7276	3
5317	7279	3
5317	7547	3
5317	7627	3
5317	7826	3
5317	8157	3
5317	8365	3
5317	8368	3
5319	5320	3
5319	5565	3
5319	5574	3
5319	5861	3
5319	6171	3
5319	6172	3
5319	6608	3
5319	6609	3
5319	6614	3
5319	6621	3
5319	6633	3
5319	6635	3
5319	6761	3
5319	6785	3
5319	6860	3
5319	6885	3
5319	7074	3
5319	7193	3
5319	7301	3
5319	7306	3
5319	7307	3
5319	7484	3
5319	7786	3
5319	7828	3
5319	8015	3
5319	8150	3
5321	5322	3
5321	5342	3
5321	5550	3
5321	5862	3
5321	5992	3
5321	5997	3
5321	6070	3
5321	7596	3
5321	8142	3
5324	5407	3
5324	5410	3
5324	5718	3
5324	5900	3
5324	5947	3
5324	6100	3
5324	6194	3
5324	6261	3
5324	6317	3
5324	6335	3
5324	6357	3
5324	6390	3
5324	6418	3
5324	6419	3
5324	6445	3
5324	6539	3
5324	6595	3
5324	6612	3
5324	6630	3
5324	6739	3
5324	6978	3
5324	7017	3
5324	7102	3
5324	7138	3
5324	7331	3
5324	7360	3
5324	7642	3
5324	7703	3
5325	5725	3
5325	5951	3
5325	6169	3
5325	8004	3
5325	8217	3
5325	8338	3
5325	8353	3
5325	8355	3
5325	8387	3
5327	5328	3
5327	6235	3
5327	7287	3
5327	7383	3
5332	5333	3
5332	5350	3
5332	5358	3
5332	5373	3
5332	5440	3
5332	5460	3
5332	5466	3
5332	5512	3
5332	5591	3
5332	5602	3
5332	5604	3
5332	5609	3
5332	5610	3
5332	5662	3
5332	5692	3
5332	5693	3
5332	5729	3
5332	5748	3
5332	5859	3
5332	5867	3
5332	5876	3
5332	5878	3
5332	5883	3
5332	5914	3
5332	5937	3
5332	5962	3
5332	5964	3
5332	5974	3
5332	5986	3
5332	5987	3
5332	5994	3
5332	5999	3
5332	6059	3
5332	6072	3
5332	6080	3
5332	6091	3
5332	6123	3
5332	6139	3
5332	6202	3
5332	6251	3
5332	6267	3
5332	6305	3
5332	6379	3
5332	6438	3
5332	6457	3
5332	6527	3
5332	6528	3
5332	6545	3
5332	6553	3
5332	6645	3
5332	6651	3
5332	6667	3
5332	6709	3
5332	6724	3
5332	6905	3
5332	6913	3
5332	6933	3
5332	6934	3
5332	7123	3
5332	7134	3
5332	7135	3
5332	7192	3
5332	7389	3
5332	7390	3
5332	7618	3
5332	7711	3
5332	7726	3
5332	7778	3
5332	7834	3
5332	8047	3
5332	8089	3
5332	8278	3
5332	8434	3
5335	5336	3
5335	5626	3
5335	5723	3
5335	5812	3
5335	6180	3
5335	6649	3
5335	6772	3
5335	6835	3
5335	7073	3
5335	7088	3
5335	7285	3
5335	7417	3
5335	7474	3
5335	7602	3
5335	7797	3
5335	7847	3
5335	7855	3
5335	7894	3
5335	8196	3
5335	8197	3
5335	8207	3
5337	5338	3
5337	5339	3
5337	5414	3
5337	5686	3
5337	5756	3
5337	5936	3
5337	6419	3
5337	6602	3
5337	7138	3
5337	7158	3
5337	7294	3
5337	7471	3
5337	7648	3
5337	7656	3
5337	7673	3
5337	8153	3
5337	8189	3
5337	8204	3
5344	5345	3
5344	7129	3
5344	7945	3
5346	5351	3
5349	5350	3
5349	5554	3
5349	6409	3
5349	7367	3
5349	7368	3
5350	7190	3
5351	5374	3
5351	5389	3
5351	5501	3
5351	5561	3
5351	5601	3
5351	5665	3
5351	5685	3
5351	5789	3
5351	5949	3
5351	6820	3
5351	7045	3
5351	7362	3
5351	7794	3
5351	7891	3
5351	8133	3
5351	8139	3
5363	5912	3
5363	6165	3
5363	6260	3
5363	6523	3
5363	6588	3
5363	6840	3
5363	7222	3
5363	7336	3
5363	7374	3
5363	7512	3
5363	7768	3
5363	7903	3
5363	8163	3
5363	8386	3
5365	5366	3
5365	5432	3
5365	5455	3
5365	6530	3
5365	7082	3
5365	7159	3
5365	7332	3
5365	7894	3
5365	8065	3
5365	8143	3
5365	8357	3
5365	8401	3
5394	5395	3
5394	5420	3
5394	5421	3
5394	5573	3
5394	5966	3
5394	6315	3
5394	6354	3
5398	8258	3
5406	5836	3
5406	5912	3
5406	6634	3
5406	7198	3
5406	7218	3
5406	7679	3
5406	8061	3
5408	5409	3
5408	5611	3
5408	5969	3
5408	6093	3
5408	6669	3
5408	6728	3
5408	6871	3
5408	6881	3
5408	7092	3
5408	7141	3
5408	7282	3
5408	7356	3
5408	7601	3
5408	7603	3
5408	7702	3
5408	7772	3
5408	7808	3
5408	7850	3
5408	7858	3
5408	7860	3
5408	8033	3
5408	8059	3
5408	8232	3
5408	8383	3
5408	8397	3
5408	8399	3
5411	5910	3
5414	6078	3
5427	6361	3
5427	7854	3
5430	6460	3
5430	6888	3
5430	7033	3
5434	5435	3
5434	5943	3
5435	6118	3
5439	5786	3
5439	5800	3
5444	6203	3
5445	5508	3
5445	5509	3
5445	5551	3
5445	6024	3
5445	6061	3
5445	6581	3
5445	6759	3
5445	6868	3
5445	7742	3
5445	8011	3
5453	5454	3
5457	5458	3
5457	6319	3
5457	6762	3
5457	7607	3
5457	7666	3
5457	7688	3
5457	7965	3
5457	8101	3
5466	6470	3
5475	5476	3
5475	5521	3
5475	6007	3
5475	6103	3
5475	6363	3
5475	6643	3
5475	7494	3
5475	7500	3
5475	7769	3
5475	7926	3
5475	8092	3
5475	8284	3
5479	5655	3
5479	6168	3
5479	6331	3
5479	7664	3
5481	5809	3
5481	5991	3
5481	6454	3
5481	7179	3
5481	7611	3
5481	7788	3
5481	7924	3
5481	7963	3
5485	5486	3
5485	8007	3
5497	5498	3
5497	6013	3
5497	6922	3
5497	7327	3
5497	7590	3
5497	8096	3
5504	5505	3
5504	6648	3
5504	7529	3
5504	8020	3
5504	8220	3
5504	8378	3
5506	5764	3
5506	8216	3
5509	6847	3
5518	5519	3
5518	5631	3
5518	5680	3
5518	6114	3
5518	8006	3
5522	6612	3
5524	5525	3
5524	5584	3
5524	5595	3
5524	5603	3
5524	5638	3
5524	6097	3
5524	6323	3
5524	6561	3
5524	6734	3
5524	6931	3
5524	6995	3
5524	7204	3
5524	7372	3
5524	7498	3
5524	7583	3
5524	7629	3
5524	7638	3
5524	7641	3
5524	7940	3
5526	7058	3
5529	5530	3
5529	6536	3
5529	7404	3
5533	5935	3
5533	6547	3
5533	7274	3
5533	8082	3
5541	6163	3
5541	7812	3
5541	7966	3
5541	8382	3
5546	5560	3
5546	6025	3
5546	6546	3
5546	6642	3
5546	6792	3
5546	8201	3
5546	8366	3
5549	6002	3
5549	6264	3
5549	6400	3
5549	6431	3
5549	6972	3
5549	8084	3
5551	6847	3
5553	5554	3
5553	6378	3
5553	6529	3
5553	7104	3
5553	7324	3
5553	7367	3
5553	7368	3
5553	7553	3
5563	5564	3
5563	5629	3
5563	5906	3
5563	5945	3
5563	5952	3
5563	7042	3
5563	8226	3
5580	5581	3
5580	5888	3
5580	6619	3
5580	7032	3
5581	6211	3
5593	5731	3
5593	5941	3
5593	6427	3
5593	6625	3
5598	5599	3
5598	5864	3
5598	5930	3
5598	6232	3
5598	7644	3
5598	7775	3
5598	8195	3
5602	6650	3
5606	5607	3
5606	8303	3
5616	5922	3
5616	6170	3
5616	6184	3
5616	6834	3
5616	6960	3
5616	6993	3
5616	7188	3
5617	5825	3
5621	7862	3
5628	5629	3
5628	5906	3
5628	5952	3
5628	5965	3
5628	6787	3
5628	7042	3
5629	5944	3
5649	5650	3
5649	5881	3
5649	7293	3
5649	7869	3
5649	8034	3
5671	5672	3
5694	5922	3
5694	6623	3
5694	6834	3
5694	6854	3
5694	7023	3
5694	7108	3
5694	7120	3
5694	7305	3
5694	7721	3
5694	8012	3
5698	5699	3
5698	6226	3
5698	8361	3
5698	8410	3
5705	5745	3
5705	5922	3
5705	6817	3
5705	6834	3
5705	7118	3
5705	7120	3
5705	7140	3
5705	7143	3
5705	7305	3
5705	7721	3
5705	8013	3
5705	8374	3
5722	5723	3
5722	6219	3
5722	6486	3
5722	6496	3
5722	6692	3
5722	6786	3
5722	7176	3
5722	7184	3
5722	7459	3
5743	5744	3
5748	7190	3
5754	6002	3
5754	6431	3
5754	6912	3
5754	6972	3
5759	6158	3
5759	6161	3
5760	5761	3
5760	5844	3
5760	6245	3
5760	6886	3
5760	7261	3
5760	7334	3
5760	7394	3
5760	7454	3
5760	7496	3
5760	7640	3
5760	7747	3
5760	7969	3
5760	8075	3
5760	8179	3
5760	8376	3
5760	8449	3
5762	5800	3
5776	5777	3
5776	5963	3
5776	5988	3
5776	5995	3
5776	6038	3
5776	6981	3
5776	7437	3
5776	7588	3
5776	7746	3
5776	7755	3
5776	7756	3
5776	8022	3
5776	8064	3
5776	8364	3
5786	5787	3
5786	5800	3
5786	6229	3
5786	6257	3
5786	6990	3
5786	7267	3
5787	5800	3
5795	5922	3
5795	6170	3
5795	6184	3
5795	6960	3
5795	6993	3
5795	7188	3
5796	5797	3
5796	5819	3
5796	6537	3
5796	6706	3
5796	6858	3
5796	6976	3
5796	7350	3
5796	7365	3
5796	7366	3
5796	7386	3
5796	7796	3
5796	7919	3
5796	8135	3
5800	5943	3
5800	6229	3
5800	6257	3
5800	6462	3
5800	6903	3
5800	6960	3
5800	6990	3
5807	5808	3
5807	6049	3
5807	6085	3
5807	6107	3
5807	6320	3
5807	6450	3
5807	6641	3
5807	7268	3
5807	7425	3
5807	7433	3
5807	7584	3
5807	7748	3
5807	7785	3
5807	7817	3
5807	7835	3
5807	7958	3
5807	7976	3
5807	8151	3
5807	8347	3
5820	6972	3
5825	5826	3
5825	5932	3
5825	5991	3
5825	6046	3
5825	6393	3
5846	5847	3
5846	5886	3
5846	5887	3
5846	6197	3
5846	6380	3
5846	6381	3
5846	6394	3
5846	6513	3
5846	6522	3
5846	6642	3
5846	6647	3
5846	6673	3
5846	6745	3
5846	6815	3
5846	6837	3
5846	6841	3
5846	6861	3
5846	6965	3
5846	7291	3
5846	7530	3
5846	7534	3
5846	8053	3
5846	8331	3
5850	6960	3
5850	7837	3
5852	5853	3
5852	6053	3
5852	6102	3
5852	6804	3
5852	7165	3
5852	7749	3
5852	7802	3
5854	5855	3
5854	5863	3
5854	6685	3
5854	7119	3
5855	7014	3
5855	7095	3
5863	7014	3
5863	7095	3
5864	6312	3
5888	6211	3
5900	6078	3
5904	5905	3
5906	5944	3
5910	5911	3
5910	6154	3
5910	6221	3
5910	6413	3
5928	5929	3
5928	7937	3
5939	5940	3
5939	6543	3
5939	6688	3
5939	6703	3
5939	7100	3
5944	5945	3
5944	5952	3
5944	5965	3
5944	6787	3
5944	7213	3
5944	7314	3
5953	6304	3
5953	6340	3
5953	6825	3
5953	7375	3
5959	5960	3
5959	7514	3
5992	7363	3
5997	7363	3
6002	6246	3
6002	6264	3
6002	6432	3
6002	6534	3
6002	6557	3
6002	6577	3
6002	6590	3
6002	6600	3
6002	6695	3
6002	6774	3
6002	6856	3
6002	7105	3
6002	7139	3
6002	7674	3
6002	7832	3
6002	7970	3
6010	6011	3
6028	6029	3
6028	6569	3
6028	6694	3
6028	6797	3
6028	6806	3
6028	7018	3
6028	7245	3
6028	7415	3
6028	7863	3
6033	6034	3
6061	6847	3
6078	6079	3
6078	6283	3
6078	6479	3
6078	7046	3
6078	7047	3
6078	7099	3
6078	7281	3
6078	7328	3
6078	7599	3
6078	8202	3
6078	8209	3
6078	8362	3
6078	8377	3
6116	6117	3
6118	6119	3
6126	7787	3
6126	7793	3
6126	8018	3
6138	6220	3
6138	6225	3
6138	6410	3
6138	6601	3
6138	6624	3
6138	7411	3
6138	8183	3
6173	6174	3
6173	6426	3
6173	6437	3
6173	7403	3
6181	6396	3
6181	6879	3
6181	7024	3
6181	7447	3
6181	7680	3
6181	7704	3
6181	7732	3
6181	7951	3
6181	8002	3
6181	8008	3
6181	8049	3
6181	8242	3
6181	8287	3
6181	8411	3
6198	6199	3
6203	6204	3
6203	8306	3
6211	6408	3
6211	6619	3
6211	7032	3
6211	7059	3
6211	7298	3
6212	7915	3
6212	8269	3
6236	6237	3
6236	6255	3
6240	6241	3
6240	6256	3
6240	6404	3
6240	6405	3
6240	6439	3
6240	7080	3
6252	7567	3
6252	7586	3
6252	7888	3
6252	8293	3
6264	7105	3
6266	6519	3
6266	6571	3
6266	6708	3
6266	6832	3
6266	6852	3
6266	6862	3
6266	6975	3
6266	7174	3
6266	7290	3
6266	7708	3
6295	6296	3
6312	6397	3
6312	6665	3
6341	6342	3
6341	6365	3
6341	6674	3
6341	6843	3
6341	7482	3
6341	7759	3
6341	7920	3
6361	6362	3
6361	6462	3
6423	6424	3
6431	6432	3
6431	6644	3
6432	6912	3
6457	6470	3
6470	7006	3
6472	7120	3
6472	7521	3
6472	7568	3
6482	6743	3
6482	7236	3
6482	8214	3
6482	8297	3
6482	8363	3
6487	6969	3
6543	6632	3
6578	6792	3
6578	6970	3
6578	7597	3
6578	7614	3
6578	7754	3
6590	6707	3
6627	6628	3
6627	6778	3
6627	6822	3
6632	6703	3
6632	6876	3
6632	7100	3
6632	7161	3
6650	6651	3
6654	6676	3
6655	6656	3
6655	6791	3
6676	6835	3
6676	6894	3
6676	6914	3
6676	7278	3
6676	7420	3
6676	7428	3
6676	7758	3
6685	7014	3
6685	7095	3
6847	6848	3
6908	6909	3
6969	7000	3
6969	7004	3
6969	7409	3
6969	7410	3
7014	7119	3
7058	7467	3
7058	8385	3
7095	7119	3
7142	7892	3
7142	7893	3
7181	7182	3
7181	7185	3
7181	7196	3
7181	7606	3
7181	7734	3
7181	7740	3
7227	7228	3
7227	7520	3
7227	7524	3
7227	7569	3
7227	7579	3
7227	7580	3
7227	7729	3
7227	7798	3
7227	8312	3
7234	7235	3
7234	7571	3
7243	7244	3
7303	7304	3
7315	7316	3
7315	7382	3
7363	7364	3
7411	8261	3
7525	7526	3
7576	7577	3
7634	7799	3
7658	7659	3
7658	8021	3
7712	7713	3
7712	7982	3
7783	7784	3
7823	7911	3
7823	8375	3
7906	7907	3
8193	8194	3
8251	8252	3
8328	8329	3
8424	8425	3
