0	7	5
0	1	1
0	1	1
1	1	0
1	1	0
1	4	2
0	6	5
0	2	1
0	11	11
0	4	3
1	1	0
0	4	4
0	2	1
1	1	0
0	8	6
0	8	4
0	43	34
1	1	0
1	2	1
0	3	3
0	20	13
0	2	2
0	20	14
0	11	6
1	1	0
1	2	1
1	1	0
0	4	4
1	1	0
1	1	0
0	5	4
1	1	0
1	1	0
0	1	1
0	4	4
0	2	2
1	1	0
1	3	1
1	2	1
1	1	0
0	3	2
1	1	0
0	3	3
0	1	1
0	33	30
0	2	2
0	3	3
1	1	0
0	1	1
1	15	6
1	3	0
0	4	4
0	2	2
1	1	0
1	1	0
0	37	27
0	1	1
0	4	4
0	58	47
0	37	25
0	13	13
0	9	4
0	46	44
0	9	6
1	1	0
1	1	0
0	2	2
0	8	6
0	8	7
1	2	1
0	2	2
0	6	6
0	2	2
0	107	95
1	1	0
0	7	5
0	2	2
1	2	1
1	1	0
0	8	8
0	8	7
0	2	2
0	7	5
1	3	0
0	2	1
0	2	2
0	4	3
1	1	0
0	2	2
1	158	63
0	4	3
1	21	10
1	2	1
0	3	3
1	2	0
0	7	3
1	1	0
0	32	10
0	79	73
0	4	3
0	79	77
0	13	8
0	56	42
0	6	4
0	32	25
0	1	1
0	11	8
1	1	0
0	5	5
1	1	0
0	1	1
1	2	0
1	2	0
0	2	2
1	2	0
1	2	0
0	1	1
1	3	1
0	2	2
1	2	1
0	2	2
1	2	0
1	2	1
0	4	4
0	2	2
0	2	1
0	1	1
1	1	0
0	4	2
1	2	0
1	5	1
0	1	1
0	1	1
0	2	2
1	2	1
1	1	0
0	5	3
1	4	1
0	2	2
0	1	1
0	2	2
1	1	0
0	30	30
0	2	2
1	1	0
0	1	1
1	3	1
1	3	0
0	4	4
0	3	3
0	2	2
0	3	3
1	1	0
1	8	1
0	30	28
0	3	2
0	2	1
0	1	1
0	4	4
0	1	1
1	3	1
0	107	39
0	7	1
0	1	1
0	7	4
1	3	1
0	2	2
1	2	1
0	8	3
0	2	2
0	3	3
1	9	3
0	8	4
0	4	4
1	1	0
0	7	6
0	2	2
0	5	2
0	2	1
0	7	5
0	1	1
0	6	3
0	7	6
0	7	3
0	42	2
0	1	1
1	1	0
0	8	7
0	8	6
0	69	66
0	2	2
0	1	1
0	3	2
0	30	25
0	4	4
0	1	1
0	3	2
0	7	7
1	1	0
0	9	6
0	2	2
1	1	0
1	2	0
1	1	0
0	15	14
1	4	2
0	4	3
0	1	1
0	3	2
0	1	1
1	3	1
1	1	0
1	1	0
0	3	3
0	6	2
0	6	4
0	7	2
0	157	146
0	157	147
0	2	1
0	3	3
0	7	6
0	2	2
1	1	0
1	2	1
1	1	0
0	1	1
0	2	1
1	17	2
0	5	4
0	1	1
0	33	30
0	7	3
0	3	2
1	1	0
0	40	21
1	1	0
0	6	6
1	1	0
1	1	0
0	2	1
0	76	62
0	4	4
0	76	61
0	5	3
1	1	0
0	4	4
0	2	2
1	2	1
0	2	2
0	5	5
0	5	4
0	3	2
1	1	0
1	2	1
1	3	1
0	4	2
0	2	2
1	1	0
0	2	1
0	4	3
0	2	2
0	2	2
1	1	0
0	6	5
0	3	3
0	7	4
0	1	1
0	4	3
0	1	1
0	2	2
0	1	1
1	1	0
1	1	0
0	2	1
0	6	5
0	6	3
0	40	32
1	1	0
0	2	2
0	128	115
0	128	114
1	2	1
0	3	3
1	1	0
1	2	0
0	5	4
1	1	0
0	21	13
0	7	6
0	2	1
0	4	2
0	28	13
1	1	0
0	5	5
1	1	0
0	5	4
0	4	2
0	3	2
1	3	1
1	1	0
1	13	4
0	10	8
0	30	27
0	30	29
1	1	0
0	74	64
0	4	3
0	7	7
1	1	0
0	74	66
0	28	24
1	1	0
0	2	1
0	13	12
0	2	2
1	1	0
0	3	2
1	1	0
0	1	1
0	6	3
0	9	6
1	1	0
1	1	0
0	2	1
0	32	28
0	24	19
0	24	18
0	5	5
0	7	7
0	3	1
0	1	1
0	6	5
1	1	0
0	32	26
0	7	6
0	8	7
1	1	0
1	1	0
0	21	17
0	6	6
0	104	78
0	104	77
0	12	10
0	3	3
0	3	3
1	3	0
0	21	20
0	17	4
0	1	1
0	3	3
0	1	1
0	1	1
1	3	1
1	1	0
0	5	4
0	2	1
1	3	1
0	2	2
1	1	0
0	6	4
0	6	3
0	3	3
0	6	4
0	41	29
0	1	1
1	1	0
0	6	6
0	10	10
1	1	0
0	6	6
0	1	1
0	3	3
0	1	1
0	2	1
0	8	7
1	1	0
0	5	4
1	3	1
0	1	1
0	1	1
1	2	0
0	1	1
1	1	0
0	2	1
0	6	6
1	1	0
0	1	1
0	1	1
0	4	4
0	1	1
1	2	0
1	1	0
1	1	0
0	19	16
0	19	17
1	1	0
1	7	2
0	3	3
0	5	4
0	5	5
1	1	0
1	16	3
0	20	12
0	2	2
0	2	1
0	4	4
0	8	7
0	8	8
0	2	2
0	20	13
0	20	16
0	4	2
0	2	2
0	33	26
0	6	5
0	4	3
0	7	7
0	4	4
1	5	2
0	2	1
0	6	3
0	6	4
0	8	7
0	1	1
0	3	2
0	3	3
0	9	9
1	1	0
0	1	1
0	1	1
0	2	2
0	4	4
0	3	3
0	3	3
0	9	7
0	2	2
0	3	3
1	1	0
1	1	0
0	5	5
0	2	2
1	1	0
0	5	5
0	4	3
0	3	3
1	1	0
1	1	0
1	2	1
0	8	8
0	3	3
0	2	2
0	3	2
1	36	13
1	5	1
0	17	7
0	2	1
1	1	0
1	1	0
1	3	1
0	5	5
1	13	4
0	20	14
0	6	5
1	5	2
0	3	2
0	4	2
1	1	0
0	4	4
1	1	0
0	3	3
0	108	87
0	3	2
0	3	3
0	4	4
1	1	0
0	4	3
1	1	0
0	7	4
0	3	3
1	2	0
1	1	0
1	1	0
0	31	25
0	31	24
1	2	1
0	2	2
0	1	1
1	2	0
0	17	14
1	1	0
0	17	13
0	1	1
0	5	5
0	58	55
1	1	0
1	1	0
1	3	0
0	6	3
0	7	6
0	111	98
0	31	16
0	111	97
0	139	99
0	4	4
1	2	0
0	1	1
0	2	2
1	1	0
0	4	2
0	3	2
1	1	0
0	4	3
1	1	0
0	4	4
0	2	2
0	5	5
0	10	8
1	2	1
0	2	2
0	33	29
1	1	0
0	2	2
1	1	0
0	2	1
0	4	4
0	139	98
0	4	3
1	1	0
0	139	97
1	2	1
1	2	1
1	7	3
1	2	0
1	1	0
0	2	2
0	183	151
1	1	0
0	4	2
1	1	0
1	1	0
1	1	0
0	1	1
0	4	4
0	1	1
0	7	7
0	13	10
0	4	4
0	4	3
0	5	5
0	3	3
1	2	0
0	3	3
1	1	0
1	2	0
0	3	3
0	2	2
1	1	0
1	9	1
0	2	2
1	1	0
1	1	0
1	3	1
0	33	30
1	1	0
1	5	2
0	1	1
0	6	4
1	1	0
1	4	1
1	1	0
0	12	11
0	8	6
0	4	3
0	2	1
0	24	17
0	10	10
1	1	0
1	1	0
0	6	5
0	10	6
1	2	0
0	19	11
0	2	2
0	4	2
0	4	3
1	1	0
1	2	0
1	3	1
1	1	0
0	3	3
0	4	4
0	7	6
0	11	7
0	1	1
0	2	1
0	16	13
0	16	16
0	8	6
0	4	2
0	8	7
0	5	3
0	5	3
0	1	1
0	8	4
1	1	0
1	1	0
1	4	1
0	1	1
1	1	0
1	1	0
0	10	10
0	53	36
0	3	3
1	2	0
1	2	0
1	2	1
1	1	0
1	2	1
1	1	0
0	2	2
1	2	1
0	14	13
0	5	5
0	4	3
1	1	0
1	1	0
0	13	6
0	7	6
0	2	2
1	1	0
0	4	4
1	1	0
0	3	3
0	2	2
0	2	2
0	17	14
1	1	0
1	1	0
1	1	0
1	3	0
1	3	1
0	4	3
0	11	6
0	15	9
0	3	2
1	2	0
1	2	1
0	104	47
1	1	0
0	3	3
0	5	3
0	8	8
1	1	0
1	2	1
0	2	1
1	3	1
0	1	1
0	2	2
0	2	2
1	1	0
1	2	0
1	1	0
1	1	0
0	2	2
1	1	0
0	11	7
1	1	0
1	1	0
1	1	0
1	1	0
0	2	1
0	2	2
1	2	0
1	1	0
1	1	0
1	1	0
1	1	0
0	17	10
0	17	11
0	3	1
0	2	2
1	1	0
0	7	4
0	9	7
1	2	0
0	1	1
0	4	2
1	1	0
0	61	55
1	1	0
0	2	2
0	112	104
0	2	2
0	2	2
1	1	0
1	1	0
1	1	0
0	2	1
0	20	13
0	3	3
0	3	2
1	1	0
1	2	1
0	4	4
0	6	3
0	61	54
1	4	1
0	6	6
1	3	1
0	54	48
0	20	8
0	1	1
0	7	7
0	1	1
0	14	12
1	2	0
0	2	2
1	1	0
0	1	1
0	1	1
0	5	5
1	2	1
1	3	1
1	1	0
1	1	0
0	3	3
0	7	6
0	7	5
1	2	1
0	5	5
0	43	35
1	55	14
0	1	1
0	43	34
1	1	0
0	2	2
1	1	0
1	3	1
1	1	0
0	2	2
1	3	1
1	1	0
0	2	2
0	73	48
0	2	1
0	73	46
0	5	5
1	2	1
0	1	1
1	4	1
1	11	3
0	7	6
0	2	1
0	7	7
0	2	1
0	2	2
0	72	56
1	1	0
0	13	13
1	4	2
1	2	1
1	1	0
1	5	2
1	1	0
0	20	13
1	4	1
0	24	12
1	1	0
0	7	6
0	7	5
0	24	10
0	20	10
0	2	1
1	1	0
0	2	1
0	154	84
0	225	153
0	225	152
0	40	33
0	5	4
1	3	1
1	5	1
1	3	1
1	1	0
0	3	2
1	1	0
0	2	2
0	8	6
0	3	2
0	31	29
0	3	3
0	3	2
0	2	1
0	2	1
1	1	0
0	2	2
0	11	7
0	4	4
0	6	5
0	2	2
1	1	0
1	2	1
1	1	0
1	1	0
1	2	1
1	2	0
0	17	10
0	29	27
0	29	26
0	8	7
0	2	1
0	2	2
0	2	1
0	2	2
0	2	1
1	2	0
1	2	0
1	1	0
1	1	0
0	2	2
1	1	0
0	1	1
0	2	1
0	2	2
1	1	0
0	3	2
0	10	10
0	2	1
1	2	1
1	4	1
0	78	64
0	8	8
1	1	0
0	78	65
0	78	60
1	1	0
0	4	4
0	2	2
1	2	1
1	1	0
0	8	4
1	1	0
0	6	5
0	6	3
1	1	0
1	2	1
1	1	0
1	1	0
0	2	2
0	2	1
1	2	0
1	1	0
1	1	0
0	3	1
0	3	2
0	1	1
1	1	0
1	1	0
0	2	2
1	1	0
1	2	0
0	3	3
0	2	2
1	1	0
1	6	3
0	2	2
0	1	1
1	1	0
1	1	0
0	1	1
0	2	1
0	1	1
1	1	0
0	6	6
1	2	1
0	69	57
0	6	4
1	1	0
0	8	5
1	1	0
0	2	2
0	4	4
0	3	3
0	4	4
0	2	2
1	6	2
0	4	4
1	4	1
0	19	14
1	1	0
0	24	16
0	1	1
1	1	0
1	1	0
0	5	5
0	10	10
0	10	8
0	2	1
0	10	7
0	6	4
0	3	2
1	2	0
1	26	9
0	4	2
0	4	3
0	4	2
0	7	3
1	3	0
0	6	6
0	9	7
0	2	2
1	1	0
0	2	1
1	2	1
1	1	0
0	2	1
0	1	1
1	1	0
1	1	0
0	4	2
1	1	0
0	4	3
0	3	2
0	41	35
1	2	0
0	4	2
1	4	1
1	1	0
1	21	2
0	2	2
1	4	0
1	1	0
1	1	0
0	2	2
1	1	0
0	4	2
0	2	2
1	1	0
1	1	0
0	2	2
0	2	1
0	1	1
0	3	2
1	1	0
1	2	1
0	12	11
0	3	3
0	6	4
0	16	15
1	1	0
0	8	5
1	6	0
0	6	3
1	1	0
0	8	4
0	1	1
1	1	0
0	3	2
0	1	1
0	3	3
0	4	4
0	84	79
0	2	2
0	4	4
0	3	3
0	9	5
0	3	2
0	5	5
0	1	1
0	24	14
0	3	3
0	3	2
0	2	2
0	1	1
1	1	0
0	7	7
0	4	3
1	2	1
0	84	80
0	4	2
0	21	17
1	1	0
0	1	1
0	2	2
0	2	1
0	2	2
1	2	0
0	40	28
1	3	1
1	2	1
0	6	5
0	2	2
1	2	0
0	1	1
0	2	1
1	1	0
0	8	6
0	3	3
0	8	4
1	2	1
0	4	4
0	2	2
1	1	0
0	4	2
0	5	5
0	2	1
0	2	2
1	2	0
0	2	1
1	1	0
1	2	1
1	1	0
0	6	2
0	2	2
0	9	6
1	1	0
1	4	1
1	74	12
1	3	1
1	3	1
0	19	14
0	2	2
1	4	1
1	1	0
0	6	6
0	2	2
0	1	1
0	4	3
0	19	13
0	16	9
0	4	3
0	2	1
0	24	22
0	4	4
1	1	0
1	1	0
0	1	1
1	1	0
1	4	0
0	15	12
1	11	3
0	6	6
1	1	0
0	6	5
0	9	7
0	4	4
0	6	6
0	6	3
0	4	4
0	45	44
0	2	2
1	2	1
1	1	0
0	12	10
0	7	4
0	7	7
1	1	0
0	1	1
1	1	0
0	1	1
0	1	1
1	1	0
0	1	1
0	2	1
0	3	3
0	2	2
0	2	1
1	7	1
0	2	1
1	7	3
1	1	0
1	1	0
1	1	0
0	4	4
0	7	7
0	70	50
1	1	0
0	3	3
0	3	2
0	2	1
0	1	1
0	28	25
0	5	4
0	3	3
0	1	1
1	1	0
0	4	3
0	4	2
1	2	1
0	6	5
0	1	1
1	1	0
0	3	3
1	1	0
0	45	39
1	1	0
0	2	1
0	70	48
0	13	7
0	2	2
1	3	0
1	1	0
0	13	8
0	13	3
0	6	6
1	1	0
0	2	2
1	1	0
0	5	2
0	1	1
0	1	1
1	1	0
0	3	2
0	1	1
1	1	0
0	11	9
0	4	4
1	1	0
1	1	0
0	24	18
0	1	1
0	133	106
1	2	1
0	9	8
0	2	2
0	13	11
0	133	100
0	13	10
0	4	3
0	133	103
1	6	2
0	6	4
0	3	3
0	7	4
0	9	8
0	17	13
0	17	15
1	1	0
1	1	0
0	17	11
1	72	20
0	133	112
0	2	2
0	51	51
0	2	2
1	2	0
0	6	5
1	1	0
0	66	40
0	4	4
0	3	1
0	4	4
0	2	2
1	1	0
1	1	0
0	1	1
1	2	0
0	3	2
1	2	1
1	1	0
1	1	0
0	5	4
1	3	1
1	3	0
0	2	2
1	4	1
0	5	3
0	115	85
0	1	1
0	115	84
1	1	0
1	1	0
1	3	1
1	1	0
1	1	0
0	2	1
0	1	1
0	4	3
1	2	1
0	4	3
1	2	0
1	1	0
1	18	9
1	1	0
1	6	2
1	1	0
0	8	6
0	5	4
1	2	0
1	1	0
0	3	2
0	6	6
0	6	5
0	66	38
0	1	1
1	3	1
0	1	1
0	8	8
1	1	0
1	3	1
0	5	5
0	5	4
1	1	0
0	40	33
0	1	1
0	42	29
1	17	1
0	2	2
1	1	0
1	1	0
0	4	3
0	6	6
0	4	3
0	2	1
0	4	3
1	1	0
0	4	2
0	2	2
1	1	0
0	6	3
0	6	6
1	1	0
1	1	0
0	7	5
1	5	1
0	7	3
0	1	1
1	1	0
0	30	28
0	2	2
0	4	4
0	30	29
0	2	2
0	2	1
0	2	2
0	5	5
0	1	1
0	4	4
1	7	3
0	221	178
0	1	1
1	2	1
0	2	2
1	2	1
1	3	1
1	2	0
0	10	8
0	3	3
1	2	1
1	2	1
0	4	4
1	1	0
0	5	4
0	5	3
0	3	3
0	27	14
1	3	1
0	3	2
1	1	0
0	2	1
0	6	5
0	2	2
0	4	4
0	2	2
0	2	1
0	6	4
0	2	2
0	8	8
1	1	0
0	4	4
1	1	0
0	3	3
1	1	0
0	27	20
1	1	0
0	1	1
1	1	0
1	2	0
1	29	6
0	1	1
1	1	0
0	1	1
0	1	1
1	4	1
0	70	65
1	2	1
0	6	6
0	6	4
0	1	1
0	5	5
1	2	0
0	3	3
0	5	5
1	1	0
0	19	16
0	6	6
0	3	2
1	2	0
0	4	4
0	5	3
0	5	4
0	3	2
1	1	0
0	2	2
0	6	3
1	1	0
1	1	0
1	2	1
0	18	12
1	1	0
1	2	0
0	1	1
0	5	3
0	23	18
1	2	0
0	4	4
0	9	6
0	4	3
0	1	1
1	1	0
0	2	1
1	4	1
1	4	2
0	2	2
1	1	0
1	1	0
1	4	2
1	7	2
0	65	43
0	1	1
0	1	1
0	65	45
0	11	10
0	3	3
0	4	3
1	1	0
0	6	6
0	4	4
1	1	0
1	1	0
0	2	2
1	1	0
1	22	3
0	8	7
0	2	2
0	1	1
1	6	3
0	7	6
0	2	2
0	1	1
1	2	0
0	2	2
0	44	36
1	9	4
0	3	3
1	1	0
0	16	14
1	1	0
1	2	1
0	3	3
1	1	0
0	70	17
0	5	5
0	5	4
0	23	21
1	24	4
1	2	0
1	1	0
0	39	39
0	4	4
1	4	1
0	2	1
1	5	2
0	10	7
1	2	1
0	10	8
1	4	2
1	2	0
0	3	1
0	153	131
1	6	2
1	3	1
1	3	0
1	4	1
0	4	4
0	9	7
0	35	8
1	2	0
0	5	5
0	6	5
0	1	1
0	8	7
0	16	13
0	16	14
0	6	6
0	2	1
0	17	12
0	28	22
1	3	1
1	1	0
1	6	3
0	3	3
0	1	1
0	3	3
0	25	23
1	23	4
0	28	23
0	3	3
1	1	0
1	1	0
0	8	8
0	7	5
0	4	4
0	98	87
0	1	1
0	2	2
0	98	85
0	2	2
1	1	0
0	4	4
0	1	1
0	24	13
0	24	12
0	7	7
0	2	2
1	1	0
0	24	14
1	1	0
1	4	2
1	3	1
1	2	0
1	1	0
1	2	0
0	6	3
0	9	6
0	3	3
1	1	0
0	1	1
0	3	3
0	6	6
0	24	23
0	9	2
0	7	6
0	7	5
0	3	2
0	2	2
1	1	0
0	40	30
0	2	2
0	121	94
0	9	9
0	2	1
1	1	0
1	2	0
0	6	6
0	22	20
1	5	2
0	2	2
0	3	2
1	1	0
0	2	2
1	1	0
0	2	2
0	31	18
0	2	1
0	2	2
1	1	0
0	1	1
0	2	1
0	12	10
0	6	5
0	2	1
1	1	0
0	5	5
0	3	1
0	3	3
0	7	4
0	7	7
0	3	2
1	163	30
1	1	0
0	8	6
0	1	1
0	3	3
0	5	3
1	1	0
0	1	1
1	4	1
0	2	2
1	4	0
1	1	0
0	4	4
0	6	3
0	4	3
0	4	4
1	1	0
0	3	3
0	6	5
1	1	0
1	2	0
0	42	41
0	1	1
1	1	0
0	1	1
0	2	1
0	3	1
0	40	39
1	3	1
1	4	1
0	6	4
1	1	0
0	3	1
0	2	1
0	3	3
1	3	1
1	1	0
1	1	0
0	41	36
0	7	2
0	8	7
1	1	0
0	15	13
0	5	5
0	5	4
0	2	2
0	2	2
1	1	0
1	1	0
0	11	11
0	1	1
0	1	1
0	7	4
1	1	0
1	1	0
1	1	0
0	2	2
0	2	2
0	7	5
1	1	0
0	14	11
0	1	1
1	2	1
1	2	0
1	2	1
1	3	1
0	37	26
1	1	0
0	3	2
1	1	0
0	2	2
0	5	4
1	1	0
0	2	2
0	3	2
1	2	0
0	3	3
0	1	1
1	1	0
0	4	2
1	1	0
0	1	1
1	6	1
1	1	0
0	27	23
1	1	0
0	5	3
0	5	4
0	2	2
0	6	6
1	1	0
0	27	24
0	20	18
0	3	3
0	5	5
0	2	1
1	91	7
0	6	5
0	3	3
0	3	2
1	1	0
1	1	0
0	4	4
1	1	0
1	2	1
0	2	2
1	2	0
0	7	6
1	1	0
1	1	0
1	1	0
0	1	1
1	2	1
1	1	0
1	2	1
0	3	2
1	1	0
0	1	1
0	25	19
0	2	2
0	6	6
0	5	3
1	2	0
0	2	2
1	1	0
0	16	12
0	2	1
0	2	2
1	1	0
0	3	2
0	9	9
0	2	1
1	1	0
0	4	2
0	1	1
0	5	5
0	5	5
0	1	1
1	1	0
0	9	4
1	1	0
0	2	2
0	5	2
0	1	1
1	1	0
1	3	0
0	1	1
1	1	0
0	13	11
0	11	9
0	2	2
0	6	6
0	1	1
1	1	0
0	1	1
0	3	2
1	1	0
0	2	2
0	200	184
1	1	0
0	200	180
0	8	3
1	2	0
0	31	25
0	3	3
0	1	1
0	4	2
0	5	2
1	6	1
0	3	2
0	80	48
0	1	1
0	2	2
0	2	1
1	6	2
0	4	3
0	1	1
0	1	1
1	2	1
0	3	2
0	3	3
1	1	0
0	4	2
0	10	8
0	4	3
0	4	4
0	1	1
0	3	3
0	3	2
0	7	4
0	9	6
0	6	6
1	3	1
1	1	0
0	96	84
0	18	8
0	3	2
1	1	0
0	14	14
0	18	9
0	96	82
0	8	7
0	3	2
0	47	41
0	1	1
0	5	5
0	4	2
1	1	0
1	1	0
0	5	3
1	1	0
0	20	16
0	3	3
0	3	2
0	4	4
0	4	4
1	1	0
0	33	32
0	9	9
1	1	0
0	5	3
0	5	4
0	3	3
0	2	1
0	5	2
1	2	1
1	2	0
0	3	3
0	2	2
0	18	14
0	2	2
1	1	0
1	1	0
1	1	0
0	3	2
0	6	6
1	10	4
0	128	125
0	2	2
1	13	2
0	2	2
0	6	4
0	128	124
1	1	0
1	1	0
0	2	2
1	2	0
1	1	0
0	3	2
1	1	0
0	16	14
0	8	8
0	16	16
0	11	5
1	3	1
1	1	0
1	1	0
1	1	0
1	1	0
1	2	1
0	7	5
0	1	1
0	41	27
0	9	8
1	1	0
1	1	0
1	1	0
0	16	14
1	1	0
1	7	2
0	17	10
0	62	49
1	1	0
0	4	3
0	1	1
0	3	3
1	1	0
0	15	15
0	2	2
0	4	4
1	4	1
0	1	1
0	15	12
1	4	2
0	4	4
0	3	3
1	1	0
0	2	2
0	2	2
1	1	0
0	2	2
0	1	1
1	1	0
0	23	18
0	23	19
0	5	5
1	2	0
1	1	0
1	1	0
0	62	51
0	62	50
0	5	5
1	1	0
1	1	0
1	8	4
0	4	4
0	1	1
0	5	3
0	6	5
0	6	6
1	2	1
1	5	2
0	2	2
0	2	1
0	12	11
1	2	0
0	2	2
1	2	1
0	3	3
0	28	28
0	58	52
0	1	1
0	58	53
0	28	19
0	1	1
1	2	0
0	33	5
0	2	2
1	1	0
1	2	0
1	1	0
1	2	1
0	5	5
1	1	0
0	9	8
0	2	1
0	58	46
0	3	3
0	9	6
0	4	3
0	1	1
0	4	4
0	4	2
0	29	29
0	29	26
1	1	0
0	2	1
1	32	4
1	1	0
0	2	2
0	15	11
0	15	12
0	6	4
0	14	14
1	1	0
1	1	0
0	1	1
0	7	6
0	20	12
0	20	11
0	19	14
1	2	0
1	3	1
0	4	4
0	28	27
0	5	3
0	1	1
1	2	1
0	2	2
0	7	7
0	3	3
1	1	0
1	1	0
1	1	0
1	1	0
1	2	0
1	2	1
1	4	1
0	2	1
0	212	191
0	1	1
0	3	3
0	2	2
0	9	8
0	1	1
0	212	193
0	80	78
0	6	6
1	1	0
0	3	2
1	1	0
0	4	2
0	2	1
0	9	5
1	1	0
1	2	0
0	2	1
0	2	2
1	1	0
1	61	5
0	1	1
0	25	21
1	1	0
0	2	1
0	3	3
0	2	2
0	1	1
1	1	0
1	1	0
1	1	0
0	48	42
1	1	0
0	48	41
0	10	9
0	4	4
0	12	10
0	19	15
0	3	2
0	2	2
0	19	18
0	4	4
1	2	0
0	73	60
0	73	66
0	73	65
0	73	68
0	2	2
1	1	0
1	1	0
1	1	0
1	1	0
1	2	0
0	7	7
0	2	2
0	2	2
0	9	9
0	306	210
0	4	4
0	306	211
0	8	5
1	3	1
1	2	1
0	20	16
0	1	1
0	2	2
1	1	0
1	2	0
0	9	4
0	8	8
0	16	16
0	34	33
0	34	32
1	1	0
0	4	3
0	5	5
0	6	5
0	6	6
1	1	0
0	2	1
1	6	2
0	5	4
1	1	0
1	1	0
0	6	5
1	3	0
1	1	0
0	62	52
0	3	3
1	1	0
0	5	5
1	1	0
0	5	4
0	61	58
1	1	0
1	1	0
0	24	24
0	2	1
0	213	152
0	213	153
0	11	5
0	2	2
0	4	3
0	10	9
0	11	8
1	1	0
1	1	0
0	11	9
0	3	2
1	1	0
1	1	0
0	1	1
0	9	9
1	1	0
0	7	5
1	4	1
0	2	2
0	2	2
1	1	0
0	7	4
0	2	1
0	7	6
0	1	1
0	2	2
0	24	22
0	2	1
0	6	6
0	2	2
1	1	0
1	1	0
0	2	2
1	1	0
0	8	7
0	8	6
0	8	5
1	1	0
0	6	6
1	1	0
0	5	5
0	2	2
1	13	3
0	4	4
0	5	4
1	2	0
1	2	0
0	6	5
0	62	61
0	2	2
0	10	9
0	28	26
0	8	4
0	8	7
0	2	2
0	1	1
0	2	2
0	10	7
1	2	0
0	283	264
0	283	265
1	1	0
0	10	5
1	1	0
0	8	8
1	6	1
0	1	1
0	14	9
1	2	0
0	2	2
0	4	3
0	2	1
1	7	4
0	36	34
0	4	2
0	2	2
0	2	2
1	1	0
0	3	3
1	2	0
0	3	3
0	3	2
1	2	1
1	1	0
0	17	16
0	4	3
0	17	17
0	3	3
0	4	2
0	3	3
1	1	0
0	2	1
0	2	2
0	12	9
1	1	0
0	2	2
0	1	1
0	8	6
0	2	2
1	1	0
0	4	2
1	1	0
1	1	0
0	3	2
0	8	5
1	1	0
0	8	6
0	1	1
0	1	1
1	2	1
1	1	0
0	14	12
0	2	2
0	14	13
0	2	1
1	4	2
0	2	2
0	2	2
0	5	4
0	1	1
0	3	3
1	1	0
1	1	0
0	4	4
0	6	6
0	1	1
0	1	1
0	1	1
1	2	0
0	2	2
0	28	27
0	28	28
0	37	28
0	3	3
0	37	29
1	2	0
1	1	0
0	2	2
0	76	67
0	4	3
0	2	1
1	1	0
0	2	2
0	3	1
0	23	22
0	2	2
1	1	0
0	2	1
0	3	3
0	1	1
0	3	3
0	3	2
0	2	2
0	23	18
0	4	4
0	3	3
1	1	0
1	1	0
0	65	61
0	6	6
1	1	0
0	14	12
0	9	4
1	4	1
0	3	3
0	6	5
1	1	0
0	1	1
0	5	3
0	76	40
1	9	2
1	3	1
1	1	0
0	6	6
0	133	112
0	133	113
0	4	3
0	5	3
0	4	4
0	133	115
0	2	2
0	2	1
1	1	0
1	1	0
1	1	0
0	2	1
1	1	0
0	4	4
0	7	7
0	133	108
0	3	3
1	1	0
0	3	2
0	2	1
0	4	2
0	2	2
0	2	2
1	2	1
1	2	0
1	1	0
1	1	0
0	1	1
0	3	3
1	1	0
1	1	0
1	1	0
1	1	0
0	4	3
0	4	4
1	1	0
1	1	0
1	1	0
0	7	7
0	4	2
1	4	1
1	1	0
0	4	3
1	1	0
0	82	65
0	3	3
1	98	18
1	2	1
0	4	4
0	4	3
0	2	1
0	4	3
0	1	1
1	1	0
0	2	1
1	2	0
0	1	1
1	1	0
0	2	2
0	2	2
1	1	0
1	8	3
0	3	2
1	1	0
0	82	78
1	1	0
1	1	0
1	1	0
0	5	5
1	1	0
0	2	2
0	3	3
1	3	1
1	1	0
1	2	0
1	1	0
0	8	8
1	1	0
0	6	5
0	8	6
0	3	3
0	5	5
0	3	1
1	1	0
1	1	0
1	2	1
1	1	0
1	1	0
1	1	0
1	1	0
1	1	0
0	2	2
1	1	0
1	4	1
0	5	5
1	1	0
0	1	1
1	1	0
0	2	1
0	28	25
0	3	2
0	4	4
0	14	14
1	1	0
1	6	1
0	4	2
1	2	1
0	1	1
1	1	0
0	4	3
0	6	6
0	4	4
1	1	0
1	25	10
0	10	9
1	3	1
0	7	7
0	10	7
0	8	8
1	1	0
1	2	1
0	37	34
0	4	2
0	5	3
1	2	0
1	2	0
0	3	3
0	2	2
0	1	1
0	2	2
0	3	3
1	1	0
1	5	1
0	1	1
1	5	2
1	2	0
1	2	1
1	4	0
1	1	0
1	1	0
0	4	4
1	1	0
0	3	3
0	5	5
1	1	0
0	4	4
0	3	3
0	4	4
0	135	119
0	25	8
1	1	0
0	2	2
1	1	0
1	1	0
0	2	2
0	11	10
0	4	3
0	304	270
1	1	0
0	5	3
0	10	9
1	2	0
1	1	0
0	3	3
1	1	0
0	1	1
0	3	2
0	135	121
1	1	0
0	103	75
0	1	1
0	103	73
1	1	0
1	1	0
0	5	2
0	2	2
1	1	0
0	4	4
0	2	1
1	1	0
1	3	1
1	3	1
0	4	4
0	304	284
1	3	1
0	1	1
1	1	0
0	3	3
1	1	0
0	304	282
0	1	1
0	6	4
1	4	1
0	3	3
1	1	0
1	1	0
0	5	5
0	3	2
1	35	9
0	4	3
0	40	27
0	59	40
1	1	0
0	15	10
0	3	2
0	2	2
0	7	5
1	1	0
1	1	0
0	3	3
0	8	6
0	9	8
0	3	2
1	1	0
1	1	0
1	1	0
1	1	0
0	2	2
0	1	1
0	4	2
1	2	1
0	4	4
0	177	163
0	19	7
1	1	0
0	2	2
0	48	15
0	8	7
1	2	0
0	5	5
0	4	4
0	177	162
1	2	1
0	4	4
1	1	0
1	2	1
0	16	16
0	1	1
0	9	3
0	2	2
0	4	3
0	2	1
0	2	2
1	2	1
1	1	0
1	1	0
0	4	4
1	1	0
0	2	2
0	4	4
0	3	3
0	48	36
1	1	0
1	6	1
1	3	1
1	1	0
0	17	6
0	2	2
0	14	13
1	1	0
0	2	2
0	2	2
0	2	1
0	2	2
0	3	2
1	1	0
0	2	2
0	3	3
0	4	3
0	4	4
1	1	0
0	5	5
1	1	0
1	4	2
0	1	1
0	18	14
0	1	1
0	2	1
0	34	34
1	2	1
1	1	0
1	1	0
1	1	0
0	1	1
0	2	2
0	4	4
0	2	1
1	11	4
0	2	2
0	3	2
0	4	3
1	1	0
1	2	1
1	1	0
0	3	2
1	1	0
0	3	3
0	7	3
1	1	0
0	2	2
0	1	1
1	1	0
1	2	1
0	2	1
1	1	0
0	1	1
1	2	0
0	3	1
0	4	3
0	3	2
0	8	7
1	2	1
0	7	7
1	9	0
1	1	0
1	1	0
0	7	6
0	3	2
0	4	3
1	1	0
0	4	4
0	9	9
1	1	0
1	1	0
1	1	0
0	1	1
0	3	3
0	8	4
0	12	8
0	59	53
0	3	3
1	1	0
0	5	4
0	3	2
1	1	0
0	3	3
1	1	0
0	4	4
0	2	2
0	2	2
0	2	2
1	4	2
0	81	76
0	2	1
0	6	6
0	4	4
0	3	3
0	2	2
1	72	17
0	1	1
1	1	0
0	20	20
0	6	6
0	94	71
0	3	3
0	3	2
0	2	2
0	5	4
1	1	0
0	3	3
0	2	1
0	94	72
0	19	18
1	2	0
0	2	2
1	3	1
1	2	1
1	3	1
0	3	3
0	1	1
0	9	8
1	7	1
0	4	3
0	3	2
0	5	5
0	3	3
1	1	0
0	18	7
1	1	0
0	3	2
0	44	39
0	44	38
0	6	5
0	44	37
0	2	1
0	2	2
1	1	0
1	1	0
0	4	4
0	4	3
0	2	2
1	2	1
1	3	0
0	2	2
0	2	1
0	11	6
1	1	0
0	4	4
0	6	3
0	3	2
1	1	0
0	3	3
0	41	11
1	1	0
0	4	2
1	1	0
0	10	7
0	1	1
0	13	9
1	3	1
0	2	1
0	5	3
0	2	2
1	1	0
0	74	67
1	1	0
0	74	68
0	4	4
0	3	3
0	2	2
0	2	2
0	7	5
0	2	1
0	2	1
0	7	6
1	1	0
0	2	2
1	2	1
1	2	0
0	39	36
1	2	0
0	2	2
0	1	1
1	1	0
0	5	5
0	5	4
0	2	2
0	3	2
0	83	35
1	2	0
0	3	3
1	1	0
1	3	1
0	19	17
1	5	1
0	2	2
1	1	0
0	6	4
0	6	3
0	40	20
0	5	3
0	35	20
0	4	4
0	30	6
1	3	0
1	3	1
0	4	3
1	6	2
0	2	1
0	100	95
0	100	96
0	4	4
0	1	1
0	1	1
1	2	1
1	2	0
0	6	5
1	16	4
1	1	0
0	18	18
0	3	2
0	17	17
0	4	4
0	1	1
1	2	0
1	1	0
1	2	0
0	9	8
1	1	0
1	1	0
1	1	0
0	7	6
1	1	0
0	1	1
0	3	3
0	6	6
0	6	4
1	3	1
0	1	1
0	9	7
1	1	0
0	3	2
1	1	0
0	2	2
0	2	2
1	1	0
0	35	30
1	1	0
0	2	1
0	5	4
1	1	0
0	7	5
0	2	1
0	41	38
0	2	2
1	1	0
0	2	2
1	1	0
1	1	0
1	3	1
1	1	0
1	1	0
0	4	3
1	1	0
1	1	0
0	56	46
0	8	8
0	2	2
0	6	5
0	3	2
1	1	0
0	3	3
0	7	6
1	1	0
0	1	1
0	8	6
0	44	16
1	1	0
0	2	1
0	3	2
0	2	2
0	51	50
0	4	3
1	1	0
0	1	1
1	2	0
0	2	2
0	10	9
0	7	7
0	7	6
0	13	8
0	2	1
1	2	1
0	4	4
0	1	1
0	3	2
0	4	4
0	4	4
0	3	2
1	2	1
0	9	9
0	3	1
0	15	11
1	2	0
1	2	1
0	3	2
0	5	5
0	2	2
0	221	213
1	2	1
0	3	3
0	55	49
0	3	2
0	16	15
0	1	1
1	2	0
1	1	0
1	4	0
1	1	0
1	2	1
1	1	0
0	55	50
0	6	4
0	80	73
0	12	4
0	12	5
0	4	3
0	4	2
0	2	2
0	6	3
1	6	2
0	80	74
0	36	36
0	3	2
1	1	0
0	7	5
0	7	4
1	1	0
0	3	3
0	1	1
0	2	2
0	1	1
0	132	113
1	1	0
0	132	110
0	2	2
0	6	6
0	2	2
0	1	1
0	9	5
0	4	3
1	3	1
1	1	0
1	2	1
0	4	4
1	2	0
0	5	5
1	1	0
0	5	4
0	1	1
0	61	49
0	13	12
0	4	4
1	1	0
0	14	8
0	55	34
0	3	3
0	2	2
1	2	0
0	1	1
0	5	5
1	2	1
1	2	0
1	5	1
1	2	0
0	1	1
0	55	39
0	2	1
0	3	3
1	2	0
0	3	3
1	1	0
1	1	0
0	3	2
0	2	1
0	2	2
0	12	9
0	6	6
0	4	2
0	25	18
0	8	7
0	7	7
0	8	6
0	14	14
0	2	2
1	1	0
0	7	5
0	3	3
0	1	1
0	1	1
0	6	6
0	4	4
1	20	9
0	25	23
0	2	1
1	7	0
0	3	2
0	94	30
1	1	0
0	3	3
1	4	1
1	2	0
1	1	0
0	6	5
1	1	0
0	2	1
0	2	2
0	4	3
0	4	4
0	2	2
0	5	5
1	2	0
1	5	2
0	2	1
0	6	6
0	2	2
0	2	1
0	2	2
0	3	2
0	3	3
1	3	1
0	3	3
1	2	0
1	1	0
1	3	1
0	7	5
0	3	3
0	4	2
0	3	3
0	3	1
0	126	113
1	2	0
0	126	112
0	1	1
1	2	0
1	4	2
0	2	1
1	1	0
0	1	1
1	1	0
1	4	1
0	2	2
0	7	3
0	2	2
0	2	2
1	1	0
0	42	38
0	2	1
1	1	0
0	3	3
1	2	0
0	1	1
0	3	3
0	2	2
1	1	0
1	1	0
0	94	85
1	1	0
0	3	2
0	6	2
0	4	4
0	4	2
0	5	4
0	7	2
1	1	0
1	2	0
0	4	4
1	1	0
0	1	1
0	5	3
1	3	0
0	2	2
0	2	2
1	3	1
1	1	0
0	2	1
1	7	3
1	2	1
0	6	6
0	2	2
0	132	82
0	11	8
1	1	0
1	1	0
1	3	1
1	3	0
1	2	1
1	1	0
0	26	21
1	1	0
0	1	1
0	2	2
1	1	0
0	39	26
0	2	2
0	3	3
1	1	0
0	18	15
0	3	3
0	14	9
0	4	4
0	1	1
0	18	11
0	4	4
0	13	12
1	2	0
0	13	13
0	4	2
1	9	0
0	10	8
1	2	0
0	6	6
1	3	1
0	3	2
0	3	2
0	4	4
0	8	4
0	1	1
0	8	5
0	3	1
0	2	2
0	2	2
0	3	1
0	1	1
0	4	3
1	16	6
0	2	1
0	5	5
1	2	0
1	1	0
0	1	1
1	2	0
1	2	0
1	2	1
0	5	5
0	3	3
0	2	2
1	1	0
0	2	2
1	1	0
1	1	0
0	1	1
0	3	3
1	1	0
0	12	12
0	33	26
1	1	0
0	2	2
0	3	2
0	3	2
0	6	6
0	2	2
0	6	4
1	1	0
0	6	5
0	6	5
1	2	1
0	6	6
0	5	5
1	1	0
0	6	5
1	1	0
1	3	1
0	4	4
0	1	1
1	2	1
1	2	0
0	4	3
1	1	0
0	10	7
0	5	3
0	2	2
0	4	4
1	2	0
0	3	3
1	3	1
0	2	2
0	7	5
0	4	2
1	1	0
0	2	2
0	3	3
1	1	0
0	7	7
1	1	0
0	5	5
0	4	4
0	4	3
0	323	304
0	53	41
0	4	2
0	1	1
1	30	12
1	30	10
0	3	3
0	90	48
0	1	1
0	3	3
1	1	0
0	3	2
0	7	4
1	4	2
0	10	10
1	4	1
0	4	4
0	5	4
0	4	3
0	1	1
0	1	1
1	5	1
0	2	2
0	2	2
1	2	0
1	1	0
0	6	6
0	1	1
0	39	19
1	3	1
0	2	1
0	3	2
1	1	0
0	5	5
0	5	4
1	2	0
1	1	0
0	3	1
1	8	3
0	3	2
0	3	3
0	5	3
1	1	0
1	6	2
0	2	2
0	3	3
1	1	0
0	15	7
1	1	0
1	3	1
0	2	2
0	3	2
0	1	1
0	65	60
0	1	1
0	2	2
0	5	3
0	3	2
0	4	4
1	3	1
0	18	3
0	1	1
0	2	1
0	1	1
0	4	3
1	1	0
0	1	1
0	2	1
1	1	0
0	3	3
0	4	4
0	25	13
0	4	4
0	25	15
0	2	2
0	15	4
0	2	2
1	1	0
0	14	10
0	6	6
1	2	1
1	2	0
0	12	3
0	58	44
0	79	60
0	79	61
0	4	3
0	41	35
0	1	1
0	16	15
0	16	10
1	1	0
0	16	15
0	12	9
1	1	0
0	1	1
0	104	96
0	104	97
0	1	1
0	2	2
0	22	13
1	1	0
0	9	6
0	22	17
1	1	0
0	86	77
0	2	1
0	2	1
1	3	1
0	3	2
1	4	0
1	1	0
1	17	1
1	1	0
1	1	0
1	1	0
0	3	3
1	3	1
0	4	4
0	11	5
0	4	3
0	2	2
1	7	1
1	2	1
1	1	0
1	2	0
1	2	0
0	1	1
0	5	2
0	1	1
0	10	2
1	2	0
0	5	5
0	4	3
0	2	2
0	3	3
0	7	6
1	1	0
0	3	2
0	7	5
0	3	3
0	2	2
1	1	0
1	1	0
0	4	3
1	2	0
0	17	10
0	33	24
1	1	0
0	2	1
1	1	0
0	3	2
0	9	8
0	2	2
0	2	1
0	5	4
1	1	0
1	1	0
0	2	2
0	1	1
1	5	2
0	2	2
1	1	0
0	5	3
1	5	1
1	1	0
1	1	0
0	14	13
1	2	0
1	3	1
0	4	4
0	5	5
1	1	0
0	69	66
1	1	0
1	1	0
1	2	1
1	1	0
1	1	0
1	2	1
0	6	6
0	26	24
0	1	1
1	1	0
0	2	1
1	1	0
0	7	3
1	1	0
0	7	7
1	1	0
0	2	1
1	2	0
1	1	0
1	1	0
1	1	0
0	6	5
0	6	6
0	2	2
1	2	1
0	2	2
0	3	2
0	148	100
0	163	154
0	7	5
0	4	4
1	2	0
1	2	1
0	1	1
1	2	0
1	2	0
1	1	0
1	1	0
0	3	3
1	1	0
0	3	1
0	1	1
0	2	2
0	6	3
1	1	0
1	11	1
0	4	3
0	6	2
0	4	2
1	1	0
1	3	1
0	3	3
0	2	2
0	8	6
0	8	5
1	2	1
0	8	2
0	2	2
0	2	2
1	1	0
0	3	2
0	2	2
1	1	0
0	6	6
1	5	1
0	1	1
0	2	1
0	3	2
1	1	0
0	32	24
0	2	2
0	7	7
1	5	1
1	1	0
0	5	4
0	5	2
1	1	0
1	1	0
0	3	3
0	5	5
1	1	0
1	1	0
1	1	0
0	4	3
1	1	0
1	2	0
1	4	0
0	4	4
1	1	0
1	1	0
0	5	5
1	1	0
0	4	3
0	5	5
0	2	2
0	2	1
1	1	0
0	88	65
1	1	0
0	6	6
1	8	3
0	3	3
0	5	4
0	4	4
0	15	14
1	2	0
1	1	0
1	1	0
0	1	1
1	4	1
0	7	7
0	15	12
1	1	0
0	1	1
0	3	3
0	88	76
0	1	1
0	2	1
0	4	3
0	6	5
1	2	1
0	1	1
0	5	3
0	29	20
0	3	2
0	3	3
0	79	29
0	5	4
0	11	10
0	3	3
1	1	0
0	2	2
1	2	0
1	4	1
0	1	1
0	2	1
0	40	30
1	1	0
0	25	21
0	41	35
1	2	1
0	3	3
0	37	24
1	1	0
0	7	5
0	37	27
1	1	0
1	1	0
0	1	1
0	2	2
0	2	1
0	2	1
1	1	0
0	2	2
0	5	4
0	40	36
1	1	0
0	36	30
1	2	1
1	1	0
1	1	0
0	3	3
0	5	5
1	3	0
1	1	0
0	6	5
0	6	3
0	316	296
0	2	2
0	4	4
0	2	1
0	2	2
0	57	42
0	12	7
0	2	1
0	79	70
0	2	2
1	1	0
1	2	1
0	40	19
0	2	2
0	3	3
0	7	5
1	1	0
0	7	6
0	5	3
0	2	2
1	1	0
1	2	0
0	3	3
0	12	12
0	40	28
0	95	91
0	12	9
0	4	2
1	3	1
0	54	51
1	1	0
1	1	0
0	1	1
0	2	2
1	5	2
0	2	2
0	54	54
0	4	3
0	4	4
0	95	89
0	1	1
0	4	3
0	66	50
0	4	4
1	1	0
1	1	0
0	4	4
1	1	0
1	1	0
1	1	0
0	10	5
0	4	4
0	6	4
0	6	5
0	40	30
0	8	5
1	47	13
0	8	4
1	3	1
1	16	3
0	3	3
0	1	1
0	8	5
1	16	4
0	11	5
0	3	2
0	3	3
0	2	1
1	2	1
1	2	0
0	1	1
0	96	72
0	3	3
1	1	0
1	1	0
0	96	73
0	1	1
0	2	1
0	3	3
0	3	3
0	1	1
0	2	2
0	37	36
0	5	5
0	3	3
0	5	4
1	1	0
0	2	2
1	1	0
0	4	4
0	117	55
0	117	56
0	2	1
1	1	0
0	1	1
0	8	8
0	2	1
0	13	8
1	1	0
0	2	1
0	73	62
0	2	2
0	73	68
0	1	1
0	4	3
0	3	2
0	3	3
1	3	0
0	3	3
0	36	33
1	8	1
0	1	1
0	1	1
1	1	0
1	2	0
1	2	1
0	2	2
0	23	17
0	23	16
0	14	13
0	14	12
0	1	1
1	1	0
1	3	0
0	5	5
0	96	41
1	1	0
0	1	1
0	2	2
1	6	2
0	8	7
0	3	1
1	4	2
1	1	0
0	8	6
1	20	6
0	7	5
0	34	34
0	8	7
0	3	3
0	3	2
1	1	0
0	1	1
0	2	2
0	2	1
0	2	2
0	1	1
1	1	0
0	7	7
1	1	0
0	6	3
0	9	9
0	4	3
0	5	5
1	1	0
0	3	2
0	2	2
0	10	7
1	6	3
0	1	1
0	1	1
0	1	1
0	7	5
0	3	3
0	5	4
1	1	0
0	5	3
0	19	12
0	19	13
1	1	0
0	10	5
0	4	3
0	4	3
0	2	2
0	10	5
1	1	0
1	1	0
0	5	3
0	3	2
0	5	3
1	2	0
0	3	2
0	2	2
0	25	19
0	3	3
0	30	26
0	2	2
1	1	0
0	2	1
1	8	0
0	3	2
1	1	0
0	99	92
0	3	2
0	3	2
0	2	1
0	4	4
1	1	0
0	83	75
0	9	8
1	1	0
0	4	2
1	1	0
0	5	5
1	1	0
1	1	0
0	4	4
0	17	14
0	6	4
0	15	13
0	5	3
0	38	28
1	1	0
0	38	27
0	10	5
1	5	1
0	5	3
0	22	15
0	22	12
0	1	1
0	1	1
0	4	4
0	8	4
1	1	0
1	1	0
0	5	5
0	1	1
1	1	0
0	19	17
1	2	1
0	2	2
1	1	0
0	10	10
1	1	0
1	2	0
0	3	3
0	1	1
1	1	0
0	6	6
0	3	3
0	2	2
1	1	0
0	9	5
1	2	0
1	1	0
0	4	4
1	2	0
0	13	13
1	1	0
0	3	3
1	1	0
0	5	4
0	6	3
1	1	0
0	2	2
1	1	0
0	158	91
1	1	0
0	8	8
0	2	1
0	5	5
1	1	0
0	3	3
0	3	2
1	1	0
1	1	0
0	11	7
0	2	2
0	9	6
0	9	7
0	14	9
1	3	1
0	2	2
0	7	5
1	1	0
1	2	1
1	1	0
1	1	0
0	1	1
0	5	4
0	10	9
0	2	2
0	5	5
1	1	0
0	6	6
0	2	1
0	3	3
0	7	6
0	3	3
0	6	5
1	1	0
0	2	1
1	1	0
1	1	0
0	3	2
0	8	8
0	2	2
0	3	3
0	4	3
0	1	1
0	7	6
0	2	2
0	3	3
0	2	1
1	5	2
0	2	2
0	11	7
0	4	3
0	1	1
1	1	0
0	3	2
1	1	0
0	3	3
0	2	2
0	7	7
0	2	1
1	1	0
0	19	17
0	9	7
0	7	3
1	1	0
0	2	2
1	1	0
1	1	0
1	2	1
0	3	3
1	1	0
1	1	0
0	3	2
1	2	0
0	3	2
1	1	0
1	1	0
0	3	3
0	3	2
0	2	2
1	1	0
0	5	5
0	5	4
1	1	0
0	2	2
0	17	13
1	6	2
0	2	2
1	5	1
1	1	0
1	2	1
1	1	0
1	1	0
0	2	2
0	2	2
0	1	1
0	2	1
1	1	0
0	2	2
0	2	2
0	4	4
0	4	4
0	2	1
1	14	1
1	1	0
0	5	4
0	5	3
1	21	4
1	1	0
1	2	1
0	6	4
1	2	0
1	1	0
0	7	6
1	1	0
0	7	7
1	1	0
1	9	1
0	1	1
0	4	3
1	2	1
1	15	3
1	2	1
0	3	2
0	3	3
0	1	1
0	4	4
0	4	4
0	2	2
1	1	0
0	6	6
1	1	0
0	3	2
1	1	0
0	3	3
0	1	1
0	3	3
1	2	1
1	2	0
0	7	5
1	5	1
0	3	3
0	9	7
0	3	3
0	2	2
0	2	2
1	14	3
0	1	1
0	3	3
0	6	6
1	4	2
1	7	2
1	1	0
0	1	1
0	2	1
0	2	1
1	1	0
0	2	2
0	1	1
1	1	0
1	1	0
0	2	1
0	2	2
1	1	0
1	1	0
0	3	2
0	2	2
0	9	7
0	10	5
0	20	20
0	19	16
0	2	2
1	1	0
0	19	15
1	6	3
0	2	2
0	1	1
0	5	5
0	1	1
0	2	2
1	2	0
0	5	4
0	3	3
0	2	1
1	2	1
0	2	2
0	3	2
1	1	0
0	1	1
1	3	1
1	2	1
1	3	0
0	5	5
0	16	10
0	2	2
0	1	1
1	3	1
0	3	3
1	6	2
0	8	6
1	4	1
0	8	5
1	3	1
1	3	0
1	6	1
1	2	1
0	31	26
1	9	4
1	2	0
0	4	2
0	10	4
1	2	1
0	5	3
0	2	1
0	32	30
0	6	6
0	1	1
0	9	6
0	9	5
0	3	3
0	2	2
0	3	3
0	9	9
1	1	0
1	1	0
0	3	2
0	9	7
0	4	3
1	2	0
1	2	0
1	2	0
0	2	2
1	1	0
1	1	0
0	2	2
0	1	1
1	1	0
0	1	1
1	1	0
0	5	4
0	2	2
1	1	0
0	6	3
0	5	5
0	118	102
0	2	2
0	2	1
0	6	5
1	7	2
1	1	0
1	1	0
0	2	1
0	1	1
1	1	0
0	32	29
1	1	0
0	3	2
0	14	4
0	4	4
1	1	0
1	1	0
1	3	0
1	2	1
1	3	1
0	10	10
1	1	0
0	1	1
0	5	4
1	2	0
0	5	5
0	3	3
0	8	3
0	14	14
0	2	2
0	4	2
0	2	2
1	1	0
0	2	2
0	3	3
1	5	1
0	2	2
0	5	3
0	3	3
0	147	130
1	7	3
0	6	6
0	1	1
0	1	1
0	110	74
1	1	0
0	19	18
0	110	77
1	5	2
0	31	29
0	2	1
0	3	2
0	5	5
0	4	4
0	24	23
1	1	0
1	6	2
0	1	1
0	13	7
0	2	2
0	13	9
0	2	2
1	3	1
0	2	2
1	1	0
1	1	0
1	9	3
0	5	5
1	1	0
0	4	3
0	3	2
1	2	0
0	9	7
0	4	4
1	4	2
1	1	0
1	2	0
1	1	0
1	4	2
0	4	3
0	1	1
1	1	0
0	56	55
1	1	0
0	1	1
0	3	3
0	2	2
1	1	0
0	5	3
0	4	4
0	3	3
0	4	2
0	3	2
1	4	1
0	10	9
0	106	96
0	106	97
0	2	1
0	4	4
0	2	2
1	1	0
1	1	0
1	1	0
0	1	1
0	4	3
0	3	1
0	2	2
0	2	1
0	4	4
1	2	1
0	4	4
0	3	2
0	39	35
0	8	3
0	6	4
1	4	1
1	4	1
1	1	0
0	8	5
0	8	4
0	14	14
0	4	3
0	2	2
0	19	16
0	2	2
0	5	3
1	1	0
1	2	0
0	2	2
0	7	7
1	1	0
0	2	2
1	4	1
1	4	2
0	3	2
1	8	0
0	3	3
0	18	15
1	2	0
1	1	0
0	4	3
1	2	1
0	1	1
0	21	19
0	6	6
1	2	1
0	6	4
1	1	0
0	158	90
0	9	7
0	9	6
1	2	1
0	3	3
0	4	4
1	2	0
0	20	17
1	1	0
0	2	2
1	2	1
0	1	1
1	2	0
1	2	1
1	1	0
1	1	0
0	36	30
1	1	0
0	2	2
0	3	3
0	6	6
1	1	0
0	2	1
0	5	3
1	2	0
0	2	2
1	1	0
1	1	0
0	5	5
1	1	0
0	2	2
1	1	0
1	1	0
0	7	7
0	3	1
0	2	1
0	9	6
1	1	0
0	3	3
0	3	2
1	1	0
0	6	5
0	2	2
1	1	0
0	1	1
0	3	3
1	1	0
0	6	6
0	11	3
0	11	5
0	4	4
1	2	1
1	2	0
1	1	0
1	1	0
0	20	15
1	2	0
0	7	6
0	2	2
1	2	1
1	1	0
0	1	1
1	1	0
1	5	1
1	2	1
1	3	0
0	5	4
1	3	1
0	5	4
1	15	1
0	453	357
0	453	358
1	4	1
1	1	0
0	1	1
1	2	1
0	3	2
0	2	1
1	1	0
1	1	0
1	9	5
1	1	0
0	2	2
0	3	1
0	6	6
0	2	2
0	7	5
1	2	0
1	1	0
1	1	0
0	3	2
0	3	3
0	1	1
0	25	24
0	4	4
1	1	0
1	2	1
0	5	3
0	2	2
1	1	0
1	1	0
0	34	31
0	5	4
0	21	17
1	1	0
0	2	1
1	7	1
0	2	2
0	5	4
0	2	2
1	1	0
1	3	1
1	1	0
1	1	0
0	2	2
1	1	0
1	1	0
0	2	1
1	1	0
0	3	2
1	5	2
0	3	3
0	5	3
1	1	0
1	1	0
0	10	4
0	2	2
1	1	0
0	4	4
0	7	4
0	8	7
0	3	2
1	1	0
0	6	5
0	9	8
0	1	1
0	41	27
0	12	12
1	3	0
0	10	7
0	48	47
0	2	2
0	2	1
0	3	2
0	3	3
0	1	1
1	2	0
0	46	5
0	2	2
0	29	26
0	1	1
0	3	2
0	5	4
1	2	0
0	48	35
0	4	3
0	36	33
0	13	10
1	1	0
0	36	32
0	3	3
0	39	37
0	4	4
0	5	4
1	1	0
0	47	33
0	10	9
0	4	4
1	1	0
0	9	8
1	2	0
0	1	1
1	1	0
0	3	3
0	5	2
0	5	3
0	156	127
1	1	0
0	156	126
0	5	4
1	2	0
1	1	0
0	3	3
0	5	5
0	1	1
1	2	1
0	3	3
0	11	4
0	2	2
0	11	6
0	4	2
1	2	1
0	3	3
0	3	2
0	1	1
0	20	14
0	20	15
0	2	2
0	60	53
0	60	55
0	34	24
1	67	21
1	1	0
1	2	0
1	1	0
0	27	21
0	6	5
1	2	1
0	2	1
0	7	5
0	16	12
0	2	2
0	4	4
0	5	3
1	2	0
0	8	5
0	8	4
1	7	3
0	27	12
0	23	21
0	27	13
0	2	2
0	2	1
0	3	3
1	1	0
0	8	8
0	2	1
0	5	5
0	2	2
0	3	3
0	3	3
0	1	1
0	32	29
1	6	1
1	2	1
1	2	1
0	1	1
0	2	2
1	2	0
1	2	0
0	2	2
0	8	8
0	2	2
1	1	0
0	3	3
1	1	0
0	2	2
0	4	2
0	52	44
0	1	1
1	2	0
0	52	45
0	2	2
0	16	13
0	2	1
0	7	4
0	2	2
0	16	15
0	2	1
0	1	1
1	2	0
1	6	2
0	5	4
0	42	14
0	3	2
0	2	2
1	4	0
0	1	1
0	4	4
0	4	4
0	4	3
1	1	0
0	3	3
1	4	1
0	3	3
1	48	5
1	2	1
0	6	6
0	14	14
0	3	2
0	27	13
0	19	12
0	25	23
0	3	3
0	3	2
1	2	1
1	1	0
0	8	7
0	27	14
0	8	7
0	11	9
1	1	0
0	2	1
0	2	2
0	60	55
1	4	1
0	4	4
1	1	0
0	8	8
0	3	3
1	1	0
0	2	2
0	5	4
0	1	1
0	5	3
1	2	1
1	2	0
1	1	0
0	4	2
0	5	3
0	5	2
1	3	1
0	3	2
0	3	3
0	4	2
0	3	2
0	2	2
1	1	0
0	5	5
0	4	3
0	5	4
1	2	1
0	4	2
0	3	2
1	1	0
0	6	4
0	1	1
0	3	3
0	2	2
0	7	7
0	2	2
0	4	4
0	4	3
1	1	0
0	4	4
1	1	0
0	7	5
0	3	3
1	4	1
0	2	2
0	4	4
1	1	0
0	2	2
0	115	47
0	3	1
0	2	1
0	82	72
1	3	1
1	1	0
0	82	70
1	1	0
1	4	2
1	1	0
1	1	0
1	1	0
1	1	0
1	1	0
0	3	2
0	3	2
1	6	2
0	3	3
1	1	0
0	3	2
0	6	4
0	2	1
0	1	1
1	3	1
1	8	3
0	1	1
1	2	1
0	5	5
1	2	1
0	3	3
0	2	1
0	2	2
1	1	0
1	1	0
1	4	1
1	1	0
1	1	0
0	2	1
0	15	11
0	2	1
1	1	0
0	2	2
0	4	3
1	1	0
0	4	4
0	5	4
1	2	1
0	5	3
1	1	0
0	1	1
1	2	0
1	1	0
0	1	1
1	2	1
0	35	5
1	1	0
0	4	4
1	3	1
0	1	1
0	4	2
0	2	2
0	1	1
1	3	1
0	2	2
0	115	85
0	5	3
0	5	5
1	1	0
0	3	2
0	2	2
0	2	2
0	2	1
0	26	9
0	3	3
0	115	88
1	2	0
0	1	1
1	2	0
0	115	89
0	2	1
1	1	0
0	11	8
0	2	2
0	1	1
1	1	0
1	2	0
0	9	9
0	5	3
0	2	2
0	5	2
0	5	5
0	2	2
1	1	0
0	118	94
0	2	1
0	1	1
0	5	5
0	118	97
0	2	2
0	3	3
1	1	0
0	7	7
0	118	91
0	2	2
0	3	3
1	1	0
0	3	2
0	7	7
0	1	1
1	1	0
0	4	3
0	3	2
0	8	8
1	2	0
0	3	3
0	4	4
0	68	52
0	2	1
0	6	6
0	5	5
1	2	0
0	2	1
0	44	40
0	3	3
0	9	6
0	3	2
1	2	1
0	7	7
0	13	7
0	8	8
0	26	23
0	2	2
1	2	0
0	4	3
1	1	0
0	1	1
0	1	1
0	8	5
1	4	2
0	1	1
0	1	1
0	2	1
0	2	2
1	2	0
0	1	1
0	3	3
1	1	0
0	4	3
0	2	1
1	4	2
1	2	0
0	3	3
1	9	2
0	1	1
0	16	9
0	3	3
1	5	0
1	2	1
1	5	2
0	10	10
1	1	0
0	12	10
0	3	3
0	5	5
0	8	3
1	2	0
0	10	10
1	1	0
0	3	3
0	3	2
1	5	1
0	2	2
0	128	89
1	2	0
1	2	0
0	37	15
1	1	0
1	7	2
0	1	1
0	1	1
1	3	1
1	2	1
0	9	4
1	1	0
0	1	1
0	9	7
0	1	1
0	12	8
0	26	26
0	5	3
0	12	9
0	5	4
1	1	0
0	22	21
1	4	1
1	3	1
0	15	14
1	1	0
0	10	8
0	1	1
0	10	9
0	1	1
0	8	2
0	5	5
0	3	3
1	3	1
0	14	11
1	1	0
0	1	1
0	22	17
0	2	2
0	6	5
1	1	0
0	8	7
1	2	1
1	1	0
0	37	31
0	37	30
1	1	0
0	5	3
0	1	1
0	7	6
1	1	0
0	11	10
0	6	5
0	2	2
1	7	1
0	1	1
0	3	3
0	4	3
0	8	7
1	1	0
0	2	2
0	3	3
0	3	3
1	1	0
1	2	0
0	10	8
0	4	3
0	2	1
1	3	1
0	1	1
0	6	6
0	2	1
0	27	17
1	3	1
0	5	5
0	3	2
0	4	3
1	1	0
0	2	2
0	6	5
0	1	1
0	6	4
1	33	3
1	1	0
1	1	0
0	4	2
0	4	3
0	11	7
0	110	92
0	9	8
0	1	1
0	2	1
0	2	2
0	91	67
0	6	4
0	3	3
0	1	1
0	5	5
0	1	1
1	6	2
0	3	3
1	1	0
0	2	2
0	3	2
0	1	1
0	3	3
0	3	3
1	1	0
0	3	3
0	65	55
0	4	3
0	6	2
0	1	1
0	4	4
1	1	0
0	3	2
0	13	10
1	1	0
0	10	7
0	4	4
1	1	0
0	1	1
0	3	1
1	3	1
0	2	2
0	8	5
0	2	1
0	42	29
0	2	1
0	6	5
0	2	1
0	7	6
0	24	21
1	1	0
0	3	3
0	2	2
0	4	4
0	7	5
0	7	4
0	3	2
0	7	7
1	2	0
0	1	1
0	3	3
1	1	0
1	1	0
0	3	3
0	11	6
0	3	3
1	1	0
1	2	1
1	1	0
0	7	7
0	2	2
0	3	2
1	1	0
0	3	2
1	2	0
0	5	5
0	5	5
1	1	0
0	2	2
1	2	0
0	4	2
0	110	38
1	1	0
0	43	41
1	1	0
0	34	23
0	91	71
0	10	9
0	43	42
0	34	27
1	1	0
0	5	5
1	5	1
1	1	0
0	8	6
0	1	1
1	2	0
0	4	4
0	2	2
0	3	2
0	1	1
0	17	4
1	2	0
0	3	2
1	2	1
0	4	4
0	4	4
0	9	8
0	1	1
0	207	185
0	207	186
1	4	1
1	1	0
0	2	2
0	1	1
1	1	0
0	8	7
0	8	6
0	7	7
0	27	27
0	3	3
0	3	2
0	36	30
0	3	3
1	1	0
0	10	10
0	2	2
0	2	2
1	2	0
1	1	0
0	18	18
1	2	1
0	17	13
0	2	2
0	5	3
0	17	15
0	8	8
1	1	0
0	4	4
1	2	1
1	1	0
1	3	1
0	4	2
1	1	0
0	15	13
1	2	1
0	11	10
0	1	1
0	3	3
1	2	1
0	2	2
0	1	1
0	4	2
1	1	0
0	4	2
1	1	0
0	6	6
0	3	3
0	5	5
1	126	35
1	1	0
0	1	1
0	7	6
1	1	0
1	1	0
0	36	29
0	14	13
1	1	0
1	9	3
1	2	1
0	1	1
1	1	0
1	11	3
0	4	3
1	1	0
1	1	0
1	1	0
0	2	2
1	1	0
0	2	2
1	1	0
0	5	5
1	4	1
0	2	2
0	1	1
1	1	0
0	2	2
1	2	0
0	2	2
1	3	0
0	2	2
0	7	7
0	42	28
0	3	3
0	8	8
1	1	0
1	1	0
0	4	4
0	2	1
0	4	4
0	9	6
1	2	1
0	38	34
1	2	0
1	1	0
0	11	2
1	1	0
0	7	4
0	2	2
0	29	25
0	29	26
1	1	0
0	2	1
1	1	0
1	1	0
0	9	9
0	3	2
1	3	1
1	1	0
1	1	0
0	11	9
1	1	0
0	17	14
0	24	12
0	17	15
0	2	1
0	2	2
0	3	1
0	2	1
0	5	4
1	1	0
0	2	2
1	1	0
1	2	1
1	2	0
1	1	0
1	1	0
0	24	20
1	1	0
1	1	0
0	2	2
0	7	6
1	1	0
0	42	38
0	2	2
0	4	3
1	2	0
0	15	14
1	2	1
1	1	0
1	1	0
0	4	3
0	5	3
0	4	2
0	6	4
1	1	0
0	2	2
1	1	0
1	1	0
1	2	1
0	2	2
0	2	1
1	1	0
0	2	2
1	1	0
0	1	1
0	2	1
0	1	1
1	1	0
1	1	0
0	2	2
0	3	2
0	6	6
1	5	2
0	4	3
0	4	4
0	4	4
0	10	7
0	16	10
1	3	1
0	4	4
0	3	3
0	3	3
0	2	2
0	10	7
0	4	4
1	5	1
1	1	0
1	1	0
0	1	1
0	1	1
1	10	4
0	3	3
0	2	2
0	4	3
0	42	41
0	6	2
1	1	0
0	2	2
0	1	1
1	1	0
1	3	0
1	1	0
0	3	3
1	2	0
0	2	1
0	3	1
1	3	1
1	8	3
0	5	3
1	5	1
1	2	1
1	1	0
0	1	1
0	34	17
1	1	0
0	14	11
0	14	12
0	3	3
1	1	0
0	3	2
1	1	0
0	1	1
0	4	4
1	1	0
1	3	1
0	1	1
1	1	0
0	7	5
0	3	2
0	2	2
0	5	5
1	2	1
0	4	4
0	2	1
0	6	5
0	2	2
0	1	1
0	2	2
1	7	3
0	4	3
1	1	0
0	5	5
0	2	2
0	5	5
1	2	0
0	6	5
0	1	1
0	12	6
0	9	7
1	3	1
0	4	2
1	225	80
0	12	5
1	3	1
0	5	5
1	1	0
0	3	3
1	1	0
1	1	0
0	2	2
1	1	0
0	3	2
1	1	0
0	2	2
0	60	55
0	1	1
0	14	11
0	21	12
0	21	13
0	8	7
1	3	1
0	4	3
0	4	2
0	2	2
1	1	0
0	20	18
0	13	8
0	3	3
0	2	1
1	7	1
0	3	3
0	3	3
0	3	2
0	27	25
1	1	0
0	27	26
0	5	3
1	2	1
1	2	0
0	5	5
0	1	1
1	3	1
0	3	2
1	1	0
1	1	0
1	2	0
0	4	1
0	2	2
0	40	34
0	75	60
1	1	0
0	40	36
0	9	9
0	40	35
1	1	0
0	1	1
0	14	2
0	2	2
0	1	1
0	3	1
0	6	5
0	7	7
1	1	0
0	1	1
0	1	1
0	4	3
0	5	5
0	6	2
1	1	0
0	8	4
0	1	1
0	4	3
0	4	4
0	7	6
0	2	2
1	3	1
1	1	0
0	6	3
0	75	41
0	2	1
1	1	0
0	7	4
0	1	1
0	2	2
0	2	2
0	2	1
0	1	1
0	1	1
0	10	10
0	30	12
1	1	0
1	1	0
1	2	0
1	5	1
1	1	0
1	1	0
0	8	6
0	2	2
1	1	0
1	1	0
1	2	1
0	4	4
0	2	2
0	21	20
0	3	2
1	1	0
0	2	1
1	1	0
0	2	2
1	1	0
0	6	6
1	1	0
0	2	1
1	1	0
1	3	1
1	1	0
0	4	4
1	1	0
1	1	0
0	2	1
1	1	0
0	23	19
0	2	2
0	4	4
0	60	42
1	1	0
1	1	0
0	1	1
1	1	0
0	2	1
0	17	11
0	22	21
0	2	1
0	4	3
1	1	0
0	23	11
0	2	2
1	1	0
0	64	49
1	3	1
0	3	2
0	4	4
1	1	0
1	1	0
0	2	2
0	3	3
0	2	2
1	1	0
0	1	1
1	1	0
0	4	3
0	4	2
0	64	59
0	2	1
1	4	2
0	126	77
0	3	3
0	126	75
0	126	76
1	3	1
1	1	0
0	5	2
1	1	0
1	1	0
1	2	0
1	9	2
0	216	172
0	10	7
0	2	1
0	1	1
0	216	170
0	53	49
0	1	1
0	53	48
0	4	4
0	3	2
0	51	32
1	1	0
0	15	12
0	5	4
0	4	3
1	1	0
0	4	4
0	1	1
0	4	3
0	2	2
1	1	0
0	4	4
0	2	2
0	4	3
0	2	1
1	2	1
1	1	0
1	1	0
0	6	6
0	3	2
1	2	0
1	6	2
1	8	3
0	16	14
0	58	54
0	2	2
0	3	2
0	5	4
0	4	4
0	5	4
0	3	3
0	5	5
1	1	0
0	3	2
0	4	3
0	4	2
1	1	0
0	10	9
0	6	5
0	4	4
1	1	0
1	7	2
0	2	1
0	1	1
1	1	0
1	1	0
0	4	3
0	6	4
0	6	3
0	3	3
0	3	2
0	20	13
0	2	2
0	1	1
0	1	1
0	10	6
0	2	2
1	1	0
0	20	14
0	2	2
1	1	0
0	2	2
1	5	2
0	1	1
0	2	2
1	4	0
0	1	1
1	1	0
0	19	11
1	1	0
1	1	0
0	6	3
0	14	7
1	1	0
1	1	0
0	64	60
0	41	35
0	137	109
0	1	1
0	3	3
0	7	6
1	2	0
1	13	4
1	1	0
0	2	2
1	1	0
1	1	0
1	1	0
0	41	23
0	4	3
1	1	0
1	5	2
0	15	7
0	4	2
0	5	5
0	5	3
0	5	4
0	7	2
0	4	3
0	1	1
0	4	4
0	2	2
1	1	0
0	5	2
0	1	1
0	26	26
1	1	0
1	1	0
0	46	37
1	2	0
0	7	6
1	14	7
0	6	3
1	1	0
1	1	0
0	2	1
1	3	1
1	1	0
0	6	6
0	2	2
0	1	1
1	3	1
0	63	51
1	1	0
0	5	4
0	5	3
0	10	6
0	6	3
1	1	0
0	3	3
0	48	44
0	48	43
1	1	0
0	2	2
1	1	0
0	10	10
1	1	0
0	4	3
1	1	0
0	2	2
1	38	11
0	4	2
1	1	0
0	3	3
0	1	1
0	11	9
0	2	1
0	11	9
0	2	1
0	2	1
1	1	0
0	1	1
0	1	1
0	12	12
0	19	15
0	5	4
1	1	0
0	19	13
1	22	2
1	1	0
1	1	0
1	2	0
1	2	0
1	1	0
0	4	4
0	2	1
0	4	3
0	2	2
1	1	0
0	12	10
0	2	2
1	4	1
0	3	2
0	26	25
1	4	2
1	1	0
0	1	1
0	29	26
0	29	20
1	1	0
0	7	7
0	2	2
0	3	2
0	1	1
1	3	1
0	2	2
0	3	3
1	1	0
1	1	0
0	3	3
0	6	3
0	8	7
1	1	0
1	7	3
1	1	0
0	2	1
0	2	2
0	2	2
0	3	3
1	1	0
1	1	0
0	53	41
0	4	4
0	2	2
0	1	1
1	2	1
0	2	2
0	10	9
0	10	8
1	1	0
0	29	22
0	18	11
1	3	0
1	3	1
1	1	0
0	3	3
0	4	4
0	7	7
1	2	0
0	1	1
0	5	4
1	2	1
0	1	1
0	28	24
0	28	25
1	1	0
0	3	3
0	2	2
0	3	3
0	2	1
0	2	2
1	1	0
0	2	2
0	3	3
0	1	1
1	1	0
0	9	7
0	3	2
0	2	2
1	2	1
0	2	2
1	6	1
1	2	1
1	2	0
0	9	9
0	3	1
0	2	2
0	9	8
0	15	12
0	29	28
0	1	1
0	79	76
0	79	77
1	1	0
0	79	79
0	2	2
0	1	1
0	34	32
1	1	0
1	1	0
1	1	0
0	4	2
1	2	0
1	1	0
0	4	3
0	4	4
0	3	1
1	4	2
1	3	1
1	7	3
1	2	0
0	3	3
1	1	0
1	1	0
0	3	3
0	4	4
1	1	0
0	1	1
0	15	15
0	2	2
0	4	4
1	8	3
0	10	8
1	2	1
1	10	2
1	12	4
1	2	1
1	3	1
1	1	0
0	1	1
1	1	0
0	6	5
0	67	51
0	67	50
0	5	2
0	2	2
0	7	4
0	3	2
1	1	0
1	1	0
0	4	4
1	2	0
1	1	0
0	3	3
0	7	3
0	3	2
0	15	14
1	1	0
0	15	13
1	2	1
0	3	2
1	1	0
0	3	3
0	2	2
0	3	2
0	8	8
0	3	1
0	3	2
0	45	40
0	12	12
0	45	43
1	1	0
1	2	1
0	2	2
0	4	2
1	1	0
0	18	12
0	4	3
1	2	0
1	1	0
0	96	85
0	2	2
1	1	0
1	1	0
0	4	3
0	22	13
0	22	14
1	1	0
0	2	2
0	26	5
0	3	3
0	8	5
0	2	2
0	4	4
1	1	0
0	1	1
0	5	4
0	5	5
0	1	1
1	13	5
1	2	0
1	1	0
0	2	1
0	5	4
0	4	2
1	1	0
1	1	0
1	1	0
1	3	1
0	4	3
0	4	2
1	3	0
1	4	0
1	4	1
0	4	2
0	2	1
0	5	5
0	3	3
1	2	1
0	4	4
1	1	0
1	2	1
1	2	1
0	3	2
0	53	41
0	16	14
1	2	0
0	1	1
1	5	1
1	1	0
0	1	1
0	3	3
0	8	5
1	1	0
0	2	2
0	3	2
0	4	4
1	1	0
0	2	2
0	4	3
1	2	0
1	1	0
0	2	2
0	3	1
0	4	4
1	2	1
1	1	0
1	2	0
0	50	46
0	6	5
0	4	2
0	2	2
0	3	3
1	1	0
1	1	0
1	1	0
0	63	51
0	1	1
1	1	0
0	1	1
1	1	0
1	1	0
1	3	1
1	1	0
0	72	39
0	24	11
0	1	1
1	4	2
0	24	12
1	1	0
0	2	1
0	7	6
0	2	1
0	2	2
0	2	2
0	4	2
0	4	4
1	3	1
0	2	2
0	2	2
0	11	9
0	6	4
0	3	2
0	2	1
0	3	3
0	4	4
0	5	5
1	1	0
0	3	3
1	1	0
0	3	3
1	3	1
1	1	0
0	96	48
0	1	1
0	5	3
1	3	0
0	5	4
1	3	0
1	3	1
0	72	41
0	41	39
1	1	0
0	5	4
0	8	2
0	50	30
1	4	1
0	11	11
0	45	41
1	13	5
1	1	0
0	45	43
1	1	0
0	6	6
0	1	1
0	5	5
1	1	0
0	7	4
0	4	3
0	4	4
0	26	22
0	4	2
1	1	0
0	5	4
1	1	0
1	1	0
0	7	4
0	10	10
1	1	0
0	4	4
0	12	9
1	2	1
0	15	10
0	4	3
1	2	1
0	4	4
0	5	5
1	2	1
1	1	0
1	1	0
0	5	5
1	1	0
0	5	5
0	2	2
0	5	2
0	5	2
0	14	11
0	183	135
0	2	1
0	4	4
0	7	7
0	1	1
0	4	3
1	2	0
0	3	3
0	148	99
0	12	11
0	2	2
1	1	0
0	183	145
0	1	1
0	2	2
0	6	6
0	37	29
0	2	2
1	1	0
0	1	1
0	37	27
1	1	0
0	4	4
0	2	2
1	1	0
0	3	2
0	3	3
0	3	2
0	4	2
0	3	3
0	2	2
1	4	1
1	1	0
0	3	3
1	1	0
1	1	0
0	1	1
0	2	1
0	24	7
0	2	1
0	3	3
1	1	0
0	2	2
0	3	2
1	1	0
1	1	0
0	12	10
1	1	0
0	3	3
0	5	5
0	1	1
1	2	0
0	2	2
1	1	0
0	1	1
0	6	3
0	1	1
0	26	24
0	5	2
0	26	26
0	2	2
1	41	1
0	1	1
0	3	3
0	4	4
0	3	2
1	1	0
0	9	8
0	9	9
0	38	32
0	6	6
1	1	0
0	2	2
1	1	0
0	22	17
1	1	0
1	1	0
1	1	0
1	4	1
0	29	27
0	2	2
0	1	1
0	3	2
1	1	0
0	3	3
0	26	10
0	3	3
0	6	5
0	2	2
0	3	2
1	2	0
0	5	5
0	7	5
0	7	3
1	1	0
1	1	0
0	2	2
0	6	6
0	8	3
0	2	1
0	1	1
0	1	1
0	24	19
0	60	51
0	10	10
1	3	1
0	2	1
0	5	3
0	1	1
0	5	5
0	122	116
0	2	2
0	14	10
0	14	11
0	3	2
1	1	0
0	2	2
1	1	0
0	6	6
0	2	1
0	6	5
0	2	1
1	2	1
0	8	5
0	6	5
0	14	13
0	2	2
1	1	0
0	3	3
0	2	1
0	5	5
1	2	1
0	25	16
0	5	3
1	2	0
1	1	0
0	60	32
0	5	3
1	2	1
1	4	0
0	2	2
0	2	1
0	2	2
0	4	4
1	1	0
0	1	1
0	89	62
1	1	0
1	1	0
0	89	60
1	1	0
1	2	1
1	1	0
1	1	0
0	39	25
0	2	1
0	1	1
0	22	12
0	39	23
0	3	1
1	1	0
1	1	0
0	2	2
1	1	0
0	2	2
0	11	8
1	1	0
1	1	0
0	88	79
0	4	3
0	1	1
0	5	4
0	23	13
0	1	1
0	23	17
0	6	6
1	3	1
0	7	4
0	5	4
0	2	1
1	1	0
0	5	5
0	3	2
0	6	4
0	6	5
1	1	0
1	3	1
0	1	1
0	3	3
0	131	83
0	9	9
0	14	6
0	131	82
0	7	6
1	1	0
1	7	3
0	5	3
0	1	1
0	5	5
0	30	29
0	2	2
0	1	1
0	9	4
0	7	7
0	18	6
0	18	7
0	4	2
0	1	1
0	2	2
0	2	2
1	1	0
0	1	1
1	1	0
0	1	1
1	1	0
0	2	2
1	3	1
0	1	1
0	7	4
0	3	3
1	2	0
0	89	81
0	2	2
0	3	2
0	24	22
0	2	2
0	1	1
0	1	1
1	1	0
1	1	0
1	1	0
1	1	0
0	5	3
0	1	1
0	1	1
0	2	1
0	12	8
1	1	0
1	3	0
0	5	4
1	1	0
1	26	7
1	1	0
1	6	2
1	1	0
1	2	0
0	3	3
1	2	1
0	40	26
0	97	86
1	3	1
0	72	65
0	3	2
0	72	66
1	1	0
1	23	11
0	2	2
1	1	0
1	3	1
0	7	4
0	1	1
1	1	0
1	1	0
0	7	4
1	5	2
1	1	0
0	16	16
0	16	13
1	2	1
0	40	34
0	35	31
0	40	35
0	3	3
1	5	1
0	4	4
1	1	0
0	8	5
1	4	1
0	8	6
1	1	0
1	2	0
0	92	89
0	92	88
0	3	3
0	4	3
0	3	2
0	1	1
0	3	3
0	2	2
0	2	2
1	3	1
0	10	6
0	15	9
0	8	8
0	3	1
0	33	19
0	1	1
0	1	1
1	3	1
0	8	5
1	1	0
1	1	0
0	2	1
0	22	20
1	1	0
1	5	2
0	2	2
1	2	0
0	4	1
0	2	2
0	1	1
0	6	6
1	1	0
1	3	1
0	4	3
1	1	0
1	3	0
0	8	6
1	1	0
0	6	5
0	8	7
1	1	0
1	1	0
0	2	1
0	3	3
1	1	0
1	3	1
0	4	4
0	3	3
1	1	0
1	1	0
1	1	0
1	1	0
0	48	39
1	14	5
1	1	0
0	3	3
0	3	3
1	1	0
0	2	2
0	3	2
1	2	1
0	11	8
1	9	3
0	6	5
0	4	2
0	6	6
0	48	42
0	1	1
0	9	8
1	6	0
1	5	2
0	1	1
0	2	2
0	2	2
0	2	1
0	5	5
0	33	24
0	2	2
0	33	22
1	1	0
1	4	2
0	44	33
0	10	8
0	1	1
0	2	1
0	4	4
1	1	0
0	5	3
0	4	2
1	6	2
1	1	0
0	1	1
0	3	2
0	4	3
0	3	3
0	3	3
0	2	1
1	1	0
1	1	0
1	1	0
1	2	1
0	5	4
0	7	5
1	1	0
1	1	0
0	2	2
0	5	5
0	11	7
0	3	2
0	2	2
1	1	0
0	1	1
0	2	1
0	40	39
0	28	24
0	28	25
1	4	2
0	28	26
0	24	13
0	6	6
0	4	3
1	1	0
0	24	14
0	40	40
0	7	5
0	9	7
1	1	0
0	2	2
0	12	11
0	1	1
1	3	1
0	3	1
0	3	3
0	4	4
0	2	2
0	10	9
1	1	0
0	1	1
1	1	0
0	24	16
0	3	2
1	2	1
1	1	0
0	5	3
0	2	2
0	2	2
1	4	1
1	4	1
0	4	3
0	6	5
0	9	6
0	2	2
1	1	0
1	1	0
0	13	12
1	2	1
1	1	0
0	3	2
0	5	5
1	23	8
0	3	1
0	3	1
0	3	3
0	3	3
1	2	0
0	4	1
0	35	26
0	2	2
0	2	1
0	166	162
0	3	3
0	1	1
0	2	2
0	2	1
0	2	2
0	7	4
0	216	203
1	1	0
0	4	3
1	1	0
0	251	210
0	251	212
1	3	0
1	1	0
0	2	1
0	3	3
0	1	1
0	8	8
1	1	0
0	6	6
0	4	4
0	1	1
1	1	0
1	2	1
1	1	0
1	1	0
1	1	0
1	1	0
1	2	1
1	1	0
0	6	6
0	2	2
1	1	0
1	3	1
0	7	3
1	2	0
1	1	0
0	2	1
0	2	2
0	3	2
0	1	1
0	1	1
0	6	4
0	2	2
0	11	8
1	1	0
0	29	24
0	1	1
0	1	1
0	3	2
1	1	0
1	3	1
1	1	0
1	2	0
0	48	38
0	4	2
0	2	2
1	1	0
1	1	0
1	2	0
0	330	300
1	1	0
1	1	0
1	2	1
0	1	1
1	1	0
0	3	3
0	3	3
0	5	4
1	1	0
0	2	2
0	1	1
1	7	2
0	2	1
1	2	0
1	2	0
0	2	1
0	11	9
0	2	2
0	2	2
1	2	1
1	6	2
0	5	2
0	36	28
0	36	29
0	1	1
0	1	1
0	26	26
0	5	5
0	26	21
1	2	1
1	1	0
1	1	0
0	1	1
0	5	5
0	3	2
1	2	0
0	3	3
0	5	3
0	1	1
1	1	0
0	2	2
0	1	1
1	13	5
1	1	0
0	10	6
0	2	2
1	3	0
1	3	1
0	4	4
1	1	0
0	2	2
0	2	1
1	1	0
1	1	0
1	5	2
1	4	1
1	2	1
0	4	4
0	3	3
1	1	0
0	12	5
1	2	1
1	1	0
0	1	1
0	6	6
1	1	0
0	8	5
0	6	6
0	4	4
1	1	0
1	5	1
1	1	0
0	3	2
1	1	0
0	1	1
0	15	13
0	5	5
1	1	0
1	1	0
1	2	0
1	53	8
1	6	2
0	4	3
1	2	1
1	1	0
1	1	0
0	70	42
0	11	11
1	1	0
0	7	5
1	1	0
1	1	0
0	9	9
0	61	46
0	2	1
0	7	6
1	1	0
0	13	11
1	3	1
0	13	12
1	2	1
1	1	0
0	4	4
0	2	2
0	4	4
0	2	2
1	4	1
1	6	2
1	1	0
0	2	2
1	3	1
1	2	1
1	2	0
0	8	2
0	2	1
0	8	3
1	6	2
0	12	5
1	1	0
1	1	0
0	61	53
0	3	3
0	2	1
1	1	0
0	2	1
0	2	2
0	4	2
1	1	0
0	5	2
0	4	4
0	56	54
0	3	3
0	1	1
0	2	2
1	1	0
0	5	3
1	1	0
0	17	11
0	8	6
0	3	2
0	15	15
0	37	29
1	3	0
1	1	0
0	2	1
0	3	2
0	16	16
0	2	1
0	3	3
0	3	3
1	2	1
1	1	0
1	1	0
0	5	4
1	7	3
1	2	1
1	10	2
1	1	0
1	1	0
0	8	8
1	1	0
0	1	1
1	1	0
1	1	0
0	5	5
1	2	1
0	32	28
0	32	27
1	1	0
1	7	3
0	3	3
1	1	0
0	3	3
0	11	8
1	1	0
1	3	1
1	2	0
0	2	1
0	4	4
0	3	3
1	1	0
1	5	2
0	3	3
1	1	0
1	3	1
0	5	3
0	2	2
0	23	9
0	4	4
0	7	7
1	2	0
0	6	5
1	1	0
1	2	0
0	4	4
1	3	0
1	3	1
0	2	2
1	1	0
0	1	1
0	2	2
0	3	3
1	4	1
1	19	7
0	2	1
1	2	0
0	2	1
1	1	0
0	5	5
0	7	7
0	3	3
1	1	0
1	1	0
0	1	1
0	5	5
0	6	5
0	2	1
1	4	1
0	2	2
1	2	1
1	1	0
0	3	2
0	4	4
1	1	0
1	2	0
0	5	4
1	1	0
0	19	17
1	1	0
1	1	0
0	143	104
0	3	3
0	1	1
0	1	1
0	4	4
0	14	10
1	1	0
1	1	0
0	5	2
1	1	0
0	2	2
0	3	3
1	2	0
0	5	4
1	1	0
1	1	0
1	2	0
0	3	2
0	39	37
0	14	6
0	17	14
1	1	0
0	15	13
1	1	0
1	6	1
1	1	0
0	6	6
0	1	1
0	2	2
1	1	0
1	2	0
1	1	0
1	2	1
0	3	2
0	3	3
0	4	4
1	1	0
0	2	2
0	6	5
0	5	5
0	11	11
1	2	0
0	6	6
1	1	0
1	2	0
0	2	1
0	1	1
0	1	1
1	1	0
0	8	8
0	8	3
1	6	3
1	2	0
0	2	1
0	8	6
0	2	2
0	1	1
1	1	0
0	8	5
0	2	2
1	2	0
1	1	0
1	1	0
0	66	48
0	3	3
0	7	3
1	1	0
0	7	4
0	3	2
1	6	1
0	2	1
1	1	0
1	1	0
0	2	2
0	11	10
0	1	1
1	1	0
0	330	298
1	1	0
0	5	2
1	2	1
1	1	0
0	2	1
1	1	0
1	2	0
0	2	2
0	5	3
0	6	4
0	2	2
1	5	1
0	3	3
0	3	3
0	2	2
0	19	10
1	1	0
0	2	2
0	2	2
1	1	0
0	3	2
0	2	1
1	2	0
1	4	2
0	2	2
0	2	2
1	3	0
1	3	0
0	12	11
1	1	0
0	29	28
0	5	4
1	1	0
1	2	1
0	70	61
0	70	62
1	1	0
1	2	0
0	3	1
1	2	0
0	3	3
0	7	6
1	1	0
1	1	0
0	1	1
0	2	2
0	2	2
1	1	0
0	4	4
0	9	7
1	2	0
0	4	4
1	1	0
0	5	4
0	4	3
0	11	11
1	1	0
1	2	1
1	8	3
0	1	1
0	4	2
1	1	0
0	19	12
1	5	2
0	19	13
0	4	3
1	2	0
1	1	0
0	4	4
0	2	1
0	4	4
1	2	1
1	2	0
0	5	5
0	2	2
0	6	5
0	3	2
1	1	0
0	4	3
0	3	2
1	3	0
1	1	0
0	3	2
0	5	4
1	1	0
0	1	1
1	1	0
0	8	6
1	1	0
0	6	3
1	2	1
0	2	1
0	4	3
1	1	0
1	1	0
0	13	12
0	29	15
1	1	0
0	6	4
1	1	0
0	4	3
1	1	0
0	16	10
1	3	0
0	6	4
0	11	6
0	9	4
1	1	0
0	16	12
0	22	10
1	2	1
1	1	0
0	2	2
0	4	3
1	1	0
0	1	1
0	3	2
0	6	3
1	2	0
0	22	12
1	2	0
1	1	0
0	62	50
0	62	51
0	3	2
1	1	0
0	7	6
0	4	4
0	2	2
1	1	0
0	9	7
0	9	8
0	4	2
1	1	0
0	2	2
0	5	5
0	5	5
0	2	2
0	44	38
1	8	2
1	8	0
1	7	3
0	2	1
0	4	2
0	12	8
0	2	2
0	5	5
0	26	19
1	3	1
0	11	8
0	29	25
0	5	2
0	10	6
1	1	0
0	2	2
0	13	10
0	3	3
0	2	2
0	5	4
1	2	0
1	1	0
1	1	0
0	20	19
1	2	0
0	4	4
0	16	12
1	1	0
0	4	3
0	2	2
0	2	2
1	2	0
0	9	5
0	2	2
0	1	1
0	4	2
1	117	26
0	4	4
0	5	5
0	2	1
1	4	1
0	36	24
0	4	3
0	34	18
0	8	3
0	2	2
0	3	3
1	5	2
0	20	15
0	11	7
0	36	22
0	4	3
0	34	33
0	2	1
1	3	1
0	2	2
1	3	0
0	1	1
1	1	0
0	9	4
0	2	2
0	2	2
1	1	0
1	1	0
1	3	0
0	2	2
1	1	0
1	1	0
1	2	0
0	2	2
0	34	31
0	4	2
0	6	6
0	33	29
0	33	28
1	2	1
1	8	2
0	15	11
0	12	5
0	2	2
0	34	32
1	8	3
0	5	2
0	2	1
1	5	0
1	1	0
0	6	6
0	77	54
0	5	4
0	5	5
1	1	0
0	2	2
1	1	0
1	2	0
1	1	0
0	77	51
0	2	1
0	5	5
0	5	5
1	1	0
0	78	48
0	1	1
0	5	3
1	1	0
1	2	1
1	1	0
0	4	4
0	2	1
0	2	2
0	2	1
0	4	3
0	2	1
1	3	1
1	4	0
1	2	1
1	1	0
1	1	0
0	7	7
0	2	2
0	2	1
0	2	1
0	3	2
0	7	6
0	1	1
0	78	59
0	2	2
1	8	2
1	1	0
0	3	3
0	2	1
1	1	0
1	1	0
0	1	1
0	9	7
0	6	4
1	9	4
1	1	0
0	4	3
1	1	0
0	40	38
0	2	1
1	1	0
0	2	2
0	31	22
0	5	5
0	31	23
1	3	1
0	2	2
1	2	1
0	3	2
1	1	0
0	5	4
1	1	0
1	2	0
0	57	51
0	2	2
0	1	1
1	1	0
0	3	3
1	2	0
0	5	5
1	3	1
1	1	0
0	3	3
1	2	0
0	2	1
1	1	0
0	74	57
0	74	56
0	6	6
0	1	1
0	3	3
0	7	6
0	10	3
0	2	1
0	22	18
0	3	2
0	10	8
0	5	3
0	2	2
1	2	1
1	2	0
0	23	22
0	3	3
1	1	0
1	1	0
0	2	1
0	4	4
0	3	3
1	1	0
0	25	16
1	2	0
0	7	5
0	6	5
0	25	21
1	10	4
0	3	1
0	2	2
1	2	1
0	2	1
0	5	5
0	1	1
0	2	1
1	1	0
0	3	2
1	2	1
0	11	6
0	21	16
0	2	1
0	1	1
1	2	1
1	1	0
0	2	2
1	3	1
1	1	0
0	4	2
0	1	1
0	7	5
0	12	5
0	44	41
0	12	4
0	4	3
1	1	0
0	27	20
0	38	18
1	2	1
1	1	0
0	27	25
0	3	3
1	1	0
0	1	1
1	6	2
0	4	4
1	2	0
0	15	12
1	2	1
0	15	15
0	6	3
0	1	1
0	13	3
0	2	2
0	38	32
0	64	51
1	2	1
1	2	0
0	1	1
0	5	3
1	1	0
1	2	0
0	3	2
0	3	3
0	15	12
0	4	4
0	1	1
0	4	2
1	3	1
0	2	2
1	22	9
0	3	2
0	3	2
0	76	74
1	2	1
0	3	2
0	7	7
0	7	6
0	2	1
0	4	3
0	5	3
0	2	1
1	1	0
0	1	1
0	2	2
1	1	0
0	2	2
0	5	3
0	5	4
0	7	6
0	3	3
1	1	0
1	2	0
0	6	6
0	2	2
1	1	0
1	2	0
0	3	3
1	1	0
0	36	21
0	3	2
1	2	0
1	1	0
1	15	4
0	10	10
0	6	5
1	1	0
1	1	0
1	1	0
0	3	3
0	4	3
0	1	1
0	6	4
1	2	1
0	1	1
0	4	3
0	6	5
1	2	1
1	2	1
1	2	0
0	10	10
1	1	0
1	2	0
0	1	1
0	24	17
0	24	15
0	3	3
0	24	16
1	11	0
0	7	7
1	1	0
0	2	2
0	3	3
0	1	1
1	1	0
1	13	5
0	2	2
0	7	2
0	2	2
0	4	2
0	4	3
0	2	1
0	2	1
0	5	3
0	1	1
0	24	18
0	3	3
0	4	4
0	2	2
0	2	2
1	3	1
0	1	1
0	2	2
0	2	1
1	6	2
1	1	0
0	1	1
0	5	5
1	8	3
1	1	0
1	1	0
1	1	0
0	18	14
0	18	13
1	2	0
0	46	39
0	3	3
0	4	4
1	2	0
1	25	7
0	3	2
1	1	0
1	1	0
0	4	4
0	2	2
0	2	1
1	1	0
1	1	0
0	4	4
1	2	1
0	3	3
1	2	0
0	2	2
1	1	0
1	1	0
0	14	9
0	8	7
0	1	1
0	8	5
1	1	0
0	6	5
0	3	3
0	4	3
1	1	0
0	8	8
0	5	4
0	4	4
0	8	8
0	1	1
1	1	0
1	1	0
0	40	9
0	5	3
0	12	5
0	5	5
1	1	0
1	1	0
0	10	10
1	7	2
1	3	1
0	159	146
0	2	2
0	2	1
0	8	6
0	10	9
0	5	5
1	3	1
0	2	2
0	6	6
1	1	0
0	1	1
0	17	16
0	7	7
0	26	24
0	5	5
0	89	67
0	12	8
1	1	0
0	2	2
1	1	0
0	2	1
0	1	1
1	1	0
0	2	2
1	1	0
0	2	2
1	1	0
0	8	6
1	5	2
0	12	11
0	3	3
0	10	6
0	1	1
1	2	0
0	4	4
0	2	2
1	7	1
1	1	0
0	4	4
1	1	0
0	6	2
0	1	1
1	3	0
0	3	2
0	16	3
0	3	3
0	5	4
0	3	2
0	1	1
0	3	3
1	1	0
0	1	1
0	15	4
1	2	1
0	1	1
0	3	3
0	1	1
0	3	3
1	3	1
0	9	9
0	3	3
0	6	4
0	1	1
0	4	4
0	22	18
0	5	4
0	3	3
0	1	1
0	11	11
0	2	2
0	9	5
0	9	8
0	5	5
0	3	2
0	9	2
0	2	2
0	4	2
0	5	3
0	1	1
1	2	0
0	10	4
0	3	2
0	6	5
1	2	0
1	20	3
1	1	0
0	3	2
0	2	2
1	3	0
0	1	1
0	1	1
1	1	0
0	7	6
0	7	7
0	2	1
0	4	2
0	6	5
1	1	0
0	6	4
0	35	31
1	4	1
1	2	1
1	1	0
0	1	1
1	1	0
1	1	0
1	2	1
0	6	4
0	6	4
0	30	24
0	6	5
0	1	1
0	1	1
1	3	0
0	4	4
0	2	2
0	6	5
0	2	2
0	1	1
0	1	1
0	1	1
0	6	6
1	3	1
0	112	97
1	2	1
0	8	8
0	3	3
1	1	0
0	8	5
0	2	2
0	4	2
0	9	9
0	2	2
1	1	0
0	3	3
0	7	6
0	2	1
0	3	2
0	34	31
0	1	1
1	1	0
0	24	15
0	1	1
0	3	3
0	3	3
0	1	1
0	2	1
1	2	0
1	3	0
0	4	4
0	4	2
0	2	2
1	1	0
0	2	2
1	1	0
0	3	1
0	8	7
0	8	8
0	8	3
0	2	2
1	3	1
1	1	0
1	3	1
0	5	2
0	9	9
0	29	27
0	3	1
0	1	1
0	1	1
1	2	1
0	4	4
1	1	0
0	4	3
0	1	1
1	2	1
0	2	2
1	2	0
1	1	0
1	3	1
0	3	2
0	3	3
1	1	0
0	3	3
0	1	1
0	30	21
0	2	1
0	3	2
0	3	3
1	2	0
0	11	8
0	3	3
0	41	25
0	2	2
1	2	0
1	1	0
1	5	1
0	1	1
0	1	1
0	3	1
1	1	0
0	3	2
0	41	33
1	8	2
0	15	13
0	3	3
1	1	0
1	4	2
1	2	0
1	1	0
1	2	0
1	2	1
0	6	6
1	1	0
0	4	3
0	3	3
1	2	0
0	4	2
1	2	0
1	1	0
1	1	0
0	7	6
1	1	0
0	3	2
0	2	2
0	7	7
1	2	0
0	5	4
1	1	0
0	5	5
0	58	58
0	58	57
1	1	0
1	1	0
0	30	24
0	7	5
0	58	44
0	7	4
1	1	0
0	58	45
1	1	0
0	14	7
0	14	6
0	14	8
1	1	0
0	3	3
1	1	0
0	2	1
1	1	0
0	3	3
0	1	1
0	2	1
0	2	2
1	3	1
0	5	4
0	7	6
0	21	13
0	21	12
0	2	1
1	1	0
0	2	2
0	3	2
0	4	3
0	2	2
0	1	1
0	3	2
0	45	43
0	1	1
0	2	2
0	45	42
1	1	0
0	6	5
0	34	25
0	2	2
0	4	4
1	7	4
1	3	1
0	5	4
0	1	1
0	1	1
1	4	2
0	5	5
0	5	4
0	24	3
1	3	1
0	1	1
0	23	18
0	4	3
1	3	0
0	5	4
1	2	1
0	2	2
0	4	3
0	4	4
0	5	5
0	176	149
1	2	1
0	2	1
0	1	1
0	6	2
0	1	1
0	1	1
0	3	3
1	1	0
1	1	0
0	176	151
0	1	1
0	3	3
0	3	2
1	1	0
1	1	0
0	3	3
0	4	4
0	2	2
0	19	15
0	19	16
0	3	3
0	4	4
0	9	4
0	3	3
0	2	2
1	1	0
0	6	3
1	1	0
0	9	6
1	1	0
1	1	0
1	1	0
0	3	3
1	1	0
1	1	0
1	2	1
1	1	0
0	11	9
1	1	0
0	12	9
0	1	1
0	3	2
0	57	27
0	1	1
0	2	2
1	2	1
0	5	5
1	2	0
1	1	0
0	80	60
0	10	6
0	13	10
0	1	1
0	3	3
0	57	35
0	2	1
0	2	2
0	1	1
0	2	1
1	2	0
1	1	0
1	3	1
1	27	12
1	1	0
0	2	2
0	2	2
0	3	3
1	1	0
0	34	15
1	1	0
1	3	1
0	1	1
1	3	0
1	6	2
0	2	2
0	32	8
0	10	9
0	1	1
1	2	0
0	1	1
1	1	0
0	7	7
1	2	1
0	35	23
0	2	2
1	1	0
0	4	4
0	5	4
0	2	2
0	5	5
0	2	1
0	3	2
0	1	1
1	1	0
0	9	5
0	24	14
0	14	6
0	3	3
0	3	3
0	32	28
0	35	13
0	2	2
0	1	1
1	3	1
1	4	1
0	2	1
0	2	2
0	3	3
1	1	0
0	19	18
1	2	1
0	19	16
0	3	2
1	1	0
1	2	1
0	5	5
0	3	3
0	2	1
0	3	3
0	2	2
0	1	1
0	3	3
1	1	0
0	3	2
0	2	2
0	2	2
1	2	1
0	8	7
0	7	7
0	8	6
1	1	0
0	3	3
0	72	42
0	72	43
0	2	2
1	4	1
0	3	3
0	9	7
0	1	1
1	1	0
1	2	0
1	1	0
0	4	4
1	1	0
0	4	4
0	2	2
0	2	2
0	4	3
0	6	6
1	1	0
1	1	0
1	1	0
0	7	4
1	1	0
0	3	2
0	4	4
0	1	1
0	1	1
1	1	0
1	2	0
0	3	3
0	3	3
1	1	0
0	3	3
0	32	27
0	2	1
0	4	4
0	32	26
0	4	3
0	50	38
1	4	0
0	3	2
0	16	15
1	1	0
0	2	2
0	8	8
0	1	1
1	1	0
1	1	0
0	1	1
0	7	5
1	1	0
0	98	60
0	98	61
0	35	26
0	1	1
0	2	1
0	35	24
0	6	3
1	1	0
0	32	32
0	31	28
0	32	28
1	1	0
0	3	3
1	2	0
1	2	0
0	20	15
0	2	2
0	4	4
1	1	0
0	4	3
1	1	0
0	1	1
0	8	8
1	1	0
0	46	39
1	1	0
0	2	2
0	6	6
1	1	0
0	4	4
0	6	5
1	2	0
1	1	0
1	1	0
0	36	20
1	1	0
0	6	5
0	6	4
0	26	17
1	1	0
0	34	18
0	24	19
0	34	19
0	24	17
0	33	22
0	7	7
1	2	0
1	1	0
0	5	3
1	2	0
1	2	0
0	3	2
0	1	1
0	7	3
1	1	0
0	70	68
0	70	67
0	2	2
0	2	2
0	46	12
0	3	2
1	1	0
1	1	0
0	2	2
0	2	2
1	1	0
0	2	2
0	2	2
0	3	3
0	6	4
0	13	13
0	5	5
0	4	4
0	1	1
0	7	3
1	2	0
0	7	4
1	1	0
0	1	1
0	3	2
0	3	3
0	2	2
1	2	1
1	1	0
1	1	0
0	4	2
1	1	0
0	6	3
1	1	0
0	6	5
1	2	0
1	1	0
0	6	6
0	2	2
1	13	4
0	6	3
1	1	0
1	3	1
1	1	0
0	5	5
0	5	3
0	3	2
1	1	0
0	5	5
0	5	4
1	1	0
1	3	1
0	3	3
0	229	154
1	1	0
0	229	156
1	1	0
0	98	84
1	1	0
1	2	0
1	1	0
0	2	2
0	3	3
1	2	0
0	80	59
0	5	5
1	1	0
1	1	0
0	1	1
0	4	4
0	2	2
0	3	3
0	5	5
1	1	0
0	3	3
0	45	33
0	6	3
1	1	0
0	2	2
0	2	2
0	69	66
0	8	8
0	3	3
0	45	32
0	3	2
0	3	2
1	2	0
0	4	4
1	1	0
0	36	18
1	2	1
0	1	1
1	2	0
0	45	43
1	1	0
0	1	1
1	2	1
0	2	2
0	3	2
0	2	2
0	3	2
0	1	1
0	3	3
0	2	2
1	2	1
1	1	0
0	1	1
1	1	0
0	2	1
0	3	2
1	1	0
0	3	2
1	2	0
0	2	2
1	2	0
1	1	0
0	5	3
1	1	0
0	3	3
1	1	0
0	3	2
0	6	4
1	1	0
1	1	0
0	7	7
1	1	0
0	1	1
0	6	5
0	3	2
0	3	2
0	2	2
1	1	0
0	2	1
1	9	0
0	52	41
0	4	4
1	1	0
0	52	44
1	2	0
0	1	1
1	2	0
0	2	2
0	3	2
0	1	1
0	5	4
0	2	2
1	2	0
0	5	5
0	4	2
0	5	4
0	5	3
0	6	5
0	32	24
0	3	3
0	9	6
0	2	2
0	5	5
0	1	1
0	23	19
0	3	3
0	2	1
1	1	0
0	2	2
1	1	0
1	4	2
0	2	1
0	5	5
0	2	2
1	1	0
0	3	3
0	3	2
0	4	4
1	1	0
1	1	0
1	2	0
0	4	4
0	3	3
0	3	2
0	19	10
0	6	4
0	19	12
0	6	3
0	4	2
1	1	0
0	5	4
0	5	3
1	1	0
0	2	2
0	1	1
0	6	5
0	2	2
0	5	4
1	6	2
0	2	2
0	3	3
0	1	1
0	1	1
1	1	0
0	5	3
1	2	0
1	2	1
0	5	5
0	9	9
0	5	4
0	2	2
0	6	4
1	1	0
1	19	4
1	2	0
1	2	1
1	3	0
0	1	1
1	6	2
0	6	5
0	3	3
0	6	6
0	5	4
0	5	3
1	1	0
1	2	1
1	5	1
0	3	2
0	5	5
1	1	0
0	4	4
0	2	2
1	1	0
0	7	6
1	19	4
0	4	3
0	8	8
0	2	1
1	1	0
0	2	2
0	6	4
0	2	2
0	6	6
0	10	9
0	3	2
0	3	3
1	1	0
0	1	1
0	13	10
0	13	11
1	1	0
1	1	0
0	5	3
0	4	4
0	4	3
0	2	1
0	1	1
0	3	2
0	2	1
0	4	2
0	3	2
1	1	0
0	3	2
1	2	0
1	3	1
0	3	3
0	3	2
0	2	1
0	4	2
0	1	1
0	1	1
1	5	1
0	68	63
0	2	2
0	1	1
0	2	1
0	9	6
0	5	4
0	2	2
0	5	3
1	1	0
0	3	3
0	8	8
0	3	3
0	4	3
0	1	1
0	4	4
0	11	11
0	2	1
0	12	7
0	2	2
0	5	5
1	1	0
0	12	8
1	1	0
0	75	50
0	17	14
1	1	0
0	39	33
0	3	3
1	1	0
0	2	2
0	1	1
0	17	14
0	2	1
1	2	1
0	5	3
1	17	3
0	1	1
0	3	3
1	2	1
1	1	0
0	75	66
1	1	0
0	75	67
1	2	1
0	6	6
1	1	0
0	1	1
1	4	1
0	2	2
1	1	0
0	1	1
0	3	3
1	1	0
0	10	7
1	1	0
1	7	1
1	1	0
1	3	1
1	1	0
0	1	1
0	167	157
1	1	0
1	2	1
1	1	0
1	2	0
1	2	1
1	2	0
0	2	1
0	167	154
0	1	1
0	2	1
0	14	13
1	8	2
1	11	4
0	3	2
0	1	1
0	2	2
1	6	2
0	3	3
0	19	18
0	19	16
1	4	2
1	3	1
0	2	2
0	42	32
0	5	5
0	3	3
0	42	31
0	2	2
1	2	0
1	7	2
1	1	0
0	8	5
0	8	8
0	3	3
1	2	0
1	1	0
0	3	3
1	6	0
1	1	0
1	1	0
0	311	221
0	311	222
0	42	29
0	3	1
1	1	0
0	4	3
1	1	0
0	4	4
1	1	0
0	4	2
0	2	2
1	1	0
1	2	0
0	5	4
0	5	3
1	1	0
0	1	1
0	5	5
0	2	2
1	1	0
0	4	4
1	2	1
0	1	1
1	2	1
0	5	2
1	1	0
1	2	0
1	1	0
1	1	0
0	3	3
0	3	3
0	4	4
0	4	3
0	61	49
1	1	0
0	4	3
0	2	2
1	1	0
0	1	1
0	21	20
0	7	6
0	2	2
1	1	0
1	2	0
0	9	5
0	4	4
1	1	0
0	3	3
0	5	5
0	4	3
0	3	3
0	22	18
0	22	17
0	3	2
0	4	4
0	2	2
0	2	2
0	3	3
0	21	17
1	2	1
0	2	2
0	29	23
0	2	1
0	7	5
0	1	1
0	3	2
0	3	3
0	3	2
1	1	0
0	3	2
0	3	3
0	3	3
0	2	1
1	1	0
0	2	1
0	7	7
0	5	5
0	4	2
0	1	1
0	43	35
0	43	37
0	16	5
0	5	4
1	1	0
1	1	0
0	7	4
0	3	3
0	3	3
0	7	5
0	2	1
0	1	1
0	4	3
0	3	1
1	1	0
0	70	69
0	2	2
1	1	0
0	79	60
0	5	5
0	2	2
0	4	3
0	18	16
1	1	0
1	7	2
0	3	3
0	2	1
0	25	20
0	1	1
0	2	2
1	1	0
1	1	0
0	2	2
0	2	1
0	6	5
1	1	0
1	15	3
0	10	9
0	7	7
1	1	0
0	4	3
0	2	2
1	5	1
1	2	0
1	2	1
0	5	5
1	2	0
0	1	1
1	1	0
1	1	0
0	2	2
0	1	1
1	1	0
1	1	0
1	2	1
0	4	4
0	8	3
0	5	4
0	7	7
0	2	2
0	265	213
1	2	0
0	6	3
0	3	3
0	6	5
1	3	1
1	1	0
0	2	1
0	1	1
1	1	0
0	265	217
0	5	5
0	30	24
1	1	0
0	15	10
0	4	2
0	6	4
0	5	5
1	1	0
1	1	0
1	1	0
0	11	7
0	31	30
1	1	0
0	3	1
0	4	3
0	2	1
1	1	0
0	3	3
1	2	0
1	1	0
0	24	16
0	4	3
0	24	17
1	1	0
0	2	1
1	2	1
1	2	1
0	2	2
0	163	95
0	2	1
0	4	3
0	4	4
1	1	0
0	10	7
0	2	2
0	3	3
0	1	1
0	2	1
1	2	1
0	3	2
1	1	0
1	2	1
1	1	0
0	2	2
0	2	2
1	8	1
1	3	0
0	8	8
1	3	1
0	42	37
0	8	7
0	163	97
0	163	98
0	10	7
0	2	1
0	1	1
1	8	2
0	8	8
0	6	6
0	9	9
0	6	5
0	6	4
0	4	4
0	1	1
0	8	7
0	9	8
1	4	2
0	9	4
0	4	2
1	1	0
1	2	1
0	5	5
0	3	3
0	1	1
0	4	4
1	1	0
0	2	2
1	3	1
0	5	3
1	1	0
1	1	0
