2	4	16	26	29	101	112	137	156	164	203	223	242	253	286	317	392	433	440	514	519	547	589	604	606	611	666	668	676	693	694	699	721	745	778	832	860	865	880	895	905	923	945	1041	1108	1112	1187	1246	1263	1307	1327	1330	1336	1378	1379	1395	1400	1413	1416	1436	1439	1448	1455	1470	2012	3250	2013	2158	3509	3969	4306	4750	4790	5040	5041
6	7	35	41	148	149	188	327	457	467	595	709	740	813	815	830	902	933	991	1106	1171	1191	1249	1373	1375	1381	1385
2252	2253	2530	2791
1	20	181	577	17	18	22	78	99	109	120	122	132	133	134	138	140	150	182	201	208	209	216	250	263	270	271	279	282	283	334	373	387	393	463	466	473	488	592	618	633	638	639	683	724	758	794	958	1062	1101	1184	1231	76	21	27	28	77	102	103	106	110	113	115	119	125	126	128	139	147	158	163	179	187	196	202	219	220	244	246	248	249	257	261	262	273	276	277	278	280	281	284	285	304	305	347	353	356	361	362	364	367	368	369	375	378	379	383	385	395	396	404	408	409	410	416	417	418	419	420	426	447	448	483	486	490	492	493	494	495	496	499	503	504	505	522	525	527	528	551	555	562	578	579	593	608	612	613	616	619	632	636	641	645	670	673	678	680	684	686	688	689	697	700	701	702	718	722	725	738	760	761	784	785	788	793	803	845	847	848	866	871	882	926	961	971	972	973	978	990	1000	1005	1006	1058	1061	1069	1071	1075	1130	1136	1144	1151	1152	1157	1158	1161	1195	1208	1210	1218	1261	1264	1283	1290	1291	1292	1294	1339	1340	1356	1357	1362	1368	1382	1449	1457	465	509	967	381	1245	1396	1459	1512	2255	1540	1824	4104	1991	1793	2966	1566	2299	2411	2642	2767	3627	3645	3683	4235	4643	4876	1576	1513	1527	1620	1679	1919	2006	2164	2483	2722	2780	2812	2837	3004	3053	3268	3823	4020	4185	4372	4472	4533	4579	4842	1541	2793	4231	4233	4819	5034	1567	2931	3150	3749	1577	2513	4638	5050	1794	2387	2399	2794	3107	3165	3175	3237	3632	3842	4437	4659	1825	2803	3218	3235	4355	4617	4796	3544	4371	2256	2300	2353	3232	3275	3896	4909	5068	3018	2832	4105	4607
231	14	15	19	30	54	152	153	258	290	293	303	388	437	443	460	532	584	691	734	757	770	820	837	838	841	850	859	898	915	925	935	943	948	951	970	1007	1017	1055	1065	1073	1074	1076	1100	1119	1122	1154	1164	1169	1185	1206	1259	1262	1266	1270	1271	1277	1289	1320	1323	1324	1331	1338	1345	1346	1350	1355	1377	1391	1393	1423	1474	31	32	105	111	159	245	267	301	311	330	344	406	422	423	429	451	472	526	531	541	545	565	571	583	658	730	733	1044	1146	1211	1342	1386	1429	1432	33	34	44	151	628	763	819	823	907	908	1056	719	805	810	1511	4964	3069	3937	4033	4479	4658	4678	4701	5045	5057
1641	1642	1722	1760	1770	1795	1807	1821	1827	1842	1855	1856	1860	1861	1892	1932	1953	1969	1982	1998	2090	2094	2155	2250	2304	2327	2328	2340	2344	2346	2347	2363	2390	2437	2512	2640	2658	2685	2690	2703	2777	2846	2890	2893	2904	2924	2928	2968	3146	3215	3343	3369	3374	3399	3594	3831	3966	4035	4042	4182	4239	4248	2962
11	12	13	36	129	288	295	520	741	742	843	952	966	1105	1159	1251	1254	1296	1217	60	157	162	226	235	323	363	376	377	444	487	498	501	502	620	708	726	816	858	862	874	901	922	936	993	996	1003	1010	1125	1127	1138	1183	1189	85	154	206	685	704	791	801	802	873	1036	1054	1142	1145	1175	1176	1418	1496	1584	1690	1695	1699	1994	2093	2331	3601	4219	4603	4961	1585	3843	4532
259	62	63	75	87	107	141	142	143	207	345	352	455	572	674	774	776	783	959	1038	1080	1147	1220	1310	1360	1363	1366	1433	1435	1437	1442	1444	1450	1471	1473	1481	1484	1487	705	706	764	982	984	1114	1689	1697	1718	1792	1939	2015	2036	2670	2758	2925	3419	3696	3728	3907	3921	3963	4107	4136	4277	4286	4287	4321	4363	4486	4494	4517	4683	4703	4721	4731	4776	4797	4807	4839	4868	5000
325	72	73	176	194	195	199	306	331	436	441	627	682	839	918	956	983	1029	1087	1121	1123	1126	1207	1269	1397	1409	2248	2226	2249	3712	3948	4281	4361	4732	4880
144	266	461	581	762	927	1328	573	42	43	185	669	765	1026	1104	1150	1213	1402	47	48	178	214	215	336	491	539	556	569	576	711	712	744	756	759	771	797	806	824	854	856	861	928	930	931	941	946	954	955	1016	1025	1031	1090	1111	1188	1190	1192	1196	1205	1209	1243	1253	1268	1285	1311	1314	1329	79	315	80	118	234	268	384	484	554	559	574	585	594	629	653	654	671	679	766	772	773	777	786	790	808	844	852	855	875	878	938	947	960	1027	1028	1032	1086	1088	1097	1113	1139	1141	1148	1149	1173	1216	1257	1272	1273	1274	1280	1337	1408	1460	96	98	239	322	386	489	601	781	976	1002	1045	1048	1156	1224	1281	1301	1447	2851	2367	2108	2301	1672	1938	1981	2111	2221	2527	3226	3513	3638	3810	1907	2205	3042	2969	2315	1673	2149	2160	2225	2464	2514	2521	2730	2742	2753	2784	2965	3236	2120	2584	4129	2302	2313	2317	2319	2359	2378	2381	2540	2587	2604	3005	3162	2368	3946	4398	2852	4059	4764
681	90	175	186	287	868	1013	1052	1053	1057	1059	1066	1092	1135	1153	1198	1204	1215	1219	1240	1282	1348	1354	1406	1415	1421	1482	1508
888	896	968	999	66	92	95	100	168	177	180	232	236	237	260	302	309	310	316	319	338	348	394	431	434	445	449	458	478	535	538	546	553	568	580	586	587	609	637	646	651	652	662	665	727	731	732	736	737	779	798	811	812	822	829	835	920	965	969	985	989	995	1001	1004	1012	1047	1050	1051	1063	1067	1068	1072	1116	1118	1201	1255	1317	1322	1387	1403	1407	1453	1456	1499	867	123	124	346	413	424	438	507	508	521	544	570	605	663	675	739	789	799	807	881	885	890	891	911	950	1030	1199	1293	1341	1344	1351	1500	1083	1084	1129	1279	1477	1478	2043	2771	4128	1746	1700	1528	2365	1601	1728	2366	3368	4989	1977	2176	2505	2995	3048	3287	3662	3682	3880	3930	4456	2264	2277	2493	2601	3039	3729	1529	1684	1696	1971	2796	4366	4602	4933	4969	2008	2384	2386	4083	4153	4828	1701	1894	1923	2144	2151	2162	3919	4188	4198	4676	4899	4905	2342	1747	1841	2602	2877	2900	3346	3564	2095	2309	4253	2987	4252
23	24	64	89	131	155	190	205	229	230	326	370	371	453	534	626	715	817	831	914	1160	1214	1225	1226	1229	1233	1236	1238	1365	1383	1384	1426	1428	1438	1498	1503	70	71	172	191	439	464	516	588	598	600	649	746	903	1022	1039	1081	1082	1167	1168	1232	1295	1388	1401	537	135	130	452	454	723	1165	1374	136	269	622	664	728	3958	2112	2113	2445	2754	2759	2997	3181	3324	4753
204	1110	1425	169	170	197	297	332	337	399	479	536	591	647	821	840	992	998	1009	1023	1079	1107	1128	1202	1256	1278	1318	1343	1347	1349	1376	1414	1420	1451	1461	1468	1472	1475	753	754	975	795	796	957	1682	2152	1781	2233	1698	2270	3129	1756	1683	1707	1749	1765	1815	1818	1903	1996	2022	2235	2258	2259	2282	2286	2291	2311	2324	2333	2441	2599	2723	2739	2748	2749	2909	2918	2923	2942	2944	2981	2982	3112	3145	3177	3267	3350	3366	3388	3394	3395	3409	3541	3572	3732	3766	3771	3817	3820	3892	3943	3961	3962	3964	3972	4047	4118	4167	4171	4177	4288	4290	4312	4357	4446	4449	4512	4513	4636	4637	4669	4857	4972	2153	2230	2231	2446	3313	3496	3548	4640	4967	2898	2899	3092	3167	3342	3587	4034	4073	4441	4455	4597	4817	4900	5062
212	213	747	1102	1174
1544	1545	1957	2178	2385	2419	2463	2668	2724	2859	3030	3139	3282	3526	3538	3833	3848	3855	3879	4050	4053	4418	4432	4574	4620	4751	4810
83	84	108	222	228	272	354	355	360	400	405	425	913	940	1019	1020	1093	1094	1166	1302	1334	1372	1392	1417	1419	1462	1467	254	255	274	275	329	343	506	687	690	707	883	886	887	889	1298	1369	1371	1493	1495	1507	1510
264	265	289	294	398	481	530	540	567	602	634	657	713	716	826	857	917	932	1014	1021	1060	1132	1133	1194	1258	1352
251	782	299	459	313	542	543	548	557	560	561	648	655	667	800	809	879	893	894	899	909	962	979	1223	1286	1530	1790	1531	1752	1775	1791	1798	1820	1822	1847	1881	2083	2118	2275	2393	2417	2443	2447	2511	2684	2884	2903	3144	3178	3353	3397	3616	3640	3838	3844	4045	4052	4080	4189	4194	4241	4247	4262	4267	4272	4279	4284	4315	4370	4383	4388	4389	4390	4501	4596	4604	4853	5049	5072	2184	3429	3812
365	366	380	432	450	564	695	752	1008	1359	1452	1501	1502	1504	1897	2936	2192	1898	1918	1937	2187	2201	2396	2409	2650	2651	2660	2994	3064	3072	3382	3440	3585	3607	3630	3798	4032	4130	4705	4719	5066	2503	2757	4894	4932	5076
414	415	1024	1197	1321	1483	1494
614	615	643
624	625
8	9	38	117	160	161	165	174	198	312	321	359	390	428	435	446	872	974	980	1070	1134	1170	1260	1265	1316	1353	1509	582	37	57	211	221	292	340	341	397	430	480	517	703	751	836	1137	1300	1454	1458	1466	39	40	50	512	644	849	977	55	56	74	82	173	189	192	217	240	243	298	314	342	382	401	474	477	482	518	621	623	656	729	735	814	833	842	851	942	963	964	1018	1049	1091	1095	1096	1103	1228	1235	1252	1315	1319	1404	1469	1485	1940	1643	1782	1644	1778	3260	3612	3898	3952	4742	4930	1783	4465	2210	3261
1099	863	864	1422	1424	1694	1992	2067	2292	2362	3123	3326	4301	4884	2039	2524	3102	3815	3905	4342	4438	4555	4654	4694
1275	1276
1332	1333	1394
1389	1390
1930	1931
2329	2330	2901	3579	3803	4148	4149	4422	4529	4688	4862
1652	3494	1653	2078	2079	2461	2932	2958	2959	2971	2977	3173	3330	3338	3356	3484	3520	3560	3693	3721	3794	3887	3911	3953	4094	4425	4634	4667	4682	4689	4734	4741	4848	5019	5022
780	904	67	1593	2775	2501	4024	1594	1738	1767	1771	1862	1872	2054	2061	2163	2191	2376	2401	2402	2410	2526	2646	2659	2672	2681	2693	2727	2729	2743	2764	2799	2861	2921	2983	2989	3130	3208	3259	3264	3351	3359	3360	3370	3383	3446	3459	3467	3510	3511	3557	3575	3685	3688	3694	3741	3751	3753	3811	3814	3841	3847	3851	3936	3938	3956	4012	4014	4015	4021	4138	4154	4168	4186	4197	4206	4215	4271	4317	4336	4346	4368	4373	4466	4577	4578	4586	4717	4792	4821	4829	4849	4865	4960	5002	1611	1612
2702	1960	1961	2288	2470	2471	2476	2633	3255	3263	3270	3323	3466	3503	3840	3882	3955	4076	4086	4137	4580	4661	4833	4913	5018	5039
88	1686	3061	3256	1687	1978	2004	2028	2030	2092	2257	2337	2498	2607	2811	2835	2939	2950	3011	3052	3198	3199	3205	3206	3227	3243	3265	3274	3410	3433	3453	3460	3461	3464	3468	3473	3475	3477	3485	3491	3492	3495	3507	3619	3668	3670	3674	3675	3691	3758	3763	3765	3873	3902	3906	3908	3910	3967	3968	4074	4163	4170	4173	4203	4211	4216	4323	4335	4338	4345	4359	4362	4365	4376	4380	4381	4387	4391	4408	4410	4426	4428	4429	4526	4527	4528	4541	4548	4549	4591	4592	4723	4762	4794	4820	4824	4831	4921	4924	4938	4963
607	1186	1230	1242	1306	1358	86	2188	1560	1750	2189	1561	1563	1592	1607	1613	1808	1812	1813	1870	1883	1901	1913	1916	2110	2114	2117	2119	2133	2134	2141	2142	2169	2170	2193	2195	2200	2204	2335	2364	2369	2371	2391	2412	2547	2563	2564	2567	2570	2576	2578	2582	2610	2612	2613	2625	2626	2632	2648	2657	2664	2666	2667	2680	2689	2728	2741	2750	2768	2792	2809	2816	2850	2866	2870	2957	2972	2973	3002	3012	3036	3037	3070	3078	3085	3109	3134	3136	3147	3197	3214	3241	3245	3362	3420	3421	3423	3430	3438	3483	3486	3493	3505	3536	3631	3647	3663	3665	3687	3699	3700	3735	3738	3865	3886	3900	3924	3929	3998	3999	4023	4029	4046	4049	4060	4062	4069	4075	4078	4084	4102	4207	4237	4238	4242	4251	4259	4266	4273	4275	4294	4431	4468	4469	4475	4511	4612	4613	4629	4645	4696	4760	4775	4778	4779	4783	4827	4911	4912	4914	4919	4929	4941	4951	4974	5046	3327	2639	2843	3057	3500	3676	4008	4256
91	981	1163	1364	97	1120	1177	1303	1367	1410	4765	1987	2023	2241	2370	2254	2776	3096	3310	3532	4600	4749	4759	4809
333	468	986	953	4322	5007	1534	1535	1582	1727	1804	1857	1874	1889	1983	2041	2059	2073	2082	2137	2266	2297	2314	2320	2354	2425	2542	2713	2715	2745	2836	2967	2974	2986	3034	3190	3202	3210	3217	3228	3257	3452	3629	3648	3658	3664	3666	3671	3704	3783	3849	3850	3856	3858	3859	3877	3884	3895	3978	3985	4044	4063	4064	4079	4081	4088	4181	4190	4191	4208	4220	4226	4339	4360	4395	4400	4402	4405	4421	4427	4434	4436	4439	4440	4450	4451	4540	4547	4582	4583	4584	4598	4608	4610	4615	4623	4631	4632	4633	4740	4745	4752	4757	4758	4763	4767	4768	4770	4774	4782	4785	4793	4816	4893	4927	4944	4945	4959	5043	5048	5056	5073	5074
93	590	1124	1464	511	558	1549	2863	1550	1669	1674	1691	1751	1766	1850	1945	1958	2038	2199	2206	2407	2408	2421	2432	2457	2550	2551	2552	2559	2620	2636	2782	2864	2887	2897	2946	3073	3076	3077	3100	3101	3156	3276	3293	3300	3349	3357	3358	3474	3479	3480	3517	3524	3550	3551	4304	4444	4470	4489	4493	4508	4628	4690	4803	4970	4986	4996	5006	5016
550	1559	1928	1943	3748	1811	1902	1925	2010	2014	2124	2182	2236	2267	2268	2312	2380	2489	2568	2579	2586	2598	2609	2676	2705	2733	2914	3143	3179	3499	3525	3606	3750	3778	3992	4487	4521	4635	4691	4695	4743	4754	4889	4906	5052
94	335	351	456	692	1239	1441	372	374	1666	2180	2934	1647	1568	2839	2566	3013	2674	2515	2697	2907	3445	3542	1648	1704	2027	2321	2491	2556	2575	2630	2634	2644	2731	2760	2786	2789	3080	3185	3213	3269	3278	3315	3389	3512	3530	3567	3581	3590	3724	3760	3773	3804	3922	3997	4162	4225	4424	4780	4939	4957
121	241	358	792	997	1140	1162	1180	1181	1234	1237	1244	1288	1297	1308	1427	610	146	876	1635	2787	1826	1915	2125	2560	2600	2656	2665	2805	3163	3193	3251	3331	3497	3504	1636	1646	1724	2005	2076	2089	2336	2398	2574	2716	2717	2719	2746	2747	2781	2801	2802	2808	2865	2882	2894	3027	3029	3075	3079	3110	3111	3118	3122	3299	3303	3309	3314	3320	3325	3385	3518	3527	3534	3549	3556	3570	3617	3622	3624	3656	3720	3791	3795	3801	3806	3819	3827	3976	3977	3983	4058	4068	4072	4200	4369	4407	4462	4595	4651	4664
921	869	114	210	389	391	515	870	949	1411	1440	1476	1675	1988	2915	1723	2035	2492	3588	1887	2653	2661	3979	4292	5012
58	59	296	442	650	710	750	1212	1489	1506	1443	116	1552	2174	4077	1553	1579	1600	1884	1924	1942	1959	2219	2436	2472	2481	2774	2873	2930	2948	3184	3212	3302	3308	3380	3381	3431	3443	3456	3469	3521	3522	3545	3547	3644	3650	3678	3684	3697	3824	3888	3914	4011	4031	4039	4056	4089	4090	4091	4095	4096	4097	4098	4124	4127	4143	4157	4158	4278	4309	4316	4435	4443	4471	4551	4553	4554	4561	4590	4639	4648	4724	4744	4952	5071
127	1299	45	46	49	65	68	81	193	218	617	916	1284	1287	1304	1305	1405	1412	1491	1492	1497	1670	1671	1934	2060	2181	2213	2295	2338	2429	3180	3336	4289	4448	4656	4684	4781	4815
2557	2558	4895	5038
1962	1963	2926	2955	3223	3229	3470	4117	4611	4812
167	510	640	1250	1326	1203	402	3246	3942	4057	1518	1621	1519	1589	1622	1848	2065	2468	3088	3752	4126	4285	4343	1625	1858	1949	2452	3137	3305	4000	4092	4093	4210	4386	4458	4483	4524	4563	4625	4657	4708	4802	4993	5011	2979	2046	2066	2214	2434	2891	2937	3441	4209	4845	4877	1626	1631	1651	2561	3328	4214	4805	1630	1725	1726	2047	2055	2232	2951	4397	4416	4858	4979	3973	4585
2691	2692	3195	4217	4232
1434	171	1595	1909	2290	3679	1614	1623	1640	1659	1661	1911	1955	1979	2063	2077	2190	2216	2323	2449	2455	2486	2562	2572	2573	2581	2589	2683	2834	2945	3063	3081	3093	3135	3523	3762	3781	3901	3903	3918	3944	4111	4114	4308	4647	4702	1596	2763	2838	3023	3701	3718	3913	3926	3984	4017	4025	4329	4348	4379	4788	4806
919	69	200	224	225	635	818	1505	642	659	660	661	1548	1703	3348	1711	2316	1676	1677	2240	2504	2840	2845	3319	4139	4204	4205	4537	4538	4544	4773	4890	4299	1712	3400
924	523	524	529	672	677	696	804	2003	3151	3157	3589	3695	3832	4160	1664	1655	2001	2223	3425	3182	1564	1895	1933	1947	2207	2280	2508	2510	2712	2726	3490	3568	4175	3816	1773	1789	2002	2049	2444	3124	3127	3131	3159	3183	3186	3427	3439	3447	3608	3611	3620	3722	3736	3782	3784	3785	3786	3788	3931	4082	4222	4349	4499	4514	4679	4687	4710	4737	5031	1665	1717	1735	2058	2143	2400	2614	2623	3007	3155	3642	4801	4864	4772	2477	2478	3105	3580	3893	4892	4958	5035	4174
1627	1578	2548	2643	3222	4786	1628	1667	1705	2033	2194	2202	2284	2679	2696	2797	3254	3279	3281	3312	3329	3501	3599	3633	3646	3669	3673	3708	3734	3883	3890	4061	4243	4314	4325	4364	4461	4477	4525	4568	4570	4575	4581	4662	4663	4665	4685	4727	4728	4729	4789	4791	4835	4943	4947	4955	5015	5027	5051
2737	2738	3288	3417	3609	3661	3698	3796	3797	3951	3960	4550	4599	4605	4922	5070
1155	324	350	1131	597	1399	596	599	884	1608	2296	1609	1629	1634	1645	1966	2087	2150	2161	2265	2298	2345	2580	2698	2765	2879	3158	3354	3576	3577	3578	3595	3710	3723	4152	4711	4712	4720	4738	4850	4886	4887	4891	4934	4985	4990
318	233	1719	3846	1734	1740	1768	2056	2173	2306	2423	2652	2710	2807	2858	2876	2878	2881	2883	3054	3318	3378	3537	3586	3652	3925	4037	4576	4715	4830	4834	4859	4861	4966	4977	5013	5037
828	462	552	720	787	988	994	1516	1743	1517	1660	1744	1745	1784	2017	2086	2099	2495	2528	2531	2533	2605	2682	2824	2874	2886	2896	2954	3003	3008	3098	3258	3454	3472	3546	3713	3809	3941	4007	4013	4221	4542	4566	4606	4798	4822	4918	4920	4982	5033	5064	2984	3686
1380	575	1514	1515	3822	1823	1893	1929	2157	2159	2303	2360	3703	4043	4054	4055	4066	4067	4414	4423	4535	4539	4649
2018	2019	4869	4888
1313	1361	1143	1729	1591	1730	1733	1741	1753	1785	1799	1833	1838	1865	1877	1900	1921	1968	2106	2107	2126	2156	2168	2294	2332	2351	2372	2418	2420	2544	2545	2549	2554	2577	2631	2645	2740	2810	2815	2848	2849	3009	3044	3128	3220	3317	3418	3432	3451	3707	3716	3717	3726	3870	3891	4027	4038	4106	4274	4485	4510	1786	2138	4156	4375	4393
421	476	698	748	906	1267	900	427	300	407	2211	1779	3252	1780	1976	2034	2062	2091	2272	2273	2281	2283	2355	2488	2718	2756	2823	2830	2953	3028	3335	3367	3597	4009	4543	4838	2212	2217	2224	2234	2251	2287	2343	2485	2537	2553	2583	2687	2694	2704	2706	2708	2720	2721	2736	2766	2916	2949	3010	3024	3160	3304	3339	3344	3345	3424	3555	3562	3563	3681	3912	3947	3957	3965	3970	4099	4101	4115	4307	4337	4358	4739	4873	4883	5017	5053	4923	4926
2044	2045	4978
1011	1662	1663	2269	2783	2833	2868	3017	3067	3154	3234	3340	3412	3463	3481	3487	3502	3625	3634	3643	3774	3802	3932	4100	4164	4228	4234	4240	4246	4265	4396	4488	4515	4571	4622	4761	4997	4999	5061	5065	4333
0	1115	603	1569	1586	3805	3231	3437	4087	4120	4121	1615	1570	1657	1658	1708	1764	1944	2136	2172	2203	2671	2675	2701	2779	2902	2999	3083	3176	3262	3401	3426	3442	3535	3600	3725	3755	3769	3861	3871	3889	3954	4313	4627	4630	4860	4867	4870	5036	1843	2042	2209	2388	2960	2992	3602	3866	4178	4530	4777
1200	475	566	775	1089	1221	1227	1445	1866	1761	2892	1814	3897	3991	2341	3272	1867	2220	1796	1797	1828	1997	2109	2208	3592	4040	4070	4071	4454	4787	4813	4832	4896	5063	2127	3087	3403	3559	3649	3719	4302	4384	4594	4614	4646	4800	4937	3297
2080	2081	2227	2413	3635	3839	4036	4065	4502	4693
827	1370	2310	1846	3225	1805	1806	1819	1832	1845	2026	2431	2433	3095	1816	2430	1817	2475	2678	4995	1876	4840	2518	2947
500	1015	485	630	631	749	897	937	939	944	1037	1040	1064	1325	1463	533	2037	3730	1522	1532	1573	1618	1523	1524	1533	1543	1562	1590	1597	1610	1702	1864	1926	1927	1989	1990	1993	2009	2032	2052	2053	2177	2242	2348	2383	2440	2462	2466	2479	2594	2597	2819	2929	2935	2991	3099	3164	3174	3396	3398	3404	3605	3711	3940	3971	4503	4973	4988	5008	1888	2050	2285	2322	2361	2523	2593	2761	2993	3016	3020	3540	1619	2051	2506	2744	3133
2940	2941
3000	3001	3754
3014	3015	3295	3449	3878	4085	4257	4293
1829	1830	2374	2377	2459	2619	2695	2700	2822	2871	2943	3033	3045	3084	3203	3242	3415	3434	3435	3436	4507	4573	4881
1309	1479	1555	1556	2016	2237	2293	2480	2497	2499	2520	2543	2591	2755	2825	2841	3216	3863	4006	4417	4609	4722	4863	4917	5044	5075
3025	3026	4250	5023
1172	834	1042	1802	1602	1603	1606	1844	1920	2048	2075	2218	2778	3375	4005	4169	4560	4847	4855	5030	1803	1863	2021	2166	2185	2289	2467	2532	2829	2990	2998	3041	3294	3306	3444	3506	3777	3909	3993	4150	4166	4351	4520	4536	4587	4593	4799	4908	5001	5024
183	184	1035	1178	1335	2806	1632	2856	1633	2064	2069	2448	2536	2538	2585	2725	2751	2862	2961	2996	3062	3074	3531	3566	3614	3770	4041	4291	4300	4328	4334	4559	4755	4825	4948	4998	5055
256	1248	1709	1710	2074	2096	2435	2673	3043	3247	3457	3826	4018	4184	4344	4698	3248	3249	3482	3628	4199	4915
145	1536	3759	1537	1616	1769	2804	3120	4618	1571	1572	1617	1693	1891	2239	2373	2405	2484	2732	2828	3022	3049	3065	4925
328	2103	3094	4516	2104	2148	2175	2198	2439	2454	2688	2734	3387	3402	3731	3733	3740	3745	3756	3875	3904	4311	4332	4666	4846	5020	5026	2494	2769	4898	3881
2752	4340	1758	1759	1837	1882	2244	2555	2571	2770	2772	2985	3050	4245	5047	5067	1836	2123	2135	3148	3316	3667	3928	4341	5005
1853	1787	1788	1854	1936	2358	2963	3307	3322	3332	3334	3830	3975	3989	4151	4180	4367	4756	4818	4992	5025	1899	1946	1984	1985	1986	1995	2031	2040	2197	2456	2474	2927	3035	3059	3138	3141	3142	3219	3233	3355	3361	3371	3478	3539	3554	3610	3702	3709	3787	3799	4244	4270	4319	4463	4509	4523	4677	4697	4716	4718	4826	4856	4962	5009
1222	1868	1587	1520	1521	4445	1565	1896	2116	1588	1656	1739	1800	1890	1922	1965	2057	2122	2128	2129	2171	2262	2278	2325	2326	2406	2785	2798	2800	2988	3019	3038	3040	3194	3413	3414	3422	3448	3514	3757	3767	3807	3808	3813	3864	4028	4030	4051	4187	4223	4374	4392	4401	4480	4601	4879	4901	4928	4931	4940	4949	4950	5042
3916	3917
4112	4113
4122	4123	4305
2616	2617	3593	3655	4808	4140	4141
4260	4261	4459
4296	4297
4326	4327	4725
4330	4331	4766
2029	2318	4003	3780	3637	1714	2140	1713	1935	2308	2357	2539	2596	3066	3117	3393	3406	3515	3737	3933	3974	3981	3982	4519	4655	4733	4823	4968	4991
4352	4353	5069
768	769	1046	1480	1731	2649	1732	1809	1810	2007	2072	2352	2469	2529	2847	3060	3068	3333	3337	3352	3407	3558	3565	3591	3739	3743	3744	3789	3792	3829	3994	4165	4552	4736	4878	4907	5054	3416	4183	4784
4377	4378	4382
4419	4420
4504	4505
4588	4589
4673	4674
4747	4748
4903	4904
357	1109	1706	1680	1583	3488	2263	1681	1914	1948	1956	2011	2179	2427	3132	3152	3253	3266	3298	3301	3321	3471	3561	3573	3692	3995	4103	4146	4224	4236	4255	4318	4769	4980	4983	2482	2500	2541	3860	4179	4726	1762	1763	2404	2416	3153	3428	3818	3868	4354
1715	1716	1839	2071	2222	2389	2663	2735	2853	2872	2956	3046	3058	3108	3149	3221	3285	3296	3347	3376	3377	3528	3574	3626	3641	3654	3660	3690	3853	4133	4263	4264	4269	4280	4936	1720	1721	1742	1772	1831	1834	1852	1869	1878	1879	2068	2084	2085	2101	2102	2131	2132	2139	2196	2215	2375	2379	2382	2397	2403	2414	2415	2450	2451	2465	2621	2624	2627	2628	2635	2637	2638	2647	2655	2662	2831	2888	2905	2911	2912	2917	3051	3086	3103	3104	3106	3113	3114	3115	3119	3125	3166	3172	3188	3191	3201	3204	3207	3224	3341	3365	3373	3384	3386	3390	3392	3489	3508	3569	3598	3604	3636	3651	3727	3790	3793	3800	3852	3854	3867	3874	3876	3939	3986	3987	4048	4108	4142	4144	4172	4196	4218	4229	4230	4249	4254	4258	4356	4385	4403	4404	4406	4411	4412	4433	4447	4453	4457	4464	4467	4478	4481	4490	4491	4492	4495	4496	4518	4572	4626	4641	4642	4668	4670	4671	4686	4699	4709	4714	4836	4837	4851	4854	4871	4882	4885	4975	4976	4981	4987	5021	5032	2669	3653	3837	4282
3	10	104	166	227	339	471	497	563	714	877	892	912	929	1430	1486	1488	1908	3363	1880	2509	4556	2422	2970	3244	4430	4522	4644	4706	4713	4965	2274	3364	3519	3828	4176	5028
5	51	411	743	825	987	1077	767	1085	1182	1525	2260	3476	1526	1542	1574	1624	1649	1688	1801	1840	1859	1906	1910	1912	1941	2165	2183	2305	2307	2394	2395	2424	2428	2453	2588	2611	2615	2618	2622	2641	2762	2813	2867	2913	3031	3032	3056	3097	3168	3171	3273	3283	3862	3872	4692	2261	2276	2339	2795	2875	3126	3170	3311	3411	3455	3529	3552	3689	3894	3920	4193	4409
291	1538	2442	2603	4557	1539	1668	1835	1849	1917	1970	2392	2522	2565	2592	2821	2854	2869	3021	3209	3379	3498	3705	3706	4212	4213	4276	4295	4394	4415	4916	4935	1604	1605	1748	1757	1980	2460	2855	3090	3292	3659	4227	2820
25	252	1193	247	755	1557	1685	2279	2952	1558	1650	1774	1776	1999	2000	2247	2519	2525	2707	2709	2919	2920	2933	2964	3161	3187	3230	3238	3240	3603	3915	4022	4482	4558	4564	4569	4811	4843	4844	4872	4910
412	1033	1034	1043	1179	1554	1904	1905	1974	2922	1575	1967	1975	2473	2842	2844	2885	2889	2895	3071	3082	3091	3116	3169	3821	3836	4132	4268	4474	4700	2938
52	549	717	910	307	308	403	513	846	853	934	1117	1247	1446	1490	1580	1950	3200	3857	1736	1737	1777	1875	1951	2088	2097	2100	2154	2186	2243	2246	2271	2334	2349	2356	2458	2487	2516	2517	2535	2608	2699	2711	2714	2773	2860	2906	2908	2910	2978	3055	3239	3291	3391	3405	3408	3533	3623	3714	3742	3746	3761	3775	3825	3923	3927	3934	3950	3988	3990	4001	4016	4116	4119	4134	4135	4147	4155	4159	4161	4283	4298	4303	4310	4324	4347	4350	4473	4476	4484	4497	4498	4500	4506	4531	4534	4545	4546	4562	4567	4621	4653	4660	4672	4675	4707	4804	4814	4841	4866	4875	4953	4971	4984	4994	5029	2130	4109	4110	4624	4795	4946	4954
53	470	1078	1972	2167	3715	3996	2147	2629	3006	3089	3764	3672	3845	1581	1973	2024	2238	2502	3271	3677	3779	3949	4002	4019	4195	4735
238	1098	1312	1398	320	469	1885	3582	1873	2070	2105	2115	2121	2350	2507	3047	3596	4010	4026	1851	1871	2245	3140	3284	3772	3935	3959	1886	2490	2546	2606	2654	2814	3189	3280	3286	3289	3290	3458	3462	3543	3553	3583	3584	3613	3615	3618	3621	3657	3768	3776	3869	3980	4004	4192	4201	4320	4413	4616	4680	4681	4746	4852	4902	5010
349	1241	1431	1465	61	1546	1952	1547	1551	1954	1964	2496	2569	2590	2595	2788	2790	2817	2818	2857	2975	2980	3211	3450	3465	3516	3571	3639	3747	3835	3899	4125	4145	4202	4399	4442	4460	4619	4650	4874	4942	4956	5058	5059	5060	3121	3277	2677	2686	3680	3834
2145	1598	1599	1639	1678	2020	2098	2534	2880	2976	3196	3372	3885	3945	1637	1638	1654	1692	2025	2146	2426	2438	4704	4730	4897	5003	5004	5014	1754	1755	2827	4652	3192	4452	2826	4565	4771
2228	2229	4131
