4419	4420	14813	
4504	4505	
4673	4674	
4747	4748	
1275	1276	
1332	1333	1394	
414	415	1024	1197	1321	1483	1494	
1930	1931	
2691	2692	3195	4217	4232	
4112	4113	
4122	4123	4305	
4260	4261	4459	
4296	4297	12995	13182	13293	13674	14147	14663	13528	13889	13987	
1115	468	1193	1229	406	541	856	987	58	59	650	710	750	1489	1506	207	1147	1310	233	609	755	1443	786	116	186	1215	1446	1557	3963	1552	1569	1586	1672	4066	1688	1928	2428	2453	4602	2297	2745	2836	3845	3850	4440	4632	4767	4816	5056	3437	1669	1691	2782	3357	4628	5006	1553	1579	1600	1884	1924	1942	1959	2219	2279	2481	2509	2515	2774	2873	2930	2948	2952	3184	3212	3302	3308	3380	3381	3443	3456	3469	3521	3522	3545	3547	3644	3650	3678	3684	3697	3824	3888	3914	4039	4056	4087	4089	4090	4091	4095	4096	4097	4098	4120	4121	4124	4127	4143	4157	4158	4278	4309	4316	4435	4443	4471	4551	4554	4561	4590	4639	4648	4724	4744	4952	5071	2293	3216	1558	1615	1650	1774	1776	2000	2247	2519	2525	2919	2920	2964	3238	3240	3603	3897	3915	3991	4022	4482	4564	4569	4811	4844	4910	3499	2570	3536	1570	1657	1658	1764	1944	2136	2779	2902	2999	3176	3401	3426	3442	3600	3755	3769	3871	3889	4627	4630	4860	4867	4870	2154	2487	2711	3239	3927	3988	4283	4531	1843	2042	2388	2960	2992	3602	3866	4374	1771	2659	2838	4788	1704	3389	2143	1673	2149	2464	2514	2521	2742	2965	3236	1707	3388	4167	1894	2138	1997	3592	4040	4813	5063	4384	4937	4413	4522	3677	4978	3957	3249	5350	5079	5283	7011	5461	5097	5108	5351	7362	7148	5356	6370	6461	5601	6451	5152	8110	5495	5535	5585	6023	6724	7252	7533	7636	8400	8148	6887	8102	7943	5172	5307	5341	5704	5898	6133	6268	6302	6514	6517	6938	7191	7218	7220	7240	7448	7483	7750	7751	7773	7820	5115	5157	5160	5186	5284	5298	5369	5377	5381	5387	5418	5450	5467	5487	5489	5490	5523	5558	5583	5612	5666	5674	5710	5720	5736	5746	5833	5933	5970	5973	6005	6066	6074	6368	6435	6448	6449	6474	6475	6573	6582	6719	6723	6733	6735	6747	6748	6754	6790	6810	6950	7086	7357	8050	8302	8395	8404	5098	5346	5389	5419	5596	5709	5719	5744	5750	5996	5998	6027	6051	6065	6122	6218	6253	6314	6372	6663	6874	7280	7421	7458	7460	7478	7485	7667	7706	7891	7905	7959	8079	8133	8389	8392	8413	8438	5561	5181	5367	5405	5416	5456	5516	5520	5559	5716	5733	5977	6015	6054	6188	6210	7501	7556	7575	8112	8352	8371	7643	5902	5688	5708	5923	6055	6489	6495	6917	6924	7574	8324	8325	8326	5842	6506	8088	5232	5571	5308	6311	6666	5338	5501	5685	5789	5949	7045	7794	8139	6523	8386	8033	5743	6245	7261	8466	8521	8717	8745	8919	9632	10556	8536	9896	8658	9572	9241	10160	10738	10753	10800	10840	11050	11165	11571	12085	8601	8687	8845	8864	8934	9146	9182	9356	9542	9630	9881	10091	10377	10388	10393	10934	11107	11124	11130	11182	11293	11302	11353	11381	11395	11458	11674	11960	12040	8603	9142	9514	10610	10767	10784	10816	10855	11620	12054	8671	8728	8821	9009	9058	9061	9144	9277	9343	9344	9360	9397	9405	9593	9615	9667	9826	9829	9836	9903	9915	9918	9941	9951	9978	9981	9986	9992	10264	10430	10479	10714	8602	8477	8512	8541	8543	8545	8690	8696	8835	8844	8854	8902	8908	8943	8949	8965	8972	9042	9125	9133	9161	9167	9171	9186	9234	9265	9323	9335	9436	9458	9474	9479	9481	9485	9492	9499	9501	9516	9524	9527	9529	9643	9660	9685	9686	9689	9697	9755	9834	9837	9838	9849	9892	9893	9913	9917	9919	9931	9945	9953	10130	10131	10219	10220	10269	10271	10272	10288	10308	10335	10337	10354	10355	10365	10383	10399	10402	10403	10452	10458	10461	10467	10530	10544	10590	10591	10593	10600	10613	10614	10733	10741	10757	10765	10804	10812	10999	11002	11003	11007	11023	11024	11161	11170	11171	11172	11183	11284	11299	11300	11354	11360	11366	11367	11371	11373	11379	11382	11390	11391	11491	11508	11519	11560	11592	11707	11709	11726	11730	11731	11790	11808	11844	11846	11853	11863	11896	11908	11914	11962	12028	12084	12086	12092	8926	9361	10478	10555	9721	9737	10997	9050	10699	10701	12091	9096	9520	9522	9536	9605	9674	9743	9937	10267	10648	10707	10773	11095	11450	11528	11537	11563	11713	11732	11874	11876	11939	12099	12100	10552	10022	10789	8557	8898	8906	9204	9230	9266	9410	9460	9521	9635	9748	9758	9764	9779	9782	9784	9879	9880	10152	10321	10734	10740	10947	10978	11060	11200	11407	11464	11610	11618	11751	11786	11817	11855	11982	12032	11925	9775	9471	11771	11212	10213	9056	10553	12448	12734	12248	12769	12249	13040	14673	14084	14819	12811	13025	12288	13354	13463	13479	13956	14656	14676	12914	14925	13084	13278	13279	13618	13671	14139	14178	14288	14323	14678	13800	13812	13949	
167	231	286	945	14	15	19	54	152	153	258	290	291	293	303	388	437	443	460	532	584	691	734	757	770	782	820	828	837	841	859	888	896	898	900	919	925	935	943	948	951	968	970	999	1007	1017	1055	1065	1073	1074	1076	1100	1119	1122	1154	1164	1169	1185	1206	1259	1262	1266	1270	1271	1277	1289	1320	1323	1324	1331	1338	1345	1346	1350	1355	1377	1391	1393	1423	1474	31	32	105	111	159	245	267	301	311	328	330	344	412	422	423	427	429	451	462	472	526	531	545	552	565	571	583	658	730	733	780	904	1146	1211	1342	1386	1429	819	823	66	67	69	92	95	100	168	177	180	200	224	225	232	236	237	260	309	310	316	319	338	348	394	431	434	445	449	458	459	478	535	538	546	553	568	580	586	587	635	637	646	651	652	662	665	727	731	732	736	737	779	798	811	818	822	829	835	920	969	985	989	995	1001	1012	1047	1050	1051	1063	1067	1068	1072	1118	1201	1255	1317	1322	1387	1403	1407	1453	1456	1499	1505	867	719	123	124	346	372	374	413	424	438	507	508	521	544	605	642	659	660	663	675	739	789	799	807	881	885	890	891	911	950	1030	1199	1293	1341	1344	1500	329	667	1083	720	787	805	810	988	994	1034	1179	1084	1129	1279	1477	1478	1593	1548	1703	2043	2771	4128	1746	3348	1511	1700	1516	1528	2365	1711	1601	1743	4964	1728	2366	2775	3368	4989	1977	2316	2505	2995	3682	3880	3930	3069	3937	4033	4479	4658	5045	5057	1517	1660	1744	1745	1784	2017	2086	2264	2277	2493	2495	2528	2531	2601	2605	2682	2824	2874	3003	3008	3039	3098	3454	3472	3713	4007	4013	4542	4566	4606	4798	4822	4918	4920	4982	5033	5064	1684	1696	1971	2796	4366	4969	4081	4226	4339	1676	1677	2240	2504	2840	2845	3319	4139	4204	4205	4537	4538	4544	4773	2885	1594	1738	1767	1862	1872	2054	2061	2163	2376	2401	2402	2410	2526	2646	2672	2681	2693	2727	2729	2743	2799	2921	2983	2989	3130	3208	3259	3264	3351	3359	3360	3370	3383	3446	3459	3510	3511	3557	3575	3685	3688	3694	3741	3751	3753	3847	3938	4014	4015	4021	4138	4154	4168	4186	4197	4215	4271	4317	4346	4368	4373	4466	4578	4717	4792	4821	4829	4849	4865	5002	2008	2384	2386	4153	4828	1611	1612	3111	3617	4595	1701	2144	2151	2162	4188	4198	4676	4899	4905	2342	4299	1712	3400	2984	3686	1747	1841	2602	2877	2900	3346	3564	3064	2095	2309	4253	2439	3010	4099	2987	4252	3916	3917	5199	5796	5253	5294	5398	5546	6482	5846	6252	5479	8393	6016	7142	6767	7114	5465	5834	6063	6282	6658	6661	6670	6671	6677	6702	7122	7178	7310	7352	7544	7549	7550	7554	7557	7562	7610	7719	7895	7910	7918	8036	8256	8452	5453	5835	6178	6422	6480	7572	7690	5755	5114	5641	8213	6503	6618	6780	6816	6827	6998	7275	7407	7516	5386	5446	5819	6044	6316	8090	8230	8231	8342	8423	6168	8258	7198	6363	5655	6331	7664	7812	6025	6546	8201	8366	7324	5797	6537	6976	7350	7365	7366	7386	7919	5847	5886	5887	6380	6394	6647	6673	6861	8053	7567	7586	7888	8293	6743	7236	8214	8297	8363	7597	7754	7892	7893	8193	8194	8511	8581	8632	8787	8577	8992	9015	9692	9267	9963	8588	10602	10718	10756	8467	10255	10521	10881	8627	11987	10657	8724	8825	8832	9288	9345	9389	9390	9580	9587	9900	10079	10090	10117	10133	10157	10163	10183	10232	10378	10441	10442	10453	10611	10680	10682	10697	10704	11685	8931	9095	11081	11457	11489	11667	11918	10750	10708	8726	9155	9227	10489	8847	9756	11602	8903	9031	9069	9111	9135	9138	9348	9353	9375	9642	9658	10029	10057	10205	10268	10299	10325	10513	10548	10550	10551	10724	10745	10775	10843	10845	10846	10847	10912	10944	11091	11154	11155	11164	11268	11279	11314	11456	11462	11484	11486	11512	11641	11799	11820	11975	9781	8571	8572	9739	9331	10796	11889	12079	9312	10262	10818	11196	10110	10274	10535	8679	8683	9003	9347	9371	9579	10139	8983	9842	8746	9175	10224	10495	11104	11550	11587	12096	8905	9151	9040	10642	10651	10732	11174	11585	11875	9582	11572	11860	10001	10234	10384	10464	11682	11698	11826	10603	10676	10822	10877	12093	10959	11396	11397	11662	12257	12418	13684	12209	12120	13825	13840	14768	14392	12356	12651	12434	12687	13076	13085	13144	13550	13751	13854	14193	14197	14368	14481	14716	12379	12442	14416	12530	12602	13755	14568	12326	13108	13238	12172	12385	12664	12691	13378	13385	13592	13876	13881	13920	13976	13982	14069	14435	14611	13546	12332	14234	14863	14375	13650	14567	12494	13183	13529	13544	13644	13646	14026	14033	14063	14187	14735	12205	14496	12779	12469	13394	14908	13242	13462	12861	13286	12315	14440	14686	12210	12510	12601	12650	12809	12830	13005	13197	13208	13229	13289	13358	13420	13559	13834	14306	14273	13688	14097	14233	12597	14894	12755	13307	14301	13372	13405	13724	14664	14699	12775	12904	12979	12983	13129	13148	13287	13359	13476	13632	13640	13694	13794	13827	13832	13937	14229	14245	14295	14383	14528	14541	14665	14677	13874	12414	12707	13323	14335	14518	14832	14843	14216	14226	13301	12333	12860	13178	12380	12794	12984	13226	13882	14156	14422	14431	14432	14739	14756	12419	12791	13179	13191	13388	13737	13998	14145	12702	12744	12786	13128	13999	13695	14236	14805	12652	13377	13652	13395	13547	14687	14487	
4	1460	169	170	171	197	332	337	399	479	591	647	821	840	992	998	1009	1023	1079	1107	1128	1202	1256	1278	1318	1343	1347	1349	1376	1414	1420	1461	1468	1472	1475	753	754	975	795	796	957	1389	1390	1682	2152	2103	1781	2233	1957	2199	4553	1814	1583	2270	4660	3590	1756	1683	1749	1765	1815	1818	1903	1996	2022	2235	2258	2259	2282	2286	2291	2311	2324	2333	2441	2599	2723	2739	2748	2749	2909	2918	2923	2942	2944	2981	2982	3112	3145	3177	3267	3350	3366	3394	3395	3409	3541	3572	3732	3766	3771	3817	3820	3892	3943	3961	3962	3964	3972	4047	4118	4171	4177	4288	4290	4312	4357	4446	4449	4512	4513	4636	4637	4669	4857	4972	3094	2488	4516	3095	3033	4759	2045	2104	2148	2175	2198	2454	2734	3387	3402	3731	3733	3740	3745	3756	3875	3904	4311	4332	4666	4846	5020	5026	2494	2769	2153	2230	2231	2446	3313	3496	3548	4640	4883	2898	4898	2899	3092	3167	3342	3587	4034	4441	4455	4817	4900	5062	3000	3754	3881	5158	5233	5175	5527	7221	5125	5776	6033	6655	6138	5113	6999	5555	6818	5239	8250	6700	6020	6285	6981	7168	7169	7175	7205	5159	5197	5312	5352	5507	5542	5552	5582	5594	5615	5775	5818	5858	5955	6036	6087	6108	6124	6272	6280	6286	6289	6291	6307	6308	6318	6347	6375	6389	6526	6540	6549	6567	6603	6607	6629	6637	6640	6779	6793	6801	6802	7010	7055	7056	7067	7246	7253	7263	7288	7416	7435	7442	7443	7548	7684	7983	7989	8087	8091	8124	8286	8294	8295	8296	7841	5790	6497	6964	7019	7150	7154	7172	7347	7370	7552	7585	7737	7763	7960	8003	8068	8070	8085	8106	8113	8116	8130	8241	8272	8276	8300	8319	5606	5607	8303	5777	5963	5988	5995	6038	7437	7746	7755	7756	8022	8064	8364	6034	6119	6220	6225	6410	6601	6624	7411	8183	6656	8261	8533	8532	8997	8676	10084	8718	9459	9480	9634	9128	9203	11741	10876	9187	9229	9574	10956	11487	10994	9005	8766	8634	9421	9422	9503	10006	11800	9699	9117	10622	10940	11524	11647	8472	11368	8736	8714	10020	8631	8890	8987	9441	9505	9702	9703	10085	10253	10295	10333	10536	10731	10977	10987	11005	11193	11375	11453	11722	11776	11803	11830	11977	12110	10010	10898	10968	11406	11670	11996	8673	8675	8747	9600	10140	10758	10928	8944	9584	11821	10108	8737	8800	9129	9594	9631	9666	9890	10385	11319	11915	11926	11929	12046	9108	9145	9147	9637	10752	11082	11084	11623	11930	12014	11721	9221	9484	9544	9728	10027	10036	10226	10574	11188	11649	10450	11516	10210	9700	10411	10412	10835	11122	11152	11157	11199	11337	11436	10331	12201	12611	12559	12200	12898	14854	12625	13190	12788	13132	12368	14403	12320	12427	13577	12160	13068	12817	13678	12343	12428	12757	13376	12463	13905	14543	14859	12965	13458	13666	13711	13933	14064	14564	14692	14413	13497	13585	13979	14109	12626	
119	126	612	688	882	1005	1069	1109	302	812	664	614	615	643	2145	1706	1680	1544	1545	2178	2385	2419	2463	2668	2724	2859	3030	3139	3282	3526	3538	3833	3848	3855	3879	4050	4053	4432	4574	4620	4751	4810	4011	3488	1598	1599	1639	1678	2020	2098	2534	2880	2976	3196	3372	3885	3945	1637	1638	1654	1692	2025	2146	2263	2426	2438	4704	4730	4897	5003	5004	5014	1754	1681	1914	1948	1956	2011	2179	2427	3132	3152	3253	3298	3301	3321	3471	3561	3573	3692	3995	4103	4146	4236	4255	4318	4980	4983	2482	2500	2541	3860	4179	4726	1755	2827	4652	1762	1763	2404	2416	3153	3428	3818	3868	1825	3192	4452	2826	4565	4771	4354	4377	4378	4382	7227	5187	5481	5825	8048	5244	6275	6146	6828	6857	5769	5810	7477	8121	8283	8341	8396	5235	5547	5586	5587	5617	5713	5785	5788	5826	5896	5932	6046	6052	6136	6137	6147	6393	6499	7632	8014	8254	8259	8277	8322	5205	5206	5210	5260	7063	5245	7408	7934	7999	5809	5991	6454	7179	7611	7788	7924	7963	7228	7520	7524	7569	7579	7580	7729	7798	8312	11477	8475	10486	9438	12004	8924	11738	8757	8901	9800	10943	8763	10158	11991	12070	9396	8896	10200	9510	11364	11581	11600	8897	11518	11695	8969	9806	10526	10808	11261	10713	13689	12280	12170	12211	13715	13716	13722	13819	14817	12291	13206	12212	12254	12458	13034	13037	13389	13396	13406	13407	13763	14048	14465	14603	14849	12520	12870	13261	13207	14120	
0	1	20	181	8	9	38	117	160	161	165	174	198	312	321	359	390	428	435	446	577	872	974	980	1070	1134	1170	1260	1265	1316	1353	1509	17	18	22	78	99	109	120	122	132	133	134	138	140	150	182	201	208	209	216	250	263	270	271	279	282	283	334	373	387	393	463	466	473	488	592	618	633	638	639	683	724	758	794	958	1062	1101	1184	1231	76	21	27	28	77	102	103	106	110	113	115	125	128	139	147	158	163	179	187	196	202	219	220	244	246	247	248	249	257	261	262	273	276	277	278	280	281	284	285	304	305	347	353	356	357	361	362	364	367	368	369	375	378	379	383	395	396	404	408	409	410	416	417	418	419	420	426	447	448	486	490	492	493	494	495	496	499	503	504	505	522	525	527	528	551	555	562	578	579	582	593	608	613	616	619	632	636	641	645	670	673	678	680	684	689	697	700	701	702	718	722	725	738	760	761	784	785	788	793	803	845	847	848	866	871	926	961	971	972	973	978	990	1000	1006	1058	1061	1071	1075	1130	1136	1144	1151	1152	1157	1158	1161	1195	1208	1210	1218	1261	1264	1283	1290	1291	1292	1294	1339	1340	1356	1357	1362	1368	1382	1457	37	57	211	221	292	340	341	397	430	517	703	751	836	1137	1299	1300	1454	1458	1466	39	40	50	512	644	849	977	45	46	49	68	218	916	1287	1304	1305	1405	1491	1492	55	82	173	189	217	240	243	298	314	342	382	401	465	477	482	509	518	623	656	729	814	833	842	851	942	963	964	967	1018	1049	1091	1095	1096	1103	1235	1252	1319	1404	1469	1485	1434	381	1396	1459	297	624	625	1512	1940	2255	1643	3907	1540	1824	1670	4104	1991	1793	2966	1566	2299	1782	2411	2642	2767	3627	3645	3683	4235	4643	4876	1576	1527	1620	1679	1919	2006	2164	2483	2722	2780	2812	2837	3004	3053	3268	3805	3823	4020	4185	4372	4472	4533	4579	4842	1541	2793	3231	4231	4233	4819	5034	1567	2931	1698	2172	2671	3150	3749	3861	5036	1577	2513	5050	1644	1778	3260	3898	3952	4742	4930	1671	1934	2060	2181	2213	2295	2338	2429	3336	4289	4448	4656	4684	4781	4815	2469	4736	4465	1794	2387	2399	2794	3107	3175	3237	3842	4351	4799	2803	3218	3235	4355	4617	4796	4573	4881	2210	3261	3544	4371	2256	2300	3232	3275	3896	5068	3018	2832	3025	3026	4250	5023	4105	4607	4766	5104	6265	6173	6205	6206	6223	6430	6713	7242	7770	8045	8098	5355	5470	5622	5702	5957	6145	6343	6392	6987	7186	7380	7398	7701	8009	8318	5695	5540	5696	5816	5824	5983	6037	6242	6247	6281	6346	6359	6440	6442	6510	6524	6525	6532	6548	6584	6585	6662	6746	6875	6910	6996	7003	7036	7052	7062	7094	7106	7115	7116	7121	7226	7237	7283	7588	7616	7622	7929	8370	5497	6231	5196	5472	5779	5984	6182	6398	6850	5329	5437	5442	7507	8010	8451	5722	5759	6939	5953	5236	5942	6306	6487	6980	7153	7289	7733	7735	7917	7971	8223	8271	8281	8288	7870	7029	5372	5659	6598	6042	6636	7053	7776	5263	6452	6969	7946	5723	6409	6013	6922	7327	7590	8096	7104	8410	6219	6486	6496	6692	6786	7176	7184	7459	6158	6161	6858	7796	8135	6304	7375	6174	6426	6437	7403	7000	7004	7409	7410	7906	7907	8507	9553	9789	9840	10047	10070	10071	10294	10343	11033	8955	11301	10059	9206	10075	11044	9110	9905	9907	10566	11351	11773	8485	8617	8621	8662	8666	8712	8742	8771	8837	8912	8914	8920	8929	8991	9035	9201	9202	9222	9239	9246	9247	9281	9282	9303	9407	9408	9425	9428	9494	9575	9576	9873	9897	9908	9922	9923	9987	10011	10012	10179	10189	10206	10338	10416	10432	10433	10468	10519	10823	11037	11061	11068	11201	11231	11271	11272	11404	11409	11414	11435	11440	11473	11475	11577	11579	11606	11613	11645	11701	11708	11718	11724	11769	11774	11836	11850	11895	11901	11902	11967	12025	12057	12059	12072	12109	9158	8484	8954	10476	9036	10837	11522	11208	10249	11219	9236	9238	9334	9562	9968	10665	11086	11105	10371	10427	11280	11321	11700	11703	8586	10350	10627	9153	9429	8508	8530	8567	8568	8593	8607	8614	8618	8629	8640	8665	8685	8760	8895	8939	8941	8975	9016	9074	9101	9218	9461	9486	9487	9560	9573	9701	9830	10198	10204	10592	10604	10821	10833	11035	11063	11065	11179	11465	11540	11665	11666	11679	11717	11727	11735	11789	11797	11829	11852	11870	11923	11934	11965	12067	9409	8655	8656	9551	11438	11569	9832	9215	10656	11596	11890	9083	9084	11149	10339	9616	11999	11439	11541	11723	12287	12138	12966	13576	14820	12648	12236	12289	12503	12947	13102	13146	13593	13662	13900	14900	14164	14412	12590	12770	13147	13310	13494	13704	14349	14366	14711	13090	13520	13513	13821	13952	14371	12477	12867	13742	12365	14174	12166	12306	12340	12519	12572	12641	12723	12725	12927	13030	13069	13107	13656	13691	13959	13960	13981	14137	14199	14230	14517	14542	14546	14548	14892	12267	12301	12263	13929	12129	12814	13168	12339	12848	12406	12239	12386	12393	12537	12614	12713	12748	12764	12878	12917	13019	13333	13505	13522	13625	13635	13850	13885	13915	14071	14423	14571	14666	14672	14701	14821	13265	13989	14782	12916	13259	13783	13948	14491	14636	14466	12230	12482	13231	13436	13777	13781	14772	12659	13255	14523	14870	12281	13743	12657	13204	14647	12431	14570	14203	14594	14914	13228	13780	14881	13122	13162	13298	13340	13799	13823	12302	12338	12523	12536	12703	14318	14438	14629	14638	14648	12565	13985	14444	12459	13232	13169	14329	14404	14522	14530	14644	14669	
5266	5267	5827	
5485	5486	8007	
5671	5672	
6198	6199	
6423	6424	
7234	7235	7571	
7303	7304	
7576	7577	
7783	7784	
8251	8252	
8424	8425	
137	740	11	12	36	129	238	520	741	742	952	966	1098	1159	1254	1296	1312	1398	550	23	24	64	89	121	131	155	190	205	229	230	241	326	349	358	370	371	453	534	607	626	715	792	817	831	914	997	1015	1140	1155	1160	1162	1180	1181	1186	1225	1226	1230	1233	1234	1236	1237	1238	1241	1242	1244	1288	1297	1306	1308	1313	1358	1361	1365	1383	1384	1426	1427	1428	1431	1438	1465	1498	1503	65	442	1212	60	61	157	162	226	235	320	323	324	350	363	376	377	444	485	487	498	501	502	620	630	631	708	726	749	816	858	862	869	874	897	901	922	937	939	944	993	1003	1010	1037	1040	1064	1125	1131	1138	1183	1189	1325	1463	70	71	172	191	439	469	516	588	597	600	610	649	834	903	1022	1081	1082	1143	1167	1168	1232	1295	1401	1207	85	88	114	146	154	206	210	389	391	515	537	685	704	791	801	802	870	873	949	1036	1054	1142	1145	1399	1411	1418	1440	1496	135	130	452	454	596	599	723	1165	1374	136	269	533	622	728	876	884	1476	1584	1885	1546	1560	1635	1675	1690	1695	1699	1988	1994	2037	2093	2331	3601	3730	4219	4603	4961	1952	3958	1608	1627	1729	1522	1532	1573	1618	1559	2112	1523	1524	1533	1543	1562	1590	1610	1702	1723	1864	1926	1927	1989	1990	1993	2009	2032	2177	2242	2348	2383	2440	2462	2466	2479	2594	2597	2752	2819	2929	2935	2991	3099	3164	3174	3396	3404	3605	3711	3940	3971	4503	4973	4988	5008	2285	2322	2523	2593	2761	2993	3016	3540	1547	1551	1943	1954	1964	2496	2569	2590	2595	2788	2790	2817	2818	2857	2975	2980	3211	3450	3465	3516	3571	3582	3639	3747	3748	3835	3899	4125	4145	4202	4442	4460	4619	4650	4874	4942	4956	5058	5059	5060	3161	1811	1902	1925	2010	2014	2182	2236	2267	2268	2312	2380	2489	2579	2586	2598	2609	2676	2705	2733	2914	3143	3179	3525	3606	3750	3778	3992	4487	4521	4635	4691	4695	4743	4754	4889	4906	5052	1561	1563	1578	1591	1592	1607	1613	1730	1733	1741	1753	1785	1799	1808	1812	1813	1826	1833	1865	1870	1873	1877	1883	1900	1901	1913	1915	1916	1921	1968	2070	2105	2106	2107	2110	2114	2115	2117	2119	2121	2125	2126	2133	2134	2141	2142	2156	2168	2169	2170	2193	2195	2200	2204	2294	2296	2332	2335	2350	2351	2364	2369	2371	2372	2391	2412	2418	2420	2507	2544	2545	2547	2549	2554	2560	2563	2564	2567	2576	2577	2578	2582	2600	2610	2612	2613	2625	2626	2631	2632	2643	2645	2648	2656	2657	2664	2665	2666	2667	2680	2689	2728	2740	2741	2750	2768	2805	2809	2810	2815	2816	2848	2849	2850	2866	2870	2957	2973	3009	3012	3036	3037	3044	3047	3078	3085	3109	3128	3134	3136	3147	3163	3193	3197	3214	3220	3222	3241	3245	3251	3331	3418	3420	3421	3423	3430	3432	3438	3451	3486	3497	3504	3505	3631	3647	3663	3665	3687	3699	3700	3707	3716	3717	3726	3735	3865	3870	3891	3900	3924	3998	3999	4010	4023	4026	4027	4029	4038	4049	4060	4062	4069	4075	4084	4102	4106	4207	4237	4238	4242	4251	4259	4266	4273	4274	4275	4294	4431	4468	4469	4475	4485	4510	4511	4612	4629	4645	4696	4760	4775	4778	4779	4783	4786	4827	4911	4912	4914	4919	4929	4941	4951	4974	5046	1585	3843	4532	1757	1609	1629	1634	1645	1966	2035	2087	2161	2265	2298	2345	2492	2580	2698	2765	2879	3121	3158	3354	3576	3577	3578	3588	3595	3710	3723	4152	4711	4712	4720	4738	4850	4886	4887	4891	4934	4990	1619	2506	3133	1628	1705	2194	2202	2679	2797	3501	3633	3646	3734	3883	3890	4364	4568	4570	4581	4663	4685	4727	4728	4789	4835	5027	5051	1636	1724	2076	2089	2336	2398	2574	2717	2719	2746	2747	2801	2802	2808	2865	2882	2894	3027	3029	3075	3110	3118	3122	3277	3303	3309	3314	3320	3385	3518	3534	3549	3556	3570	3622	3624	3795	3801	3806	3819	3976	3977	4058	4068	4200	4369	4407	4651	4664	4761	1735	2653	2661	3979	4292	5012	1786	1851	1871	2245	3140	3284	3772	3935	3959	4156	4375	4393	1886	2490	2546	2606	2654	3189	3280	3289	3290	3458	3543	3553	3583	3584	3613	3618	3621	3657	3776	3869	3980	4192	4201	4320	4680	4681	4746	4852	4902	5010	2677	2686	3680	2113	2445	2754	2759	3324	4753	2737	3288	3609	3661	3698	3797	3960	4605	5070	4199	3834	6541	5128	5102	5111	5250	5616	5795	5800	5850	5096	5452	6209	6990	5694	5705	5112	5251	5273	5379	5548	5568	5762	5888	5893	5961	5990	6012	6336	6421	6436	6751	6844	7890	8335	5430	5255	6312	5080	5117	5143	6447	6798	7038	7313	7406	7736	7883	8040	8060	8186	8218	8354	5150	5135	5786	5483	5829	6058	6407	6462	7027	7060	7231	7267	7506	5677	6352	6928	8412	5264	5435	5474	5646	6397	6824	7041	7125	7230	7426	7462	7527	7633	6361	5124	5434	5198	5215	5362	5385	5426	5468	5484	5514	5642	5793	5806	5815	5849	5922	5956	6096	6104	6142	6150	6184	6201	6420	6460	6611	6740	6878	6888	7033	7097	7101	7117	7120	7254	7262	7463	7705	7767	8000	8120	8344	7873	5161	5272	5274	5285	5657	5734	5749	5890	5908	5943	5978	6151	6155	6186	6402	6463	6672	6725	6755	6756	6781	6803	6809	6831	6842	6892	6893	6900	6919	6966	6977	6988	7002	7064	7065	7187	7202	7247	7468	7469	7492	7495	7510	7566	7578	7625	7722	7766	7837	7852	7899	7988	8422	5296	6490	6783	5541	7846	8056	7361	5562	6403	7026	7043	6125	5192	5567	6328	8028	8233	5422	5439	5737	6353	7541	7948	8058	6923	7239	8062	5130	5462	6082	7140	5136	8071	5151	5171	5184	5200	5400	5427	5477	5494	6039	6177	6384	6882	7387	7857	8119	6303	6807	6808	5193	7177	7348	7308	8083	6859	5656	5581	5297	6911	7208	8336	7596	7854	6118	5454	6163	7966	8382	6170	6834	6960	6993	7188	6623	6854	7023	7108	7305	7721	8012	5745	6817	7118	7143	8013	8374	5787	6229	6257	6903	6116	6117	6362	8375	8468	8855	8956	9257	10493	8650	9271	8506	9844	9076	10239	11759	11966	11979	8574	9124	10658	11207	11496	11583	10322	10874	8882	9098	10008	8812	9342	9645	11400	10595	10791	9612	9320	9254	9668	10634	11010	11032	11036	11608	11834	8904	12012	11263	9072	8702	10155	9205	9251	8576	8590	8596	8608	8611	8701	8713	8729	8978	9002	9048	9226	9258	9261	9433	9446	9490	9502	9568	9735	9757	9765	9818	10003	10044	10052	10058	10248	10300	10314	10316	10317	10360	10382	10580	10582	10803	10824	10975	11016	11045	11047	11048	11054	11057	11153	11210	11229	11238	11248	11249	11361	11403	11424	11459	11481	11483	11492	11493	11494	11597	11634	11636	11637	11638	11668	11677	11680	11782	11809	11873	11968	11992	12020	12029	12047	12053	11798	10659	11531	8651	9467	9810	10049	10363	10668	12087	10043	10920	10974	11198	11422	9351	9423	9723	9724	9997	10728	10793	10984	9073	11538	10761	9646	10739	9657	10095	10646	10798	10929	11042	11551	11935	12391	12261	12153	12221	12233	12451	12495	12907	13725	13736	13883	13902	14102	14407	14837	14841	14857	12262	12631	12126	12272	12276	12310	12331	12335	12346	12353	12354	12375	12392	12394	12401	12507	12577	12585	12622	12639	12653	12655	12658	12660	12662	12671	12677	12678	12689	12708	12709	12776	12784	12787	12812	12820	12834	12835	12846	12879	12891	12968	12969	12987	12992	12993	13008	13036	13042	13043	13052	13057	13071	13093	13121	13212	13213	13225	13227	13230	13235	13243	13254	13257	13262	13274	13285	13392	13404	13480	13487	13506	13507	13510	13514	13515	13610	13638	13653	13660	13667	13670	13741	13839	13841	13858	13879	13895	13908	13910	13951	14000	14007	14015	14016	14017	14018	14023	14024	14025	14032	14040	14158	14161	14170	14196	14232	14280	14281	14311	14330	14331	14345	14374	14437	14452	14468	14472	14473	14485	14488	14503	14524	14604	14608	14650	14786	14789	14798	14864	14878	14903	12515	12554	12579	12632	12908	13495	14020	14539	12141	12727	13339	13754	14070	14099	14117	14704	12282	12686	14550	14551	14685	12560	12885	14873	12242	14089	12176	13784	13260	13651	13828	13993	13994	14225	14257	14315	14341	12125	12869	12913	12937	13033	13234	13471	13700	13756	13837	13914	14046	14206	14211	14717	14727	14901	12119	12425	12989	13734	14395	14397	14584	14785	14804	14401	14540	14722	14668	12934	13872	12193	13082	13866	14096	14373	14575	12399	12926	13050	14344	12505	12853	12886	12997	13176	13199	13210	13269	13321	13364	13365	13412	13461	13481	13543	13557	13558	13630	13679	13683	13792	13801	13860	13863	13896	14222	14314	14637	14662	14705	14806	12531	14186	12182	12712	12752	12777	12911	12939	12963	13095	13117	13713	13878	13906	13907	13913	13932	14075	14083	14091	14100	14224	14307	14379	14506	14661	14675	14691	14710	14815	14822	13371	13582	14085	14442	13157	12978	13039	
13	288	295	843	1105	1251	1214	1217	936	1176	690	602	2073	4399	2548	3317	2150	2744	2696	3254	3279	3281	3312	3329	3669	3673	3708	4061	4243	4314	4325	4461	4477	4525	4575	4662	4665	4729	4791	4943	4955	5015	3074	2781	3989	4718	4004	4616	3837	4282	5918	5399	5248	7015	5939	5940	6543	6688	6703	7100	6028	6029	6569	6694	6797	6806	7018	7245	7415	7863	6632	6876	7161	8462	8518	8604	8831	8464	8474	8501	8548	8585	8732	8761	8767	8798	8818	8823	8824	8849	8866	8867	8868	8874	8922	8936	9024	9025	9033	9043	9044	9045	9063	9079	9091	9102	9104	9149	9156	9159	9185	9196	9207	9208	9328	9329	9340	9367	9370	9378	9393	9398	9399	9411	9413	9416	9420	9430	9586	9596	9598	9607	9625	9633	9639	9641	9648	9772	9801	9910	9927	9946	9952	9956	9959	9960	9974	10118	10304	10587	10596	10612	10626	10748	10783	10787	10811	10913	10950	10961	11388	11463	11513	11818	11841	11854	11869	11871	11946	11995	12030	12062	8853	9649	9803	10074	10336	10359	10398	10618	10625	10886	11096	11108	11112	11113	11114	11115	11140	11156	11166	11306	11311	11340	11449	11466	11469	11471	11521	11533	11654	11660	11794	11819	11938	12097	12102	8783	9771	9366	8848	9017	10794	11004	11733	12013	8463	8486	8538	8560	8628	8938	9077	9253	9435	9611	9617	11527	11692	8605	9472	11690	8623	11780	9476	11455	9272	12381	12309	12905	12250	12327	12347	12360	12681	13115	13451	13757	13774	13919	14067	12420	12596	12716	12840	13387	13710	13856	14029	14047	14106	14129	14163	14268	14569	14811	12617	13659	13738	13805	13853	13861	13901	13925	14128	14259	14261	14304	14356	14398	14443	14828	12953	12666	12959	13645	14489	14646	14909	12404	12416	12606	13167	13398	14313	14328	14411	14414	14429	12400	12412	13064	13446	13530	14019	14689	14897	
1249	1385	915	921	500	1284	1412	1497	996	1127	2176	2442	2787	3048	4456	4678	4701	2099	2896	2954	1597	2052	2053	3398	2050	2361	3020	3021	2051	2284	2005	2716	3079	3299	3325	3527	3656	3791	3827	3983	4072	1887	2498	3274	3668	3670	4173	4335	4391	4410	4548	3068	3739	1758	1759	1837	1882	2244	2555	2571	2770	2772	2985	3050	4245	5047	5067	1836	2123	3148	3462	1962	1963	2926	2955	3223	3229	3470	4117	4611	4812	2228	2229	4131	2353	4599	3316	3928	5005	8263	5303	5085	5315	5262	5162	6895	5146	5213	5340	5371	5413	5441	5492	5499	5510	5640	5660	5676	5780	5926	6040	6433	6483	6566	6681	6750	6753	6839	6898	6899	6967	7317	7486	7771	7871	7902	8160	8320	8356	8417	8456	5086	5271	5393	5528	5742	7211	8409	8431	5517	5134	5901	6738	6957	5191	6062	6701	6890	7939	5663	5668	5931	6845	7040	7429	7598	7624	7650	7992	7993	8017	8156	8327	5578	5304	5314	5353	5830	5865	5897	6089	6130	6273	6313	6576	6704	6721	6722	7124	7351	7369	8178	8200	8273	8289	5316	5763	5884	6215	6224	6243	6386	6481	6512	6622	6626	6653	6679	6757	6775	6819	6846	6855	6982	6989	7031	7034	7201	7295	7391	7434	7543	8175	8372	5458	6240	6241	6256	6404	6405	6439	7080	7658	7659	8021	8328	8329	9052	8630	8917	9498	9792	9822	10510	11274	11428	11683	8499	8502	8544	8546	8610	8649	8759	8779	8786	8793	8795	8801	8836	8872	8879	8948	8971	8984	9051	9081	9109	9181	9354	9377	9379	9431	9442	9695	9773	9788	9795	9796	9805	9866	10282	10522	10559	10576	10621	10820	10954	11034	11077	11137	11168	11476	11503	11704	11750	11793	11859	11866	11952	11957	9709	8946	9113	8489	9295	10404	11777	8562	10746	8688	8743	11214	8513	8945	8751	10366	10717	11335	11501	9482	10982	8465	8652	8846	8865	8881	10259	10852	10888	11173	11211	11434	11595	11719	11752	11756	11988	8490	8609	8625	8950	9021	9029	9030	9041	9302	9550	9712	9713	9714	9732	9768	9814	9817	9969	9971	10187	10201	10395	10446	10509	10609	10624	10799	10825	10834	10875	10981	11009	11015	11197	11217	11224	11226	11234	11270	11417	11418	11430	11479	11480	11584	11614	11621	11622	11627	11655	11696	11699	11758	11916	11969	12000	12023	12052	12082	8514	8587	8589	8756	8860	8891	9078	9105	9177	9214	9330	9392	9465	9506	9738	9790	9823	9961	9991	10283	10477	10528	10575	10730	10814	11468	11472	11729	11757	11784	11791	11792	11815	11897	11913	11961	11963	12036	12051	12078	12098	12108	11146	9137	8689	9054	9676	10119	10125	10190	10415	10838	10882	10889	10923	10998	11118	11304	11305	11320	11326	11328	11570	10215	9661	8744	9283	9284	9338	9541	9549	9602	9608	9972	10083	10105	10218	10473	12019	8780	8789	9119	9132	9197	9590	9603	9717	9863	10848	10849	10893	10906	10942	11080	11246	11520	11529	11657	11661	11689	11697	11725	11807	11980	11997	10965	10341	8947	11038	11046	11240	12038	11408	9157	9170	9821	9824	10953	9114	9115	9274	9357	9380	9387	9589	9652	9902	9947	10211	10241	10469	10485	10503	10901	10927	11297	11559	11924	9372	9710	9740	10935	10945	11412	12107	9749	9750	10342	10675	10859	10983	11026	10749	10896	11282	11283	12165	13061	13087	13224	13393	13021	12146	13553	12134	12144	12213	12226	12252	12296	12304	12336	12344	12396	12447	12484	12527	12566	12592	12608	12609	12710	12847	12874	12876	12930	12949	13006	13016	13105	13106	13110	13124	13156	13308	13315	13605	13753	14396	12656	13048	13595	12235	12341	12367	12773	12822	12863	14388	12168	12683	14566	14185	14479	12183	12273	12487	12872	14334	14887	13512	13747	12403	12231	12465	13382	13397	13599	13619	13875	13916	13917	14062	14088	14166	14167	14198	14217	14493	14635	14642	14645	14655	14729	14743	14764	14767	14775	14784	14858	12665	12337	13809	14014	14770	13718	13428	14208	12422	12472	12828	13319	13947	14093	14098	14284	14441	14447	12883	14830	13299	13575	14265	14573	12884	13690	13869	14133	14134	14286	14470	14614	14616	14619	
510	385	62	63	75	94	107	141	142	204	335	345	352	455	456	475	566	674	774	775	776	783	959	1038	1080	1089	1110	1220	1221	1360	1363	1366	1433	1435	1437	1441	1444	1445	1450	1471	1473	1479	1481	1484	1487	640	1245	1250	1326	629	1053	1203	1421	1451	523	524	529	672	677	696	804	705	706	764	982	984	863	864	1422	1424	1689	1694	1697	1718	1792	1868	1939	1992	2003	2015	2029	2036	2067	2180	2292	2318	2362	2670	2758	2925	2934	3123	3151	3157	3246	3326	3419	3589	3695	3696	3728	3832	3921	3942	4003	4057	4136	4160	4277	4301	4321	4363	4486	4494	4517	4683	4703	4721	4731	4765	4776	4797	4868	4884	5000	1647	1518	1866	1664	1655	2001	1555	1761	1587	1621	2111	3780	1519	1589	1622	1848	2039	2065	2468	2524	3088	3637	3752	3815	3905	4126	4285	4342	4343	4438	4555	4654	4694	1625	4414	1858	1949	2452	3137	4000	4092	4093	4210	4386	4483	4524	4563	4625	4657	4708	4802	4993	5011	1520	1521	1820	3182	2016	2499	2520	2755	3863	4006	4417	4609	4722	4917	5044	5075	1564	1565	1895	1896	1933	1947	2116	2207	2280	2508	2510	2712	2726	3490	3568	4175	2341	2907	3272	1588	1656	1739	1800	1890	1922	1965	2057	2122	2128	2129	2140	2171	2262	2278	2325	2326	2785	2798	2800	3019	3038	3040	3194	3413	3414	3422	3448	3514	3757	3767	3807	3808	3813	3816	3864	4028	4030	4051	4223	4392	4401	4480	4601	4901	4928	4931	4940	4949	4950	5042	2046	2066	2214	2434	2891	2937	3441	4209	4845	4877	1626	1631	1651	2561	3328	4214	4805	1630	1648	2027	2321	2491	2556	2575	2634	2644	2731	2760	2789	3080	3213	3269	3278	3512	3530	3581	3724	3773	3922	3997	4162	4225	4424	4939	4957	1789	2002	2049	2370	2444	3124	3127	3131	3159	3183	3186	3427	3439	3447	3608	3611	3620	3722	3736	3782	3784	3785	3786	3788	3931	4082	4349	4499	4514	4679	4687	4710	4737	5031	3155	1713	1935	2308	2357	2539	2596	3066	3117	3393	3406	3515	3737	3933	3974	3981	3982	4519	4655	4733	4823	4968	4991	1725	1726	2047	2055	2232	2951	4397	4416	4858	4979	2220	1796	4070	3436	2127	3403	3559	3649	4594	4614	3532	4600	4772	4967	3297	3973	2477	2478	3893	4892	4958	3001	4585	4174	6181	6680	6904	7461	7981	8024	5242	5194	6615	6676	5300	5335	5868	6134	7297	5254	5309	5524	5533	5428	5595	6349	7300	7898	8435	6441	5223	6069	6230	8072	8225	5698	7649	7243	5137	5302	5401	5402	5687	6073	6276	6955	7340	7515	8185	8215	8447	6639	5747	6936	7020	7694	7821	7848	5207	5228	5424	5633	5839	5967	6056	6120	6227	6297	6329	6350	6373	6385	6511	6554	6592	6770	6776	6823	7008	7073	7203	7223	7224	7617	7792	8122	8127	8247	8317	5243	5614	6415	6568	6879	7021	7691	7845	6071	6444	7037	7217	7413	7431	6869	6956	5301	6654	6914	8440	5310	5525	5584	5603	5638	5679	6097	6323	6360	6561	6718	6734	6971	6995	7024	7025	7028	7068	7204	7337	7372	7441	7523	7583	7641	7646	7810	7940	7984	8313	8457	8458	5336	5626	5812	6649	6772	6835	7088	7417	7474	7602	7797	7847	7855	8196	8197	8207	7082	6931	7498	7629	7638	6536	5935	6547	7274	8082	5699	6226	8361	6396	7447	7680	7704	7732	7951	8002	8008	8049	8242	8287	8411	6894	7278	7420	7428	7758	7244	8583	8459	8564	9053	10143	8830	8876	9065	9097	9163	9457	9716	9766	10184	10195	10237	10242	10243	10652	10908	10910	10932	11125	11126	11176	11383	11490	11562	11599	11899	12089	9178	9948	10352	10400	10685	10768	11318	11370	11567	11813	9243	8495	8498	8529	8584	8654	8873	8893	8913	8915	8925	8952	9112	9200	9401	9437	9466	9726	9736	9744	9753	9761	9938	9962	9970	9995	10004	10005	10015	10024	10026	10035	10056	10124	10236	10504	10537	10538	10735	10742	10743	10744	10776	10915	10925	10926	10952	10955	10960	10962	10976	10979	10985	11138	11139	11142	11144	11162	11167	11180	11187	11189	11190	11191	11216	11253	11385	11387	11405	11411	11415	11432	11444	11565	11580	11590	11598	11615	11616	11625	11626	11633	11743	11744	11772	11785	11788	11795	11801	11812	11823	11824	11898	11937	11948	11949	11950	11964	11983	11985	11986	12003	12006	12011	8899	9552	9855	9943	10039	10320	10558	11228	11998	8886	9659	8591	9278	9403	10313	10531	11000	11374	9191	11557	9296	9426	10650	8460	8505	8667	8967	8973	9610	9889	10067	10386	10417	10527	11643	11049	10770	8921	9286	9336	10869	11505	11630	8592	8960	9193	9691	9715	9894	9944	10585	10586	10660	10726	11369	11416	11582	12026	9192	11250	9242	11510	9914	12578	12576	12313	12143	12253	12483	12489	12493	12499	12501	12673	12849	12918	12922	12958	13035	13053	13309	13450	13453	13596	13788	13903	14094	14190	14191	14235	14239	14247	14389	14390	14399	14434	14469	14623	14721	14890	12349	13103	14210	12858	13163	12836	12130	12234	12279	12555	12805	12831	12832	12888	12956	13211	13399	13400	13435	13482	13483	13485	13571	13589	13597	13609	13771	13775	13776	13789	13824	13950	14103	14152	14292	14293	14294	14326	14337	14482	14495	14617	12955	12117	12646	13452	13842	14302	14462	14801	14920	14035	14554	12190	12366	12851	14044	14641	14708	12398	14060	14670	12112	12227	12232	12285	12295	12402	12449	12542	12882	12990	13170	13173	13174	13531	13729	14338	14348	14351	14352	14448	14449	14595	14607	14718	14752	14755	14865	14868	12544	12742	13172	14218	14003	13004	14497	12837	12981	13086	13295	13419	
1710	2688	7696	6003	7717	8594	8622	9546	8660	9557	8595	8653	8942	8964	9034	9094	9217	9308	9309	9777	9798	9882	9906	9982	10148	10159	10275	10353	10387	10410	10418	10436	10438	10488	10507	10512	10678	11014	11055	11225	11273	11542	11589	11659	11702	11711	11903	12056	12063	10795	10851	11802	11945	12022	8661	8663	8961	8982	9060	9127	9321	9647	9835	9865	10154	10171	10173	10349	10389	11244	11252	11342	11447	11451	11526	11842	12016	12173	12308	12131	12156	12613	12624	12627	13604	14347	14609	12568	14795	13300	
480	735	73	194	331	956	264	289	294	398	481	530	540	567	634	657	713	716	826	857	917	932	1014	1021	1060	1132	1194	1258	1352	4947	1715	1716	1839	2071	2222	2389	2663	2735	2853	2872	2956	3046	3058	3108	3149	3221	3285	3296	3347	3376	3377	3528	3574	3626	3641	3654	3660	3690	3853	4133	4263	4264	4269	4280	4936	1720	1721	1742	1772	1831	1834	1852	1869	1878	1879	2068	2084	2085	2101	2102	2131	2132	2139	2196	2215	2375	2379	2382	2397	2403	2414	2415	2450	2451	2465	2621	2624	2627	2628	2635	2637	2638	2647	2655	2662	2831	2888	2905	2911	2912	2917	3051	3086	3103	3104	3106	3113	3114	3115	3119	3125	3166	3172	3188	3191	3201	3204	3207	3224	3341	3365	3373	3384	3386	3390	3392	3489	3508	3569	3598	3604	3636	3651	3727	3790	3793	3800	3852	3854	3867	3874	3876	3939	3986	3987	4048	4108	4142	4144	4172	4196	4218	4229	4249	4254	4258	4356	4385	4403	4404	4406	4411	4412	4433	4447	4453	4457	4464	4467	4478	4481	4490	4491	4492	4495	4496	4518	4572	4626	4641	4642	4668	4670	4671	4686	4699	4709	4714	4836	4837	4851	4854	4871	4882	4975	4976	4981	4987	5021	5032	2669	2557	2558	4895	5038	2616	2617	3593	3655	3667	4140	4141	7935	5077	5182	5319	6341	5078	5110	5144	5155	5397	5907	5992	5997	6196	6605	6631	7393	7843	8154	8169	8330	5862	5183	5513	5576	5823	6464	6465	6467	6613	6657	7238	7248	7286	7384	7401	7446	7528	7540	7558	7615	7685	7689	7692	7728	7777	7836	7955	8001	8145	8173	8291	8343	8348	5320	5565	5574	6171	6172	6608	6609	6614	6621	6633	6635	6761	6785	6885	7074	7193	7301	7306	7307	7484	7786	7828	8015	8150	5321	5322	5342	5550	6070	8142	5718	7363	6342	6365	6674	6843	7482	7759	7920	8739	8781	8469	8768	8970	11601	8491	9088	10557	8598	8641	8645	8918	8976	9248	9463	9469	9504	9511	9669	9920	10099	10164	10191	10444	10445	10457	10517	10605	10631	10797	10832	10949	10988	11011	11177	11186	11235	11286	11296	11350	11394	11461	11544	11706	11734	11746	11747	11748	11861	11864	11905	12049	12050	12058	12090	8842	9452	11006	11145	11285	11402	11482	11552	11857	11862	8535	10145	11336	8769	9609	9621	11523	11573	11892	9664	9934	10156	9089	9106	10346	10397	11031	10345	10196	10197	10225	10687	10692	10853	11135	11136	12035	12324	12732	13356	12679	13527	12266	12522	12534	12543	12607	12636	12753	12839	12909	13010	13092	13150	13280	13316	13708	13909	13934	14381	14476	14790	14800	14882	14918	12943	13730	13892	14124	14154	14269	12802	12174	12944	12695	13014	13486	12629	14405	13346	13573	12325	13681	12175	13096	13580	13587	14321	14622	13541	12731	14262	14578	14720	14839	12348	12397	12415	12865	13250	13845	14050	14343	14362	14492	14514	14683	14714	12680	12945	14159	
2080	2081	2227	2413	3635	3839	4036	4065	4502	4693	4330	4331	5252	5286	7013	7741	7813	8115	8471	11111	11681	
8681	8682	
8699	8700	9751	9976	11669	
8720	8721	
8803	8804	
8808	8809	9468	10842	11947	11974	
3355	8481	9707	8643	8482	8885	10261	11039	11141	11278	11291	8644	8814	8852	9001	9026	9270	9294	9349	9362	9523	9526	9535	9673	9684	9687	9688	9778	9786	9904	9965	10419	10483	10487	10491	10691	10813	11013	11020	11025	11194	11223	11230	11236	11884	11932	12033	12034	8813	9269	9597	9599	9827	10278	11617	11658	
8995	8996	11376	
9019	9020	9935	10185	10209	12073	
9443	9444	
9512	9513	10062	
9538	9539	
9746	9747	
9898	9899	
10111	10112	
10216	10217	
10780	10781	
11070	11071	
11097	11098	
11132	11133	11290	
11535	11536	
11879	11880	
5	26	29	52	53	93	144	145	156	252	259	266	333	411	461	470	581	590	606	668	693	717	743	762	778	860	892	910	927	1380	1448	686	33	34	151	573	603	628	763	1056	42	43	185	669	765	1026	1099	1104	1150	1213	1402	47	48	178	214	215	336	491	539	556	569	576	711	712	744	756	759	771	797	806	824	825	854	861	928	930	931	941	946	954	955	986	1016	1025	1031	1077	1078	1090	1111	1124	1188	1190	1192	1196	1200	1205	1209	1243	1253	1268	1285	1311	1314	1329	1464	79	315	1227	1004	80	118	268	384	484	554	559	575	585	594	653	654	671	679	681	766	767	772	773	777	790	808	844	852	855	875	878	938	947	953	960	1027	1028	1032	1085	1086	1088	1097	1113	1139	1141	1148	1149	1173	1182	1216	1222	1257	1272	1273	1274	1280	1337	1408	96	90	91	175	287	868	981	1013	1052	1057	1059	1066	1092	1135	1153	1163	1198	1204	1219	1240	1282	1348	1354	1364	1406	1415	1482	1508	97	98	239	322	386	489	511	558	601	781	976	1002	1045	1048	1120	1156	1177	1224	1281	1301	1303	1367	1410	1425	1447	536	307	308	403	513	846	853	934	1117	1525	1580	1972	1666	4107	4286	4287	4322	4807	4839	5007	1987	1534	1549	2851	1595	1514	2367	2108	2301	1950	2260	1515	1568	1938	1981	2221	2223	2527	3476	3513	3638	3810	3822	3102	1823	1893	1929	2157	2159	2167	2303	2360	3703	3715	3996	4043	4054	4055	4067	4423	4535	4539	4649	3305	4445	1526	1542	1574	1624	1649	1801	1840	1859	1880	1905	1906	1907	1909	1910	1912	1941	1974	2147	2165	2183	2305	2307	2394	2395	2424	2501	2588	2611	2615	2618	2622	2629	2641	2813	2863	2867	2913	2922	3006	3031	3032	3042	3056	3089	3097	3168	3171	3273	3283	3764	3862	3872	4692	4933	1535	1582	1685	1727	1804	1857	1874	1889	1983	2041	2059	2082	2137	2266	2290	2314	2320	2354	2425	2542	2566	2713	2715	2856	2967	2969	2974	2986	3013	3034	3190	3200	3202	3210	3217	3228	3257	3452	3629	3648	3658	3666	3671	3672	3679	3704	3783	3846	3849	3856	3857	3858	3859	3877	3884	3895	3978	3985	4024	4044	4063	4064	4079	4088	4181	4190	4191	4208	4220	4360	4395	4400	4402	4405	4421	4427	4434	4436	4439	4450	4451	4540	4547	4582	4583	4584	4598	4608	4610	4615	4623	4631	4633	4740	4745	4752	4757	4758	4763	4768	4770	4774	4782	4785	4793	4893	4927	4944	4945	4959	5043	5048	5073	5074	4418	1550	1674	1751	1766	1850	1945	1958	2038	2206	2407	2408	2421	2432	2457	2550	2551	2552	2559	2620	2636	2674	2887	2892	2897	2946	3073	3076	3077	3100	3101	3156	3276	3293	3300	3349	3358	3474	3479	3480	3517	3524	3550	3551	4304	4444	4470	4489	4493	4508	4690	4803	4970	4986	5016	1714	3431	4031	2480	4863	2707	2709	4843	4872	2732	3022	1581	1614	1623	1640	1659	1661	1736	1737	1777	1911	1951	1955	1973	1979	2024	2063	2077	2088	2097	2100	2190	2216	2238	2243	2246	2271	2315	2323	2334	2349	2449	2455	2458	2486	2502	2516	2517	2535	2562	2572	2573	2581	2589	2683	2697	2699	2714	2773	2834	2860	2906	2908	2910	2945	3055	3063	3081	3093	3129	3135	3271	3291	3391	3405	3408	3445	3523	3542	3623	3714	3742	3761	3762	3775	3781	3825	3901	3903	3918	3923	3934	3944	3950	3990	4001	4016	4111	4114	4116	4119	4134	4135	4147	4155	4159	4161	4298	4303	4308	4324	4347	4350	4476	4484	4497	4498	4500	4534	4545	4546	4556	4562	4567	4621	4647	4653	4672	4675	4702	4707	4804	4814	4841	4866	4875	4953	4971	4984	4994	5029	2406	2988	4879	1596	2763	3023	3701	3718	3913	3926	3984	4017	4025	4329	4348	4379	4806	2862	1867	2630	2786	3185	3315	3494	3567	3760	3804	4780	2023	2241	4222	2784	2208	4071	4454	3087	3719	4302	4646	4800	2130	4109	4110	4795	4946	4954	3779	3949	4002	4019	4195	4735	2254	2776	3096	3310	4749	4809	2044	2120	2584	4129	2261	2276	2339	2795	2875	3126	3170	3311	3411	3455	3529	3552	3689	3894	3920	4409	2302	2313	2317	2319	2359	2378	2381	2540	2587	3005	3162	2368	3946	4398	5035	2852	4326	4327	4725	4903	6000	5591	5275	5259	5406	5168	5392	5658	5664	5954	6081	6098	6128	6279	6288	6330	6538	5408	5317	5363	5173	5593	5093	6472	5368	5388	5673	5917	6009	6088	6258	6356	6374	6376	6588	6638	6675	6813	6925	6985	7790	7964	7985	8426	5234	5103	5169	5174	5189	5195	5348	5447	5463	5544	5669	5690	5691	5700	5701	5707	5877	5920	6008	6106	6159	6166	6175	6185	6187	6193	6207	6294	6325	6332	6333	6358	6401	6427	6471	6476	6491	6494	6508	6516	6552	6565	6575	6579	6580	6660	6693	6730	6766	6768	6769	6771	6777	6782	6863	6871	6877	6883	6884	6889	6974	6983	7007	7009	7061	7075	7077	7163	7167	7183	7197	7222	7266	7282	7319	7329	7335	7336	7339	7376	7378	7392	7423	7432	7452	7480	7508	7517	7587	7613	7630	7639	7669	7686	7702	7731	7774	7778	7789	7791	7803	7804	7808	7811	7814	7826	7830	7856	7953	7990	7994	7995	8069	8117	8262	8394	8398	5771	5325	5280	7885	7058	5380	5611	6310	6382	6591	6805	7066	7156	7412	7600	7647	7872	8323	6742	7096	7103	7822	7697	8339	5120	5190	5361	5433	5512	5515	5921	5948	6083	6189	6192	6284	6334	6337	6371	6531	6535	6560	6587	6678	6683	6691	6705	6812	6864	6866	6867	6926	6942	6943	7079	7127	7131	7180	7233	7255	7338	7345	7476	7522	7535	7605	7653	7738	7818	7886	7980	8221	8228	8292	8307	8311	8416	8455	5220	6309	8240	5891	6084	6200	7232	7962	8206	5211	5299	5354	5500	5526	5836	5840	5870	5912	6090	6109	6110	6156	6191	6263	6530	6563	6634	6906	6932	6954	7035	7083	7084	7089	7212	7214	7250	7497	7914	8073	8144	8199	8224	8369	8429	8432	7720	6383	6668	7620	5278	5681	6093	6979	7022	7371	7436	7502	7539	7561	7842	7897	8170	6686	7379	8275	5279	6521	7219	7880	5212	5221	5222	5976	6190	6260	6729	6732	6836	6838	6945	7012	7581	7723	7831	8051	8176	8131	5882	5651	6167	7016	7133	5276	6395	6469	6616	6937	7051	7312	8046	8054	8166	8345	5831	6829	6849	7030	7090	7427	7450	7594	7604	7623	7665	7753	7800	7806	8450	5318	5569	5627	5725	6135	6477	6901	6941	7113	7276	7279	7547	7627	8157	8365	8368	5951	6169	8004	8217	8338	8353	8355	8387	5986	5665	6165	6840	7374	7512	7768	7903	8163	7679	8061	5409	5969	6669	6728	6881	7092	7141	7356	7601	7603	7772	7850	7858	7860	8059	8232	8383	8397	8399	7529	6625	7568	7467	8385	8488	8547	8615	8892	9027	9028	9369	9540	9545	9577	9719	9993	10257	10443	10508	10619	10830	10844	11053	11066	8616	8635	8951	9276	9289	9519	9525	9578	9718	9864	10002	10009	10021	10055	10153	10245	10367	10423	10431	10481	10494	10617	10629	10645	10649	10684	10690	10695	10870	10878	10879	10899	10922	11040	11076	11429	11561	11575	11576	11593	11603	11628	11736	11742	11762	11781	12081	8582	8500	8517	8772	8883	8981	9515	9592	9644	9783	10113	10123	10290	10681	10919	11029	11083	11089	11763	8620	11843	8731	9741	9994	10014	10042	10303	11008	11796	8539	11973	8556	10561	8527	9585	9862	10222	10254	10620	10661	10712	9875	10425	9141	9292	9681	10492	8619	8646	8963	9162	9350	9395	9500	9528	9877	9930	9933	9942	10524	10683	11159	11233	11497	11558	12083	8953	8962	9057	9087	9120	9304	9386	10066	10202	11151	9547	10628	8648	9007	9564	9816	9975	10541	11907	10456	10894	10235	11120	8668	9012	9212	9213	9224	9225	9262	9464	9470	9473	9729	9762	9921	10208	10260	10465	10632	10792	12068	8692	12080	8599	8957	9807	11591	11611	11940	9174	10892	11488	10080	10132	10766	11090	11119	8828	9841	10051	10639	10702	9462	11269	9143	10529	11324	8937	9614	10037	10448	10858	10903	10996	11027	11205	11356	11372	11837	11881	12010	8829	10348	11644	11919	9180	9650	9708	9711	9730	11828	10623	9876	10577	11325	11779	11594	12116	12178	12290	12637	12612	13247	12283	12513	12737	12942	12952	12964	12973	13059	13349	13362	13437	13472	13501	13677	13831	14270	12440	12789	12864	14082	12132	12374	12439	12441	12548	12553	12661	12793	12818	12900	13017	13081	13134	13141	13215	13236	13313	13361	13426	13489	13552	13735	14130	14132	14333	14563	14579	14796	14904	12438	12467	13991	12411	13149	13675	13676	13891	14010	14034	14080	14165	14360	14361	14490	12275	12792	13433	14030	12229	12517	13130	13941	12297	12567	12854	14244	14835	14862	12195	14031	12115	12136	12137	12139	12140	12147	12194	12376	12378	12417	12436	12437	12445	12460	12623	12694	12696	12698	12741	12780	12829	12842	12899	13051	13083	13432	13726	13851	13867	13939	14051	14502	14781	14802	14922	13443	14500	13027	12996	13591	13601	14585	12424	12890	13166	13198	13350	13390	13588	14458	14498	14726	13634	12765	14155	14157	14723	12363	12466	12500	13153	14621	14766	12529	12856	13423	12740	14149	12490	13429	13692	13877	14059	14769	14880	12303	12311	12148	12150	12164	12351	12377	12395	12604	12738	12778	12783	12826	12873	12975	13013	13143	13160	13209	13290	13326	13328	13477	13533	13545	13549	13594	13739	13740	13829	13838	13847	13849	13997	14004	14005	14049	14202	14212	14305	14380	14415	14453	14454	14463	14602	14605	14762	14810	14845	14846	14910	14911	14916	14917	14927	12504	13438	14779	14905	12685	12223	14248	14555	12345	13275	13375	13525	13532	14114	14001	12196	12350	12667	12714	12819	12852	12893	12928	13024	13056	13188	13248	13251	13384	13401	13459	13578	13633	13887	13984	14037	14057	14215	14855	12179	12453	12645	12815	12976	13214	13216	13425	13430	14052	14357	14364	14455	14486	14557	14610	14613	14715	14748	14749	14751	14758	14853	14883	12923	13098	14370	12877	13620	14041	14054	14201	14214	14317	14359	14460	14848	12316	12575	12586	13002	13434	13613	13804	13964	14175	12312	12546	14734	13519	13615	13617	13811	14118	14278	14384	13281	13283	13297	13311	13469	13478	13750	13779	14274	12896	13327	14249	14787	14906	13798	13803	14246	
296	1442	924	86	661	2188	1686	1538	2603	3287	2533	3258	3546	3809	3941	4557	1539	1668	1750	1835	1849	1917	1970	2189	2392	2522	2565	2592	2821	2854	2869	3209	3379	3498	3705	3706	4212	4213	4276	4295	4394	4415	4916	4935	2472	2124	2568	1838	2792	2972	3002	3070	3252	3362	3483	3493	3596	3738	3886	3929	4046	4078	2861	1604	1605	1748	1980	2460	2855	3090	3292	3659	4227	4985	2033	3599	3061	3256	1773	1665	1717	2058	2400	2614	2623	3007	3642	4801	4864	2160	2225	2730	2753	1687	1978	2004	2028	2030	2092	2257	2337	2607	2811	2835	2939	2950	3011	3052	3198	3205	3206	3227	3243	3265	3327	3410	3433	3453	3460	3461	3464	3468	3473	3475	3477	3485	3491	3492	3495	3507	3619	3674	3675	3691	3758	3763	3765	3873	3902	3906	3908	3910	3967	3968	4074	4163	4170	4203	4211	4216	4323	4338	4345	4359	4362	4365	4376	4381	4387	4408	4426	4428	4429	4526	4527	4528	4541	4549	4591	4592	4723	4762	4794	4820	4824	4831	4921	4924	4938	4963	2822	3045	2814	3286	3615	3768	4624	2639	2843	3057	3500	3676	4008	4256	4880	3417	3796	3951	4550	4922	2820	5140	5087	5219	5083	5295	5090	8346	6228	6269	6556	6665	6211	5760	7284	5518	7823	8198	5892	5899	6509	6518	5496	5592	6300	5084	5089	5129	5141	5149	5170	5176	5204	5225	5265	5289	5305	5331	5347	5370	5423	5488	5493	5503	5519	5534	5539	5545	5590	5630	5631	5632	5644	5689	5728	5730	5735	5740	5741	5751	5752	5757	5761	5765	5766	5767	5768	5770	5781	5782	5791	5801	5805	5811	5875	5903	5993	6001	6006	6017	6018	6026	6045	6050	6114	6121	6213	6222	6239	6249	6250	6271	6277	6287	6364	6387	6388	6406	6455	6458	6498	6501	6652	6687	6712	6717	6744	6752	6764	6821	6916	6997	7170	7195	7249	7257	7373	7381	7382	7385	7399	7400	7418	7449	7457	7537	7546	7555	7564	7573	7582	7591	7595	7645	7693	7715	7744	7861	8019	8023	8027	8029	8030	8031	8118	8128	8134	8140	8149	8155	8159	8168	8174	8350	8351	5088	5799	5950	6500	6502	6963	6984	7444	7559	7570	7716	7730	7922	8454	5091	5092	5147	5148	5268	5323	5360	5469	5537	5556	5575	5624	5625	5843	5856	5857	5860	5919	5975	6014	6043	6179	6195	6208	6299	6411	6951	7039	7166	7173	7194	7206	7536	7542	7628	7698	7700	8026	8035	8105	8161	8167	8237	8238	8239	8337	8358	6593	8107	6659	7545	5714	5364	5412	5431	5619	5680	5803	6113	6217	6348	6488	6594	6697	6699	6716	7388	7941	8006	8125	8126	8180	8203	8260	8267	8301	8403	8415	8418	8427	8433	8441	5832	7377	7439	7621	7781	5739	6048	6507	7419	7687	7954	7977	8067	8184	6737	5374	5580	6619	7032	5731	5844	6886	7334	7394	7454	7496	7747	7969	8075	8376	8449	7047	6408	7059	7298	7315	7316	7911	8626	8834	10807	12024	8839	9291	8815	10098	10737	11160	8580	9130	8875	9080	9507	10413	10462	10918	8910	11017	11359	11755	8776	8790	9082	9179	9419	9860	9883	10076	10106	10128	10484	11816	11922	12041	12064	12065	8909	9454	9901	9843	9440	9497	9655	9665	9825	9955	10231	10647	11018	11586	11770	10601	11502	10306	9745	8516	8782	9093	9107	9160	9188	9228	9404	9432	9488	9493	9656	9680	9734	9925	10028	10356	10390	10751	10862	10931	10941	10986	11716	11858	8639	8697	8740	9013	9694	9846	9926	10086	10094	10252	10429	10597	10827	10828	10836	11184	11386	11392	11678	11684	11714	11883	11886	11909	11931	8524	8542	8638	8659	10289	10405	11220	9022	9752	11260	8928	9384	12002	9250	9306	9720	10023	10472	11022	11904	10562	10633	10709	11021	11629	9376	10471	8816	10607	10897	11078	11109	11110	11169	11316	11334	11568	11675	11686	11845	11887	11912	12001	12045	12076	12077	8889	9327	9434	9769	9793	9815	10032	10069	10147	11067	10454	10725	11218	11221	11556	12044	9131	9508	10307	10801	10916	11446	12113	12269	12390	12640	12177	12988	14179	12902	13015	13731	12690	12638	13833	13272	12268	12384	12512	12549	12573	12994	13022	13292	13456	13473	13567	13629	13927	13936	13946	12409	12456	12142	12672	12496	12247	12682	12705	12724	12921	13158	13159	13322	13770	13926	14061	14200	14391	14420	14512	14516	14533	14572	14580	14760	12145	12550	12452	12634	12751	14055	12258	13649	13332	12215	12610	12204	12271	12561	12562	12903	12950	12962	13072	13348	13488	13569	13935	14527	14586	14842	13764	12149	12430	12497	13852	13870	14148	14192	14205	14207	14220	14358	14536	14794	12961	13038	12270	12305	12321	12492	12533	12547	12699	12925	12938	12954	12980	13249	13256	13460	13490	13657	13696	13703	13706	13816	13965	13969	14110	14112	14131	14136	14138	14264	14272	14745	14746	14907	14915	12669	12901	13194	14309	14740	12772	13184	13357	13963	14079	14912	13598	14182	12644	13294	14875	13942	14012	14372	14696	13273	14508	
2	3	10	16	25	51	101	104	112	164	166	203	223	227	251	253	256	317	339	392	421	433	440	471	476	497	514	519	547	549	563	589	604	611	666	676	694	698	699	714	721	748	832	865	877	895	905	906	912	923	929	1041	1108	1112	1187	1246	1248	1263	1267	1307	1327	1328	1330	1336	1378	1379	1395	1400	1413	1416	1430	1436	1439	1455	1470	1486	1488	850	483	1449	299	1432	44	621	351	692	1239	965	1116	574	255	300	313	402	407	542	543	548	557	561	648	655	800	809	879	893	894	899	962	979	1286	1490	1908	2211	1709	1779	2012	3363	2915	1513	4458	2205	4262	2864	1967	3836	1999	2933	3187	3230	1708	2203	2675	2701	3083	3262	3535	3725	3954	4313	1875	2356	2608	2978	3746	4506	2209	4178	4530	4777	2191	4960	3919	2074	2096	2673	3043	3247	3457	3826	4018	4184	4344	4698	4230	1780	1976	2034	2062	2091	2272	2283	2355	2718	2756	2830	2953	3028	3335	3367	3597	4009	4543	4838	3165	3632	4437	4659	2109	2422	2970	3244	3250	4430	4644	4706	4965	2013	2158	3509	3969	4306	4750	4790	5040	5041	2212	2217	2224	2234	2251	2274	2287	2343	2485	2537	2553	2583	2687	2694	2704	2706	2708	2720	2721	2736	2766	2916	2949	3024	3160	3304	3339	3344	3345	3424	3555	3562	3563	3681	3912	3947	3965	3970	4101	4115	4307	4337	4358	4739	4873	5017	5053	4909	4059	4764	2940	2941	4923	3248	3482	3628	4915	3364	3519	3828	4176	5028	4926	6251	6527	7884	5132	5240	5311	5313	5333	5358	5373	5440	5460	5466	5604	5609	5610	5662	5692	5693	5748	5773	5848	5859	5876	5878	5883	5914	5959	5964	5974	5994	6072	6091	6123	6139	6202	6267	6305	6438	6457	6528	6545	6553	6709	7006	7192	7389	7514	7618	7711	7901	8280	8298	5332	5179	5256	5121	5506	7258	7325	7991	5504	5774	6126	6578	7634	6667	7320	7699	5946	7396	7944	8078	7190	6933	6470	8443	5867	8249	5822	8304	8402	5999	6459	6959	5218	5828	6355	7996	6968	5180	5257	5291	5334	5566	5838	6086	6140	6157	6414	6417	6533	6606	7054	7151	7395	7451	7660	7672	7709	5620	6800	7048	7430	7799	8165	8285	5602	5729	5937	5962	5987	6059	6080	6379	6651	6905	6913	6934	7123	7134	7135	7390	7726	7834	8047	8089	8278	8434	6103	5498	5505	6648	8020	8220	8378	5764	8216	5560	6642	6792	6650	8179	6197	6381	6513	6745	6815	6837	6841	6965	7291	7530	7534	8331	5960	7787	7793	8018	8306	6237	6970	7614	6791	8483	9567	8719	8674	8573	8710	9495	8509	8826	9085	8624	9301	9417	9638	10653	10991	11612	8930	9561	9055	8932	8722	8555	8999	9400	9359	9402	8551	8569	8531	8563	9851	9760	8575	8711	10533	11276	9122	8810	8528	9139	8900	8884	9977	8988	9394	10048	11460	8958	9727	10129	11058	8612	8597	8686	10373	10711	9313	10871	10421	11357	9255	9235	8552	8974	9245	9268	9569	10263	10939	8773	10525	10993	8805	9011	9252	10018	10092	10850	8496	10917	9148	9870	11178	9231	9936	10414	9780	10534	11619	11978	12039	9183	9315	9489	10121	10151	8989	9675	9176	11672	10081	11990	10078	8497	8723	9456	11921	8510	9566	11478	10104	10667	9314	9324	9382	9556	10166	10409	10420	10482	11203	8613	9232	9244	9704	10305	8578	9233	9299	9509	9949	10286	10298	10568	10729	10902	10946	11148	11399	11445	11452	11534	11754	11764	11775	11783	11943	12095	10000	11206	11275	11753	8940	10810	8570	8968	9620	9696	8752	8753	8894	8923	8986	9100	9263	9275	9477	9537	9554	9679	9785	9833	9847	9871	10060	10135	10165	10192	10214	10567	10630	10666	10677	10782	10860	10873	10951	11062	11085	11242	11243	11329	11330	11343	11410	11420	11467	11485	11624	11632	11651	11652	11760	9237	9979	10564	11237	10754	9310	9491	9742	9891	10089	10451	10967	11648	12061	10327	10594	8784	9316	10703	10763	11106	10806	8788	9388	11806	11941	9381	9693	9731	10256	8838	9808	9886	10082	10097	10347	10499	10505	10706	10990	8811	9068	9220	10693	10880	11266	11307	11765	8827	9090	9722	9924	11959	8933	8990	9601	9651	10502	11074	11093	11101	11413	12043	12060	9583	10162	10885	10890	10895	11292	11878	11920	9662	10087	10970	11158	11277	11553	11554	11555	9698	9804	9859	9869	9888	10065	10719	10914	9140	10046	10178	11232	9194	9195	9256	10786	10971	10583	10655	11298	11607	11470	12135	12202	12224	12169	12468	12920	13101	13440	13928	14087	14213	14238	14456	14630	14643	14674	14706	14750	14754	14761	14831	14850	12355	12383	12197	12133	12545	13180	13342	12743	13468	14325	14105	14176	14618	12161	13511	13661	13119	13185	13363	13502	13584	13648	13762	13791	13818	14774	14135	14477	12292	12798	13133	13603	14363	14418	12256	12307	12314	12557	12628	12729	12790	12998	13001	13217	13239	13370	13579	13627	13761	13772	13778	13957	13971	14296	14332	14446	14591	14866	14162	13439	14861	14879	12274	12730	12810	13003	13094	13355	13665	13968	14671	12162	12328	13276	13988	13995	14173	14529	14537	12184	12633	12871	13562	13581	13583	13600	13733	13748	12203	12711	13195	13572	13655	13970	14267	12488	13758	14275	14838	13164	13535	14036	14698	14818	
127	81	193	617	56	74	192	474	1228	1315	570	1351	768	769	1046	1480	1731	2649	2886	3729	3851	3612	3234	3180	3266	4224	4769	4380	1732	1809	1810	2007	2072	2352	2529	2702	2847	3060	3333	3337	3352	3407	3558	3565	3591	3743	3744	3789	3792	3829	3994	4165	4552	4878	4907	5054	1783	5024	3416	1960	1961	2288	2470	2471	2476	2633	3255	3263	3270	3323	3466	3503	3840	3882	3955	4076	4086	4137	4580	4661	4833	4913	5018	5039	4183	4784	3014	3015	3295	3449	3878	4085	4257	4293	4352	4353	5069	5563	5628	5944	5099	7155	7110	7160	7414	5553	5349	5177	5156	5478	6378	6749	6896	6897	6947	5403	5404	5448	5449	5675	5938	5972	5979	6162	6270	6865	6880	6891	7349	7355	7681	7739	8253	8257	8299	5100	5116	5122	5126	5127	5145	5153	5178	5185	5188	5375	5378	5396	5415	5417	5444	5464	5480	5570	5621	5647	5648	5682	5683	5684	5697	5703	5711	5715	5721	5724	5727	5732	5778	5866	5879	5889	5895	5909	5916	5924	5925	5927	6057	6095	6115	6129	6131	6132	6141	6143	6144	6153	6164	6234	6321	6322	6324	6326	6339	6345	6367	6466	6504	6505	6515	6551	6562	6583	6710	6711	6714	6715	6726	6727	6760	6763	6784	6902	6907	6915	6920	6921	6930	6935	6940	6944	6946	6948	6952	6958	7109	7126	7128	7132	7137	7149	7157	7164	7302	7326	7626	7637	7668	7801	7805	7807	7815	7844	7927	7947	7950	7957	7972	8005	8063	8093	8097	8100	8103	8108	8227	8248	8266	8274	8282	8388	8437	8439	8446	7318	7795	7862	5634	5645	5913	5934	6127	6152	6254	6872	7189	8181	8349	7241	7272	7875	5554	7367	7368	6203	6529	7553	5564	5629	5906	5945	5952	7042	8226	5965	6787	7213	7314	6340	6825	6295	6296	7712	8704	8796	8493	10280	8985	9453	9619	9654	9811	10054	10326	10344	10380	10381	10394	10463	10762	10764	10872	10973	11129	11134	11147	11322	11363	11506	11635	11835	11953	11972	11993	9653	10053	10229	8709	11989	8461	8559	8600	8647	8758	8785	8856	8858	8859	9000	9006	9134	9211	9216	9415	9543	9571	9581	9626	9670	9797	9799	9831	10120	10258	10310	10328	10329	10330	10497	10501	10581	10588	10785	10809	10839	10841	11019	11064	11192	11209	11241	11267	11419	11421	11425	11426	11437	11454	11498	11640	11664	11693	11766	11891	11984	12009	10644	11656	9624	8494	9049	10181	10182	10422	10496	10689	10700	10736	10759	10760	10887	10936	10937	10969	11441	11442	11840	11877	8705	8706	9023	9037	9047	9640	9990	10589	10907	10992	11030	11827	12069	8797	9672	9957	9985	9999	10061	10107	10138	10227	10228	10516	10523	10747	10771	10911	11075	11079	11100	11936	9032	9305	9770	9802	9819	9858	9954	9996	10007	10161	10265	10543	10608	10774	10883	11001	11294	12111	11331	10361	10230	11928	10884	12005	12180	12245	12127	12334	13296	13325	13343	13539	13714	13728	13732	13752	13768	13894	14505	13924	13880	12114	12526	12946	13606	14350	13271	13616	13175	13475	14378	14474	14684	12181	13077	13331	13447	13922	14104	14287	14436	14593	12246	12761	14549	14732	14169	14387	
30	838	907	908	560	909	365	366	380	432	450	564	695	752	1008	1359	1452	1501	1502	1504	1033	1043	1554	1897	1904	2936	2436	1575	1975	2473	2842	2844	2889	2895	3071	3082	3091	3116	3169	3821	4132	4268	4474	4700	2192	1898	1918	1937	2187	2201	2396	2409	2650	2651	2660	2994	3072	3382	3440	3607	3630	3798	4032	4130	4705	4719	5066	2938	2503	2757	4894	4932	5076	4597	4904	5238	6645	5475	5476	7973	7997	5941	8334	6007	5521	5706	5726	7518	7565	7769	7825	7956	8245	8430	6820	6643	7494	7500	7926	8092	8284	7640	8478	8537	8684	8775	9198	10247	11691	9355	9533	9298	10817	10641	11740	8698	8764	9062	9300	9563	9973	10233	10376	10475	10819	11059	12031	12104	9412	9678	9939	11500	10578	11474	12721	13953	12171	12185	12199	12478	12571	12868	12935	12936	12982	13564	14467	14504	14513	14738	14877	14889	14631	12825	12827	13337	13373	13765	14327	14874	14660	12122	12198	12219	12284	12294	12541	12782	12957	12985	13334	13442	13773	13810	13980	14252	14791	14827	14884	14928	12675	12919	13263	12540	12676	13288	14194	14365	14409	14620	14792	12895	13088	14101	13954	
87	572	1309	827	1370	1114	1652	2310	3226	2762	3664	4996	1556	2237	2497	2543	2591	2841	4558	4638	2186	3533	4310	1653	1846	2078	2079	2461	2932	2958	2959	2971	2977	3173	3225	3330	3338	3356	3484	3520	3560	3693	3721	3794	3887	3911	3953	4094	4425	4634	4667	4682	4689	4734	4741	4848	5019	5022	1797	1828	4787	4832	4896	1805	1806	1819	1832	1845	2026	2431	2433	1816	2430	1817	2475	2678	4995	1876	4840	4193	2518	2947	7145	7974	6366	8316	8445	8057	8099	8642	11258	11642	11028	11254	10698	11347	11365	11720	12066	9988	9848	9895	10392	10755	11012	11355	11650	11911	11072	11245	11511	8525	12103	8526	8734	8770	8862	9326	9341	10033	10063	10096	10291	10532	10573	10686	10720	10966	11239	11247	11448	11810	11851	11927	8657	11127	12697	12372	12298	12692	13018	12151	12152	12228	12260	12373	12413	12432	12433	12435	12454	12457	12591	12595	12603	12605	12619	12621	12663	12684	12720	12804	13009	13011	13054	13189	13324	13381	13411	13441	13518	13556	13631	13654	13705	13938	13943	14339	14741	12299	12760	13044	13465	12799	13111	13258	13797	13862	13983	14243	14626	14931	
745	1029	83	84	108	222	228	272	354	355	360	400	405	425	913	940	1019	1020	1093	1094	1166	1302	1334	1372	1392	1417	1419	1462	1467	254	274	275	343	506	687	707	883	886	887	889	1298	1369	1371	1493	1495	1507	1510	265	4473	2281	3610	2997	4808	7130	5107	5910	5445	5101	5131	5217	5282	5376	5473	5502	5557	5579	5772	5915	5980	5981	5982	6047	6160	6214	6216	6244	6259	6262	6301	6327	6338	6344	6399	6413	6425	6446	6456	6604	6610	6617	6620	6758	6794	6795	6811	6830	6852	6853	6973	7044	7050	7171	7199	7323	7402	7424	7445	7503	7563	7677	7718	8114	8332	6266	5123	5138	5139	5287	5288	5290	5306	5326	5382	5383	5384	5411	5425	5429	5436	5438	5451	5459	5508	5600	5605	5608	5613	5623	5635	5636	5637	5643	5654	5661	5667	5784	5792	5794	5798	5804	5813	5814	5841	5871	5872	5873	5874	5880	5885	5894	5911	6021	6024	6030	6032	6035	6041	6092	6094	6099	6105	6111	6112	6154	6221	6274	6278	6290	6298	6351	6369	6478	6484	6492	6493	6542	6544	6550	6555	6558	6559	6564	6570	6571	6572	6574	6581	6586	6589	6596	6597	6599	6646	6664	6682	6689	6690	6696	6720	6731	6736	6741	6759	6860	6862	6868	6870	6918	6949	6961	6962	6992	7005	7069	7070	7071	7072	7076	7078	7081	7085	7087	7091	7093	7111	7112	7129	7144	7146	7147	7152	7162	7207	7215	7256	7259	7260	7264	7265	7269	7270	7271	7273	7277	7292	7299	7309	7311	7321	7322	7330	7333	7342	7343	7344	7346	7353	7354	7358	7359	7453	7455	7456	7464	7465	7466	7470	7472	7473	7475	7479	7481	7487	7488	7489	7490	7491	7493	7499	7504	7511	7519	7531	7532	7560	7631	7635	7651	7652	7654	7661	7662	7663	7670	7671	7675	7676	7678	7682	7683	7707	7714	7724	7752	7757	7780	7782	7809	7816	7824	7827	7829	7833	7838	7859	7865	7867	7887	7904	7908	7909	7912	7916	7921	7925	7930	7931	7936	7938	7961	7967	7968	7978	7979	7986	7987	7998	8011	8038	8039	8043	8055	8074	8076	8081	8136	8137	8141	8177	8187	8205	8211	8212	8222	8229	8234	8235	8236	8243	8246	8255	8264	8265	8268	8270	8308	8309	8314	8315	8367	8373	8391	8406	8408	8414	8421	8428	8444	6847	8305	7975	7642	7673	8204	5344	5345	7945	5509	5551	6061	7742	6522	6519	6708	6832	6975	7174	7290	7708	6848	8503	9070	8980	8479	9189	8522	9530	10324	8762	10515	9517	10319	9046	8850	8851	9325	9339	9531	9534	9559	9588	9591	9618	10016	10514	10671	10710	10905	11099	11195	11202	11215	11805	11958	11970	8807	8707	11848	8480	8765	8871	9190	9418	9439	9483	9518	9682	9725	9912	10093	10122	10375	10440	10570	11204	11358	11885	11894	8492	10240	12094	8504	8558	8680	8741	9008	9558	9911	9928	10518	11646	11893	8523	8606	8907	9199	9475	9916	9967	10203	10722	10980	11073	11604	11609	11856	11872	11882	11888	11900	11910	8727	8887	9794	9867	11338	9787	10142	10309	8708	9733	10088	10296	9705	9964	9966	10546	11255	9280	9368	9548	10891	11761	10716	11175	11578	11867	11933	12407	12446	12217	12322	13045	13586	13058	13063	13871	14231	12240	14561	12123	12717	12208	12216	12470	12471	12476	12569	12570	12706	12894	12940	13089	13118	13305	13814	14073	14078	14276	14290	14478	14507	14532	14545	14812	12525	12564	12733	12967	13073	13516	13551	13636	13787	13888	13974	12167	13744	12972	12124	12163	13291	13807	14090	12218	12535	12620	12754	12766	12785	13109	13116	13237	13277	13302	13303	13317	13421	13509	13607	13608	13793	13795	13911	14011	14322	14336	14385	14599	14627	14765	14809	14885	12364	13246	13402	13848	12241	12574	12859	13431	13769	14153	14428	14869	12746	12747	12756	12960	13120	13142	13351	13360	13367	13467	13621	13664	13680	13682	13699	13702	13830	13973	14115	14121	14122	14125	14251	14279	14531	14552	14553	14574	14783	14893	14913	14921	14924	12408	12421	12450	12498	12880	12881	12887	12892	12912	13112	13113	13138	13253	13267	13270	13338	13347	13353	13484	13498	13504	13534	13566	13574	13685	13697	13859	13873	13898	13899	14039	14172	14258	14266	14424	14511	14703	12674	12999	13145	14702	12718	12719	13165	14006	13391	14475	14628	14771	
880	6	7	35	41	148	149	188	327	457	467	595	709	813	815	830	902	933	991	1106	1171	1191	1373	1375	1381	464	1011	1175	183	184	1035	1178	1335	212	213	747	1102	1174	2806	1662	1632	4221	1888	4613	3467	3811	3814	3841	3936	3956	4012	4206	4336	4577	4586	4083	1633	2064	2069	2448	2536	2538	2585	2725	2751	2961	2996	3062	3531	3566	3614	3770	4041	4291	4300	4328	4334	4559	4755	4825	4948	4998	5055	1646	3720	4462	1663	2269	2783	2833	2868	3017	3067	3154	3340	3412	3463	3481	3487	3502	3625	3634	3643	3774	3802	3932	4100	4164	4228	4234	4240	4246	4265	4396	4488	4515	4571	4622	4997	4999	5061	5065	3199	4340	2135	3141	3787	2252	2253	2530	2791	3653	2738	4341	4333	5261	5133	5324	6019	5246	6078	5928	5105	5337	5598	6148	7551	7725	6238	7727	5522	6473	7049	6953	5106	5936	6233	6261	6416	8066	5237	5258	5277	5330	5482	5577	5589	5712	5758	5864	6075	6149	6232	6698	7136	7538	7760	7878	7879	8077	8080	8109	8111	8310	8380	8405	8407	8419	8448	5163	5391	5471	5543	6520	6684	6826	7405	6796	6833	8162	5247	8086	5861	5407	5410	5900	5947	6100	6194	6317	6335	6390	6418	6419	6445	6539	6595	6612	6630	6739	6978	7017	7102	7138	7331	7360	5339	5414	5686	5756	6602	7158	7294	7471	7648	7656	8153	8189	5457	6319	6762	7607	7666	7688	7965	8101	5599	5930	7644	7775	8195	6706	6102	6804	7802	5929	7937	6079	6283	6479	7046	7099	7281	7328	7599	8202	8209	8362	8377	6204	6236	6255	6908	6909	7364	8725	8819	8565	9209	8715	9118	11056	8694	9478	9099	10174	11433	11951	10103	8553	9121	10439	10826	11069	12101	9496	9854	10223	11131	11163	11181	8754	9166	11566	8566	8633	8691	8703	8738	8748	8959	9307	9333	9532	9555	9570	9683	9813	9852	9989	10017	10064	10170	10172	10186	10244	10266	10323	10396	10426	10511	10565	10584	10635	10636	10637	10638	10663	10694	10696	10805	10815	10856	10857	10900	10989	10995	11087	11222	11281	11295	11309	11310	11333	11344	11380	11431	11653	11663	11671	11694	11814	8749	9677	9909	8473	8487	8515	8561	8794	8833	8861	8966	9059	9152	9172	9317	9352	9358	9451	9622	9809	9950	10141	10287	10297	10301	10315	10364	10401	10500	10542	10938	10972	11102	11288	11378	11504	11507	11804	11865	12015	12017	12027	12037	9126	11185	9169	8470	8935	8979	9018	9240	10672	11847	8806	11574	9173	8869	9604	9958	10169	10285	10777	11822	8554	9260	9706	10506	12075	8579	8693	9150	9223	9565	9861	10167	10246	10250	10251	10340	10428	10474	10664	10669	10802	11143	11150	11213	11227	11256	11549	11737	11767	11768	11906	12088	11041	11323	10829	11349	8774	8841	9064	9103	9264	9285	9332	9363	9828	9932	10019	10034	10102	10193	10212	10279	10284	10351	10790	11287	11315	11401	11673	11705	12048	12074	8716	9071	9980	10480	10674	10964	11251	11443	11917	9164	9165	9219	9424	9628	9774	11094	11121	8750	8840	8843	8857	8993	9311	9337	9613	10068	10598	10909	11289	11346	8791	8792	9820	11128	8820	8888	9067	9086	10144	10149	10539	10540	10549	10554	10963	11341	11976	10490	10447	10930	11739	12018	9297	10520	11427	9210	9984	9983	10459	10606	10788	11303	11631	11811	10126	10127	10293	10958	11745	11981	12007	12941	12158	12387	13466	14009	12795	12121	12118	12214	12222	12265	12317	12475	12502	12528	12556	12558	12563	12580	12688	13046	13047	13055	13075	13104	13114	13123	13181	13626	13767	13904	13931	14107	14242	14393	14400	14426	14577	14583	14587	14693	13416	13815	14759	12461	13611	12745	13422	13843	13526	12361	12220	12259	12491	12506	12551	12806	12924	13062	13074	13455	13496	13602	13707	13782	13817	13820	13962	14108	14227	14237	14260	14263	14283	14319	14377	14402	14633	14652	14679	14694	14773	14793	14891	14896	14898	12668	12758	12816	12824	12833	13457	13491	13641	13642	13643	13709	13785	14324	14353	14461	14480	14484	14601	12796	12264	12405	13503	14501	12225	12508	12511	12518	12670	12704	12715	12855	12897	13078	13218	13221	13223	13245	13266	13408	13415	13417	13418	13590	13658	13786	13796	13868	13890	13912	14072	14076	14077	14140	14177	14219	14221	14241	14282	14289	14386	14425	14430	14439	14464	14471	14521	14525	14581	14582	14592	14600	14659	14667	14744	14776	14780	14871	14876	12371	12382	12429	12486	12516	12521	12728	12929	13386	13668	14081	14763	12293	12910	13031	12599	14483	14654	12159	12649	12693	13154	13155	13220	13233	13284	13335	13368	13536	13542	13565	13745	13844	13865	13940	13990	14053	14066	14123	14560	14919	12823	12485	13561	12300	13151	13244	14588	14589	12362	12643	12845	12857	12875	13007	13026	13028	13070	13306	13977	14310	14544	14797	14833	12388	14209	12462	12584	12800	12801	12803	13374	13464	13470	13524	13540	13693	13864	13893	14450	14713	14733	12843	14612	12797	13032	13366	13759	13760	14181	14354	
598	746	1039	1042	1388	5214	5230	5231	5270	5390	5420	5421	5443	5573	5966	5985	6004	7422	7513	7655	7839	7840	7851	8025	8037	8190	8208	8390	5394	5395	6315	6354	9116	8669	9445	8670	8755	9929	10406	10723	10778	11327	11495	11825	12237	12480	12191	14300	12192	12238	12443	12444	12481	12598	12844	13020	13029	13041	13079	13097	13219	13252	13314	13409	13448	13521	13669	13712	13727	14021	14022	14494	14510	14520	12369	12370	12389	12455	12464	12473	12479	12781	12813	12974	13000	13139	13152	13161	13171	13196	13329	13330	13379	13548	13554	13560	13723	13746	13749	13766	13822	13836	13846	13857	13986	14042	14074	14113	14127	14298	14299	14340	14406	14410	14419	14427	14515	14535	14707	14719	14725	14808	14816	14829	14834	13537	13240	13241	13538	14814	
143	234	1223	1530	1641	1790	1529	1531	1642	1722	1752	1760	1770	1775	1791	1795	1798	1807	1821	1822	1827	1842	1847	1855	1856	1860	1861	1881	1892	1932	1953	1969	1982	1998	2083	2090	2094	2118	2155	2174	2250	2275	2304	2327	2328	2340	2344	2346	2347	2363	2390	2393	2417	2437	2443	2447	2511	2512	2640	2658	2684	2685	2690	2703	2777	2839	2846	2884	2890	2893	2903	2904	2924	2928	2968	2979	3144	3146	3178	3215	3343	3353	3369	3374	3397	3399	3425	3594	3616	3640	3831	3838	3844	3966	4035	4042	4045	4052	4077	4080	4182	4189	4194	4239	4241	4247	4248	4267	4272	4279	4284	4315	4370	4383	4388	4389	4390	4501	4596	4604	4853	5049	5072	2962	2184	3429	3812	4713	4588	4589	7225	5529	6873	5869	5530	7404	5904	5905	10957	8977	8802	9791	9004	8735	8777	8778	9092	9123	11749	11262	11639	14509	12759	12762	12986	13023	13647	14742	13264	13639	13958	14228	
318	1172	325	72	176	195	199	306	436	441	627	682	839	918	983	1087	1121	1123	1126	1269	1397	1409	1133	1536	2248	1719	1802	1829	1602	1853	2226	3662	3759	1537	1616	1769	2804	3120	4618	4890	2825	1571	1572	1617	1693	1891	2239	2373	2405	2484	2828	3049	3065	4925	1603	1606	1844	1920	2048	2075	2218	2778	3375	4005	4169	4560	4847	4855	5030	1667	1923	2435	1734	1740	1768	2056	2173	2306	2423	2652	2710	2807	2858	2876	2878	2881	2883	3054	3318	3378	3537	3586	3652	3925	4037	4576	4715	4830	4834	4859	4861	4966	4977	5013	5037	4885	2273	2823	1787	1788	1854	1936	2358	2963	3307	3322	3332	3334	3830	3975	4151	4180	4367	4756	4818	4992	5025	1803	1863	2021	2166	2185	2289	2467	2532	2829	2990	2998	3041	3294	3306	3444	3506	3777	3909	3993	4150	4166	4520	4536	4587	4593	4908	5001	1830	2374	2377	2459	2619	2695	2700	2871	2943	3084	3203	3242	3415	3434	3435	4507	1899	1946	1984	1985	1986	1995	2031	2040	2197	2456	2474	2927	3035	3059	3138	3142	3219	3233	3361	3371	3478	3539	3554	3702	3709	3799	4244	4270	4319	4463	4509	4523	4677	4697	4716	4826	4856	4962	5009	3585	3181	2249	3712	3948	4281	4361	4732	2604	4073	5081	5649	6212	8147	5958	6412	6851	5852	7949	5201	5854	7014	7095	5164	5082	5142	5154	5359	5491	5511	5572	5670	5678	5717	5851	6060	6067	6101	6183	6485	7743	8138	8279	8436	5821	6031	6357	7710	7952	8420	5165	5269	5532	5817	5837	5845	5968	6292	6293	6765	6788	6789	6799	6814	6991	6994	7057	7210	7216	7505	7608	7609	7695	7928	8129	8164	5202	5203	5531	6176	6391	6685	6773	6927	6929	6986	7001	7200	7341	7397	7509	7762	7779	7819	7864	7877	7896	8016	8032	8052	8123	8132	8172	8340	7703	5650	5881	7293	7869	8034	5853	6053	7165	7749	5855	5863	7119	6010	6011	7915	8269	8534	10769	8677	8476	10146	10679	11043	11264	11265	11849	9038	9039	9754	9853	10030	10031	10114	10188	10466	10616	10861	12071	8636	9874	8664	9259	9391	10904	8540	8733	8994	9690	9857	10177	8549	8911	9319	10357	10498	11588	12106	8550	8672	8695	8916	8998	9010	9287	9293	9365	9406	9449	9450	9812	9839	10077	10136	10175	10176	10180	10369	10372	10374	10391	10424	10615	10640	11088	11517	11543	11545	12021	12042	8863	8877	8880	9075	9168	9184	9290	9318	9346	9364	9374	9383	9385	9595	9606	9623	9636	9759	9763	9767	9868	9872	9878	9884	9887	10038	10050	10072	10073	10101	10116	10238	10270	10273	10276	10277	10292	10302	10311	10368	10470	10560	10571	10572	10579	10688	10705	10715	10721	10727	10866	10924	10933	10948	11312	11313	11332	11339	11348	11352	11377	11398	11525	11530	11532	11539	11546	11547	11548	11688	11710	11787	11839	11868	11942	11954	11956	11994	12105	9249	9663	9998	10194	8637	8817	8878	9414	9940	10150	10434	10547	10599	11564	11605	11676	11687	11715	11831	11832	11833	11838	11971	8678	8799	8822	9014	9066	9136	9273	9279	9322	9373	9427	9447	9448	9455	9627	9629	9671	9850	9885	10025	10040	10041	10045	10100	10109	10115	10134	10137	10168	10199	10221	10312	10318	10334	10358	10362	10370	10379	10435	10437	10449	10460	10545	10563	10569	10654	10662	10670	10673	10779	10831	10854	10863	10864	10865	10867	10868	10921	11051	11052	11092	11103	11116	11117	11123	11308	11317	11345	11384	11393	11499	11514	11515	11712	11728	11778	12055	11362	11423	11509	12593	12352	13808	12357	13886	14068	12318	12552	12583	12589	12739	12771	12821	12866	13012	13049	13187	13200	13205	13383	13414	13570	13612	13614	13628	13637	13806	13813	13855	13923	14095	14126	14143	14150	14171	14271	14285	14308	14312	14320	14451	14519	14526	14590	14803	14860	14872	14886	14902	13100	13623	13790	14697	12838	12750	14417	12286	12635	13624	14142	14757	14926	13427	12323	12906	13449	13474	14342	14355	14534	14369	14367	12524	12948	14445	14888	14929	14930	13523	12647	12514	12319	12342	12426	12532	12600	12618	12735	12774	13203	13222	13380	13444	13508	13972	13975	14002	14141	14459	14709	14753	14777	14847	14895	14923	12474	12763	13413	13568	13622	13663	14038	14565	14651	14712	14823	12358	12991	13701	12594	13131	13835	13966	13992	14146	14151	14204	14223	14255	14256	14316	14408	14597	14598	14634	14649	14653	14688	14807	14824	14008	14736	
242	1044	1247	4187	2764	2329	2330	2901	3579	3803	4148	4149	4422	4529	4688	4862	5166	8171	5109	5167	5226	5227	5229	5343	5357	5536	5538	5588	5597	5639	5652	5738	5753	5783	5802	5971	5989	6022	6064	6068	6076	6077	6248	6377	6428	6429	6434	6443	6453	6468	7098	7107	7209	7229	7251	7296	7438	7440	7589	7592	7593	7612	7619	7657	7745	7761	7764	7765	7849	7866	7868	7874	7876	7881	7882	7889	7900	7913	7923	7932	7933	7942	8041	8042	8044	8094	8095	8104	8146	8152	8158	8182	8188	8191	8192	8210	8219	8244	8333	8359	8360	8379	8381	8384	8442	8453	5807	5808	6049	6085	6107	6320	6450	6641	7268	7425	7433	7584	7748	7785	7817	7835	7958	7976	8151	8347	10643	8519	10013	8520	8730	8870	8927	9154	9776	9845	9856	10207	10455	11257	11259	11944	11955	12154	13192	12581	12329	12155	12157	12251	12423	12509	12700	12701	12722	13080	13091	13304	13336	13341	13352	13719	13930	13978	14043	14058	14092	14160	14240	14277	14346	14382	14433	14547	14558	14559	14615	14632	14640	14682	14799	14836	14840	14844	12582	13193	13996	14111	14250	14297	14747	
3105	3580	6180	7285	7525	7526	11389	13127	12128	14606	13099	12642	12726	12850	12915	13067	13268	14027	14028	14086	14188	14189	14195	14394	14695	14724	14728	14730	14731	14778	14856	13312	13698	13961	14376	14556	
5292	5293	7287	5327	5328	6235	7383	13897	13177	
2018	2019	4869	4888	6002	5365	5094	5095	5224	5241	5549	5118	5208	6431	6972	5216	5653	5119	5209	5249	5281	5754	5820	6246	6432	6534	6577	6590	6600	6695	6856	8290	8321	7853	6400	6264	8084	6707	5618	7894	5366	5432	5455	7159	7332	8065	8143	8357	8401	6912	6557	6774	7105	7139	7674	7832	7970	6644	7181	7182	7185	7196	7606	7734	7740	7713	7982	12008	10772	10281	10332	12243	12410	13140	13563	12654	12889	12933	14119	13918	12749	13065	12244	12255	12330	12359	12630	12807	12808	13135	13318	13320	13403	13410	13424	13517	13555	13720	13802	13826	13884	13967	14013	14045	14065	14144	14168	14421	14457	14499	14562	14737	14825	14826	13060	13369	13445	13955	13066	14788	
12186	12187	14303	
12188	12189	
12206	12207	
12277	12278	12736	12951	13921	14056	14116	
12538	12539	14180	
12587	12588	
12615	12616	13721	14899	
12767	12768	12841	13717	14867	
10407	10408	12862	13186	
12931	12932	14596	
12970	12971	12977	13282	13454	
6627	6628	6778	6822	13125	13126	14690	
13136	13137	14700	
13201	13202	
13344	13345	
13492	13493	
13499	13500	14291	
13672	13673	
13686	13687	14576	
13944	13945	
14183	14184	
7521	14253	14254	14538	
14624	14625	14639	14680	14681	
14657	14658	
14851	14852	
