1	1	0
0	1	1
1	2	1
1	3	1
1	2	0
0	2	1
1	8	2
0	3	3
1	1	0
1	4	1
1	68	10
1	2	0
0	11	11
0	2	2
0	16	16
0	16	11
0	5	5
0	6	6
0	4	2
0	6	5
1	1	0
1	2	0
0	3	2
0	2	2
1	8	2
1	1	0
0	3	3
1	1	0
0	1	1
0	14	14
0	3	3
0	6	4
0	3	2
0	19	15
0	19	16
1	1	0
0	7	7
1	3	0
1	1	0
1	1	0
0	3	3
0	13	10
0	2	2
1	2	0
1	1	0
0	2	2
1	2	1
1	1	0
0	143	88
1	3	0
0	18	15
0	3	2
0	3	1
0	4	3
1	1	0
0	2	2
0	3	3
0	143	86
0	3	2
0	5	5
0	7	7
0	8	5
0	3	3
0	3	2
0	330	314
0	330	316
0	3	2
1	1	0
0	29	21
0	29	22
0	3	3
0	3	2
0	3	3
0	1	1
1	2	0
0	12	5
1	1	0
0	5	4
0	38	19
0	14	12
0	1	1
0	14	13
0	6	4
1	2	0
1	1	0
0	72	66
0	58	50
0	34	31
0	58	51
1	1	0
0	10	10
1	1	0
1	6	2
1	3	0
0	17	15
0	5	4
0	3	2
0	26	9
1	2	0
0	4	3
0	21	19
0	3	3
0	3	2
1	2	0
0	3	3
1	53	7
1	2	0
0	50	44
0	2	1
1	11	3
0	3	1
1	3	1
0	51	48
0	2	2
0	4	1
1	1	0
0	15	12
1	5	2
1	1	0
0	6	4
1	1	0
0	4	4
1	1	0
1	36	3
0	7	7
0	7	6
1	1	0
1	2	1
1	1	0
0	12	11
0	3	3
0	3	2
0	34	23
1	2	1
0	9	6
1	1	0
1	1	0
0	2	1
1	1	0
0	2	2
0	196	155
1	1	0
0	196	157
0	196	159
0	15	5
0	15	8
0	17	15
0	5	2
0	2	1
1	1	0
1	1	0
0	5	4
0	8	8
0	7	4
1	3	1
0	57	38
0	2	2
0	64	59
0	3	3
0	13	11
0	9	6
1	1	0
1	1	0
0	15	11
1	3	1
1	1	0
0	3	3
1	1	0
0	3	2
0	5	5
0	2	2
0	2	2
1	1	0
1	3	1
0	2	2
0	2	1
0	64	64
0	5	5
0	5	4
0	5	4
0	5	3
0	2	2
0	108	86
1	1	0
0	108	85
0	10	8
0	3	3
0	7	7
1	1	0
1	1	0
0	5	1
0	6	2
0	1	1
0	2	2
1	1	0
1	3	1
0	90	34
1	147	16
0	7	5
0	8	6
0	4	4
0	10	10
0	1	1
0	2	2
0	16	9
0	2	2
0	16	7
0	10	9
0	40	33
0	12	7
0	7	7
0	21	16
0	21	9
0	21	17
0	90	53
0	21	8
1	1	0
1	1	0
0	3	2
0	8	8
0	89	67
1	1	0
0	89	64
0	6	4
0	6	3
1	1	0
1	1	0
1	1	0
0	10	7
1	1	0
1	1	0
1	1	0
0	8	7
0	78	6
0	8	5
0	6	3
0	3	3
0	2	2
1	1	0
0	7	7
0	44	33
0	5	2
0	2	2
0	2	2
1	1	0
0	19	17
1	4	1
0	3	1
0	3	2
0	5	5
1	2	1
0	5	4
0	2	2
1	2	0
0	10	8
0	20	17
1	1	0
0	16	15
0	20	16
0	61	57
0	6	6
1	2	1
1	2	0
0	5	3
1	1	0
0	41	27
0	2	2
0	8	8
0	10	9
1	1	0
1	2	1
1	1	0
0	2	1
1	2	0
0	7	7
0	3	2
1	3	0
1	2	0
1	1	0
0	3	2
0	2	2
0	3	3
0	3	2
0	6	6
0	2	2
0	4	3
0	3	3
0	30	29
0	1	1
1	2	0
0	5	4
0	7	7
0	3	2
1	2	1
1	2	0
0	29	26
0	11	11
0	8	8
0	8	7
0	1	1
0	5	5
0	7	7
0	5	4
1	2	1
1	2	1
0	15	5
1	2	0
0	76	64
0	4	2
0	76	63
1	2	1
1	1	0
1	2	0
0	5	4
1	9	0
1	1	0
1	1	0
0	9	4
0	2	2
0	9	6
1	2	1
0	2	2
1	1	0
0	7	5
1	1	0
0	1	1
1	2	0
0	2	2
0	2	2
0	48	34
0	14	12
0	4	2
0	4	4
1	1	0
0	1	1
0	2	2
0	9	6
0	3	2
1	2	0
1	2	1
1	1	0
1	1	0
1	1	0
1	2	0
0	14	14
1	1	0
0	48	44
0	3	2
1	2	0
1	9	2
1	1	0
0	32	28
0	29	22
1	1	0
0	1	1
0	2	2
0	8	7
1	1	0
1	2	0
0	11	10
0	7	5
1	5	1
1	2	0
0	1	1
1	2	1
0	3	3
0	4	2
0	25	23
0	4	4
0	1	1
0	4	3
0	4	4
1	1	0
0	14	8
0	9	9
0	3	3
0	2	2
0	19	18
0	2	2
1	2	0
1	1	0
0	115	92
0	3	3
0	1	1
0	6	4
0	7	7
0	2	2
1	1	0
0	1	1
1	1	0
0	10	10
0	1	1
0	42	31
0	3	3
0	6	3
1	7	2
0	12	10
0	115	93
1	2	1
0	2	1
1	2	1
0	5	5
1	3	0
0	5	3
0	4	4
1	5	1
0	12	11
1	1	0
0	9	3
0	2	1
0	19	18
0	1	1
1	1	0
0	2	1
1	10	4
0	6	6
0	8	8
0	2	2
1	2	1
1	1	0
0	7	7
1	2	0
1	1	0
0	7	6
0	42	18
0	23	22
0	70	57
1	6	3
0	283	262
0	3	2
1	1	0
0	70	56
0	5	4
0	5	2
0	3	3
1	5	1
1	1	0
1	1	0
0	10	6
1	1	0
0	65	59
0	14	11
1	1	0
0	14	13
1	1	0
1	3	0
0	4	4
0	7	2
0	3	3
0	3	2
0	3	3
0	1	1
0	8	3
0	2	2
0	4	4
1	1	0
0	1	1
0	1	1
0	104	82
1	1	0
0	1	1
1	1	0
0	2	2
1	2	0
0	17	17
0	2	2
1	2	1
0	3	3
0	3	3
1	1	0
1	1	0
0	5	5
1	1	0
0	2	2
0	2	1
1	1	0
0	3	3
0	7	6
0	3	3
0	3	3
0	6	5
1	1	0
0	3	2
0	3	2
0	6	6
1	2	0
1	2	1
1	1	0
1	1	0
1	34	4
0	2	2
0	3	3
0	9	9
0	2	2
0	1	1
1	11	2
1	1	0
1	3	0
1	1	0
0	4	4
0	4	3
1	1	0
1	1	0
0	2	1
0	2	1
1	1	0
0	11	8
0	2	2
0	3	3
0	8	5
0	5	3
1	2	1
0	7	7
1	1	0
0	2	2
1	1	0
1	2	1
0	4	3
0	1	1
0	7	5
0	6	4
0	4	2
1	2	0
0	4	3
0	7	7
0	8	6
1	2	1
0	3	3
0	10	7
1	1	0
1	4	1
1	3	1
0	3	2
1	3	1
0	3	3
1	1	0
0	7	7
0	21	16
0	2	2
0	1	1
1	2	0
1	2	0
0	2	2
0	4	2
1	1	0
1	3	1
0	39	26
1	78	23
1	1	0
0	57	52
0	22	20
1	3	1
0	5	3
1	3	0
0	3	2
0	2	2
0	3	1
0	7	7
1	1	0
1	1	0
0	11	10
1	1	0
0	11	10
0	39	19
0	12	11
1	2	0
0	8	7
0	37	31
0	4	4
1	1	0
0	13	11
0	31	27
0	11	11
0	5	4
0	6	6
1	1	0
0	5	2
1	2	0
0	5	5
0	11	10
0	10	10
1	1	0
1	1	0
0	4	4
0	4	4
0	25	17
1	1	0
0	1	1
0	31	31
1	8	3
1	4	1
1	4	0
0	6	5
0	1	1
0	6	5
0	147	133
1	53	4
0	2	2
0	7	7
0	3	2
0	1	1
1	2	0
0	5	3
0	1	1
0	1	1
1	1	0
0	5	4
0	25	24
0	9	9
0	1	1
0	2	1
0	7	5
0	10	2
0	3	3
1	1	0
1	1	0
0	37	37
0	1	1
0	2	2
1	6	2
0	2	1
0	8	6
0	2	1
0	1	1
0	6	6
1	1	0
0	5	5
1	13	5
0	2	1
0	3	3
1	2	1
1	1	0
1	2	0
0	3	2
0	6	5
0	74	19
0	1	1
1	35	4
1	1	0
1	1	0
0	2	1
0	3	3
0	5	5
0	11	5
0	11	6
1	2	1
0	128	120
0	3	2
1	2	0
1	1	0
0	2	2
0	2	2
0	5	5
0	11	11
0	128	121
1	4	1
1	1	0
0	4	4
0	3	3
0	4	3
0	8	8
1	1	0
0	24	24
0	6	3
0	3	1
0	1	1
1	2	1
0	7	4
0	3	2
0	3	3
0	3	3
0	10	10
0	3	2
1	1	0
1	1	0
0	1	1
0	8	7
0	3	2
0	4	4
0	7	5
1	1	0
0	4	2
0	12	8
0	3	3
0	3	2
1	2	0
0	1	1
1	2	0
1	2	1
0	4	3
0	5	3
0	5	4
0	5	5
0	5	3
0	4	4
0	5	4
1	1	0
0	5	3
0	3	2
0	4	3
0	1	1
0	3	3
0	6	3
1	1	0
0	4	2
0	5	3
0	4	2
0	2	1
0	4	2
0	1	1
0	1	1
0	3	2
0	3	3
1	1	0
0	6	6
0	1	1
0	7	6
1	3	0
1	1	0
0	13	12
0	2	2
1	3	1
0	2	2
0	70	68
0	2	2
0	2	1
0	1	1
0	2	2
1	5	1
1	1	0
1	5	2
0	4	2
0	6	5
0	6	5
0	3	3
0	1	1
0	3	2
0	12	10
0	3	2
0	3	2
1	1	0
0	1	1
0	2	1
0	2	2
1	2	1
1	3	1
1	1	0
0	8	5
0	2	1
0	4	4
0	2	2
1	10	4
1	1	0
0	5	2
0	1	1
0	5	3
0	9	6
1	19	7
0	1	1
0	5	5
0	7	4
0	183	163
1	1	0
0	10	10
0	5	5
0	2	2
0	24	19
0	24	18
0	5	5
0	80	61
0	5	3
0	2	1
0	2	2
0	11	9
1	2	0
0	4	4
0	7	7
0	2	2
0	53	37
0	3	2
0	1	1
0	4	2
0	3	3
0	53	32
0	10	10
0	8	4
0	3	3
0	28	25
0	1	1
0	14	7
0	3	2
0	8	6
0	8	8
1	8	3
1	1	0
0	1	1
1	10	4
1	1	0
1	2	0
0	2	2
1	1	0
0	1	1
0	3	3
1	11	3
0	7	5
1	1	0
0	1	1
0	6	6
0	4	4
0	3	3
0	3	2
1	1	0
0	2	2
0	6	4
1	1	0
0	6	3
0	70	62
0	5	5
0	35	22
0	3	3
0	2	2
1	3	1
0	14	3
0	35	23
1	8	2
0	2	2
0	22	17
0	2	2
1	3	1
0	4	4
0	3	3
0	3	2
0	7	7
0	6	3
0	3	2
0	3	3
0	6	3
0	6	4
0	1	1
1	3	1
1	2	0
0	2	2
1	6	2
0	11	11
1	3	1
1	5	2
0	4	4
0	4	2
0	3	2
1	7	3
0	4	4
0	2	2
0	5	4
1	2	0
0	5	3
0	5	4
0	1	1
1	2	0
1	8	3
1	1	0
0	3	3
1	1	0
1	3	0
1	3	1
0	14	10
0	6	6
1	2	0
1	1	0
0	4	4
0	2	2
0	21	13
0	3	3
1	1	0
0	5	4
0	2	1
1	1	0
1	1	0
0	12	8
0	12	10
0	8	8
0	89	80
1	1	0
0	28	17
0	21	14
0	66	56
0	6	5
0	3	2
1	1	0
0	8	8
0	3	2
1	2	0
1	3	1
0	3	3
0	2	2
0	1	1
0	5	4
1	3	0
0	10	7
0	28	22
0	22	16
0	3	2
0	3	1
0	72	62
0	48	38
0	1	1
0	89	71
0	20	8
0	20	7
1	4	2
0	6	6
0	2	2
1	2	1
1	2	0
0	40	33
0	80	71
0	2	2
0	4	4
1	4	1
0	1	1
1	10	3
0	14	14
1	4	1
1	1	0
0	4	4
1	8	0
0	3	2
1	3	1
1	5	0
1	3	0
1	3	0
0	4	4
1	1	0
0	44	42
0	44	44
0	4	4
1	2	1
0	11	6
1	1	0
0	11	7
0	96	86
1	3	1
0	7	6
1	1	0
0	96	80
1	2	1
1	2	0
0	2	2
0	1	1
0	31	19
0	2	2
0	2	2
1	1	0
0	104	99
0	6	6
0	1	1
1	1	0
0	8	5
1	1	0
0	6	4
0	6	3
1	1	0
0	2	2
1	1	0
0	3	2
0	37	29
0	2	2
0	2	2
0	3	2
1	1	0
0	4	3
0	3	3
0	1	1
0	2	1
0	3	2
1	15	3
0	12	11
0	6	4
0	3	3
0	3	3
1	21	8
0	1	1
0	3	3
1	1	0
0	6	5
0	4	3
0	3	3
0	4	4
0	20	12
0	2	2
1	1	0
0	41	37
0	5	4
1	1	0
1	5	2
1	2	1
0	2	1
1	2	1
0	4	4
1	2	0
0	10	10
1	1	0
0	12	12
1	3	1
1	2	1
1	2	0
0	7	6
0	7	5
0	3	1
0	14	8
0	5	3
0	5	4
1	17	4
1	3	0
0	23	21
1	1	0
0	5	5
1	1	0
0	31	28
0	14	12
0	3	3
1	4	1
1	1	0
1	2	1
0	5	4
0	8	7
1	1	0
0	10	5
0	3	2
0	3	2
0	3	3
0	4	4
0	7	7
0	8	7
0	3	2
0	5	3
1	4	2
0	2	2
0	8	8
0	8	7
0	1	1
0	4	4
1	3	1
1	1	0
0	2	1
0	7	2
0	216	195
0	10	10
1	1	0
0	31	26
1	1	0
0	4	4
0	4	3
0	17	9
0	2	2
1	1	0
1	3	1
0	4	4
1	3	1
0	3	3
0	3	2
0	17	15
1	2	0
0	12	9
0	4	4
0	2	2
0	6	5
0	4	4
0	4	3
1	3	1
0	16	15
1	3	0
0	16	16
0	6	6
0	3	3
0	12	11
0	12	10
0	2	2
0	2	2
1	1	0
0	3	3
0	3	3
1	2	0
0	2	1
0	4	3
0	2	1
0	41	35
0	17	10
1	4	1
1	2	0
0	4	4
0	4	3
0	3	3
0	3	2
0	4	3
0	2	2
1	4	1
0	4	4
0	6	5
0	4	4
0	4	3
0	11	10
0	12	12
0	11	11
0	3	3
1	1	0
1	1	0
0	8	6
0	121	89
0	4	3
1	1	0
1	3	1
1	2	0
0	7	7
0	3	1
0	7	6
1	2	0
0	6	4
1	1	0
0	7	6
0	4	4
0	17	15
0	37	30
0	22	13
0	31	25
0	3	3
0	14	10
0	7	7
0	3	3
0	3	2
0	9	7
0	2	2
0	9	8
0	2	2
1	2	0
0	3	2
0	3	3
1	2	0
0	2	2
0	7	4
0	2	2
1	1	0
0	8	4
0	3	3
0	5	4
0	2	1
0	3	2
0	11	6
1	1	0
0	3	3
0	216	170
0	11	7
0	14	6
0	9	9
1	2	0
1	2	1
0	4	3
0	14	7
1	1	0
0	3	2
0	2	2
0	4	4
1	9	3
1	1	0
0	5	3
0	7	6
1	1	0
0	5	5
0	7	2
1	1	0
0	14	10
0	4	3
1	4	2
0	103	67
0	2	2
1	1	0
0	1	1
0	38	35
0	2	1
0	44	43
0	4	4
0	3	3
0	3	3
1	2	1
1	1	0
0	16	15
0	6	5
0	5	2
0	12	8
0	3	1
1	2	0
0	5	5
1	2	0
1	1	0
0	6	4
0	2	2
0	3	3
1	1	0
0	53	34
0	4	4
0	9	6
0	6	6
0	9	7
0	1	1
0	6	6
1	1	0
0	44	44
0	12	10
0	4	4
0	5	2
1	4	1
0	7	2
1	2	0
0	7	3
0	9	8
1	1	0
0	33	23
0	4	2
0	33	22
0	53	49
0	3	2
0	31	31
0	4	3
0	31	30
1	5	2
0	2	2
0	4	2
0	4	4
0	36	35
0	36	36
0	4	3
1	1	0
0	3	2
0	6	6
1	1	0
0	15	9
0	3	2
0	5	5
1	2	1
0	17	17
0	1	1
0	2	1
1	1	0
1	7	1
0	8	7
0	3	2
0	11	9
0	12	9
1	1	0
0	3	2
0	5	4
0	13	8
0	6	6
0	4	3
0	75	59
0	3	3
1	2	1
1	2	0
0	4	2
0	4	3
0	2	2
0	33	27
0	98	61
0	98	60
1	8	3
0	1	1
1	1	0
1	9	2
0	12	10
0	3	2
0	6	3
0	3	2
0	3	3
0	176	163
1	2	1
0	10	6
1	1	0
0	57	50
0	7	7
1	1	0
0	5	3
0	7	2
1	1	0
1	1	0
1	2	0
0	8	6
1	2	1
0	5	4
1	1	0
0	4	2
1	1	0
0	96	82
0	4	3
0	96	83
1	12	2
0	3	3
0	3	2
1	4	1
1	2	0
0	5	4
0	2	1
0	6	6
1	1	0
0	2	1
0	6	4
0	6	6
1	6	1
0	2	1
0	2	2
0	1	1
0	3	2
1	1	0
0	3	3
0	2	2
1	5	1
1	1	0
1	2	1
0	1	1
0	1	1
1	1	0
0	2	2
0	8	8
1	3	0
0	8	7
0	1	1
0	1	1
0	8	6
0	4	3
0	2	2
1	1	0
0	1	1
0	26	25
1	2	1
1	1	0
1	2	0
0	5	3
1	2	1
1	1	0
1	1	0
0	2	2
1	3	1
0	22	18
1	2	0
0	22	17
0	13	7
0	12	11
1	5	2
0	1	1
0	5	4
0	19	16
0	19	17
0	6	6
0	41	34
0	3	2
1	1	0
1	2	0
0	12	11
1	3	1
0	5	4
0	4	4
0	4	3
0	5	2
0	3	2
0	5	5
0	2	2
0	3	2
0	4	4
0	4	4
0	2	2
0	2	1
1	2	0
0	18	6
1	2	1
0	1	1
0	11	10
0	2	2
0	3	3
0	3	2
0	3	3
0	2	1
0	8	8
1	2	1
0	1	1
0	8	8
1	3	0
0	41	28
0	6	4
0	12	12
0	41	27
0	2	1
1	1	0
0	2	2
0	5	5
1	1	0
0	1	1
0	40	37
0	5	4
1	3	1
1	1	0
0	16	15
0	4	2
1	1	0
0	133	96
0	133	97
0	133	99
1	6	2
0	56	50
0	8	8
1	1	0
0	4	4
1	2	0
0	8	6
0	3	3
0	42	38
0	13	9
1	1	0
0	1	1
1	1	0
0	56	51
0	6	3
1	1	0
0	3	3
1	3	0
0	453	350
0	7	7
1	3	1
1	4	1
0	6	3
1	1	0
0	2	2
0	453	349
0	9	7
1	4	1
0	9	8
0	3	3
0	88	85
0	2	2
1	1	0
1	1	0
0	2	2
0	25	15
0	7	7
0	2	2
0	1	1
1	10	1
0	5	4
0	2	2
0	25	18
1	2	1
1	1	0
0	3	2
1	1	0
0	3	3
0	1	1
1	1	0
0	5	5
1	1	0
1	3	1
0	4	3
1	1	0
0	20	10
0	6	6
0	4	4
1	1	0
0	68	59
0	2	2
0	4	4
1	2	1
0	4	3
0	7	7
0	2	1
0	2	2
0	6	6
1	1	0
1	2	0
1	4	1
0	7	6
0	4	4
0	44	38
0	37	26
0	9	8
0	3	3
0	18	4
0	8	3
0	2	2
0	2	1
1	1	0
1	1	0
0	9	7
1	1	0
1	2	0
0	7	3
0	2	1
1	1	0
0	2	1
0	6	5
0	6	6
0	1	1
0	9	8
1	3	1
0	3	1
0	4	3
0	13	12
0	13	13
1	5	1
0	1	1
0	4	4
1	1	0
0	2	1
1	1	0
1	1	0
0	11	11
1	2	0
0	14	12
0	5	4
1	1	0
0	1	1
0	4	4
1	2	1
0	8	3
0	3	3
0	4	2
1	1	0
0	24	19
0	1	1
0	18	14
0	2	2
0	4	4
1	1	0
1	3	1
0	16	11
0	2	2
0	16	12
0	3	3
0	3	3
1	1	0
1	1	0
0	6	3
1	1	0
0	19	17
0	24	20
1	3	1
1	2	0
1	1	0
0	16	16
0	4	4
1	4	1
0	4	2
1	4	0
1	1	0
1	4	2
1	2	0
0	3	3
1	3	1
0	4	3
0	8	6
0	60	54
1	3	1
1	1	0
0	7	4
0	5	3
0	1	1
0	5	2
0	7	5
0	142	97
0	4	3
0	7	7
0	4	3
1	2	1
0	4	3
0	5	5
0	26	22
0	5	4
0	26	21
0	5	4
0	2	2
0	2	2
1	2	0
0	3	3
0	60	60
1	1	0
1	7	1
1	2	0
0	2	2
0	99	72
0	2	2
0	3	3
0	99	75
1	1	0
0	2	2
0	1	1
0	5	4
0	13	12
0	16	7
0	2	2
0	3	3
0	13	13
1	2	0
0	2	2
1	1	0
1	1	0
1	1	0
0	6	5
0	11	9
0	2	1
1	1	0
1	2	1
0	7	7
0	3	3
0	74	67
0	2	2
0	20	16
0	1	1
0	10	9
0	3	3
0	4	4
0	2	2
0	3	2
1	2	0
1	2	1
0	6	3
0	1	1
0	1	1
1	2	0
1	1	0
0	14	13
0	9	6
0	9	5
0	2	2
0	1	1
0	4	2
0	6	6
1	1	0
0	3	3
0	3	2
0	75	24
0	1	1
1	1	0
1	1	0
0	5	2
1	7	1
1	2	0
0	3	3
0	4	2
1	1	0
0	2	2
0	6	6
1	2	1
0	2	2
0	72	27
0	6	4
1	3	1
1	13	2
1	1	0
0	5	5
0	5	4
1	13	3
1	1	0
1	3	1
0	3	3
0	1	1
0	4	3
0	7	7
1	4	2
0	2	2
0	5	3
1	2	1
1	4	1
0	75	72
0	75	75
0	3	2
0	75	74
1	3	1
0	1	1
0	3	3
1	4	0
1	6	1
0	40	12
1	1	0
1	1	0
0	6	4
1	2	1
1	2	0
0	5	4
0	4	3
0	1	1
0	27	20
0	7	6
0	10	8
1	2	1
0	4	2
0	10	9
0	7	7
0	1	1
0	3	3
0	3	2
0	40	24
0	3	3
0	3	3
0	14	13
0	4	3
1	1	0
0	27	19
1	1	0
0	11	11
1	2	0
1	2	1
0	6	4
1	1	0
0	2	2
0	3	3
0	8	7
0	3	1
1	1	0
1	1	0
0	6	5
0	6	6
1	1	0
1	1	0
1	1	0
0	3	3
0	3	3
0	8	4
0	29	19
1	4	1
1	5	1
1	12	6
0	9	9
0	6	4
0	30	27
1	3	1
0	4	4
1	2	1
0	3	2
1	2	1
0	1	1
0	31	25
1	1	0
0	2	2
0	31	24
1	3	1
1	2	0
0	3	3
0	3	2
1	1	0
0	3	2
0	2	1
0	156	141
0	2	2
0	2	2
1	1	0
0	65	45
1	2	0
0	3	2
1	4	1
1	1	0
0	3	2
0	5	4
1	1	0
0	4	3
0	7	4
0	5	5
1	4	2
0	6	2
0	2	1
1	1	0
0	5	4
1	3	1
0	6	5
0	3	3
0	58	13
1	1	0
0	2	1
0	5	4
0	9	9
0	5	5
0	3	3
0	6	5
0	2	1
0	1	1
0	6	5
0	5	4
0	2	2
1	1	0
0	11	10
1	2	1
1	1	0
0	5	5
1	3	1
1	46	7
0	4	3
0	5	5
0	1	1
0	2	2
0	1	1
0	2	1
0	4	4
0	2	2
1	2	0
1	1	0
0	10	8
0	3	3
0	10	9
0	6	6
1	1	0
0	3	3
0	28	22
1	2	1
0	2	2
0	3	2
1	1	0
0	2	1
1	1	0
1	1	0
0	2	2
1	2	1
0	30	28
1	2	0
0	1	1
1	1	0
0	6	6
0	5	5
0	30	30
1	2	0
0	11	7
0	2	2
0	1	1
0	11	6
1	1	0
1	1	0
0	2	2
0	3	2
1	3	1
1	3	1
0	1	1
0	2	1
0	15	12
1	1	0
0	7	4
0	74	60
0	13	7
0	8	5
0	46	36
0	10	9
0	14	14
0	65	24
1	3	0
1	1	0
0	8	7
1	6	3
0	3	2
0	3	1
0	15	14
0	3	1
0	74	59
1	1	0
0	58	40
1	2	1
0	1	1
0	2	2
0	46	45
0	6	5
0	9	9
1	6	2
0	32	22
0	58	43
1	3	0
1	2	0
0	2	2
0	40	24
0	40	23
0	32	20
1	2	0
0	3	2
0	7	5
0	10	9
0	2	1
1	2	1
1	2	0
0	36	30
1	2	0
1	1	0
1	2	0
0	14	13
0	2	2
0	33	28
1	1	0
0	33	29
0	3	3
0	5	4
0	6	5
0	5	5
0	6	6
1	5	2
0	3	3
0	6	5
1	1	0
1	2	0
0	16	8
0	2	2
0	2	1
1	1	0
1	2	1
0	37	29
0	4	3
1	1	0
0	4	2
0	2	2
0	2	2
0	4	2
0	36	29
0	10	8
1	2	1
1	3	1
1	3	0
1	2	0
0	2	2
0	4	3
1	1	0
0	2	2
1	1	0
1	2	0
0	1	1
1	2	1
1	3	0
1	1	0
0	107	81
0	4	4
1	1	0
0	11	5
0	4	2
0	5	2
1	2	0
1	1	0
0	4	4
0	7	7
0	2	1
0	10	6
0	6	5
0	9	6
0	3	3
0	2	1
1	1	0
1	1	0
1	1	0
1	7	4
1	1	0
1	2	0
0	2	2
1	2	1
0	2	2
1	2	0
0	3	3
0	5	5
0	3	2
0	9	9
1	1	0
0	6	4
1	1	0
1	4	1
1	1	0
0	10	8
1	7	2
0	4	2
0	11	7
0	11	6
0	39	36
0	2	2
0	115	77
0	8	8
0	115	79
1	1	0
1	3	1
0	3	3
1	1	0
0	51	46
0	5	5
0	2	1
0	107	79
1	1	0
0	11	8
0	39	23
1	1	0
0	1	1
0	11	11
0	3	2
0	2	2
0	8	8
0	2	1
0	1	1
0	2	2
1	3	0
1	2	1
1	1	0
0	4	3
0	1	1
0	3	3
1	1	0
0	7	7
1	1	0
0	16	10
0	10	10
1	1	0
0	4	3
0	4	3
0	11	9
0	9	9
0	4	4
0	1	1
0	9	4
0	3	3
1	3	0
0	11	9
0	6	6
0	1	1
0	7	5
0	1	1
0	7	6
0	2	2
0	6	6
1	1	0
1	2	1
0	6	4
0	4	4
0	4	3
0	4	4
1	4	0
1	3	0
1	2	0
0	5	5
1	2	1
1	3	1
0	100	83
1	4	1
1	1	0
0	1	1
0	4	3
0	11	6
0	2	2
0	58	50
1	2	0
0	2	2
1	3	1
1	1	0
0	5	4
0	5	4
0	4	2
0	100	76
0	3	3
0	18	13
0	2	2
0	5	4
0	3	3
0	1	1
0	3	3
1	1	0
0	1	1
0	5	5
0	36	35
1	3	1
0	7	4
0	10	7
0	6	6
0	9	9
1	1	0
1	20	4
0	6	4
0	1	1
0	11	9
0	3	2
0	6	4
0	4	2
0	5	2
1	3	1
0	8	8
0	5	4
0	40	36
1	3	1
1	1	0
0	3	3
0	17	11
0	1	1
1	1	0
0	3	2
0	3	3
1	2	0
1	1	0
1	1	0
0	7	7
0	2	2
1	1	0
0	3	2
1	1	0
1	7	2
1	1	0
0	15	11
1	2	0
0	10	6
0	4	4
0	15	13
0	3	2
0	5	5
1	2	1
0	7	6
0	2	1
0	4	3
0	4	4
1	1	0
1	1	0
1	1	0
1	2	0
1	1	0
1	2	1
1	2	0
1	1	0
0	4	3
1	102	13
0	14	13
1	1	0
0	6	2
1	2	0
0	4	4
0	1	1
0	7	7
1	3	0
0	5	5
0	2	2
0	44	33
1	2	0
0	4	3
1	1	0
0	3	3
0	1	1
0	14	11
0	2	2
0	6	6
0	91	76
0	91	77
1	1	0
0	2	2
0	17	5
0	6	4
0	3	2
1	4	0
0	1	1
0	2	2
0	3	2
0	1	1
0	4	4
0	9	9
0	1	1
0	6	3
0	1	1
0	7	6
1	3	1
0	1	1
0	6	6
1	2	0
0	13	7
1	2	1
0	13	7
1	1	0
1	2	0
0	2	2
0	2	1
0	128	124
0	128	123
1	2	0
1	1	0
0	5	5
0	34	18
0	29	22
0	2	2
0	2	2
0	3	2
0	8	5
0	1	1
0	1	1
0	2	2
1	1	0
0	3	3
0	2	2
1	3	0
1	1	0
1	2	1
0	11	11
0	19	17
0	19	18
1	8	2
1	1	0
1	1	0
0	8	6
0	2	2
0	2	1
1	1	0
0	2	1
0	10	5
0	1	1
0	12	3
0	19	11
0	19	10
1	2	0
0	4	3
0	55	46
0	2	1
0	55	45
0	4	2
0	6	4
0	8	7
1	2	1
0	2	2
0	2	1
1	2	0
0	1	1
0	16	16
0	8	5
0	2	2
0	11	7
0	2	2
1	1	0
1	1	0
0	2	2
0	13	10
0	13	11
1	1	0
0	1	1
0	6	3
0	34	27
0	1	1
0	12	10
1	1	0
1	3	1
0	2	2
1	1	0
0	2	2
0	4	3
1	2	0
0	1	1
0	5	5
1	2	1
0	3	3
0	2	1
0	6	6
1	1	0
0	7	5
1	1	0
0	4	4
0	3	3
1	2	0
1	1	0
0	38	38
0	6	5
0	5	5
0	6	6
0	5	4
0	29	26
1	1	0
0	4	4
0	3	2
0	4	3
0	49	41
1	1	0
0	4	4
0	49	42
0	9	8
0	4	4
0	6	5
1	1	0
0	2	2
1	1	0
0	61	48
1	216	69
1	2	1
1	3	0
0	1	1
1	1	0
1	1	0
1	2	1
0	4	4
0	4	4
0	4	3
1	1	0
0	1	1
0	9	8
1	5	2
1	5	1
0	3	3
1	4	1
0	4	4
0	5	5
0	16	15
0	12	12
0	123	110
0	16	14
1	2	1
0	1	1
1	1	0
1	1	0
0	2	2
0	2	1
0	1	1
1	4	1
0	6	2
0	2	2
0	8	7
0	2	2
0	2	2
0	2	1
0	3	2
0	29	22
0	3	2
1	1	0
0	3	3
0	5	4
0	12	12
0	1	1
1	1	0
0	39	37
0	10	10
0	25	14
0	1	1
0	8	7
0	2	2
0	5	5
0	5	4
0	10	8
0	3	3
0	3	2
0	6	6
1	3	0
1	1	0
0	7	7
0	5	4
1	2	1
0	5	5
0	27	23
0	2	2
0	34	19
1	3	1
0	62	55
0	5	3
0	5	4
0	2	1
0	6	5
0	2	2
0	6	2
0	2	1
0	4	3
0	2	1
0	2	2
0	5	5
0	43	32
1	2	0
0	1	1
1	2	1
0	23	6
0	7	7
0	2	2
0	2	2
0	4	3
0	6	3
1	1	0
1	2	1
0	8	7
0	1	1
0	80	73
1	1	0
0	14	13
0	6	6
0	24	15
0	5	4
0	24	17
1	2	1
0	8	6
1	2	1
0	2	1
1	1	0
0	19	11
0	1	1
1	2	1
0	1	1
1	1	0
1	2	0
1	1	0
0	1	1
0	1	1
1	1	0
0	2	2
0	13	13
0	6	5
0	4	3
0	6	4
0	11	9
1	1	0
0	4	2
0	1	1
0	12	9
1	1	0
1	1	0
1	2	0
1	1	0
0	20	14
1	2	1
0	20	13
0	8	5
0	3	3
0	1	1
1	2	1
0	4	4
1	2	0
0	3	3
0	8	4
0	3	2
1	3	0
0	6	4
0	4	4
1	1	0
1	1	0
1	4	1
0	16	15
0	4	4
1	1	0
1	1	0
0	29	23
0	7	6
0	35	29
0	35	27
1	2	1
0	7	7
1	2	0
0	18	4
0	5	4
1	1	0
1	1	0
0	27	22
0	3	2
0	3	2
0	59	57
0	10	10
0	6	4
1	1	0
0	4	4
0	8	4
0	6	5
1	4	1
0	8	7
1	1	0
1	1	0
1	3	0
1	6	2
1	1	0
1	2	1
1	2	0
0	6	6
1	2	0
0	9	9
1	2	0
1	8	4
0	3	3
1	13	4
1	2	1
0	4	3
0	1	1
0	27	24
1	2	0
1	1	0
0	5	3
1	2	1
0	8	8
0	5	4
1	2	0
1	1	0
0	1	1
0	4	4
1	1	0
0	2	2
1	3	1
0	20	17
0	4	4
0	5	4
0	69	65
1	1	0
0	7	7
0	2	2
1	1	0
0	11	10
0	1	1
0	2	2
0	4	4
1	1	0
0	4	3
0	3	2
0	6	6
1	2	0
0	1	1
1	1	0
1	4	2
1	3	1
0	2	1
0	1	1
0	2	2
0	4	4
0	2	1
0	3	3
1	1	0
0	3	3
1	2	1
1	4	2
1	2	0
0	8	8
0	4	3
1	2	0
1	1	0
0	9	4
0	2	2
0	2	2
1	1	0
0	13	10
0	2	2
0	7	7
1	2	1
1	1	0
0	2	2
0	1	1
0	1	1
0	13	13
1	12	6
0	126	119
1	2	0
0	1	1
0	5	4
1	2	1
0	5	5
1	2	1
1	1	0
0	4	4
0	4	3
0	8	6
0	31	25
0	8	5
1	2	1
1	1	0
1	2	0
0	7	7
0	2	1
0	5	4
0	1	1
1	1	0
0	4	4
0	4	3
1	2	1
1	1	0
0	1	1
1	3	1
0	5	3
0	15	14
0	5	3
0	1	1
1	18	3
0	4	3
0	2	1
0	1	1
0	2	2
0	4	3
0	4	4
0	3	3
0	6	6
0	1	1
1	2	0
0	1	1
0	3	2
0	2	1
0	28	24
0	2	2
0	2	1
1	3	0
0	2	2
1	2	0
1	1	0
1	3	0
1	3	1
0	3	2
1	2	1
0	3	3
1	2	1
1	1	0
1	3	1
0	3	3
1	1	0
0	1	1
1	3	1
1	10	3
0	4	3
0	6	5
0	21	11
0	2	2
0	2	2
0	2	1
0	8	8
0	16	10
0	45	43
0	16	12
1	1	0
0	1	1
0	7	7
1	6	2
0	9	3
0	32	22
1	2	0
0	9	5
0	16	8
0	16	7
1	1	0
0	5	5
1	4	1
0	13	13
0	2	2
0	2	2
0	3	2
0	3	3
1	2	1
1	1	0
0	6	5
0	7	7
0	4	3
0	4	4
1	1	0
1	1	0
1	2	1
0	2	2
0	6	5
1	5	2
1	1	0
1	2	0
1	1	0
0	3	2
1	1	0
0	27	25
1	2	0
0	2	2
0	3	2
0	226	202
0	8	8
0	4	4
1	3	1
0	3	3
0	7	5
1	2	0
0	1	1
0	2	2
0	1	1
0	60	50
0	8	8
0	2	2
0	3	3
0	3	3
0	1	1
0	2	1
1	1	0
1	3	1
0	4	3
0	5	5
0	4	3
0	4	4
1	1	0
1	1	0
0	2	2
0	33	27
0	4	3
0	5	5
1	3	0
0	4	4
0	62	49
0	3	3
0	3	2
0	1	1
0	3	2
0	7	4
0	4	2
0	2	2
0	2	1
0	8	8
1	1	0
1	3	1
0	32	26
0	6	3
0	33	33
0	32	27
1	1	0
0	7	7
0	7	6
1	2	0
0	34	28
0	5	4
0	2	2
0	1	1
0	2	2
0	17	9
1	1	0
1	1	0
1	1	0
0	3	3
0	13	8
0	2	2
0	3	3
0	16	14
0	8	8
0	16	13
0	6	4
1	1	0
0	6	4
0	5	5
1	2	1
1	1	0
0	4	4
0	6	6
0	60	56
0	3	3
0	1	1
0	60	57
1	7	3
0	5	4
0	5	3
1	2	1
0	1	1
0	2	2
0	177	165
1	32	11
0	4	3
0	2	2
0	4	4
0	3	2
1	1	0
0	12	4
1	3	1
0	3	2
1	1	0
0	1	1
0	4	4
0	3	3
0	56	56
1	2	1
0	6	4
1	4	0
0	6	5
1	3	1
0	4	4
0	2	2
1	1	0
1	3	1
1	5	1
0	1	1
1	2	0
0	14	13
0	8	8
0	7	3
0	3	3
0	3	1
0	1	1
0	7	4
0	5	5
0	7	6
0	1	1
0	9	7
0	1	1
1	1	0
1	1	0
0	9	5
0	6	6
0	3	3
0	5	4
0	10	5
0	5	3
1	1	0
0	1	1
0	13	13
0	4	2
0	13	12
1	5	2
0	2	1
0	2	1
0	24	16
1	1	0
1	3	0
0	56	40
1	1	0
0	3	3
0	3	2
0	2	2
0	1	1
0	2	2
0	55	48
0	3	2
0	8	8
0	11	6
0	2	2
0	1	1
0	1	1
0	3	3
1	1	0
0	56	51
0	2	2
0	2	2
0	5	4
0	1	1
1	2	1
1	3	0
1	1	0
0	4	2
0	3	3
1	15	6
1	1	0
0	3	2
0	4	4
1	1	0
0	1	1
0	6	4
0	6	6
0	6	5
0	11	8
1	2	0
0	27	10
0	4	4
1	89	4
1	1	0
1	10	0
0	2	2
0	6	5
0	8	7
0	3	3
1	1	0
0	6	5
0	8	7
0	6	6
0	8	5
0	3	2
0	3	2
1	1	0
1	1	0
1	57	5
1	2	0
0	2	2
0	16	9
0	22	20
0	3	3
0	13	4
0	23	15
0	9	6
0	13	5
1	2	0
0	1	1
0	2	2
1	1	0
0	5	4
0	5	3
0	251	211
1	29	13
0	251	212
0	3	1
0	4	4
0	259	227
0	5	4
1	1	0
1	1	0
0	1	1
0	10	9
0	2	1
1	1	0
0	2	2
0	29	15
0	2	2
0	3	3
1	1	0
0	29	18
0	2	1
1	1	0
0	22	20
0	3	2
0	3	3
0	4	3
1	7	0
1	1	0
1	2	0
1	3	1
0	20	20
1	1	0
0	3	3
1	2	0
0	35	30
0	61	49
1	1	0
1	3	1
0	9	8
0	79	73
0	79	74
1	1	0
0	6	5
0	2	1
0	4	2
0	3	3
0	3	2
1	1	0
1	1	0
0	33	29
1	1	0
1	2	0
0	7	6
0	4	4
0	12	9
1	1	0
1	3	1
0	2	1
0	3	3
0	8	8
1	3	1
0	4	4
1	3	0
1	1	0
0	6	5
0	27	19
0	1	1
0	7	7
0	7	6
0	5	5
1	1	0
0	9	8
0	8	6
1	1	0
0	5	4
1	2	1
0	93	62
0	2	1
0	5	5
1	1	0
0	2	2
1	1	0
1	6	1
0	2	2
0	2	1
0	4	4
0	8	5
0	3	3
1	1	0
1	2	1
0	2	1
0	7	4
0	9	9
1	1	0
0	6	3
0	10	10
0	3	3
0	6	6
0	4	4
1	29	1
0	10	9
0	26	21
0	22	15
0	26	22
0	22	14
0	3	3
0	32	26
1	1	0
1	2	0
0	32	29
0	2	2
0	5	4
0	33	33
0	5	3
0	6	4
1	1	0
0	3	1
0	6	4
0	12	8
1	1	0
0	3	3
1	1	0
1	1	0
0	6	4
0	3	1
1	5	1
1	1	0
0	5	4
0	6	4
0	4	3
1	1	0
1	3	0
1	3	1
0	6	5
1	4	2
0	3	3
0	5	3
1	1	0
0	4	4
0	1	1
0	3	2
0	3	1
1	1	0
0	31	18
0	2	2
1	1	0
1	1	0
1	3	1
0	2	2
0	2	1
1	1	0
0	5	4
0	4	3
1	2	0
0	1	1
0	1	1
0	7	2
0	82	64
0	2	2
1	2	1
0	35	30
1	1	0
0	5	5
0	4	4
0	1	1
0	5	4
0	93	67
1	2	0
1	2	1
0	24	20
0	10	7
0	41	35
0	13	6
0	1	1
1	1	0
0	3	2
0	5	4
0	4	4
0	8	7
0	1	1
0	3	3
1	2	0
0	1	1
1	1	0
1	2	0
0	9	6
1	1	0
1	1	0
0	2	2
1	2	0
0	2	2
0	10	7
0	10	5
1	6	1
0	51	46
0	5	4
0	7	5
0	28	25
1	1	0
0	5	5
0	3	1
0	3	2
0	8	8
1	1	0
0	2	2
1	1	0
0	2	1
0	1	1
0	1	1
1	2	1
1	1	0
1	1	0
0	3	2
0	8	8
1	8	4
0	6	5
1	2	1
0	60	19
1	1	0
1	2	0
0	9	9
0	3	2
0	3	2
1	1	0
0	6	5
1	1	0
0	6	6
0	8	7
0	2	2
0	5	5
0	5	3
0	3	3
0	11	4
0	2	1
1	1	0
0	12	6
0	2	2
0	11	8
1	1	0
0	2	2
1	2	1
0	7	7
1	1	0
1	1	0
0	3	3
0	5	5
0	5	5
0	137	124
0	11	8
0	5	2
0	3	2
0	4	3
1	2	1
0	1	1
0	13	12
1	4	1
0	17	11
0	3	2
0	6	4
0	17	16
1	2	0
0	41	28
0	8	8
1	1	0
0	18	18
1	1	0
0	27	25
1	1	0
0	3	3
0	3	2
0	11	11
0	5	2
0	10	8
0	18	14
1	2	0
1	1	0
0	4	3
0	1	1
0	8	7
1	2	0
1	1	0
1	1	0
1	1	0
0	45	42
0	2	1
1	1	0
0	1	1
0	4	4
1	2	1
0	4	3
0	3	3
0	1	1
0	316	285
1	5	2
0	60	53
0	8	6
1	6	2
0	8	7
0	2	2
0	6	6
1	6	1
1	2	1
0	5	5
1	2	1
0	7	3
0	7	7
1	7	3
0	3	3
0	5	3
1	1	0
1	1	0
0	24	20
0	22	19
0	3	2
0	3	3
0	7	7
0	2	2
1	1	0
1	1	0
0	2	2
1	1	0
0	2	2
0	2	2
0	6	6
0	16	12
0	5	5
0	11	7
0	5	4
0	2	1
1	1	0
0	3	3
0	166	155
1	1	0
0	2	2
0	2	1
1	2	0
0	2	2
1	1	0
1	1	0
1	6	2
0	166	156
1	2	0
0	1	1
0	3	3
0	3	3
1	1	0
0	3	3
1	2	0
0	4	4
0	1	1
1	1	0
0	1	1
1	1	0
0	69	66
0	7	5
0	1	1
1	3	1
0	12	8
0	9	7
0	3	2
1	3	1
0	3	3
0	14	11
1	1	0
0	1	1
0	5	4
0	5	5
1	5	1
0	3	2
0	2	2
0	1	1
0	2	1
1	2	1
0	11	6
1	1	0
0	47	35
0	5	5
1	1	0
0	98	81
1	5	0
0	98	80
0	78	70
1	1	0
0	13	5
0	21	13
0	21	12
0	5	5
0	78	74
0	3	3
0	3	2
1	11	4
0	139	99
0	30	27
0	3	1
0	139	98
0	4	2
1	93	31
0	1	1
0	4	4
0	4	3
0	4	4
1	1	0
0	2	2
0	11	11
0	5	3
0	7	7
0	5	4
1	1	0
0	2	1
0	2	2
1	1	0
0	11	5
0	2	1
1	1	0
1	1	0
1	1	0
0	13	13
0	1	1
0	48	46
1	5	1
0	7	5
1	5	1
0	4	2
1	1	0
0	6	5
0	2	2
0	6	5
0	8	6
1	1	0
1	1	0
1	1	0
0	2	2
0	3	2
1	1	0
0	11	11
0	2	2
0	4	3
1	2	1
0	1	1
1	1	0
1	1	0
1	6	3
1	2	1
0	1	1
1	3	1
1	1	0
0	2	2
0	7	3
0	2	2
0	7	4
0	5	5
0	2	2
1	1	0
0	3	3
1	6	1
0	3	3
1	2	0
1	2	0
0	1	1
0	48	37
1	1	0
1	1	0
0	10	6
0	3	2
0	7	7
0	6	3
0	2	1
1	1	0
1	1	0
0	4	3
0	10	8
1	1	0
0	3	3
0	1	1
1	1	0
1	2	0
1	1	0
0	3	2
0	2	2
0	7	7
1	1	0
1	1	0
0	4	2
0	2	1
0	3	2
0	6	6
1	1	0
0	12	9
0	1	1
1	2	1
1	1	0
0	36	21
1	1	0
0	79	69
0	79	68
0	2	2
1	13	6
1	1	0
0	7	7
0	39	39
1	4	2
0	1	1
0	4	1
0	1	1
1	1	0
0	3	3
0	5	5
0	3	2
1	1	0
1	1	0
0	2	2
0	32	23
0	32	24
0	30	25
0	30	24
0	6	6
0	6	5
1	1	0
0	15	12
0	21	18
0	15	11
1	1	0
1	1	0
0	2	2
0	3	1
0	10	6
0	73	57
0	13	10
0	73	56
0	90	46
0	4	2
0	3	3
1	7	2
0	6	6
0	6	6
1	1	0
0	11	10
1	2	0
0	2	2
1	1	0
1	8	3
1	2	0
1	1	0
0	2	2
1	1	0
0	5	4
1	7	3
1	1	0
1	12	1
1	2	0
0	4	2
0	4	3
0	4	2
1	1	0
0	3	2
0	10	8
1	2	0
0	6	6
0	7	6
0	3	3
0	10	10
1	3	1
0	10	7
0	3	1
1	1	0
0	5	5
0	19	14
1	3	0
1	1	0
0	3	3
1	4	2
0	7	7
0	5	5
0	2	2
0	15	15
0	4	4
1	1	0
1	1	0
0	27	25
0	5	3
0	5	5
1	1	0
0	2	2
1	23	8
0	2	1
0	4	4
0	7	7
0	4	2
0	4	4
0	7	6
0	4	4
0	17	16
1	1	0
0	3	3
1	1	0
0	6	2
1	1	0
0	3	3
0	6	3
0	3	3
0	2	1
0	9	6
0	9	8
0	9	3
1	1	0
1	3	1
0	13	7
0	11	11
0	4	4
0	4	3
1	1	0
1	1	0
0	14	12
1	2	0
1	2	1
0	34	32
1	1	0
0	34	31
0	1	1
1	2	0
0	8	7
1	1	0
0	3	3
0	2	2
0	4	4
1	1	0
0	182	118
0	2	1
1	16	3
1	19	6
0	37	31
0	127	99
0	4	2
0	4	3
0	20	19
1	1	0
0	48	44
0	10	10
0	6	2
0	18	16
0	2	1
0	14	13
0	18	18
0	2	2
0	2	1
0	19	14
0	31	16
1	2	0
0	3	3
0	12	9
0	1	1
0	1	1
0	28	24
1	1	0
1	1	0
0	28	25
0	31	20
1	2	0
1	2	1
1	2	1
1	2	0
0	2	2
1	1	0
0	2	2
0	7	7
0	2	1
0	4	4
1	1	0
0	35	6
0	15	14
0	15	13
0	5	4
1	1	0
0	2	1
0	3	2
0	3	2
0	2	2
0	3	2
0	6	2
0	7	7
0	14	11
0	9	9
0	7	6
0	3	3
0	3	2
0	5	3
0	2	1
0	34	24
0	4	3
1	2	0
0	6	4
0	4	4
0	19	17
1	1	0
1	1	0
0	2	2
0	4	4
0	127	57
0	5	3
0	4	4
1	1	0
0	59	55
1	6	1
0	4	4
0	2	1
0	1	1
0	6	3
1	1	0
0	1	1
0	3	2
1	3	1
0	4	3
0	3	3
0	2	2
0	5	3
1	1	0
0	2	2
0	2	2
0	4	4
1	1	0
1	2	1
1	1	0
0	3	3
0	3	2
0	3	3
0	4	4
0	2	2
0	19	16
0	3	3
0	5	5
0	20	17
1	2	1
0	9	9
0	2	1
1	9	2
0	2	1
0	11	7
0	7	6
0	32	25
1	1	0
0	7	7
1	1	0
0	10	10
0	18	17
0	1	1
0	4	2
1	2	0
0	6	6
0	5	2
1	3	1
0	3	3
0	2	2
0	3	3
1	5	2
0	4	4
1	2	0
1	1	0
1	1	0
0	3	2
1	1	0
0	5	4
0	4	4
1	1	0
0	32	17
0	2	1
0	9	9
1	1	0
0	2	1
1	1	0
0	2	1
0	3	3
1	1	0
1	1	0
1	1	0
0	32	20
0	2	2
0	2	2
0	1	1
0	1	1
1	1	0
0	5	2
0	3	3
1	1	0
0	5	3
0	4	4
0	3	3
0	8	8
0	5	4
0	6	5
1	1	0
0	40	37
1	2	0
0	5	3
0	3	3
1	1	0
1	1	0
0	7	3
0	44	43
0	3	3
0	2	2
0	4	4
0	2	2
0	2	1
1	1	0
0	39	26
1	2	1
0	4	4
0	4	2
0	7	7
0	26	20
1	1	0
1	1	0
0	7	7
0	1	1
0	4	3
0	18	11
0	32	13
1	2	0
0	2	2
0	8	7
0	26	23
1	6	2
0	1	1
1	1	0
0	7	7
1	2	0
0	20	20
0	9	8
0	9	7
0	32	29
0	1	1
0	98	88
1	2	0
1	1	0
0	6	5
1	2	0
0	3	2
0	3	1
1	6	3
0	3	3
0	5	4
1	1	0
0	5	5
0	4	4
0	10	10
0	1	1
1	1	0
0	4	2
0	7	5
0	7	4
1	1	0
0	3	2
1	1	0
0	18	16
0	182	153
1	2	0
0	8	8
0	88	77
0	20	16
0	1	1
1	4	2
0	30	19
0	7	7
1	1	0
0	3	3
0	5	3
0	1	1
0	10	10
1	2	0
0	14	13
0	4	3
1	32	2
1	2	0
1	1	0
1	1	0
1	2	1
0	3	1
1	4	0
1	1	0
0	8	3
0	2	2
1	1	0
0	13	13
0	3	2
0	53	45
1	9	1
0	46	37
0	5	3
0	2	2
0	46	30
0	7	5
0	1	1
0	6	5
0	2	2
0	6	6
0	5	4
0	4	4
1	3	1
0	11	11
1	1	0
1	5	2
1	1	0
0	6	5
0	17	17
1	2	1
1	1	0
0	9	8
0	4	3
0	4	4
0	4	3
0	3	2
1	1	0
1	1	0
0	9	5
1	3	1
1	3	0
1	1	0
0	2	2
0	3	3
0	1	1
1	1	0
1	2	1
1	4	0
0	167	156
1	4	1
1	7	2
1	1	0
0	167	155
0	9	6
0	9	8
0	16	12
0	2	1
1	1	0
1	7	3
1	2	0
0	40	34
0	1	1
1	2	0
0	11	5
0	11	4
0	3	2
0	3	3
0	2	2
0	40	33
0	49	47
0	4	3
0	191	159
1	9	0
1	2	0
0	2	2
0	4	4
0	5	4
0	7	6
0	5	5
1	3	1
1	1	0
0	1	1
1	1	0
0	3	2
1	7	1
0	2	1
0	3	3
0	83	74
0	3	2
1	1	0
0	3	3
0	5	5
1	2	0
0	5	4
1	12	4
1	3	0
0	102	85
0	5	3
0	6	3
0	102	87
1	1	0
0	4	2
1	2	1
1	1	0
1	5	1
0	4	4
0	11	11
0	3	3
1	4	0
0	3	2
0	3	3
0	2	2
1	1	0
0	191	182
1	1	0
0	3	2
1	3	1
0	5	5
0	10	5
1	9	1
1	3	1
0	9	7
0	9	5
0	15	11
1	4	1
0	9	8
0	15	12
1	2	0
1	1	0
0	1	1
1	1	0
0	3	1
1	2	1
1	2	0
0	34	28
0	5	5
0	2	1
0	2	2
1	1	0
1	1	0
0	47	24
0	2	2
0	1	1
0	4	4
0	5	5
1	2	1
0	4	3
1	1	0
1	1	0
0	6	6
1	2	1
1	3	1
0	7	6
1	8	1
0	1	1
0	4	4
0	9	9
1	3	1
0	7	4
0	3	2
1	5	1
0	7	6
1	1	0
1	1	0
0	4	4
0	3	3
0	19	17
0	45	40
0	2	2
1	1	0
1	1	0
0	22	13
0	22	12
1	4	1
0	2	2
0	3	3
0	8	7
1	1	0
0	1	1
0	13	11
0	3	3
1	1	0
1	1	0
0	5	3
1	9	2
1	2	0
1	3	0
0	14	6
1	3	1
0	38	38
0	14	14
0	12	9
0	12	6
1	1	0
0	66	54
0	1	1
0	2	2
0	3	2
0	11	11
0	83	53
0	2	2
0	3	3
0	4	4
0	1	1
0	68	46
0	9	3
0	4	3
0	3	2
0	2	2
0	19	9
0	6	3
1	4	2
1	1	0
1	2	0
0	2	2
1	6	3
0	5	4
0	17	15
1	1	0
0	17	16
0	1	1
1	1	0
1	1	0
1	2	0
0	3	1
0	3	3
1	2	0
0	2	1
0	5	5
1	1	0
1	3	0
0	7	6
0	20	7
1	2	0
0	4	2
0	20	9
0	4	4
0	2	1
0	11	10
0	12	12
0	9	7
0	3	3
0	2	1
1	1	0
0	8	8
0	38	32
1	6	3
0	3	3
0	6	5
0	6	6
0	3	1
1	2	0
0	7	6
0	123	84
0	20	18
0	20	17
0	8	8
0	1	1
0	3	3
0	2	2
0	13	8
0	2	2
0	2	2
0	4	4
1	4	2
1	2	0
0	1	1
0	18	14
0	8	6
0	2	1
0	82	79
1	3	1
1	1	0
0	16	15
0	7	5
1	1	0
0	4	1
0	53	47
0	3	3
0	1	1
0	1	1
1	1	0
1	1	0
0	4	4
0	7	4
0	4	3
0	7	5
0	3	2
1	1	0
1	1	0
1	1	0
0	6	4
0	43	31
0	4	4
0	1	1
1	1	0
0	2	2
0	7	7
0	3	3
0	3	3
0	3	3
1	2	1
0	9	7
1	23	1
1	2	0
0	18	17
0	18	18
0	3	3
0	2	2
1	2	0
1	2	1
1	1	0
0	3	3
0	3	1
0	2	2
0	7	6
0	7	7
0	5	5
1	2	0
0	4	4
1	2	0
1	2	1
1	2	0
1	1	0
0	6	5
0	17	14
0	3	3
0	10	10
0	16	15
1	1	0
0	2	1
0	6	5
1	1	0
0	7	5
0	5	3
0	3	3
0	1	1
1	2	0
0	18	14
1	3	0
0	7	6
0	6	5
1	8	2
0	3	3
0	6	2
0	1	1
1	1	0
0	2	1
0	212	194
1	3	0
1	2	0
1	2	1
0	3	2
1	1	0
1	4	0
0	1	1
1	2	0
0	51	5
0	70	64
0	5	5
1	10	2
1	1	0
0	2	2
0	8	8
1	1	0
0	6	6
0	8	4
0	5	4
0	8	8
0	6	4
1	5	2
0	2	2
0	5	4
0	183	129
1	1	0
1	1	0
0	2	2
1	4	1
0	15	6
0	58	45
0	2	2
0	2	2
1	3	1
0	6	6
0	6	5
0	2	1
0	1	1
1	1	0
1	1	0
0	2	2
1	2	1
0	1	1
0	32	13
0	4	4
0	53	50
1	2	0
1	1	0
0	4	1
0	23	18
0	12	11
0	3	3
0	15	14
1	2	0
0	4	2
1	2	1
0	58	35
0	6	5
0	3	3
0	4	3
0	1	1
0	2	2
1	1	0
1	1	0
0	5	3
0	5	5
1	1	0
0	7	5
0	4	4
0	94	68
0	4	3
1	1	0
0	8	7
0	2	1
0	3	2
0	1	1
1	2	0
0	7	4
1	2	0
1	1	0
1	1	0
0	3	2
0	3	3
0	9	8
0	2	2
0	26	22
1	2	0
1	1	0
0	3	3
0	5	5
0	30	26
1	1	0
1	1	0
0	13	10
0	30	30
0	3	3
0	23	21
0	10	9
0	5	4
0	4	2
0	5	3
0	13	9
1	2	0
1	1	0
1	2	0
1	3	0
0	5	5
0	5	4
0	10	8
1	1	0
1	1	0
0	3	2
0	4	3
0	4	4
0	7	6
0	7	4
0	21	21
0	2	2
0	1	1
0	3	3
1	2	1
0	14	12
1	1	0
0	7	5
0	2	2
0	4	4
1	1	0
0	1	1
1	3	1
1	12	1
0	3	2
0	14	12
0	2	2
0	12	8
0	12	9
1	1	0
0	6	6
1	2	1
0	7	6
0	5	4
0	7	5
1	2	0
0	5	4
0	5	5
1	2	0
1	1	0
1	8	2
0	4	4
1	1	0
1	5	1
0	15	9
1	2	0
1	2	1
0	11	11
0	78	62
0	78	61
1	1	0
0	3	3
0	1	1
0	3	3
0	8	4
1	1	0
1	1	0
1	1	0
0	2	2
0	6	6
0	4	3
0	11	5
0	75	53
0	5	4
1	1	0
1	2	1
0	1	1
0	3	3
1	5	1
0	3	2
0	3	2
0	5	4
0	5	4
0	5	5
0	7	7
0	2	2
1	2	0
0	5	3
1	1	0
0	34	29
0	39	35
1	1	0
0	6	6
0	8	8
0	5	5
0	30	20
0	1	1
0	5	4
0	30	21
0	8	5
0	5	4
0	6	6
0	1	1
1	3	1
1	3	0
1	2	0
1	2	1
1	3	1
1	4	2
1	1	0
1	2	1
1	1	0
0	6	3
0	6	4
0	3	3
0	4	4
1	2	0
0	16	15
1	1	0
0	7	6
1	1	0
0	9	5
0	7	5
0	2	2
0	2	1
1	1	0
0	1	1
1	7	2
0	6	5
1	1	0
0	8	6
0	7	4
0	3	3
1	3	1
1	1	0
1	2	1
1	2	1
1	2	0
0	11	10
0	5	5
0	8	7
0	4	4
1	1	0
1	2	0
0	3	3
0	28	25
0	5	2
0	25	25
0	67	66
1	1	0
0	28	24
0	2	2
0	4	3
0	2	2
0	19	19
0	5	2
1	2	1
0	2	2
1	2	0
0	3	2
0	8	4
1	1	0
0	2	2
0	4	3
0	67	54
0	13	13
0	4	4
1	10	2
1	3	1
0	4	4
0	5	4
1	1	0
0	6	5
0	3	3
0	3	2
1	2	1
0	11	10
1	3	0
0	1	1
0	4	3
0	4	4
1	2	0
0	36	28
0	9	6
0	7	7
0	6	5
1	2	0
1	5	1
0	2	2
0	70	58
0	9	5
0	1	1
0	10	8
0	6	6
0	5	4
0	2	2
1	1	0
0	1	1
0	1	1
0	2	1
0	14	7
0	36	20
1	1	0
1	2	0
0	4	4
0	3	3
0	15	12
0	3	2
0	15	13
0	45	43
1	1	0
1	1	0
1	1	0
0	7	6
0	3	2
1	3	0
0	5	5
0	7	7
0	4	2
1	1	0
0	13	10
0	1	1
0	1	1
1	1	0
0	5	5
0	225	209
0	6	6
0	5	4
1	1	0
0	2	2
0	11	9
0	11	8
0	128	89
1	5	0
0	4	2
1	2	0
1	1	0
1	2	0
0	43	27
0	1	1
0	8	4
1	7	2
0	2	2
0	5	5
0	44	44
0	44	43
0	2	1
0	31	25
0	4	2
0	14	10
0	63	42
0	4	4
0	14	14
0	4	4
0	2	2
0	44	35
1	3	1
0	44	36
1	1	0
1	1	0
1	1	0
1	1	0
1	3	0
1	6	2
0	2	2
0	2	2
0	8	5
0	7	4
0	7	7
0	2	1
0	311	158
0	1	1
1	1	0
0	24	18
0	76	63
1	2	0
0	3	2
1	2	1
0	2	2
1	5	1
0	2	1
1	1	0
1	2	1
0	2	2
0	20	15
0	20	14
0	16	11
0	8	7
0	5	5
0	72	61
0	2	2
0	7	6
0	7	7
0	2	2
0	10	5
0	8	8
0	3	2
1	2	0
0	61	59
0	2	2
0	23	21
0	4	3
0	23	20
1	5	2
1	1	0
0	36	25
0	5	5
1	1	0
0	2	2
1	1	0
0	72	52
0	4	4
0	4	3
0	1	1
1	2	1
0	97	82
0	97	83
0	2	2
0	3	3
0	24	16
0	61	51
0	5	5
0	6	4
0	1	1
0	4	4
0	61	52
0	23	13
0	4	4
0	1	1
0	6	6
1	1	0
0	4	4
0	5	3
1	2	1
1	1	0
0	4	3
1	1	0
0	5	4
1	1	0
1	2	0
0	4	4
0	3	3
0	5	4
1	2	0
1	2	0
0	158	115
1	27	1
1	2	1
0	2	1
1	4	0
1	4	1
0	2	2
0	8	8
0	5	4
0	3	2
1	1	0
0	7	2
0	3	3
0	1	1
0	4	2
0	6	5
0	2	2
0	5	5
0	306	210
0	306	211
0	43	36
0	5	4
0	5	5
0	1	1
1	2	0
0	3	1
0	11	11
1	2	0
0	3	3
1	2	1
0	3	3
1	1	0
1	2	0
0	2	1
0	5	5
1	1	0
0	7	7
0	7	6
0	2	2
0	5	5
0	3	3
1	1	0
1	1	0
0	6	4
0	12	11
0	2	2
0	11	8
0	3	3
1	2	1
0	133	117
0	133	118
0	4	2
1	2	0
1	2	0
1	1	0
1	1	0
0	2	1
0	4	4
1	2	0
0	4	4
1	52	4
1	1	0
0	23	19
0	3	2
1	9	3
1	1	0
0	2	1
0	4	4
0	123	117
0	105	76
0	172	156
0	2	2
0	7	7
0	2	2
0	5	5
0	3	3
1	1	0
0	5	5
0	10	7
0	3	3
1	1	0
1	1	0
1	1	0
0	2	1
0	1	1
0	3	3
1	1	0
0	2	1
1	13	1
1	1	0
1	2	0
0	48	31
0	48	34
0	1	1
1	1	0
0	2	2
1	3	0
0	26	24
1	3	1
0	2	2
0	10	10
0	2	2
0	5	5
0	4	3
0	3	3
1	2	0
1	9	2
1	1	0
1	1	0
1	4	2
0	105	99
1	1	0
0	21	18
0	32	19
0	10	9
1	1	0
1	2	0
0	1	1
0	3	2
0	7	6
0	1	1
0	5	4
0	4	2
0	24	23
0	57	43
0	25	24
0	30	22
1	2	1
0	30	27
0	9	9
0	4	3
0	7	6
1	1	0
0	4	4
0	1	1
1	4	1
0	6	2
0	29	27
0	9	8
0	6	6
1	2	1
1	2	0
0	5	4
0	2	2
0	1	1
0	2	2
1	1	0
1	2	0
0	4	4
0	2	1
0	12	12
1	1	0
1	3	0
0	2	2
1	3	1
0	2	2
0	4	4
0	2	2
0	4	3
1	3	1
1	3	0
0	6	6
0	2	2
1	5	1
1	1	0
0	8	4
0	35	32
1	1	0
0	35	34
0	3	3
0	20	9
1	1	0
0	4	4
0	8	8
0	8	7
0	3	3
1	1	0
0	2	1
1	3	1
1	1	0
0	14	12
0	13	5
1	1	0
0	4	4
0	2	2
0	4	4
0	2	2
0	12	9
0	23	12
1	2	1
0	23	11
0	111	103
0	12	6
1	1	0
0	51	11
0	51	10
0	2	1
1	2	0
0	3	2
0	2	2
0	3	3
0	1	1
1	5	1
0	46	40
0	2	1
0	8	6
0	2	1
1	2	1
0	2	2
1	1	0
1	5	0
1	1	0
0	4	2
0	4	4
0	4	4
0	14	10
0	14	11
0	10	10
1	15	5
0	4	2
1	1	0
1	3	1
0	2	2
0	5	5
1	1	0
0	5	4
0	12	10
1	1	0
0	4	4
1	2	0
1	1	0
0	5	3
0	11	6
0	3	3
0	8	8
0	5	4
1	2	0
1	3	1
0	22	12
1	3	0
0	22	13
0	6	4
1	3	1
0	2	2
0	4	4
1	1	0
0	2	2
1	2	0
1	1	0
0	15	15
1	2	1
1	1	0
0	2	2
0	6	5
1	1	0
0	13	7
0	5	4
0	18	8
1	1	0
0	3	3
0	18	4
0	7	7
1	2	1
1	2	0
1	2	0
1	3	1
0	3	2
0	36	29
0	24	19
0	51	48
1	1	0
0	4	3
1	2	0
0	7	7
0	4	4
1	1	0
1	1	0
1	1	0
0	6	6
0	8	5
0	8	6
0	3	2
0	3	3
1	4	0
0	3	1
0	4	2
1	1	0
1	1	0
0	7	5
0	29	24
1	5	1
0	29	25
0	7	4
1	5	2
0	9	8
0	3	2
0	5	5
0	5	4
0	4	4
0	3	3
1	2	0
0	3	2
1	1	0
0	30	20
0	3	3
0	30	21
0	5	5
0	4	4
0	9	5
1	1	0
1	5	1
0	15	13
0	3	3
0	3	3
1	2	0
1	2	0
0	5	5
1	1	0
1	1	0
0	213	182
0	213	184
0	3	2
0	67	62
1	1	0
0	5	2
0	7	7
0	2	2
0	3	3
1	1	0
0	6	5
0	3	2
1	2	0
1	1	0
1	2	0
0	3	2
0	4	4
1	1	0
1	3	1
0	59	45
0	2	2
0	2	2
0	18	13
0	4	4
0	4	3
1	1	0
0	6	2
0	9	7
1	1	0
0	22	13
1	2	0
0	52	48
1	1	0
0	13	12
1	1	0
0	10	10
0	157	146
1	1	0
0	132	106
0	4	4
0	7	7
0	2	2
0	4	4
1	41	4
0	3	3
1	1	0
0	4	4
0	52	44
0	3	2
0	2	1
1	1	0
0	59	58
0	4	3
0	5	2
1	2	1
1	3	1
0	3	3
1	1	0
0	10	6
0	7	7
1	2	0
0	1	1
1	1	0
1	2	0
1	3	0
0	5	3
0	5	5
1	2	0
0	15	12
1	2	1
0	3	3
1	1	0
0	2	2
0	2	1
1	3	1
0	3	3
0	3	2
0	9	9
1	35	10
0	1	1
0	8	6
0	2	2
0	4	3
0	4	4
0	2	2
0	2	1
0	2	2
0	4	2
1	3	1
0	2	2
0	13	12
0	7	2
0	1	1
0	2	2
1	3	1
1	3	1
0	2	2
1	10	3
0	5	5
1	1	0
0	4	4
0	2	1
1	1	0
0	10	10
0	3	2
0	11	11
0	7	5
0	1	1
0	2	2
0	9	9
0	8	4
0	4	2
0	4	2
0	4	3
0	5	3
0	3	3
0	7	7
1	2	0
0	5	5
0	1	1
0	2	2
0	5	5
1	1	0
0	5	3
0	2	2
0	1	1
0	6	6
0	1	1
1	3	0
0	148	128
1	3	1
0	148	129
0	3	3
1	1	0
0	1	1
0	5	5
0	2	2
1	5	0
0	36	27
0	8	8
0	36	28
0	3	2
1	2	1
0	2	2
0	112	99
0	5	3
0	2	1
0	2	2
0	3	3
0	3	3
0	3	2
0	5	3
0	3	3
0	28	23
1	8	2
1	2	0
0	6	6
0	3	3
1	2	1
1	1	0
0	159	140
0	3	2
0	3	3
0	2	2
0	2	2
1	1	0
0	14	14
0	10	5
0	8	8
1	1	0
1	2	1
1	2	0
1	2	0
1	1	0
0	33	27
0	44	41
1	4	2
0	17	16
0	4	2
1	1	0
0	17	13
1	2	1
1	1	0
0	6	6
1	3	1
0	10	8
0	10	9
0	3	3
0	6	6
1	1	0
0	11	10
0	10	4
0	10	5
0	22	18
0	5	5
1	1	0
0	3	3
1	2	1
0	7	4
0	6	4
1	1	0
0	2	2
1	1	0
0	5	4
1	3	0
0	4	2
1	3	1
0	9	6
0	29	17
0	1	1
1	5	1
0	6	6
1	5	2
0	2	2
1	1	0
0	17	14
0	5	5
1	1	0
0	7	2
0	8	5
1	2	1
0	2	2
0	216	103
1	1	0
0	216	104
0	6	6
0	2	2
0	6	3
0	2	1
1	40	9
0	1	1
1	6	1
0	6	5
0	5	3
0	2	1
1	1	0
1	1	0
1	2	1
1	1	0
1	1	0
1	2	0
0	9	7
0	2	2
0	4	3
0	3	2
0	2	2
0	2	1
0	1	1
1	7	2
1	1	0
0	3	3
0	19	16
0	1	1
0	9	8
0	6	5
0	88	73
0	88	74
0	68	63
0	30	25
0	26	8
0	30	23
0	3	1
0	52	44
1	2	0
0	4	3
0	4	2
0	4	3
0	5	4
1	1	0
0	11	11
1	1	0
1	1	0
0	4	4
0	3	3
0	3	2
0	1	1
0	9	7
0	9	8
0	4	4
1	1	0
1	2	0
0	5	4
0	9	7
0	5	2
1	1	0
1	3	0
0	2	1
0	4	4
0	12	11
1	2	1
1	1	0
0	4	3
1	1	0
0	3	2
0	3	3
0	2	2
1	3	1
0	7	7
0	4	2
0	6	5
1	6	1
1	1	0
0	4	4
1	1	0
0	19	15
0	1	1
0	7	7
0	1	1
0	4	2
1	6	2
1	7	3
1	1	0
0	9	6
1	2	1
1	1	0
0	4	4
0	13	6
0	12	9
0	10	10
1	5	1
1	1	0
0	2	2
0	4	3
1	3	0
0	9	9
0	1	1
0	4	1
0	5	5
0	3	2
0	4	4
0	1	1
1	3	1
1	38	16
1	1	0
0	9	5
1	1	0
0	61	45
0	4	4
0	1	1
1	1	0
0	12	3
0	1	1
0	4	4
0	32	19
0	2	2
0	12	7
1	5	1
0	4	3
0	4	4
0	7	7
1	3	1
0	4	3
0	4	4
0	2	1
0	1	1
1	2	0
0	1	1
1	2	1
0	8	8
1	1	0
0	3	2
0	32	21
0	41	25
0	29	26
1	2	1
0	41	23
1	1	0
1	3	1
0	10	9
1	2	0
0	2	1
0	9	7
1	1	0
0	15	11
0	9	8
1	1	0
0	3	2
0	2	2
1	2	1
0	1	1
0	2	1
0	19	19
0	2	2
0	36	31
0	221	203
1	1	0
1	4	2
0	36	30
0	7	7
0	4	3
1	12	5
1	1	0
0	2	1
0	2	1
0	2	2
0	6	5
0	8	7
0	5	5
0	1	1
0	4	4
1	2	0
0	221	205
1	1	0
1	2	0
1	4	1
0	6	6
1	1	0
0	7	4
0	2	2
1	1	0
1	1	0
0	8	7
1	2	0
0	7	7
0	7	6
0	5	3
0	65	45
0	5	2
0	4	3
0	3	3
0	3	3
0	3	2
1	4	0
0	1	1
0	19	12
0	4	3
0	114	89
0	5	3
0	7	6
0	3	3
0	4	4
0	2	2
0	2	2
0	13	7
0	8	8
0	1	1
0	6	6
1	2	0
0	15	10
0	15	11
0	7	6
0	3	2
1	2	0
0	3	2
1	2	0
0	3	3
0	10	8
0	3	2
0	10	9
1	1	0
1	1	0
0	135	130
0	4	3
0	2	1
0	10	4
0	4	4
1	1	0
0	6	6
0	6	5
0	10	9
1	1	0
0	1	1
1	2	1
1	2	0
1	2	1
1	1	0
0	2	2
0	3	3
1	2	0
1	1	0
0	2	2
0	2	2
0	6	6
1	1	0
0	4	4
0	4	4
0	5	3
0	3	3
0	8	8
1	8	3
1	27	5
1	4	2
0	39	36
0	2	1
0	3	3
0	11	9
1	2	1
1	1	0
0	17	11
0	17	12
0	4	4
1	1	0
0	3	3
0	6	2
0	8	4
1	1	0
1	1	0
0	4	3
1	2	0
0	8	6
0	6	4
0	3	3
1	1	0
0	26	19
0	18	17
0	6	5
0	18	15
1	1	0
0	26	20
1	1	0
0	3	3
0	6	6
0	4	4
0	7	6
0	2	2
1	1	0
0	4	4
0	8	7
0	4	3
0	40	32
0	3	3
0	2	1
0	40	33
1	1	0
0	2	1
0	5	2
0	2	2
1	1	0
1	1	0
0	3	3
0	2	2
0	10	8
1	5	1
1	1	0
0	3	3
1	6	3
0	2	2
1	2	0
0	8	8
0	1	1
0	2	2
0	1	1
0	60	57
0	11	8
0	6	6
1	2	0
0	1	1
0	2	2
0	34	23
0	34	22
1	1	0
0	78	49
0	3	3
1	1	0
1	2	1
1	3	1
0	1	1
1	3	0
1	1	0
0	84	79
0	2	2
0	17	17
1	3	0
0	3	3
1	3	1
1	1	0
0	207	191
0	4	4
0	1	1
1	2	0
0	6	5
0	6	6
1	1	0
0	1	1
0	7	7
0	2	2
0	3	2
1	1	0
1	1	0
0	11	10
1	2	0
0	4	4
1	2	1
0	6	5
0	154	86
0	154	89
0	24	23
0	4	2
0	8	8
0	4	3
0	42	38
0	1	1
1	11	3
0	1	1
0	4	4
0	40	38
0	2	2
0	10	10
0	1	1
0	4	4
1	4	0
0	40	40
1	4	1
0	13	6
0	1	1
0	1	1
0	4	4
0	6	4
0	4	4
0	6	2
0	1	1
0	4	4
0	8	8
0	9	3
0	13	8
0	3	3
1	2	1
0	9	8
0	3	3
0	13	7
1	3	1
0	2	2
1	2	0
0	4	4
0	3	3
0	8	8
1	10	4
1	4	1
0	2	2
0	11	10
0	11	10
1	2	0
0	2	2
1	1	0
0	3	2
1	3	1
1	2	0
1	1	0
0	29	26
0	12	9
1	1	0
0	12	8
1	2	1
1	2	0
0	7	5
0	34	19
0	16	15
1	3	1
0	4	4
0	4	3
1	2	0
0	4	4
1	1	0
0	34	21
0	5	5
1	1	0
1	1	0
1	1	0
0	11	10
1	8	2
0	8	6
0	7	4
1	1	0
0	4	4
0	1	1
0	16	11
1	1	0
0	2	1
1	4	1
0	3	3
0	3	3
1	3	1
0	2	2
0	13	12
1	2	0
1	2	1
0	8	7
1	1	0
0	9	9
0	13	11
0	4	4
0	4	3
0	2	2
0	27	21
1	3	0
1	3	1
0	8	7
0	5	5
0	8	4
0	40	37
0	2	2
0	5	3
1	1	0
0	2	2
0	7	4
1	2	0
0	2	1
0	2	2
0	2	1
0	4	3
0	1	1
0	2	2
0	7	3
0	1	1
0	6	5
0	4	3
0	6	6
1	2	0
0	2	2
1	9	2
0	4	4
1	3	1
1	1	0
0	1	1
0	3	3
0	19	11
0	53	33
0	14	10
1	1	0
0	7	3
1	2	1
1	3	1
0	3	2
0	1	1
1	1	0
0	6	2
0	5	5
0	3	3
1	1	0
1	1	0
0	2	1
1	2	1
1	2	1
0	3	3
1	2	0
0	4	3
0	2	2
1	1	0
0	1	1
0	13	10
1	5	1
1	2	1
0	2	2
0	2	1
1	2	1
1	2	0
0	2	2
1	1	0
1	2	0
1	1	0
1	2	1
0	2	2
0	15	14
0	6	5
0	4	2
0	8	3
0	37	30
1	2	1
0	8	4
0	5	5
0	2	2
0	7	4
0	7	6
0	24	23
0	5	4
1	1	0
0	135	104
0	1	1
0	15	10
0	24	18
0	54	45
0	2	2
1	1	0
0	4	4
1	2	1
1	1	0
1	1	0
1	1	0
1	1	0
0	2	1
0	1	1
0	5	4
0	7	7
1	1	0
0	2	2
0	2	2
0	2	1
0	3	3
0	2	2
0	1	1
1	1	0
0	2	1
0	37	23
0	2	2
0	14	10
1	1	0
0	5	5
0	3	3
0	2	1
1	1	0
1	2	0
1	1	0
0	8	6
0	2	2
1	3	0
0	11	11
0	3	2
0	3	2
0	8	7
0	3	3
1	2	1
1	1	0
0	3	1
0	7	7
0	14	10
1	6	1
0	4	2
0	6	6
0	6	5
1	1	0
0	9	8
0	3	3
0	4	3
0	6	5
1	1	0
1	5	1
1	5	0
0	7	7
1	1	0
1	1	0
1	1	0
0	2	2
0	4	2
1	1	0
0	1	1
0	4	3
0	5	3
0	3	2
1	1	0
0	5	4
1	2	1
1	3	0
0	4	3
0	5	3
0	2	1
0	2	2
1	1	0
1	1	0
0	4	4
1	6	3
1	4	1
1	1	0
0	21	20
0	21	19
1	3	1
0	2	2
1	1	0
0	4	3
0	2	2
0	5	3
0	6	5
0	4	3
0	3	2
0	1	1
1	1	0
1	2	0
1	2	1
0	4	3
1	2	1
1	7	3
1	7	3
0	4	4
0	4	3
0	5	4
0	3	3
1	17	1
1	1	0
0	5	3
0	24	24
1	2	0
0	24	22
0	1	1
0	4	4
0	3	3
0	2	2
0	3	2
1	1	0
0	2	1
0	10	10
1	1	0
0	9	9
0	3	2
0	2	2
1	1	0
0	106	96
0	106	95
0	3	3
1	1	0
0	3	3
0	5	2
0	8	4
1	1	0
0	8	6
0	9	8
0	9	9
0	1	1
0	3	1
0	5	5
0	2	2
0	2	1
0	18	14
0	18	15
1	1	0
0	2	2
0	7	6
0	6	4
0	2	2
0	7	5
1	1	0
0	22	17
1	11	3
0	3	3
0	3	2
0	1	1
1	1	0
0	5	4
0	3	2
0	6	6
0	2	2
1	2	1
0	6	2
0	2	2
0	6	5
0	20	15
1	1	0
0	17	15
0	8	8
1	1	0
1	2	0
1	6	2
0	5	5
0	3	2
0	47	41
0	1	1
0	22	19
0	11	7
0	3	2
0	17	14
1	1	0
1	1	0
0	10	8
0	10	7
0	2	2
0	5	3
0	12	9
0	13	10
0	2	2
1	2	0
1	1	0
1	1	0
0	11	9
0	2	2
0	2	1
1	4	1
1	1	0
1	4	1
0	2	2
0	2	2
0	2	1
1	2	1
1	1	0
0	26	4
0	12	9
0	15	4
0	2	2
1	12	2
0	6	6
0	12	7
1	3	1
1	1	0
1	2	0
0	2	1
1	1	0
1	3	0
0	6	3
1	1	0
0	4	4
0	4	4
0	4	3
1	4	1
0	5	4
0	11	11
0	1	1
1	1	0
0	1	1
1	3	0
1	3	1
1	3	0
1	3	0
0	3	2
1	1	0
0	14	9
1	7	2
0	1	1
0	5	5
1	2	0
0	2	2
0	46	40
0	1	1
0	8	6
0	2	2
1	13	3
1	1	0
1	2	0
1	2	1
1	2	1
0	2	2
1	1	0
0	1	1
0	3	3
0	3	2
0	2	2
0	61	59
0	13	11
0	3	2
1	2	0
0	2	2
0	8	7
0	135	35
0	2	2
1	1	0
0	10	9
0	3	1
0	6	6
0	4	4
1	2	1
0	4	4
1	1	0
0	5	5
0	3	3
0	5	5
0	4	4
0	5	4
0	5	5
1	51	15
0	1	1
0	16	16
0	8	5
0	3	1
0	8	6
0	9	7
0	9	8
0	3	2
1	2	0
0	6	4
0	6	6
0	2	2
0	3	3
0	2	1
0	4	4
1	13	4
0	7	7
0	70	63
0	70	62
0	5	5
0	2	2
0	12	8
1	4	1
1	3	1
0	22	21
0	12	9
0	3	2
0	64	60
0	4	2
0	8	7
0	6	6
1	1	0
1	1	0
0	14	8
0	5	4
0	135	52
1	7	1
1	1	0
0	6	6
0	17	13
0	6	6
0	1	1
0	1	1
0	3	3
0	13	13
0	3	3
0	7	7
0	2	2
0	4	4
0	1	1
0	265	233
0	2	2
0	12	7
1	1	0
0	2	2
0	2	2
0	2	1
0	4	4
0	4	3
1	2	0
0	2	2
1	2	1
0	7	4
0	19	9
0	2	1
0	19	7
1	2	1
0	4	3
1	1	0
1	2	0
0	1	1
0	13	12
0	7	4
0	46	44
1	1	0
1	1	0
0	21	18
0	4	4
1	2	1
1	1	0
0	4	4
0	4	3
1	1	0
0	2	2
0	1	1
1	2	1
0	4	3
1	2	0
0	3	3
1	1	0
0	6	2
0	6	4
0	5	5
1	1	0
0	20	18
1	3	0
0	2	1
0	2	2
0	2	1
0	2	2
0	6	6
0	38	16
0	3	2
0	5	4
1	1	0
0	13	6
1	1	0
1	1	0
0	13	7
1	1	0
0	3	3
1	1	0
1	2	0
0	4	4
0	11	5
1	1	0
1	1	0
0	2	2
0	4	2
0	2	2
1	2	1
0	4	3
0	3	3
1	2	1
0	1	1
0	89	62
1	1	0
0	3	3
1	1	0
0	5	5
1	3	1
1	2	1
0	3	2
0	3	2
0	5	5
0	2	2
1	1	0
1	2	0
1	2	0
0	2	2
0	2	1
0	47	26
0	2	2
0	3	3
0	1	1
0	2	1
1	1	0
1	2	0
0	8	8
1	1	0
0	100	98
0	11	9
0	10	2
1	1	0
0	3	3
1	2	1
0	3	2
0	7	6
0	6	4
0	6	5
1	3	0
1	1	0
1	1	0
1	6	2
0	1	1
1	3	1
0	26	22
1	3	1
1	3	1
1	3	0
0	3	3
1	2	1
0	16	11
1	1	0
0	3	3
0	7	6
1	1	0
1	1	0
0	2	1
1	1	0
1	3	1
1	6	1
0	3	3
0	1	1
0	2	2
0	5	3
1	3	1
1	1	0
0	1	1
0	5	5
1	1	0
0	8	8
1	1	0
1	1	0
0	2	2
1	1	0
1	2	0
0	8	8
0	4	3
0	2	2
1	1	0
0	40	37
0	5	4
0	4	3
0	2	1
0	6	6
0	18	12
0	18	10
0	2	2
0	3	2
1	1	0
1	1	0
0	1	1
0	11	7
0	10	4
1	3	1
0	4	3
0	26	26
0	26	25
0	4	3
0	2	2
1	1	0
0	2	1
0	17	15
0	5	4
0	2	2
0	4	4
1	1	0
1	1	0
0	55	43
0	2	1
0	55	42
1	4	1
1	1	0
0	2	1
0	5	4
1	3	1
0	4	3
0	5	3
1	2	0
1	4	1
0	4	4
1	1	0
0	11	5
0	11	4
1	1	0
1	3	1
0	46	27
1	1	0
0	4	3
0	6	4
0	22	12
0	11	11
0	3	2
0	16	16
0	2	1
0	13	12
0	5	5
0	13	11
0	10	4
0	4	2
0	46	15
0	131	70
1	2	1
1	3	1
1	6	0
1	1	0
0	3	1
1	4	1
1	8	1
1	2	0
1	2	1
0	2	2
0	17	15
1	1	0
0	5	5
0	4	4
1	3	1
0	3	2
0	10	8
1	1	0
0	2	2
1	1	0
1	1	0
0	4	2
0	2	2
0	4	4
0	4	3
0	5	5
1	1	0
0	4	4
1	1	0
1	1	0
0	6	5
1	1	0
0	1	1
0	2	2
1	1	0
0	7	4
0	3	2
1	2	1
0	10	9
0	1	1
0	10	9
0	4	2
0	9	7
0	1	1
1	1	0
1	1	0
0	6	5
0	6	6
1	13	7
0	4	3
0	4	2
0	12	10
0	2	1
1	5	2
0	1	1
1	2	1
0	4	3
1	3	0
1	2	0
0	2	2
0	3	3
0	20	11
0	1	1
1	1	0
0	1	1
0	3	3
0	3	3
1	1	0
0	2	1
1	3	0
0	6	6
0	1	1
0	2	1
0	6	5
1	1	0
0	8	8
0	16	10
1	1	0
0	7	6
0	23	23
0	3	1
0	5	5
1	1	0
0	3	2
0	5	4
0	2	2
0	6	5
0	6	3
1	1	0
1	2	1
0	4	3
1	3	1
1	1	0
1	1	0
0	99	92
0	99	91
0	8	8
1	1	0
0	6	6
1	1	0
0	2	2
0	9	7
1	1	0
0	4	4
0	1	1
0	9	6
0	2	2
0	6	5
1	1	0
0	25	22
0	20	19
1	2	1
0	4	4
0	2	2
0	12	11
0	6	4
0	12	9
0	38	26
0	38	28
1	2	1
0	4	3
0	2	2
0	4	4
1	3	0
1	3	1
0	3	2
0	6	6
0	3	3
0	1	1
1	1	0
1	1	0
0	30	26
0	4	3
0	2	2
0	6	3
1	2	1
0	6	6
0	2	1
0	19	12
0	20	19
0	2	2
0	8	5
0	4	4
1	1	0
0	2	2
1	4	1
1	2	0
0	7	7
1	1	0
1	1	0
0	3	3
0	8	8
0	10	10
0	10	9
0	3	2
0	3	3
0	6	6
0	8	8
0	9	8
0	5	5
0	9	7
1	1	0
1	1	0
1	2	1
0	5	5
0	2	2
0	19	17
0	2	2
1	1	0
0	19	15
0	8	7
0	3	3
1	1	0
0	6	6
0	3	2
0	95	92
0	11	9
0	65	58
0	4	3
1	2	1
1	1	0
0	1	1
1	1	0
0	1	1
0	2	2
1	1	0
0	39	36
1	1	0
1	2	1
0	4	3
0	3	2
0	4	4
0	6	4
0	3	3
0	3	1
1	3	1
0	1	1
0	3	3
0	16	12
0	3	3
0	2	2
1	2	0
1	2	0
1	1	0
0	12	7
0	8	8
0	12	6
0	22	17
0	39	39
0	6	3
0	22	16
0	9	9
0	23	14
0	6	4
0	7	6
1	1	0
0	37	29
0	13	11
0	13	12
0	23	12
0	7	4
1	1	0
1	1	0
1	7	3
0	2	2
0	1	1
0	5	5
0	4	2
1	1	0
0	13	6
0	1	1
1	5	2
0	4	2
0	13	8
1	2	0
0	4	3
0	12	9
0	2	2
0	46	43
0	3	2
1	1	0
1	1	0
0	41	20
0	73	67
0	73	68
1	1	0
0	8	7
0	41	37
0	1	1
0	1	1
1	2	1
0	35	23
0	2	2
0	2	1
1	1	0
1	5	0
1	6	3
1	8	2
0	17	15
0	6	6
0	10	8
0	2	2
0	3	2
1	8	3
0	51	37
1	22	5
1	2	0
0	4	4
1	3	1
0	3	3
0	3	2
0	2	2
1	2	1
0	2	1
0	1	1
1	3	1
0	18	10
0	10	8
0	13	9
0	9	8
0	10	5
1	1	0
1	1	0
0	43	35
1	3	1
1	3	1
1	1	0
0	1	1
0	4	4
1	1	0
0	5	2
1	1	0
0	35	19
0	2	2
0	6	6
1	2	0
0	1	1
0	40	25
0	2	1
1	3	1
1	1	0
0	3	3
0	13	13
0	2	2
0	2	2
0	13	12
1	6	1
0	4	2
0	2	1
0	2	2
1	4	2
1	4	1
0	15	15
1	2	0
0	6	6
1	2	1
0	3	3
0	6	5
0	7	6
0	7	7
0	14	10
0	5	5
0	81	73
0	46	46
0	81	72
0	46	44
0	15	14
0	15	15
0	4	4
1	1	0
1	5	2
0	5	4
1	1	0
0	4	2
1	2	1
0	1	1
1	4	2
0	5	5
1	1	0
1	3	1
0	3	3
1	4	2
0	4	4
1	3	0
1	1	0
0	8	5
0	9	9
1	1	0
0	6	5
0	4	4
0	7	7
1	1	0
0	2	2
0	2	2
1	7	2
0	5	4
0	2	1
1	1	0
1	7	1
0	9	8
0	3	3
1	2	0
0	1	1
0	11	5
0	11	4
0	3	3
0	5	3
1	1	0
1	1	0
0	5	4
0	5	4
0	65	22
0	5	5
0	3	3
0	1	1
1	4	2
1	1	0
0	3	2
0	5	3
0	2	1
0	8	8
0	4	4
0	2	2
1	2	1
1	1	0
0	12	11
0	6	6
0	1	1
1	1	0
0	55	12
0	4	2
0	2	2
1	3	1
0	5	5
0	5	4
0	3	3
0	126	79
0	6	6
0	6	5
0	2	1
0	6	5
0	4	2
1	2	1
1	2	1
1	2	0
0	2	1
0	2	2
0	2	1
0	5	3
1	1	0
0	2	2
0	2	1
0	4	3
0	4	4
0	3	3
1	2	0
0	5	2
1	2	0
1	2	0
1	2	1
0	57	47
0	7	4
0	3	3
0	2	2
0	3	3
0	6	6
0	5	4
0	6	6
0	6	6
0	65	34
0	5	5
0	9	8
0	8	8
0	55	36
0	3	2
0	9	5
0	3	2
1	8	2
0	3	3
1	1	0
0	2	2
0	6	6
0	94	93
1	2	0
1	75	19
1	1	0
0	2	2
0	2	1
0	4	4
0	13	11
1	1	0
0	26	22
0	4	2
1	2	1
0	18	14
0	2	2
0	9	7
1	1	0
0	14	12
1	2	0
0	14	11
1	3	1
0	9	8
0	5	3
0	9	9
0	9	8
0	19	15
0	9	7
1	2	1
1	2	0
1	2	0
1	2	0
1	1	0
1	1	0
1	2	1
1	1	0
0	2	2
1	4	1
1	1	0
0	8	8
0	5	5
1	1	0
0	1	1
1	3	0
0	6	3
0	9	6
1	1	0
0	7	7
0	3	3
0	5	4
0	28	26
0	3	2
1	3	1
1	4	1
0	25	24
0	20	17
1	1	0
0	33	25
1	1	0
0	6	6
1	2	1
1	1	0
0	9	5
0	3	1
1	1	0
0	6	4
0	23	20
0	9	9
1	1	0
1	1	0
0	2	2
0	4	4
0	1	1
0	5	5
0	9	8
0	21	14
0	21	15
0	2	2
0	13	13
0	13	12
1	3	1
1	2	0
0	85	77
0	10	10
0	2	2
1	2	1
0	17	15
0	2	1
1	1	0
0	1	1
1	1	0
1	1	0
0	3	2
0	4	4
0	1	1
0	5	5
0	2	2
0	4	4
0	1	1
1	2	0
0	2	2
1	1	0
1	1	0
0	2	1
0	69	60
0	69	61
1	8	3
0	8	7
1	1	0
0	8	5
0	6	4
0	7	5
0	1	1
0	3	3
0	3	2
0	11	10
1	2	1
0	4	2
0	4	3
0	110	92
1	1	0
1	1	0
0	2	1
0	4	3
0	2	2
0	4	4
0	2	2
1	1	0
1	1	0
0	5	5
1	5	2
1	1	0
0	12	11
1	14	3
0	1	1
1	2	0
0	7	7
1	2	0
1	1	0
0	9	9
1	2	0
0	4	4
0	3	3
0	3	1
1	1	0
0	39	19
0	79	49
0	7	7
0	1	1
0	8	7
0	8	6
1	1	0
0	46	32
0	15	14
0	46	36
0	10	9
0	7	6
0	7	6
1	5	2
0	5	5
0	8	5
0	14	6
0	42	26
1	1	0
0	42	27
0	9	8
0	3	2
1	1	0
0	9	9
0	4	3
0	7	7
0	79	52
0	2	2
0	32	22
0	17	14
0	17	13
0	32	23
0	3	3
0	29	21
1	2	0
0	1	1
0	5	5
0	6	6
0	6	6
1	3	1
1	1	0
0	5	2
0	5	5
1	1	0
1	1	0
1	1	0
0	8	8
0	1	1
1	2	0
1	4	1
0	1	1
0	3	2
0	3	3
1	1	0
0	6	6
1	1	0
0	7	7
1	1	0
0	13	12
0	7	7
0	5	3
1	1	0
0	1	1
0	1	1
1	3	0
0	14	12
0	2	2
0	7	5
0	14	13
1	1	0
0	3	2
0	3	3
0	3	3
0	19	13
1	3	0
0	4	4
1	1	0
0	18	11
0	18	10
0	2	1
1	1	0
1	1	0
1	2	1
1	2	1
1	1	0
1	2	0
0	1	1
1	2	0
0	2	2
1	3	1
0	4	2
0	2	1
1	1	0
1	1	0
0	9	9
0	7	6
0	3	1
0	5	4
0	10	8
0	10	7
0	5	5
0	5	4
0	2	2
1	1	0
0	30	16
1	6	1
0	1	1
1	2	1
0	1	1
0	9	9
0	20	20
0	3	3
1	2	1
1	1	0
0	2	1
1	1	0
0	2	2
0	8	8
0	3	3
0	23	9
1	2	1
1	1	0
0	13	10
0	135	119
0	3	2
0	31	20
1	2	0
0	2	2
0	3	2
1	1	0
0	3	3
0	2	2
0	8	8
0	8	7
0	1	1
0	3	2
0	2	1
1	2	1
0	4	4
0	4	2
0	2	2
1	1	0
0	26	7
0	1	1
0	5	4
1	1	0
1	3	1
1	6	3
0	33	31
1	2	1
0	4	3
0	2	2
1	5	1
0	10	9
0	1	1
0	3	3
1	1	0
1	2	0
1	3	0
0	5	5
0	5	3
1	1	0
0	11	11
0	6	4
0	1	1
1	3	1
1	2	1
1	7	2
0	2	2
1	1	0
0	6	4
0	2	1
0	60	42
0	5	5
1	6	1
0	8	7
0	8	4
1	1	0
0	5	4
0	4	2
0	10	8
0	9	8
1	2	0
1	2	0
0	5	5
1	2	0
0	6	6
0	3	3
1	1	0
0	1	1
0	17	14
1	1	0
0	4	4
0	7	7
0	7	6
0	3	3
1	1	0
0	4	4
0	2	2
0	27	18
1	4	2
1	1	0
0	5	5
1	1	0
0	142	124
0	14	12
0	142	123
0	14	11
0	7	7
0	1	1
0	1	1
1	1	0
0	3	3
0	3	3
1	2	0
0	5	4
0	8	8
0	3	2
1	5	2
0	3	2
1	6	3
1	2	1
0	3	3
0	4	4
0	2	2
1	1	0
0	9	4
0	25	19
0	3	3
0	3	3
0	5	4
0	5	3
0	5	5
0	28	27
0	2	2
0	5	4
0	8	8
0	24	17
1	1	0
0	2	2
0	25	23
0	6	3
1	1	0
0	3	2
1	1	0
0	3	2
0	1	1
0	2	1
1	1	0
1	2	1
1	1	0
0	6	4
1	1	0
0	2	2
0	1	1
0	2	1
0	1	1
0	2	2
0	2	1
1	3	1
1	1	0
0	1	1
0	1	1
0	6	3
0	1	1
0	2	2
1	1	0
0	2	2
1	1	0
0	14	12
0	5	5
1	1	0
0	24	20
1	1	0
0	86	81
0	3	3
0	7	5
0	1	1
0	7	4
0	10	5
1	1	0
1	10	1
0	9	6
0	9	7
1	1	0
0	5	2
0	2	2
0	14	11
1	10	4
1	1	0
0	4	4
0	12	12
1	1	0
0	2	2
1	8	1
1	3	1
0	5	2
1	2	0
1	8	2
0	5	4
0	5	3
0	2	2
1	2	0
0	1	1
1	4	1
0	2	1
0	1	1
1	6	2
0	14	12
0	3	2
0	3	3
0	6	6
0	5	4
1	2	0
0	42	37
0	2	2
0	3	2
1	3	1
1	2	0
0	1	1
0	5	4
1	1	0
0	1	1
1	1	0
0	3	3
1	1	0
0	1	1
0	3	3
0	1	1
0	3	2
1	2	0
1	5	1
0	2	1
0	11	11
0	2	2
1	2	1
0	3	3
0	2	2
1	2	1
0	1	1
0	3	2
1	2	1
0	3	3
0	8	8
1	2	0
1	2	1
0	4	3
1	1	0
0	2	2
0	40	36
0	4	4
1	2	0
0	3	2
1	3	1
0	8	8
0	57	46
0	2	2
0	48	37
0	48	36
1	1	0
0	2	1
1	5	2
0	4	4
1	3	1
1	6	2
0	1	1
0	32	22
0	32	23
1	2	0
0	23	21
0	2	1
0	6	2
0	22	20
0	57	32
0	2	2
0	31	31
0	4	2
0	4	3
0	1	1
1	2	1
1	1	0
1	5	2
0	4	4
0	30	17
0	14	10
0	4	3
0	31	27
0	1	1
0	8	7
0	7	4
1	1	0
0	4	2
0	9	7
0	2	2
1	6	2
0	22	17
0	40	32
0	30	26
0	3	3
0	7	7
1	3	0
0	17	17
1	1	0
0	3	3
0	1	1
0	2	2
1	1	0
0	1	1
0	4	4
1	1	0
0	1	1
1	2	0
1	2	1
0	5	3
1	1	0
0	5	3
0	11	10
1	1	0
0	5	2
1	5	1
1	5	0
0	221	212
0	9	7
0	1	1
0	1	1
0	4	2
1	2	0
1	1	0
0	1	1
1	3	1
1	2	1
0	3	2
0	2	1
0	7	7
0	10	8
1	1	0
1	1	0
1	1	0
0	15	9
1	14	5
0	6	3
0	4	3
1	4	2
1	1	0
0	3	2
0	13	8
0	4	3
0	4	2
0	1	1
0	4	2
1	2	0
1	1	0
0	3	2
0	13	13
1	2	0
0	5	2
1	2	1
0	2	2
1	2	1
1	1	0
0	2	2
0	4	4
0	53	40
0	6	5
1	3	1
0	2	1
0	2	2
0	9	5
1	2	0
0	4	4
0	3	2
0	2	2
1	2	1
0	1	1
1	1	0
1	3	1
1	2	0
1	2	1
0	5	5
0	3	3
0	4	4
0	30	28
0	3	2
1	2	0
0	30	27
1	5	1
1	5	2
0	2	2
0	3	2
0	30	23
0	2	1
0	2	2
0	8	7
0	9	7
1	2	0
1	1	0
1	2	0
0	9	8
1	2	1
0	3	3
1	2	0
1	1	0
0	6	3
1	1	0
0	6	5
1	15	5
1	1	0
0	48	43
0	163	154
0	3	2
0	3	3
0	2	2
0	2	2
1	17	4
1	1	0
1	1	0
0	3	3
0	15	15
0	4	3
0	3	2
1	1	0
1	1	0
0	77	72
0	9	5
0	18	11
0	18	10
0	3	2
0	39	36
0	2	2
1	2	1
1	1	0
0	7	6
0	11	11
0	2	1
0	2	1
1	1	0
1	2	1
0	1	1
0	3	3
1	4	1
0	3	3
0	1	1
1	1	0
0	5	3
0	2	2
0	6	5
1	1	0
1	2	1
0	3	2
1	3	0
0	3	3
0	9	6
0	9	7
1	6	0
0	3	2
0	2	2
0	5	2
0	7	6
0	7	7
0	3	3
0	122	115
0	4	4
0	30	29
0	3	3
0	3	2
0	5	3
1	1	0
0	6	6
0	4	4
0	32	21
1	1	0
0	3	3
0	18	15
0	18	14
0	32	27
0	7	7
0	1	1
0	2	2
1	1	0
0	1	1
0	10	10
1	4	1
1	2	0
0	2	1
1	3	1
1	2	1
0	4	4
1	2	0
1	30	8
0	3	3
1	1	0
0	3	2
0	8	7
1	1	0
0	3	3
1	1	0
0	10	10
1	3	0
0	2	1
0	4	2
1	2	0
1	2	0
0	17	13
0	9	9
1	1	0
0	4	2
0	2	2
1	1	0
1	1	0
0	6	6
0	10	10
0	5	5
1	3	1
1	2	1
1	2	0
0	6	4
0	7	5
0	4	1
0	12	12
1	2	1
0	5	5
0	4	4
0	2	2
0	7	7
0	4	3
1	1	0
0	4	3
0	5	5
0	6	5
0	2	2
0	6	3
1	2	0
1	2	0
1	1	0
0	17	6
0	3	1
0	17	7
0	9	8
0	53	51
0	2	2
1	1	0
0	4	4
0	7	7
1	1	0
0	3	3
0	9	7
0	2	1
0	10	10
0	3	3
0	4	4
0	2	2
1	2	0
0	1	1
0	2	1
0	4	3
0	3	3
0	1	1
0	153	130
1	3	1
0	12	8
0	1	1
1	3	1
0	3	3
0	114	106
0	2	2
0	1	1
0	2	1
0	2	2
0	10	10
1	1	0
0	1	1
0	5	5
0	2	1
0	153	128
0	2	2
0	2	2
0	3	3
0	4	3
1	1	0
1	1	0
0	5	4
0	51	51
0	4	3
1	2	0
0	2	1
0	3	3
0	2	1
0	2	2
0	4	3
1	1	0
1	2	1
1	2	1
0	5	4
0	10	9
1	3	1
1	4	1
0	12	9
1	1	0
0	2	2
1	20	1
0	4	4
0	1	1
0	15	15
0	15	14
0	3	3
1	1	0
0	29	28
1	1	0
0	5	3
1	2	1
0	27	25
1	1	0
0	3	3
0	2	2
0	5	4
0	5	3
0	3	3
1	1	0
0	4	2
0	14	8
1	3	1
0	14	6
0	4	3
1	1	0
1	3	0
0	2	1
1	1	0
1	9	3
1	6	3
0	2	2
0	2	2
0	7	7
0	12	10
0	1	1
0	3	1
0	6	5
0	46	39
1	1	0
0	2	1
0	49	40
1	1	0
0	3	3
0	2	2
0	2	2
0	2	2
0	2	2
0	3	3
0	6	4
0	38	31
0	2	1
0	3	3
0	6	3
0	8	7
1	2	0
0	49	46
0	2	2
1	1	0
0	8	8
0	3	2
1	1	0
0	6	4
0	7	4
0	118	87
0	4	3
0	118	88
0	5	4
0	3	3
0	3	3
0	53	44
0	53	42
0	2	1
1	1	0
0	43	40
0	13	12
0	7	6
0	8	6
1	3	0
0	66	40
0	118	90
0	3	3
1	8	3
0	19	17
0	19	16
0	3	3
0	2	2
1	2	0
1	2	0
1	1	0
1	1	0
0	11	10
1	2	0
0	13	10
0	74	44
0	9	8
1	2	0
1	2	0
0	3	2
0	2	2
0	16	15
1	1	0
0	2	2
0	2	1
0	7	5
1	2	0
0	7	6
0	4	4
1	1	0
1	10	3
0	15	8
1	2	0
0	15	7
1	1	0
0	172	26
0	9	9
1	1	0
1	1	0
1	1	0
1	1	0
0	7	6
0	9	7
0	1	1
0	3	3
1	1	0
0	15	7
0	15	5
0	4	4
0	3	3
0	29	23
0	3	2
0	1	1
0	6	5
0	2	1
0	15	10
1	3	1
0	6	6
0	6	3
0	2	1
1	2	0
1	1	0
0	2	2
1	1	0
1	1	0
1	1	0
0	3	3
0	8	7
0	2	1
1	1	0
1	2	0
0	2	2
1	56	14
0	79	55
1	1	0
0	79	57
0	2	2
1	1	0
0	74	63
0	2	2
0	74	62
0	29	13
1	2	1
0	9	9
0	1	1
0	3	2
0	9	4
0	3	3
0	9	6
0	3	3
1	1	0
0	7	6
0	7	5
0	2	2
0	4	3
1	2	0
0	7	3
0	3	3
0	4	3
1	5	1
0	4	3
0	4	4
0	18	12
1	1	0
0	3	2
1	3	0
0	18	15
0	17	11
0	3	3
0	2	1
0	15	13
1	2	0
1	2	1
1	1	0
1	1	0
0	8	7
0	8	6
1	1	0
1	1	0
0	7	7
0	1	1
1	1	0
0	2	2
1	4	1
0	20	11
0	20	12
1	7	2
0	12	10
0	7	5
1	1	0
0	2	1
0	7	3
1	1	0
1	1	0
0	6	6
0	5	3
0	2	2
1	2	1
1	1	0
0	3	3
0	8	6
1	17	1
0	6	6
0	6	5
1	1	0
0	16	11
0	7	7
1	2	1
0	11	10
1	2	0
0	11	11
0	5	5
1	2	1
0	5	4
0	3	2
0	5	4
0	6	3
1	1	0
0	6	4
0	7	7
0	10	9
0	10	8
0	7	5
0	2	2
0	2	2
1	1	0
0	117	55
0	3	3
1	2	0
0	1	1
0	4	3
1	2	0
0	8	6
1	1	0
0	8	4
0	2	2
0	1	1
0	22	13
1	3	1
0	1	1
0	7	7
0	16	16
0	2	2
1	2	1
0	1	1
1	2	0
0	3	3
0	6	4
0	2	2
1	1	0
1	1	0
1	2	1
1	4	1
1	2	1
0	2	2
1	4	2
0	46	36
1	5	1
0	4	4
0	4	3
0	4	2
1	1	0
1	1	0
1	22	4
1	1	0
1	1	0
0	2	2
0	13	9
1	1	0
1	1	0
0	9	9
1	2	0
0	46	44
0	9	8
1	4	0
0	2	2
1	5	1
0	89	67
0	323	302
0	323	303
1	1	0
0	3	2
0	41	30
0	41	31
0	4	4
0	6	5
0	3	3
0	5	5
1	1	0
0	8	5
1	3	0
0	8	7
1	3	1
0	4	3
0	4	4
1	1	0
0	3	2
0	3	3
0	1	1
0	2	2
0	2	2
1	1	0
1	2	1
1	2	0
1	1	0
0	6	3
0	5	4
0	9	9
1	6	0
0	14	11
0	7	7
0	5	5
1	2	0
1	1	0
0	3	2
0	3	1
0	2	2
0	6	5
0	8	7
0	15	10
1	7	1
1	1	0
0	22	20
0	7	5
0	2	2
0	1	1
1	2	0
0	83	75
1	4	1
1	14	1
0	83	76
1	1	0
0	9	9
0	38	29
0	5	3
0	16	6
0	16	5
0	13	12
0	4	3
0	2	2
0	4	4
0	7	7
0	7	4
1	1	0
0	38	33
0	38	32
1	2	1
0	5	4
0	20	14
0	19	14
0	2	2
1	1	0
0	6	3
0	2	2
0	2	2
0	2	1
0	10	8
0	3	3
0	7	7
1	2	0
0	4	4
1	3	1
0	3	3
0	5	4
0	2	2
1	1	0
0	2	1
0	2	1
0	9	7
0	7	7
0	4	4
1	1	0
0	13	9
0	2	2
0	10	9
1	1	0
0	3	3
0	5	1
1	7	1
1	2	0
0	1	1
0	3	3
1	2	1
0	9	5
0	8	8
0	3	2
0	2	1
0	304	281
0	2	2
0	304	282
0	7	6
1	2	0
1	1	0
0	12	10
1	2	1
0	14	13
1	1	0
0	1	1
0	2	2
0	8	4
0	6	4
0	1	1
0	3	2
0	14	11
0	40	40
1	4	1
0	24	24
1	2	0
1	11	0
0	6	4
0	6	5
0	3	3
0	5	4
0	229	189
0	6	5
1	5	2
1	6	1
1	1	0
0	229	191
0	4	4
0	2	2
0	8	8
0	3	2
0	40	36
0	12	12
0	11	9
0	11	8
1	5	1
0	7	6
0	5	5
1	1	0
0	7	3
0	21	16
0	21	17
0	5	5
0	10	9
0	10	8
0	10	10
0	2	2
0	8	6
1	1	0
0	9	9
0	80	79
0	4	3
0	8	8
0	5	4
0	5	4
1	2	1
0	4	3
0	3	2
0	3	3
1	1	0
0	2	2
1	3	1
1	2	0
1	14	1
0	2	2
0	2	2
1	1	0
0	22	18
0	1	1
1	4	2
0	6	2
1	5	1
1	1	0
0	3	2
1	9	1
0	10	9
1	3	1
0	3	3
0	26	17
1	1	0
0	22	21
1	1	0
1	1	0
0	33	19
0	5	4
0	5	4
1	1	0
1	1	0
0	33	18
0	1	1
0	3	2
0	28	19
0	2	2
1	5	1
1	3	1
1	5	1
0	14	7
0	28	10
0	7	7
1	3	1
1	26	5
1	1	0
0	14	12
0	2	2
1	4	1
1	1	0
1	1	0
1	3	1
1	3	1
1	2	0
1	1	0
0	1	1
0	7	6
0	6	4
0	7	4
0	2	2
0	5	5
0	5	4
1	2	0
0	72	41
1	2	0
0	4	3
1	1	0
1	2	1
0	5	5
1	2	0
0	3	2
0	2	1
0	3	3
0	2	2
1	8	2
1	3	1
0	4	2
0	3	2
0	2	2
0	4	3
0	3	3
1	1	0
0	2	2
0	3	3
0	2	2
0	3	2
0	4	4
0	3	3
0	3	1
0	83	48
0	10	8
1	3	1
1	1	0
0	17	17
1	1	0
0	3	3
0	7	6
0	3	2
1	8	2
0	6	6
1	1	0
0	3	2
0	5	5
0	12	10
1	3	1
0	5	4
0	5	5
0	2	2
1	1	0
1	1	0
0	2	2
1	15	6
0	4	4
0	3	3
0	2	2
1	4	2
0	8	4
1	1	0
1	1	0
0	6	4
0	3	2
0	4	4
1	1	0
0	5	4
1	1	0
0	5	5
1	3	0
1	1	0
1	15	7
1	1	0
0	2	1
1	2	0
0	1	1
0	2	2
0	36	36
0	10	10
1	1	0
0	6	6
0	6	5
1	3	1
1	1	0
0	5	3
0	2	1
0	2	2
0	62	58
0	13	12
0	1	1
0	24	15
0	48	33
0	6	5
1	3	1
1	1	0
1	4	2
1	2	0
0	1	1
0	5	5
0	79	75
0	79	74
0	3	2
0	3	1
1	1	0
1	2	1
0	4	2
0	1	1
0	46	21
1	1	0
0	1	1
0	48	29
1	2	1
1	3	0
1	1	0
0	8	8
1	1	0
0	4	3
1	3	1
1	1	0
0	9	7
0	39	36
0	5	4
0	5	3
0	2	1
0	4	4
0	11	11
0	4	4
0	6	4
0	4	4
0	13	13
0	9	8
1	1	0
1	1	0
1	1	0
0	2	2
1	1	0
0	2	1
1	2	1
0	6	6
1	2	1
0	3	3
1	2	1
1	6	2
1	3	1
1	3	1
0	8	5
1	2	0
1	2	1
0	3	3
1	4	2
0	5	5
1	3	1
1	1	0
0	5	4
0	1	1
1	8	3
1	1	0
1	1	0
1	2	0
0	5	2
0	3	2
0	4	4
0	4	3
0	2	2
0	6	6
0	2	2
0	3	3
1	1	0
0	4	1
0	3	3
1	2	1
0	16	2
0	5	3
0	5	3
0	67	67
0	67	66
0	67	64
1	1	0
1	1	0
1	1	0
1	39	2
0	7	6
1	1	0
0	3	3
0	6	6
0	3	2
0	11	11
0	11	7
0	5	3
0	11	7
0	2	1
0	5	3
1	8	4
0	4	3
1	1	0
0	1	1
1	1	0
0	4	4
0	2	2
0	5	5
0	40	28
0	5	5
0	8	4
1	1	0
0	2	2
0	11	9
0	1	1
1	1	0
1	2	1
1	1	0
0	2	1
1	15	5
0	2	2
0	3	2
0	5	4
0	3	3
0	3	3
0	3	3
0	2	1
0	85	71
0	18	9
1	1	0
1	1	0
0	1	1
0	12	10
0	3	3
0	3	3
0	4	4
1	1	0
0	85	69
1	6	2
0	2	2
0	4	2
0	5	4
1	2	1
0	2	1
1	2	0
1	3	1
1	1	0
0	5	4
0	32	30
0	33	24
0	7	7
0	10	10
0	14	10
0	14	11
0	1	1
1	2	0
1	1	0
0	1	1
0	20	18
0	8	7
0	3	3
1	1	0
0	7	6
1	1	0
1	1	0
0	20	14
0	2	2
0	2	1
0	2	1
0	1	1
0	2	2
0	3	3
1	9	3
0	2	2
0	1	1
0	2	2
0	6	6
0	2	2
0	1	1
0	9	5
0	5	4
0	34	25
0	34	23
0	2	2
0	6	6
0	2	2
1	2	0
0	2	1
0	2	2
0	7	7
0	13	13
0	8	8
1	8	4
1	1	0
1	1	0
0	8	7
0	10	10
0	8	6
0	5	4
0	8	7
0	1	1
0	46	36
0	33	18
1	2	0
1	2	0
0	8	3
1	1	0
0	1	1
0	13	12
0	20	18
1	1	0
0	10	7
1	2	0
1	3	1
1	3	0
1	2	1
0	56	39
1	32	5
1	1	0
0	10	6
1	1	0
0	41	41
0	1	1
0	12	8
0	3	1
0	8	6
0	8	8
0	2	2
0	7	4
0	4	4
0	11	11
0	4	3
1	2	0
0	85	57
0	2	1
0	10	7
1	9	4
0	3	2
0	3	1
0	3	2
0	7	4
0	1	1
1	1	0
0	5	5
1	2	0
1	2	1
1	1	0
0	3	2
1	3	1
0	7	4
0	1	1
0	4	4
0	37	24
0	8	7
0	11	11
0	200	190
0	8	8
1	1	0
1	2	1
0	6	6
1	1	0
1	2	0
0	2	2
1	1	0
0	2	2
0	10	7
0	3	3
1	2	1
0	5	5
1	2	0
0	5	5
0	3	2
0	4	4
1	3	1
1	1	0
0	6	6
0	8	8
0	3	3
0	3	2
0	8	8
0	8	7
0	5	4
0	8	7
0	1	1
0	4	3
0	1	1
0	4	2
1	1	0
0	1	1
0	2	2
0	40	32
1	2	0
1	1	0
0	40	33
1	1	0
0	1	1
1	3	1
0	3	3
0	5	4
0	5	5
0	4	3
0	5	5
1	1	0
0	8	7
1	1	0
0	23	12
1	1	0
1	2	1
0	3	3
0	23	11
0	6	6
0	3	2
1	1	0
0	4	4
0	2	2
0	6	4
1	1	0
0	4	4
1	1	0
0	2	1
1	3	1
1	1	0
1	1	0
1	3	0
0	2	2
0	5	5
0	75	65
0	10	7
0	5	4
1	1	0
1	3	0
1	2	1
0	5	4
1	2	0
0	10	10
0	2	2
0	3	3
1	1	0
0	3	2
1	1	0
0	94	77
1	7	1
0	3	3
0	10	5
1	1	0
0	13	13
0	11	8
1	7	2
1	1	0
0	37	35
0	3	1
0	1	1
0	19	13
1	3	1
0	1	1
0	2	2
0	5	3
0	5	4
1	5	2
0	1	1
0	10	5
0	4	3
0	2	2
0	37	29
1	1	0
0	75	57
0	5	5
1	1	0
0	1	1
0	4	3
0	75	64
0	8	8
1	1	0
0	2	2
0	12	11
1	3	1
0	5	3
0	13	7
1	2	0
1	1	0
0	3	2
1	2	0
0	3	3
0	2	2
0	2	2
0	2	1
1	2	0
0	2	2
0	35	26
0	4	2
0	4	4
0	1	1
1	1	0
0	2	1
0	4	3
0	1	1
1	8	1
0	3	2
0	7	5
0	4	3
1	1	0
1	1	0
0	4	4
1	2	0
1	1	0
0	10	6
0	77	17
0	6	5
1	2	1
0	3	2
0	6	4
0	3	3
0	4	4
0	5	2
1	2	0
0	32	25
1	2	1
1	1	0
1	2	0
0	2	2
0	6	6
0	3	3
1	2	0
0	2	1
0	9	8
0	5	5
0	10	10
0	2	2
0	4	2
0	3	3
1	1	0
0	5	4
1	1	0
1	1	0
0	5	5
0	3	2
1	1	0
0	1	1
1	1	0
0	3	3
1	2	1
0	4	2
0	9	9
0	7	4
1	1	0
1	2	0
1	2	0
0	14	7
0	13	11
0	7	5
0	5	4
0	12	12
1	2	0
0	6	6
0	8	8
0	4	3
0	5	4
0	3	3
0	3	2
0	7	7
1	1	0
0	3	3
1	3	1
0	4	3
1	2	0
0	2	2
0	8	7
0	4	2
1	1	0
1	1	0
0	8	8
0	8	7
1	1	0
0	4	4
0	5	4
0	3	3
0	3	3
0	7	5
0	7	6
0	3	3
0	3	1
0	1	1
0	3	1
0	7	5
0	77	63
0	3	2
0	7	6
0	1	1
0	2	1
0	2	2
0	3	3
0	1	1
0	6	4
0	4	3
0	6	6
1	1	0
0	18	17
0	26	14
1	1	0
0	2	2
0	2	2
1	1	0
0	7	4
0	3	2
1	1	0
0	6	4
0	6	3
0	19	16
1	1	0
1	2	0
0	58	48
0	4	4
0	5	5
1	1	0
0	5	5
0	5	4
0	5	3
0	4	4
1	2	0
1	11	6
0	6	5
0	5	5
0	10	7
1	3	1
0	37	6
0	3	3
1	9	1
1	2	1
1	1	0
0	8	8
0	6	6
1	1	0
0	4	2
1	1	0
0	3	3
0	3	2
0	5	5
0	7	5
0	7	6
1	1	0
1	4	1
1	1	0
0	10	10
0	18	13
0	18	12
0	5	3
0	4	4
1	1	0
0	1	1
0	3	2
0	3	3
0	2	1
1	1	0
0	1	1
0	11	9
1	1	0
0	9	5
1	2	0
0	8	7
0	4	4
1	1	0
0	3	2
0	3	3
0	2	2
1	7	2
0	11	11
0	2	2
0	11	8
0	1	1
0	8	4
1	1	0
0	3	1
0	2	2
0	96	86
0	3	2
1	1	0
0	4	3
0	5	5
0	14	12
1	4	1
1	1	0
0	12	5
1	5	1
0	1	1
0	2	2
0	12	6
0	2	2
0	6	6
0	1	1
0	35	31
0	3	3
1	2	1
1	1	0
1	3	0
1	3	1
1	2	1
0	7	4
0	4	3
1	1	0
1	1	0
1	2	1
0	6	4
0	5	5
0	5	5
0	9	9
0	2	2
0	58	56
0	2	2
1	1	0
0	2	1
0	5	3
0	3	2
1	1	0
0	5	4
0	14	14
1	5	2
0	38	32
0	11	9
0	2	2
0	3	3
1	2	0
0	4	2
0	4	4
1	3	0
0	8	6
1	1	0
1	11	1
0	7	5
1	2	0
0	25	21
1	7	2
0	6	4
0	8	7
1	1	0
0	6	5
0	9	8
0	9	6
0	8	7
0	3	2
1	1	0
0	2	2
1	6	2
0	2	2
0	2	2
1	2	0
0	3	3
0	9	9
0	6	6
1	3	0
0	1	1
0	6	5
0	3	3
0	2	2
0	3	3
0	1	1
0	1	1
0	2	1
1	1	0
0	1	1
1	1	0
0	2	1
1	1	0
0	2	2
0	15	15
0	4	4
0	4	4
1	1	0
0	1	1
0	7	7
0	2	1
0	5	4
0	3	3
0	3	2
1	1	0
1	1	0
1	1	0
0	7	2
0	4	4
1	1	0
0	7	4
0	5	3
0	9	8
0	9	7
0	8	5
0	2	2
1	7	1
0	8	5
0	9	9
1	2	0
0	6	5
0	6	6
0	6	6
0	17	15
1	3	1
0	5	3
0	2	2
0	4	4
0	40	33
0	40	32
0	5	5
0	4	4
0	4	3
1	3	1
1	2	0
1	1	0
0	6	6
1	5	1
0	6	5
0	14	10
0	5	4
0	226	36
0	14	11
0	1	1
0	8	6
0	1	1
1	16	2
0	216	172
0	23	7
0	216	173
0	14	6
0	6	4
1	4	2
0	6	5
0	4	4
0	4	2
0	45	30
0	2	2
1	3	1
1	3	0
0	18	16
0	8	5
0	1	1
1	1	0
0	6	4
1	1	0
0	4	4
0	6	6
0	3	3
1	1	0
0	78	53
1	1	0
1	11	2
0	4	4
0	2	1
1	2	1
1	1	0
0	1	1
0	5	3
1	2	1
0	63	52
0	7	4
0	3	2
0	2	1
1	1	0
1	10	4
1	4	1
0	2	2
1	2	0
0	2	2
0	5	5
0	19	15
0	9	8
0	5	4
0	4	4
0	4	3
1	2	0
0	6	6
1	2	1
0	1	1
1	1	0
0	18	17
0	2	2
1	3	0
0	8	6
1	3	0
0	2	2
0	42	39
0	15	11
1	1	0
0	32	28
0	6	4
0	6	4
0	4	4
0	9	7
0	5	2
0	3	2
0	3	3
1	18	6
0	5	4
0	3	2
0	3	3
0	8	4
1	1	0
0	26	22
0	7	7
0	2	2
0	4	3
1	2	0
0	26	20
0	3	3
0	4	4
0	1	1
0	2	2
0	5	3
1	7	3
0	4	4
0	4	4
0	3	3
0	3	3
0	19	19
0	2	2
1	2	1
0	20	9
0	4	4
1	2	1
1	1	0
0	106	86
1	1	0
0	7	5
0	5	5
1	1	0
1	1	0
1	1	0
0	7	6
0	1	1
1	1	0
0	22	20
1	1	0
1	1	0
0	1	1
0	2	1
1	1	0
0	12	10
0	6	5
1	1	0
0	7	4
1	1	0
1	1	0
0	26	18
1	2	0
0	13	9
1	1	0
0	3	2
0	4	3
0	7	7
1	1	0
0	14	11
1	2	1
0	3	2
0	5	2
0	2	2
0	3	2
0	3	2
0	7	7
0	3	3
0	31	30
0	1	1
0	26	14
1	1	0
1	1	0
0	5	2
0	3	3
0	14	9
0	4	4
0	1	1
0	3	3
0	5	3
1	2	0
0	2	2
1	1	0
0	3	1
0	6	5
1	1	0
1	1	0
0	6	6
1	1	0
1	3	1
0	4	3
0	3	2
1	2	1
1	2	0
1	1	0
1	18	3
0	35	19
0	73	69
1	2	0
1	4	1
0	35	18
0	17	12
1	2	1
1	1	0
0	13	12
0	2	2
0	10	10
0	4	3
0	4	3
1	2	0
0	4	4
1	3	0
0	1	1
1	3	1
1	1	0
0	22	7
1	3	0
0	11	11
0	12	11
1	2	0
1	1	0
0	2	1
0	5	4
0	5	5
0	5	5
0	3	2
1	5	1
0	1	1
0	106	70
1	5	1
0	110	98
1	1	0
1	6	2
0	1	1
1	1	0
0	2	2
1	1	0
1	2	1
0	7	2
0	6	6
0	2	2
1	1	0
0	8	6
0	2	1
1	4	1
1	1	0
0	6	6
1	2	1
1	5	1
0	8	4
0	2	2
0	7	6
0	2	2
1	3	0
0	2	2
0	2	2
0	6	3
1	2	1
1	1	0
0	9	3
1	2	1
0	2	2
0	38	37
1	1	0
0	7	5
1	8	1
0	5	4
0	3	3
1	4	1
1	1	0
0	38	33
0	3	2
0	2	2
0	1	1
0	2	2
0	6	4
1	3	1
1	2	0
1	5	2
0	1	1
0	3	3
0	3	2
0	6	6
0	8	8
0	1	1
1	1	0
0	1	1
1	2	0
1	1	0
1	2	0
0	8	7
0	7	6
0	7	7
0	6	6
0	5	5
0	14	11
0	2	1
0	4	3
0	6	2
0	7	6
0	2	1
0	2	2
1	9	3
1	1	0
1	1	0
0	18	15
1	4	1
0	12	12
0	25	20
0	4	4
0	3	3
0	3	3
0	7	4
0	7	5
1	1	0
0	23	5
1	2	0
1	4	0
0	3	3
0	3	2
0	2	1
0	23	4
0	2	1
1	1	0
1	3	1
0	8	4
0	150	135
0	8	7
1	1	0
0	2	1
0	10	6
0	2	2
0	10	7
1	1	0
0	3	2
0	6	4
0	6	6
1	2	0
0	1	1
0	1	1
0	8	4
0	1	1
1	1	0
0	15	9
1	1	0
0	3	3
0	25	24
1	2	0
0	6	6
1	2	0
1	1	0
0	13	11
0	3	3
0	3	2
0	3	2
0	2	2
1	1	0
1	3	1
0	5	5
0	26	15
0	4	4
0	5	4
0	15	12
0	4	4
0	24	9
1	3	1
0	5	5
0	3	3
0	3	2
1	1	0
0	2	1
0	1	1
0	3	3
0	20	9
1	1	0
0	20	17
0	5	2
1	1	0
0	12	9
0	12	8
1	2	1
0	5	5
0	83	66
0	2	2
0	5	5
0	4	4
0	150	104
0	3	3
0	24	20
0	6	3
0	1	1
0	2	2
0	9	6
0	5	5
0	12	8
0	8	7
0	4	4
1	1	0
0	8	8
0	3	3
0	163	109
0	163	107
1	6	1
0	2	2
1	1	0
1	14	4
0	4	4
1	2	1
1	3	1
0	4	3
0	3	3
0	4	4
1	2	1
0	5	2
0	73	64
0	5	4
1	1	0
1	1	0
0	2	2
0	5	4
1	2	1
1	6	1
0	69	65
1	3	0
0	3	2
0	8	8
1	5	1
1	3	1
1	1	0
0	5	5
0	3	2
0	2	2
0	1	1
0	8	7
0	1	1
0	2	1
0	6	3
0	8	8
0	1	1
1	1	0
0	5	3
0	3	2
0	4	4
1	1	0
1	4	1
1	2	0
0	2	2
0	2	2
1	2	1
0	6	6
1	1	0
1	2	0
0	147	118
0	5	3
0	147	110
0	5	3
0	3	2
1	9	3
1	2	0
0	28	28
0	28	27
0	8	6
0	4	4
0	24	21
1	1	0
1	1	0
0	13	10
