256	2	514	3	259	4	5	519	10	266	778	16	1041	26	1307	29	286	547	549	1327	1328	1330	51	563	52	53	1336	317	318	832	333	589	590	339	1108	1112	604	860	93	606	865	1378	611	1379	1380	101	104	877	112	880	1395	1400	892	895	1413	392	1416	137	905	906	910	912	1172	1430	666	411	923	156	668	1436	927	1439	929	1187	164	676	421	166	167	1448	1455	433	945	693	694	440	698	699	1470	714	203	717	1486	1488	721	468	470	471	476	1246	223	1248	227	231	743	745	748	1263	497	242	1267	762	252	253	510
709	6	902	7	327	457	1106	467	595	1171	148	149	1373	991	1375	1249	35	740	933	1381	1191	41	1385	813	815	188	830
1056	33	34	907	44	908	1007	850	819	628	151	823	603	763	573
0	1	522	525	527	528	17	18	20	21	22	27	28	1058	1061	550	1062	551	555	1069	1071	562	1075	577	578	579	76	77	1101	78	592	593	1109	1115	608	99	612	613	102	103	616	106	618	1130	619	109	110	1136	113	115	119	120	632	1144	633	122	636	125	126	638	639	1151	128	1152	132	133	645	1157	134	1158	1161	138	139	140	147	150	158	670	1184	673	163	678	680	683	1195	684	686	688	689	179	181	182	1208	697	1210	187	700	701	702	1218	196	201	202	718	1231	208	209	722	724	725	216	219	220	1245	738	1250	1261	1264	244	246	758	247	248	760	249	761	250	257	1283	261	262	263	1290	1291	1292	270	1294	271	784	273	785	276	788	277	278	279	280	281	793	282	794	283	284	803	1326	304	305	1339	1340	1356	1357	334	847	848	1362	1368	347	353	866	356	357	1382	871	361	362	364	367	368	882	1396	373	375	378	379	381	383	385	387	393	395	396	404	409	410	926	416	417	418	419	420	1449	426	1457	1459	958	447	448	961	971	972	973	463	466	978	473	990	483	486	488	1000	490	492	493	1005	494	1006	495	496	499	503	504	505
1489	1506	710	296	58	442	650	59	1212	750
258	770	1289	267	780	14	526	15	19	531	787	532	1044	541	30	31	1055	32	545	290	291	293	805	552	1320	1065	810	1323	1324	301	303	1073	1074	1331	820	1076	565	54	311	1338	571	828	1342	1345	1346	837	838	1350	583	328	584	841	330	1355	1100	344	859	1119	1377	1122	105	1386	111	1391	1393	1146	896	898	1154	388	900	904	1164	1423	1169	658	915	1429	406	919	152	1432	153	921	412	925	159	1185	422	423	935	1193	427	429	943	691	948	437	1206	951	443	1211	1474	451	968	970	460	462	719	720	472	730	988	733	734	994	1259	1262	1266	245	757	1270	1271	1017	1277
512	849	977	50	644	39	40
65	193	68	1284	1412	1287	617	45	46	49	81	1491	916	1492	1304	1305	1497	218	1405
515	520	11	12	1036	13	1037	1040	1296	791	1054	288	1312	801	802	36	295	1064	1325	816	60	61	320	323	324	1098	843	1105	85	86	88	858	350	862	869	1125	870	1127	873	874	363	1131	620	114	1138	116	630	1142	1398	631	1399	376	377	1145	129	897	1155	1411	389	901	391	1159	1418	146	1175	1176	154	922	157	1183	1440	162	1189	936	937	939	685	944	949	1463	952	444	704	708	966	206	210	726	1496	993	226	1251	996	485	741	742	1254	487	235	1003	749	238	498	1010	501	502
774	775	776	141	142	1038	143	783	1433	1434	1435	1309	1437	1310	1441	674	1442	1444	1445	1450	692	566	1080	315	572	62	63	959	1471	1089	1473	1220	1221	455	1479	456	1481	75	204	1484	207	335	1487	1360	1363	1366	87	1239	345	475	94	351	352	107	1147
1409	194	195	1029	199	839	72	73	331	918	983	1121	1123	1126	682	176	306	627	436	1269	1397	1207	441	956	1087
1280	1025	1281	1026	771	1027	1028	773	1285	1031	1032	777	268	781	786	1045	1301	790	1303	1048	539	797	1311	1314	806	808	42	554	43	556	558	47	559	48	1329	1077	1078	824	569	825	1337	1085	574	1086	575	576	1088	322	1090	325	581	585	1097	1099	844	79	80	336	1104	594	852	854	855	1111	1367	856	601	1113	861	96	1120	97	98	1124	875	878	1139	629	1141	118	1402	1148	1149	1150	384	1408	386	1410	1156	653	654	144	1425	1173	1177	924	669	1182	671	928	930	931	1188	1190	679	1447	1192	938	1196	941	1200	178	946	947	1460	1205	1464	185	953	1209	954	955	1213	960	1216	1222	711	712	1224	461	976	214	215	986	987	1243	484	1253	744	489	1257	234	1002	491	239	756	1268	759	1016	1272	1273	1274	765	766	511	767
1153	1282	1219	772	1092	1348	1415	1354	1482	1163	1421	1364	981	1240	90	91	1052	1053	287	1057	867	1059	868	1508	681	1066	1198	175	1135	1203	1204	1013	186	1406	1215
260	1030	521	779	1293	789	535	1047	538	1050	1051	798	799	544	546	1317	807	1063	553	1322	811	1067	812	1068	302	1072	818	309	310	822	568	570	1083	316	1084	829	1341	319	1344	66	67	835	580	69	1351	586	587	338	346	92	348	1116	605	1118	95	609	100	1129	1387	881	372	885	374	888	890	123	635	891	1403	124	637	1407	642	646	394	651	652	911	659	660	661	662	663	920	665	413	675	1443	168	424	1453	431	1199	1456	177	1201	434	180	438	950	445	449	1476	965	1477	1478	200	969	458	459	727	985	731	1499	732	1500	989	478	224	736	225	737	1505	739	995	1255	232	233	1001	236	1004	237	755	1012	507	508	1279
516	1288	269	1039	1295	1297	1042	533	534	23	24	792	537	1306	1308	1313	817	1081	1082	831	64	834	70	326	71	588	1358	1361	596	597	1365	598	599	600	89	349	1374	607	610	358	1383	1384	876	1388	622	370	626	371	884	1140	1143	121	1401	130	131	135	903	136	1160	649	1162	1165	1167	1168	914	1426	1427	1428	1431	664	155	1180	1181	1438	1186	172	439	1465	190	1214	191	1217	452	453	454	1225	1226	715	205	1229	1230	464	1232	1233	1234	723	1236	469	1237	1238	728	1241	1242	1498	1244	1503	229	997	230	746	241	1011	500	1015	1022
1472	1347	1475	197	1349	1414	647	840	1227	332	1420	399	591	337	1107	1110	536	1370	479	992	1376	998	1318	1128	1256	169	297	170	171	1451	1009	1202	821	1461	1079	827	1468	1278	1023	1343
183	1335	184	1178	1035
212	213	1174	747	1102
707	1093	1094	329	1417	1419	1166	272	400	913	274	1298	83	275	84	405	1493	1302	343	1495	1369	1371	1372	222	354	355	1507	228	1510	360	425	108	940	687	1392	690	883	886	1334	1462	887	889	506	1019	1467	1020	254	255
264	1352	265	713	716	398	657	530	917	857	602	540	289	481	932	1060	294	1194	1258	1132	1133	1014	567	634	826	1021
640	962	899	1286	1223	648	909	782	655	145	402	979	407	25	667	542	543	800	548	999	809	299	300	557	879	560	561	313	251	893	894
513	1490	307	403	308	853	934	1446	1117	846	1247
1504	450	1452	365	366	1359	432	752	1008	564	695	380	1501	1502
1024	1494	1321	1483	1197	414	415
672	529	804	677	696	523	524
643	614	615
624	625
705	706	982	984	1114	764
517	518	8	9	1299	1300	1049	285	1315	292	1316	37	38	1319	298	814	1070	55	56	312	57	314	321	833	1091	836	582	1095	1096	1353	74	842	845	1103	82	851	340	341	342	359	872	621	1134	623	369	1137	117	1404	382	127	641	390	397	656	401	1170	408	160	161	165	428	173	174	430	942	1454	1458	435	1466	189	1469	446	703	192	963	964	198	967	1228	1485	974	465	211	1235	980	217	729	474	221	477	735	480	482	1252	1509	1260	751	240	1265	243	1018	509
753	754	975
768	769	1046	1480
795	796	957
864	1424	1422	863
1043	1033	1034	1179
1275	1276
1394	1332	1333
1389	1390
