24	11424	27
80	7745	27
80	22302	27
118	1257	27
118	25509	27
160	22259	27
234	1795	27
246	395	27
246	4533	27
260	710	27
260	3564	27
308	513	27
308	3944	27
308	4348	27
308	8004	27
308	22507	27
345	29501	27
393	4533	27
395	1794	27
395	4533	27
395	5036	27
395	11773	27
403	7985	27
403	13594	27
403	13739	27
403	22507	27
403	23156	27
431	1387	27
431	2436	27
431	7664	27
431	14306	27
431	14618	27
431	18250	27
437	837	27
437	9084	27
437	9353	27
437	12791	27
437	17017	27
478	1293	27
513	2290	27
513	4109	27
513	4110	27
513	4348	27
513	4484	27
513	4556	27
513	4875	27
513	6000	27
513	6135	27
513	6901	27
513	8004	27
513	8981	27
513	9758	27
513	12083	27
513	12132	27
513	12136	27
513	12378	27
513	12417	27
609	1293	27
609	13740	27
650	750	27
685	4369	27
685	13740	27
685	19688	27
710	1500	27
710	17423	27
710	24425	27
747	30349	27
750	2219	27
750	2472	27
750	14586	27
750	17423	27
750	22569	27
750	25265	27
832	7985	27
832	9758	27
853	29106	27
923	4838	27
923	10495	27
923	15437	27
923	16722	27
923	16823	27
923	22717	27
942	10433	27
945	4358	27
945	12998	27
945	15996	27
959	3863	27
959	11730	27
959	25312	27
974	7302	27
974	11065	27
974	22259	27
982	26333	27
1009	1128	27
1009	1202	27
1009	14848	27
1009	20184	27
1038	7745	27
1038	7765	27
1038	22302	27
1055	2436	27
1115	1658	27
1143	1547	27
1143	2481	27
1143	2689	27
1143	2818	27
1143	2857	27
1143	3451	27
1143	6372	27
1143	6460	27
1143	7361	27
1143	13734	27
1143	14601	27
1143	15207	27
1143	16936	27
1167	4491	27
1167	15271	27
1167	16341	27
1167	16353	27
1187	12998	27
1187	15996	27
1207	17720	27
1207	22960	27
1207	27873	27
1211	13067	27
1211	26385	27
1257	1460	27
1257	5912	27
1257	7831	27
1257	9203	27
1257	10295	27
1257	10423	27
1257	11562	27
1257	14349	27
1257	14366	27
1257	26448	27
1257	29287	27
1257	29664	27
1274	4810	27
1274	12694	27
1293	2733	27
1293	13601	27
1293	14567	27
1293	18530	27
1293	19019	27
1293	21962	27
1293	21963	27
1301	9600	27
1301	11919	27
1301	25571	27
1301	25738	27
1311	4363	27
1311	7589	27
1311	7657	27
1311	7889	27
1311	8044	27
1311	15957	27
1311	20237	27
1311	25401	27
1311	27725	27
1311	28131	27
1311	28789	27
1311	28830	27
1311	28846	27
1311	29911	27
1314	1500	27
1314	6916	27
1315	27151	27
1315	27168	27
1317	10610	27
1317	14567	27
1317	21801	27
1317	22694	27
1319	15978	27
1330	14866	27
1336	2074	27
1336	7985	27
1336	16823	27
1336	24145	27
1342	2561	27
1342	26623	27
1342	26846	27
1342	27333	27
1342	28316	27
1352	12912	27
1352	13504	27
1352	13566	27
1352	18213	27
1352	18780	27
1352	19006	27
1362	3301	27
1362	9553	27
1362	9840	27
1376	26157	27
1376	26333	27
1383	17547	27
1384	16047	27
1384	16065	27
1384	20392	27
1387	6225	27
1387	6410	27
1387	21800	27
1387	21801	27
1387	21961	27
1401	11459	27
1408	4909	27
1408	7985	27
1408	9758	27
1408	14802	27
1429	26333	27
1451	7764	27
1451	8921	27
1451	9286	27
1451	24141	27
1451	24641	27
1451	24686	27
1451	25753	27
1451	29107	27
1453	5033	27
1453	8104	27
1453	10101	27
1453	15478	27
1453	17443	27
1453	18702	27
1453	19059	27
1453	26848	27
1453	26950	27
1456	7107	27
1456	9348	27
1500	3564	27
1500	19402	27
1507	6274	27
1507	6351	27
1507	6992	27
1507	19079	27
1507	26283	27
1533	3711	27
1539	1917	27
1539	30008	27
1545	14802	27
1547	2818	27
1547	2857	27
1547	3451	27
1547	4651	27
1547	5058	27
1547	24454	27
1551	1954	27
1551	12913	27
1551	12937	27
1563	2680	27
1563	2689	27
1563	3252	27
1563	3631	27
1563	3865	27
1563	9320	27
1563	9344	27
1563	10289	27
1563	13022	27
1563	23656	27
1596	7985	27
1596	8004	27
1596	8648	27
1596	9758	27
1596	16492	27
1596	22507	27
1605	24921	27
1614	4348	27
1614	7985	27
1614	8648	27
1614	8686	27
1614	9537	27
1614	9758	27
1614	16203	27
1614	22507	27
1614	22664	27
1633	5055	27
1640	13533	27
1642	1855	27
1642	1856	27
1642	1982	27
1642	2090	27
1642	2327	27
1642	2344	27
1642	2347	27
1642	2904	27
1642	3397	27
1642	18289	27
1658	2701	27
1658	3252	27
1658	3649	27
1658	4909	27
1658	10754	27
1658	14879	27
1659	3863	27
1661	3863	27
1661	7985	27
1661	9758	27
1663	6558	27
1663	18687	27
1704	7818	27
1704	9758	27
1710	10298	27
1710	16651	27
1722	1791	27
1722	1855	27
1722	2346	27
1724	12530	27
1791	10416	27
1794	2399	27
1794	3107	27
1794	3842	27
1794	5036	27
1794	20306	27
1795	1855	27
1795	1982	27
1795	2327	27
1795	2344	27
1795	2347	27
1795	2903	27
1795	2904	27
1795	3616	27
1795	10976	27
1795	11405	27
1795	18289	27
1795	26026	27
1795	26846	27
1795	28922	27
1795	29515	27
1831	4467	27
1831	4686	27
1831	10445	27
1834	8938	27
1834	9617	27
1835	19873	27
1849	2811	27
1855	1982	27
1855	2327	27
1855	2344	27
1855	2347	27
1855	2904	27
1855	3616	27
1855	23171	27
1855	26597	27
1864	3711	27
1879	4490	27
1886	3140	27
1886	3252	27
1886	3619	27
1886	7444	27
1886	8028	27
1886	12370	27
1886	12911	27
1886	13095	27
1886	14837	27
1886	17326	27
1886	18222	27
1886	18243	27
1886	18767	27
1886	19645	27
1886	19962	27
1886	26737	27
1888	7302	27
1888	20212	27
1888	20214	27
1888	25130	27
1917	14055	27
1954	3140	27
1961	24682	27
1979	3944	27
1979	7985	27
1979	9758	27
1982	22264	27
1982	26026	27
1996	2282	27
1996	24612	27
1997	2509	27
1997	5527	27
1997	8334	27
1997	11516	27
1997	20447	27
1998	2090	27
2007	3994	27
2007	22498	27
2067	7224	27
2067	26531	27
2074	2909	27
2074	3291	27
2074	3522	27
2074	3734	27
2074	3919	27
2074	4009	27
2074	4016	27
2074	4324	27
2074	4739	27
2074	4838	27
2074	4844	27
2074	4909	27
2074	6088	27
2074	6285	27
2074	6720	27
2074	6927	27
2074	7001	27
2074	7205	27
2074	7989	27
2074	8213	27
2074	9477	27
2074	9491	27
2074	9671	27
2074	9816	27
2074	9833	27
2074	9886	27
2074	10060	27
2074	10214	27
2074	10347	27
2074	10421	27
2074	10495	27
2074	10533	27
2074	10895	27
2074	11049	27
2074	11266	27
2074	12136	27
2074	12274	27
2074	12374	27
2074	12468	27
2074	12548	27
2074	12696	27
2074	13383	27
2074	14267	27
2074	14563	27
2074	14671	27
2074	14754	27
2074	14831	27
2074	15114	27
2074	15437	27
2074	16664	27
2074	16709	27
2074	16837	27
2074	17107	27
2074	17209	27
2074	17938	27
2074	18372	27
2074	19019	27
2074	19056	27
2074	19256	27
2074	19388	27
2074	21644	27
2074	22099	27
2074	22472	27
2074	22565	27
2074	22708	27
2074	22710	27
2074	23129	27
2074	23153	27
2074	26182	27
2074	26244	27
2074	26556	27
2074	27045	27
2074	27436	27
2074	27511	27
2074	27573	27
2074	27891	27
2076	11459	27
2086	7302	27
2090	2327	27
2090	18289	27
2101	4490	27
2101	14427	27
2102	4491	27
2102	4492	27
2102	8938	27
2102	9617	27
2132	18588	27
2153	4682	27
2153	7326	27
2153	24141	27
2181	26645	27
2203	8686	27
2229	28219	27
2229	30344	27
2238	7985	27
2238	8648	27
2238	9758	27
2238	14802	27
2238	16203	27
2238	22507	27
2282	9938	27
2282	23171	27
2282	23508	27
2282	26597	27
2290	3452	27
2290	8004	27
2290	9644	27
2290	9758	27
2290	14802	27
2290	22507	27
2291	18687	27
2312	10623	27
2327	3436	27
2327	26894	27
2327	27080	27
2340	10416	27
2347	2903	27
2362	8893	27
2362	21685	27
2380	2586	27
2380	2676	27
2380	2914	27
2380	3143	27
2380	3179	27
2380	23621	27
2398	11459	27
2398	23151	27
2399	4533	27
2399	5036	27
2399	8686	27
2399	11773	27
2399	23951	27
2417	25255	27
2436	7769	27
2436	10610	27
2436	18250	27
2436	21801	27
2436	21862	27
2441	10347	27
2441	13905	27
2448	27177	27
2450	4518	27
2451	4686	27
2467	16388	27
2467	16577	27
2467	16798	27
2467	20730	27
2481	6916	27
2481	11714	27
2481	16254	27
2481	17461	27
2488	22717	27
2509	18570	27
2509	20447	27
2536	18597	27
2561	4187	27
2561	7224	27
2561	9970	27
2561	10385	27
2561	11216	27
2561	12489	27
2561	14390	27
2561	17018	27
2561	18635	27
2561	19490	27
2561	21685	27
2561	21738	27
2561	22264	27
2561	23987	27
2561	24651	27
2561	26623	27
2561	26642	27
2561	26719	27
2561	26846	27
2561	26878	27
2561	26986	27
2561	27024	27
2561	27729	27
2561	27828	27
2561	27965	27
2561	28007	27
2561	28316	27
2561	28387	27
2561	28569	27
2561	28572	27
2561	28612	27
2561	29646	27
2561	29677	27
2561	30231	27
2562	4348	27
2562	7985	27
2562	8686	27
2562	9758	27
2562	10416	27
2562	16492	27
2562	22507	27
2562	23973	27
2572	5233	27
2572	5725	27
2606	14330	27
2624	8938	27
2624	9617	27
2627	4686	27
2628	4467	27
2635	4518	27
2635	6555	27
2635	7302	27
2635	12021	27
2635	12042	27
2635	15267	27
2635	15449	27
2635	16341	27
2635	16353	27
2635	18588	27
2635	21313	27
2635	22344	27
2635	29270	27
2635	30348	27
2637	14427	27
2637	18231	27
2637	21451	27
2637	24492	27
2647	13708	27
2662	18528	27
2675	8686	27
2676	11459	27
2676	14586	27
2680	2689	27
2689	13734	27
2689	15207	27
2689	25518	27
2690	10416	27
2701	8686	27
2733	7818	27
2733	8938	27
2733	9617	27
2733	11459	27
2733	12925	27
2733	16254	27
2733	17908	27
2733	19400	27
2733	23151	27
2735	18588	27
2735	20837	27
2738	10301	27
2758	5223	27
2758	8893	27
2758	9700	27
2758	14190	27
2758	14413	27
2758	25509	27
2758	25634	27
2758	26846	27
2758	27620	27
2758	28789	27
2774	10425	27
2775	4317	27
2775	4989	27
2775	5053	27
2811	3763	27
2811	23855	27
2818	5058	27
2829	9319	27
2834	4348	27
2834	7985	27
2834	8004	27
2834	9758	27
2834	22507	27
2835	3252	27
2835	3763	27
2835	5488	27
2835	5730	27
2835	6364	27
2835	6712	27
2835	6716	27
2835	6744	27
2835	7373	27
2835	7399	27
2835	7400	27
2835	7555	27
2835	7559	27
2835	7730	27
2835	8134	27
2835	23349	27
2835	26531	27
2843	13273	27
2852	16557	27
2852	28856	27
2857	3085	27
2857	4934	27
2857	6623	27
2857	15207	27
2866	3505	27
2866	16850	27
2866	24118	27
2885	12771	27
2885	15151	27
2885	22899	27
2885	26046	27
2901	29996	27
2909	7416	27
2956	4433	27
2956	4467	27
2956	4518	27
3041	14724	27
3058	4490	27
3063	3781	27
3078	3085	27
3078	16936	27
3081	4348	27
3081	7985	27
3081	8686	27
3081	9758	27
3081	16492	27
3085	3252	27
3085	8134	27
3085	10648	27
3085	14796	27
3085	15207	27
3085	16640	27
3085	21880	27
3085	27056	27
3093	3863	27
3107	4533	27
3140	3252	27
3140	3960	27
3140	4934	27
3140	6623	27
3140	8134	27
3140	8608	27
3140	9320	27
3140	11468	27
3140	11815	27
3140	13095	27
3140	14442	27
3140	17758	27
3140	18173	27
3140	18435	27
3140	19090	27
3140	19295	27
3140	19946	27
3140	20284	27
3140	21192	27
3140	21505	27
3140	21511	27
3140	21660	27
3140	24300	27
3140	25054	27
3140	26271	27
3140	26544	27
3178	3640	27
3178	5614	27
3178	6718	27
3178	14060	27
3178	25255	27
3178	25737	27
3178	25752	27
3221	7818	27
3221	18588	27
3252	5730	27
3252	6687	27
3252	6712	27
3252	6878	27
3252	6916	27
3252	7166	27
3252	7173	27
3252	7419	27
3252	7582	27
3252	7716	27
3252	7730	27
3252	7985	27
3252	8686	27
3252	9758	27
3252	10648	27
3252	12925	27
3252	12980	27
3252	13739	27
3252	13936	27
3252	14330	27
3252	14586	27
3252	16249	27
3252	16254	27
3252	16297	27
3252	16854	27
3252	17461	27
3252	17908	27
3252	17909	27
3252	23156	27
3252	23159	27
3252	24463	27
3252	25063	27
3252	25169	27
3252	25215	27
3252	25273	27
3252	25779	27
3252	26320	27
3252	26355	27
3252	27538	27
3252	27775	27
3252	27799	27
3252	30314	27
3255	11019	27
3255	25386	27
3257	3272	27
3257	7664	27
3260	5513	27
3260	16276	27
3260	22696	27
3263	22459	27
3263	27780	27
3267	7416	27
3301	7164	27
3301	17301	27
3317	6878	27
3317	7419	27
3317	26320	27
3361	12021	27
3361	12042	27
3361	12474	27
3361	12763	27
3397	10425	27
3397	26597	27
3415	18326	27
3436	6649	27
3436	28303	27
3436	29405	27
3451	5058	27
3451	13734	27
3451	18109	27
3452	3863	27
3452	3897	27
3452	4064	27
3452	4109	27
3452	4110	27
3452	4324	27
3452	4624	27
3452	4909	27
3452	9758	27
3452	12694	27
3452	12742	27
3452	12831	27
3452	15925	27
3452	20095	27
3452	20583	27
3452	20893	27
3452	21644	27
3452	22507	27
3452	23375	27
3452	27874	27
3452	29896	27
3456	20427	27
3464	10725	27
3464	29727	27
3477	4221	27
3477	9712	27
3477	17758	27
3480	3934	27
3480	3978	27
3480	7694	27
3480	9700	27
3480	10254	27
3480	10295	27
3480	11005	27
3480	11731	27
3480	12439	27
3480	14190	27
3480	16947	27
3480	24004	27
3480	29471	27
3480	29515	27
3485	18824	27
3503	22459	27
3503	27780	27
3504	4664	27
3505	17908	27
3505	17909	27
3506	7302	27
3506	10433	27
3506	12641	27
3506	18037	27
3506	28417	27
3517	26846	27
3517	29515	27
3536	6027	27
3554	11543	27
3554	12021	27
3554	12042	27
3554	12474	27
3554	12763	27
3564	7388	27
3564	20974	27
3580	14856	27
3580	28400	27
3599	16254	27
3605	30272	27
3619	11459	27
3619	14834	27
3619	25203	27
3631	12690	27
3637	29515	27
3649	28131	27
3697	10231	27
3702	11543	27
3702	12021	27
3702	12042	27
3702	12474	27
3702	12763	27
3714	3893	27
3714	16520	27
3714	21585	27
3737	10979	27
3737	29083	27
3758	4152	27
3758	9712	27
3763	7555	27
3763	7573	27
3763	7730	27
3763	23633	27
3763	30314	27
3781	3988	27
3781	4348	27
3781	5627	27
3781	8004	27
3781	8648	27
3781	9304	27
3781	9816	27
3781	12742	27
3781	15506	27
3781	17203	27
3781	17364	27
3781	24680	27
3781	26237	27
3781	27339	27
3781	27343	27
3781	30080	27
3781	30081	27
3783	4813	27
3783	14270	27
3842	4533	27
3858	22507	27
3859	7745	27
3859	22302	27
3863	4006	27
3863	4417	27
3863	4556	27
3863	8545	27
3863	14497	27
3863	15704	27
3863	19215	27
3863	22231	27
3863	23375	27
3897	13739	27
3917	12687	27
3933	26898	27
3934	10295	27
3934	11005	27
3934	14497	27
3934	15704	27
3944	4109	27
3944	4110	27
3944	4159	27
3944	4347	27
3944	4841	27
3944	5627	27
3944	8004	27
3944	8353	27
3944	8355	27
3944	9304	27
3944	9816	27
3944	12083	27
3944	12136	27
3944	12460	27
3944	12696	27
3944	12742	27
3944	13838	27
3944	17884	27
3944	21363	27
3944	21644	27
3944	22507	27
3944	25009	27
3960	10287	27
3960	10301	27
3960	17758	27
3960	18065	27
3960	23161	27
3960	23633	27
3978	7223	27
3978	7224	27
3990	29896	27
3991	8771	27
3991	16774	27
3994	15985	27
3994	22696	27
3994	25889	27
3998	11459	27
3998	13734	27
4001	22376	27
4001	23376	27
4009	18248	27
4016	4556	27
4016	20242	27
4064	14270	27
4064	22302	27
4109	8004	27
4110	8004	27
4152	8685	27
4152	9181	27
4152	25130	27
4152	28354	27
4152	28395	27
4152	28407	27
4152	29724	27
4152	29745	27
4152	29873	27
4187	16437	27
4187	26846	27
4187	27333	27
4190	9748	27
4190	20893	27
4221	8029	27
4221	10098	27
4221	10395	27
4221	10875	27
4221	10965	27
4221	12337	27
4221	18842	27
4221	19356	27
4221	20318	27
4221	20331	27
4221	23876	27
4221	24785	27
4221	28672	27
4221	29013	27
4270	18687	27
4271	4317	27
4271	18572	27
4299	14618	27
4317	4792	27
4317	5284	27
4317	21122	27
4317	22423	27
4324	4348	27
4324	4813	27
4324	7985	27
4324	9758	27
4324	11726	27
4324	16492	27
4324	22507	27
4347	5627	27
4348	4484	27
4348	4497	27
4348	4875	27
4348	5725	27
4348	5951	27
4348	6901	27
4348	8004	27
4348	8355	27
4348	8648	27
4348	12742	27
4348	17203	27
4348	17364	27
4348	22507	27
4348	27407	27
4358	10298	27
4358	10568	27
4358	14754	27
4360	7497	27
4360	7745	27
4360	22302	27
4360	26846	27
4360	27719	27
4363	13905	27
4363	26769	27
4369	13740	27
4369	15337	27
4369	23953	27
4369	24042	27
4396	14601	27
4417	8004	27
4433	4467	27
4433	4481	27
4447	13708	27
4453	13708	27
4453	28736	27
4464	4496	27
4467	4481	27
4467	4987	27
4490	23576	27
4490	29491	27
4491	4492	27
4491	8938	27
4491	9617	27
4491	20145	27
4492	8938	27
4492	9617	27
4497	7985	27
4497	9758	27
4498	9537	27
4518	9617	27
4518	13692	27
4518	14476	27
4518	15283	27
4518	18450	27
4518	22129	27
4533	4814	27
4533	5037	27
4533	7985	27
4533	8686	27
4533	9758	27
4533	9833	27
4533	10075	27
4533	11060	27
4533	11708	27
4533	13634	27
4533	20276	27
4533	24287	27
4533	25169	27
4533	26988	27
4533	27248	27
4547	7745	27
4547	22302	27
4556	7416	27
4556	14866	27
4556	22302	27
4556	29095	27
4569	7985	27
4569	9758	27
4569	12288	27
4569	13594	27
4569	13739	27
4569	22376	27
4571	6558	27
4571	18248	27
4571	18687	27
4571	21194	27
4571	25464	27
4579	20453	27
4594	26061	27
4624	16774	27
4624	22376	27
4643	7302	27
4643	7929	27
4643	22663	27
4643	22696	27
4643	26422	27
4643	26502	27
4651	9309	27
4651	9989	27
4651	11702	27
4651	12530	27
4651	15481	27
4651	16991	27
4651	19242	27
4651	20192	27
4651	20277	27
4651	22860	27
4655	7224	27
4655	23298	27
4655	29515	27
4686	10832	27
4686	12731	27
4686	12865	27
4686	27639	27
4739	8686	27
4739	14618	27
4739	15996	27
4753	22733	27
4753	25155	27
4761	18248	27
4787	15245	27
4787	25509	27
4808	12370	27
4808	12880	27
4808	12881	27
4808	12887	27
4808	13338	27
4808	13347	27
4808	13504	27
4808	13566	27
4808	13848	27
4808	17183	27
4808	17403	27
4810	12279	27
4810	21671	27
4811	16254	27
4813	8854	27
4813	11730	27
4813	12303	27
4813	13103	27
4813	19937	27
4813	23121	27
4813	23311	27
4813	24599	27
4813	27674	27
4814	8686	27
4814	17203	27
4822	15136	27
4838	6558	27
4838	7985	27
4838	9758	27
4838	12998	27
4838	13423	27
4838	13936	27
4838	15996	27
4838	18687	27
4838	26333	27
4841	5627	27
4843	16774	27
4843	22376	27
4844	7416	27
4844	16492	27
4871	28286	27
4872	13739	27
4873	8686	27
4875	8004	27
4875	9537	27
4875	16203	27
4885	15267	27
4909	5373	27
4909	5951	27
4909	8686	27
4909	11731	27
4909	12132	27
4909	12439	27
4909	13634	27
4909	14879	27
4909	21644	27
4909	22507	27
4909	27020	27
4976	4987	27
4983	5188	27
4983	5540	27
4983	8685	27
4983	11209	27
4983	16425	27
4983	18606	27
4983	18951	27
4983	19182	27
4983	22480	27
4983	23930	27
4983	25969	27
4983	27151	27
4983	27168	27
4983	28377	27
4983	28392	27
4983	28396	27
4983	28447	27
4983	28461	27
4983	28463	27
4983	28602	27
4983	30092	27
4989	15996	27
4989	26880	27
4989	30363	27
5017	6558	27
5017	14618	27
5037	19086	27
5037	22376	27
5053	8686	27
5053	14618	27
5053	15996	27
5055	26265	27
5058	8000	27
5058	24454	27
5058	24857	27
5060	11443	27
5060	30382	27
5065	17897	27
5065	20421	27
5103	7831	27
5103	17018	27
5131	19837	27
5131	30346	27
5168	5211	27
5168	5223	27
5168	5707	27
5168	8073	27
5168	8369	27
5168	12831	27
5168	25509	27
5168	27719	27
5169	28566	27
5178	7157	27
5188	7157	27
5188	11019	27
5188	16276	27
5193	28219	27
5193	30344	27
5195	7581	27
5195	26319	27
5211	11730	27
5223	7224	27
5223	9962	27
5223	14044	27
5223	17622	27
5223	21685	27
5223	23298	27
5223	25509	27
5223	26898	27
5223	26943	27
5223	27719	27
5223	27749	27
5233	15293	27
5233	22231	27
5233	24179	27
5233	26072	27
5279	9644	27
5279	9938	27
5279	11121	27
5304	8200	27
5304	8273	27
5314	7302	27
5314	8200	27
5314	8273	27
5314	18528	27
5314	20214	27
5314	21851	27
5314	28413	27
5314	29014	27
5318	29806	27
5320	19196	27
5373	11159	27
5373	16203	27
5373	16492	27
5373	22507	27
5388	7985	27
5388	9758	27
5392	6081	27
5392	7500	27
5392	15554	27
5433	22829	27
5433	26617	27
5488	6916	27
5488	14020	27
5488	14309	27
5488	16254	27
5498	7326	27
5498	30215	27
5498	30263	27
5502	6558	27
5502	27665	27
5513	29976	27
5513	30019	27
5525	5584	27
5525	18635	27
5525	25255	27
5525	25930	27
5527	7416	27
5527	8893	27
5527	9644	27
5527	9938	27
5527	26846	27
5532	12514	27
5539	6916	27
5539	16254	27
5565	26731	27
5576	5702	27
5576	7149	27
5576	17638	27
5576	30022	27
5584	6718	27
5584	14060	27
5584	20122	27
5584	25737	27
5584	25807	27
5584	27636	27
5605	7353	27
5613	6492	27
5613	6961	27
5613	9967	27
5613	19738	27
5613	21196	27
5614	27729	27
5614	29809	27
5627	8004	27
5627	17364	27
5627	29806	27
5701	9748	27
5702	17301	27
5702	19736	27
5707	14270	27
5707	19513	27
5707	23973	27
5718	7101	27
5718	8689	27
5718	9595	27
5718	10648	27
5718	14601	27
5718	18588	27
5718	18687	27
5718	18743	27
5718	19784	27
5718	20805	27
5718	20890	27
5718	26545	27
5718	28242	27
5725	8387	27
5725	8648	27
5725	12742	27
5725	29782	27
5730	7400	27
5730	7555	27
5730	8134	27
5745	8374	27
5749	23151	27
5749	25218	27
5798	6298	27
5798	16124	27
5798	25338	27
5798	26731	27
5809	26157	27
5809	26333	27
5809	30250	27
5812	24967	27
5830	8200	27
5830	8273	27
5831	6829	27
5831	14781	27
5831	15031	27
5831	22329	27
5831	29095	27
5897	8200	27
5897	8273	27
5951	8004	27
5951	16203	27
5951	22507	27
6000	7985	27
6000	9758	27
6000	13423	27
6000	19213	27
6000	23985	27
6027	6663	27
6086	13533	27
6088	7985	27
6088	9758	27
6088	16492	27
6088	29817	27
6089	8200	27
6089	8273	27
6130	8200	27
6130	8273	27
6135	7985	27
6135	17203	27
6157	7745	27
6157	14781	27
6157	29211	27
6172	26707	27
6180	14856	27
6180	20457	27
6180	20482	27
6180	20532	27
6180	24614	27
6180	26331	27
6186	16254	27
6186	25203	27
6195	7444	27
6195	25849	27
6199	18468	27
6199	18539	27
6220	25509	27
6220	27719	27
6278	6574	27
6278	15965	27
6278	16083	27
6285	7416	27
6298	6574	27
6298	12408	27
6298	15965	27
6298	16276	27
6298	17603	27
6298	19784	27
6301	6574	27
6301	12756	27
6301	18722	27
6319	25544	27
6323	14190	27
6323	14389	27
6323	14390	27
6323	14399	27
6324	11437	27
6324	11498	27
6324	18976	27
6330	7020	27
6330	10650	27
6330	12279	27
6351	6559	27
6357	6574	27
6357	25718	27
6358	29817	27
6360	14060	27
6360	25737	27
6360	27636	27
6364	6699	27
6364	6916	27
6364	12925	27
6364	25215	27
6369	7752	27
6369	13918	27
6369	21133	27
6370	20651	27
6372	13734	27
6372	15491	27
6382	7985	27
6382	9758	27
6396	23298	27
6424	10752	27
6424	16437	27
6424	26846	27
6484	6558	27
6484	8089	27
6484	29457	27
6492	6949	27
6492	6961	27
6492	19738	27
6492	21196	27
6497	18687	27
6542	9066	27
6542	16244	27
6555	7260	27
6555	7299	27
6555	7353	27
6555	9705	27
6555	20241	27
6555	22738	27
6555	22956	27
6555	25673	27
6555	26425	27
6558	8213	27
6558	9427	27
6558	10171	27
6558	10693	27
6558	11121	27
6558	12380	27
6558	13383	27
6558	13614	27
6558	13617	27
6558	13628	27
6558	15823	27
6558	16677	27
6558	17169	27
6558	17178	27
6558	17973	27
6558	18372	27
6558	19033	27
6558	19230	27
6558	19400	27
6558	19511	27
6558	19689	27
6558	20345	27
6558	21534	27
6558	22040	27
6558	22116	27
6558	22155	27
6558	22404	27
6558	22918	27
6558	23010	27
6558	23153	27
6558	23320	27
6558	23611	27
6558	23795	27
6558	24005	27
6558	24145	27
6558	24634	27
6558	24812	27
6558	26015	27
6558	26290	27
6558	26890	27
6558	27435	27
6558	27511	27
6558	28845	27
6558	29734	27
6558	30013	27
6558	30328	27
6558	30373	27
6559	7353	27
6559	12635	27
6559	20977	27
6559	25917	27
6559	26616	27
6564	6961	27
6564	7259	27
6564	19531	27
6564	19872	27
6564	29455	27
6574	7259	27
6574	12719	27
6574	15017	27
6574	15963	27
6574	16378	27
6574	18545	27
6575	17799	27
6576	8200	27
6576	8273	27
6576	21851	27
6589	8077	27
6589	13200	27
6589	13637	27
6589	21103	27
6589	24697	27
6589	25360	27
6589	27360	27
6593	7419	27
6593	12925	27
6593	13332	27
6593	14020	27
6593	18302	27
6593	23338	27
6597	14090	27
6597	19196	27
6597	27337	27
6611	19394	27
6611	25265	27
6624	10752	27
6628	11617	27
6646	9964	27
6646	9966	27
6649	27720	27
6649	29405	27
6669	29450	27
6669	29452	27
6681	24842	27
6681	26949	27
6687	30272	27
6696	26707	27
6697	6744	27
6699	7373	27
6712	6744	27
6712	7173	27
6712	7373	27
6712	7399	27
6712	7400	27
6712	8134	27
6712	30272	27
6716	7373	27
6718	29073	27
6731	19784	27
6743	9084	27
6743	11074	27
6743	11093	27
6743	11101	27
6788	7280	27
6788	13614	27
6829	7745	27
6829	7765	27
6829	22302	27
6870	21196	27
6870	29723	27
6878	14020	27
6878	17735	27
6878	25404	27
6878	26751	27
6916	7373	27
6916	7399	27
6916	7400	27
6916	7559	27
6916	7730	27
6916	12622	27
6916	23855	27
6918	13305	27
6926	7588	27
6926	7755	27
6926	8022	27
6926	12933	27
6926	13615	27
6926	21806	27
6926	27565	27
6926	28695	27
6926	28915	27
6929	12021	27
6929	12042	27
6929	12474	27
6929	24510	27
6961	21196	27
7018	8628	27
7018	8938	27
7018	9617	27
7018	14489	27
7018	15170	27
7018	21198	27
7018	28878	27
7018	29957	27
7020	7848	27
7020	8838	27
7020	12234	27
7020	12805	27
7020	12831	27
7020	13211	27
7020	13399	27
7020	13435	27
7020	13482	27
7030	25138	27
7039	21741	27
7063	8124	27
7063	10648	27
7069	11947	27
7069	19393	27
7069	28256	27
7070	15963	27
7070	25996	27
7070	26644	27
7087	13848	27
7087	19297	27
7088	14389	27
7088	26530	27
7088	26545	27
7088	27083	27
7090	7985	27
7090	13594	27
7090	13739	27
7090	16774	27
7090	26061	27
7098	7619	27
7098	8089	27
7098	16989	27
7098	23344	27
7098	26131	27
7098	28827	27
7098	28904	27
7098	28955	27
7098	28957	27
7098	29065	27
7098	29217	27
7098	29262	27
7098	29578	27
7098	29588	27
7098	29609	27
7098	29634	27
7098	30187	27
7098	30222	27
7098	30343	27
7098	30358	27
7101	18758	27
7101	30257	27
7107	11875	27
7107	15710	27
7107	29554	27
7107	29813	27
7128	7155	27
7128	7947	27
7128	8586	27
7128	9840	27
7128	11019	27
7128	11064	27
7128	11426	27
7128	25418	27
7128	30306	27
7137	17184	27
7137	19182	27
7141	29450	27
7141	29452	27
7145	25912	27
7155	25418	27
7164	11267	27
7164	16684	27
7166	7419	27
7166	16869	27
7166	17325	27
7166	17426	27
7166	20284	27
7166	23265	27
7166	27746	27
7168	15673	27
7169	7765	27
7169	9348	27
7169	22302	27
7173	7419	27
7173	13249	27
7173	16886	27
7173	17426	27
7173	18083	27
7173	18767	27
7173	23265	27
7173	27538	27
7205	16575	27
7207	12635	27
7207	12733	27
7207	13414	27
7207	19784	27
7207	22344	27
7207	26644	27
7209	25401	27
7209	28830	27
7211	19104	27
7215	29723	27
7223	7617	27
7223	12279	27
7223	16437	27
7223	25578	27
7223	26316	27
7223	26531	27
7223	26584	27
7223	26898	27
7223	28086	27
7223	29077	27
7223	29358	27
7224	7617	27
7224	10538	27
7224	10743	27
7224	10776	27
7224	10960	27
7224	11187	27
7224	11383	27
7224	11432	27
7224	12742	27
7224	14670	27
7224	18164	27
7224	18264	27
7224	21685	27
7224	22233	27
7224	22558	27
7224	26557	27
7224	26725	27
7224	26898	27
7224	26982	27
7224	27001	27
7224	27206	27
7224	27729	27
7224	28086	27
7224	28509	27
7224	28543	27
7224	28781	27
7224	28789	27
7224	29515	27
7224	30073	27
7230	7308	27
7230	30272	27
7244	10243	27
7244	16575	27
7244	21685	27
7259	15965	27
7259	26731	27
7259	29962	27
7260	29723	27
7268	26157	27
7268	26333	27
7268	29101	27
7280	12925	27
7299	10304	27
7299	13919	27
7299	16796	27
7299	22344	27
7302	7626	27
7302	7637	27
7302	8685	27
7302	9032	27
7302	9181	27
7302	10599	27
7302	11852	27
7302	12038	27
7302	12111	27
7302	13656	27
7302	14062	27
7302	16425	27
7302	16811	27
7302	17580	27
7302	17677	27
7302	17942	27
7302	19356	27
7302	19855	27
7302	20214	27
7302	20578	27
7302	22328	27
7302	24313	27
7302	24390	27
7302	25263	27
7302	25370	27
7302	25969	27
7302	26239	27
7302	26250	27
7302	27168	27
7302	27523	27
7302	27680	27
7302	27866	27
7302	28307	27
7302	28310	27
7302	28317	27
7302	28348	27
7302	28352	27
7302	28353	27
7302	28354	27
7302	28356	27
7302	28357	27
7302	28367	27
7302	28380	27
7302	28381	27
7302	28389	27
7302	28390	27
7302	28391	27
7302	28392	27
7302	28393	27
7302	28394	27
7302	28395	27
7302	28399	27
7302	28407	27
7302	28408	27
7302	28411	27
7302	28413	27
7302	28421	27
7302	28422	27
7302	28439	27
7302	28445	27
7302	28447	27
7302	28449	27
7302	28450	27
7302	28453	27
7302	28460	27
7302	28461	27
7302	28463	27
7302	28464	27
7302	28568	27
7302	28590	27
7302	28599	27
7302	28602	27
7302	28676	27
7302	29014	27
7302	29078	27
7302	29198	27
7302	29724	27
7302	29745	27
7302	29873	27
7302	29909	27
7302	30319	27
7302	30397	27
7308	14020	27
7308	25265	27
7326	7917	27
7326	7927	27
7326	11448	27
7326	12373	27
7326	15118	27
7326	19396	27
7326	19530	27
7326	19762	27
7326	20585	27
7326	21138	27
7326	24067	27
7326	24287	27
7326	25278	27
7326	25912	27
7326	25941	27
7326	26106	27
7326	26179	27
7326	26323	27
7326	29698	27
7326	30156	27
7337	26846	27
7340	8893	27
7340	9644	27
7340	9938	27
7340	26846	27
7353	15965	27
7353	16083	27
7355	11993	27
7357	7820	27
7357	26824	27
7358	12756	27
7358	13414	27
7358	15965	27
7358	26644	27
7359	12998	27
7359	19837	27
7373	14020	27
7373	14309	27
7373	16254	27
7381	27818	27
7385	17461	27
7385	25208	27
7396	8686	27
7396	14618	27
7396	24145	27
7397	12021	27
7397	12042	27
7397	12474	27
7399	14309	27
7399	16254	27
7400	16254	27
7400	17461	27
7408	27462	27
7416	11516	27
7416	11709	27
7416	12956	27
7416	15031	27
7416	29178	27
7416	29229	27
7416	29230	27
7419	11161	27
7419	13332	27
7419	14020	27
7419	16886	27
7419	17325	27
7419	17426	27
7419	18302	27
7419	18767	27
7419	23265	27
7419	25404	27
7419	27843	27
7421	16254	27
7429	22229	27
7444	7546	27
7444	8422	27
7444	16254	27
7444	18230	27
7444	21807	27
7444	25203	27
7444	25208	27
7494	16635	27
7494	29096	27
7494	29249	27
7497	8369	27
7497	24554	27
7497	25166	27
7497	25601	27
7497	26846	27
7497	27719	27
7497	28432	27
7497	29515	27
7537	7716	27
7537	25169	27
7538	23936	27
7538	23972	27
7538	24921	27
7538	27021	27
7546	11714	27
7555	25169	27
7559	7730	27
7559	11714	27
7559	16254	27
7559	17461	27
7559	25215	27
7570	7922	27
7570	13914	27
7570	14211	27
7570	27843	27
7573	7730	27
7573	8029	27
7573	19090	27
7582	25302	27
7588	8938	27
7589	7745	27
7589	7765	27
7589	22302	27
7589	28131	27
7592	9348	27
7593	13848	27
7593	26157	27
7593	26333	27
7593	29073	27
7610	29817	27
7612	7765	27
7612	9348	27
7617	26846	27
7618	7765	27
7619	29065	27
7657	7765	27
7657	9348	27
7657	10287	27
7664	18146	27
7664	20140	27
7664	20152	27
7664	22099	27
7664	28746	27
7664	28851	27
7664	28864	27
7664	28946	27
7668	26170	27
7670	10154	27
7670	26644	27
7670	30368	27
7671	19784	27
7694	8398	27
7700	17908	27
7716	19090	27
7716	23855	27
7736	13848	27
7736	15894	27
7743	7818	27
7745	7765	27
7745	7868	27
7745	7882	27
7745	7900	27
7745	8044	27
7745	8095	27
7745	8311	27
7745	8385	27
7745	11907	27
7745	12852	27
7745	13251	27
7745	13401	27
7745	16767	27
7745	20095	27
7745	20579	27
7745	22302	27
7745	25166	27
7745	25378	27
7745	25421	27
7745	28862	27
7745	28868	27
7745	28958	27
7745	29261	27
7745	29263	27
7745	29264	27
7745	29766	27
7745	29767	27
7752	15963	27
7752	15965	27
7752	20764	27
7755	18091	27
7755	29107	27
7756	18687	27
7761	7765	27
7761	8359	27
7761	11127	27
7761	21640	27
7761	24773	27
7761	25401	27
7761	26556	27
7761	28772	27
7761	28868	27
7761	28954	27
7764	14781	27
7764	20274	27
7764	20474	27
7764	21426	27
7764	21737	27
7764	22371	27
7764	26162	27
7764	27822	27
7764	28779	27
7764	29066	27
7764	29107	27
7765	7868	27
7765	7874	27
7765	7882	27
7765	7889	27
7765	7900	27
7765	8041	27
7765	8042	27
7765	8044	27
7765	8094	27
7765	8095	27
7765	8104	27
7765	8152	27
7765	8170	27
7765	8307	27
7765	8311	27
7765	8359	27
7765	9348	27
7765	12893	27
7765	15559	27
7765	17107	27
7765	22302	27
7765	23128	27
7765	23344	27
7765	25378	27
7765	25600	27
7765	26556	27
7765	27485	27
7765	27874	27
7765	28414	27
7765	28497	27
7765	28783	27
7765	28799	27
7765	28862	27
7765	28863	27
7765	28868	27
7765	28944	27
7765	28958	27
7765	29018	27
7765	29026	27
7765	29029	27
7765	29226	27
7765	29316	27
7765	29317	27
7765	29522	27
7765	29639	27
7765	29699	27
7765	29706	27
7765	29787	27
7765	30287	27
7765	30403	27
7769	18250	27
7818	17795	27
7818	20289	27
7818	23939	27
7818	26306	27
7818	26819	27
7818	27365	27
7818	27653	27
7818	27705	27
7818	27742	27
7818	29761	27
7821	14190	27
7821	14389	27
7821	14399	27
7821	26943	27
7821	27268	27
7821	27719	27
7831	26846	27
7831	26910	27
7848	10650	27
7848	11742	27
7868	22302	27
7874	22302	27
7882	22302	27
7889	9348	27
7889	15136	27
7900	22302	27
7917	24067	27
7917	25912	27
7926	16635	27
7926	29096	27
7926	29249	27
7927	24067	27
7927	25912	27
7929	12641	27
7929	25169	27
7929	26988	27
7941	11714	27
7941	12925	27
7941	16254	27
7972	28418	27
7985	8355	27
7985	9058	27
7985	9304	27
7985	9320	27
7985	9344	27
7985	9635	27
7985	9758	27
7985	9816	27
7985	10060	27
7985	10321	27
7985	11049	27
7985	11220	27
7985	11292	27
7985	12083	27
7985	12132	27
7985	12136	27
7985	12204	27
7985	12374	27
7985	12468	27
7985	12549	27
7985	12553	27
7985	12561	27
7985	12573	27
7985	12661	27
7985	12672	27
7985	12696	27
7985	12900	27
7985	12994	27
7985	14179	27
7985	14527	27
7985	14579	27
7985	14796	27
7985	14904	27
7985	16516	27
7985	16709	27
7985	17016	27
7985	17868	27
7985	17884	27
7985	18207	27
7985	19256	27
7985	21077	27
7985	21256	27
7985	25685	27
7985	26237	27
7985	27439	27
7985	27508	27
7985	27705	27
7989	13905	27
7989	26769	27
8004	8355	27
8004	12742	27
8004	16203	27
8004	16520	27
8004	17203	27
8004	17364	27
8004	22507	27
8004	23158	27
8004	25013	27
8004	27407	27
8029	16249	27
8029	23161	27
8029	23633	27
8030	24425	27
8031	22476	27
8031	25218	27
8031	25751	27
8041	9348	27
8042	9348	27
8044	22302	27
8044	28131	27
8047	18572	27
8063	21040	27
8063	30101	27
8066	13071	27
8066	13858	27
8066	17526	27
8066	21317	27
8072	24141	27
8072	26531	27
8072	29515	27
8073	26846	27
8077	14834	27
8077	24921	27
8089	18376	27
8089	18468	27
8089	24145	27
8089	26333	27
8094	22302	27
8095	22302	27
8104	26333	27
8110	29411	27
8114	12998	27
8114	19837	27
8114	20241	27
8124	22369	27
8124	25218	27
8124	25751	27
8128	13273	27
8128	16254	27
8134	10648	27
8134	12925	27
8134	14330	27
8134	16254	27
8140	17758	27
8140	18824	27
8155	16254	27
8164	18526	27
8164	18572	27
8200	8273	27
8213	9140	27
8213	11121	27
8213	18687	27
8273	16668	27
8273	17040	27
8273	24313	27
8307	22302	27
8307	29251	27
8311	22302	27
8332	19837	27
8332	20241	27
8334	15151	27
8334	26046	27
8355	9758	27
8355	16203	27
8355	22507	27
8355	26846	27
8359	9348	27
8359	19967	27
8359	26333	27
8359	27749	27
8359	29452	27
8360	15136	27
8369	26846	27
8374	24517	27
8385	22302	27
8398	13776	27
8398	21671	27
8422	19394	27
8422	22118	27
8426	8686	27
8426	10425	27
8426	10462	27
8454	11714	27
8545	24141	27
8552	9644	27
8556	15996	27
8587	9442	27
8593	16276	27
8596	20427	27
8607	15256	27
8607	20762	27
8626	16254	27
8628	8938	27
8628	9617	27
8644	11230	27
8644	21194	27
8648	9816	27
8648	13711	27
8649	9712	27
8649	9713	27
8649	9714	27
8649	23230	27
8649	26264	27
8649	26949	27
8665	16276	27
8665	23930	27
8678	12021	27
8678	12042	27
8678	12474	27
8685	28377	27
8685	28381	27
8685	28417	27
8686	9537	27
8686	9572	27
8686	9635	27
8686	9833	27
8686	13634	27
8686	14579	27
8686	16131	27
8686	17107	27
8686	21644	27
8686	22507	27
8686	24459	27
8686	24525	27
8686	24742	27
8686	25169	27
8689	11419	27
8689	15051	27
8689	18333	27
8689	18758	27
8689	18760	27
8689	19356	27
8689	19804	27
8689	20026	27
8689	27218	27
8691	18248	27
8691	18588	27
8703	10519	27
8711	13970	27
8711	16823	27
8731	26846	27
8738	9260	27
8738	14601	27
8738	18824	27
8771	9050	27
8771	11491	27
8771	24713	27
8771	25929	27
8771	29459	27
8790	12925	27
8799	19800	27
8838	12234	27
8849	9633	27
8849	19402	27
8849	25461	27
8854	11730	27
8865	17358	27
8881	15273	27
8881	26357	27
8881	26381	27
8881	28870	27
8883	9644	27
8883	13533	27
8893	9938	27
8893	10952	27
8893	10985	27
8893	11432	27
8893	23793	27
8921	12742	27
8921	14092	27
8928	23876	27
8938	13615	27
8938	14489	27
8938	14646	27
8938	18588	27
8938	21197	27
8938	23702	27
8938	24812	27
8938	25878	27
8938	25884	27
8938	28966	27
8938	30256	27
8959	18248	27
8959	20890	27
8959	26141	27
8969	23136	27
8998	12021	27
8998	12042	27
9032	29014	27
9040	16950	27
9040	17007	27
9040	23089	27
9040	30154	27
9050	11730	27
9050	16254	27
9050	17461	27
9058	9758	27
9058	14802	27
9066	21194	27
9082	29339	27
9140	10795	27
9181	28417	27
9210	19394	27
9229	11065	27
9235	14528	27
9260	13077	27
9260	13089	27
9260	13734	27
9260	14309	27
9260	16850	27
9260	18824	27
9260	21063	27
9260	21980	27
9260	22883	27
9260	30371	27
9272	30401	27
9276	11919	27
9276	21909	27
9276	23464	27
9276	23565	27
9286	9962	27
9286	10236	27
9286	10537	27
9286	10744	27
9286	10869	27
9286	24017	27
9286	26333	27
9286	26846	27
9286	27749	27
9286	28780	27
9286	29037	27
9286	29038	27
9289	25318	27
9289	26061	27
9289	26824	27
9298	10578	27
9298	12021	27
9298	12042	27
9304	9758	27
9304	19565	27
9304	21077	27
9309	11702	27
9310	17776	27
9320	9758	27
9320	12690	27
9320	13936	27
9320	16254	27
9320	18083	27
9320	26824	27
9320	29346	27
9344	9758	27
9344	18648	27
9348	18284	27
9348	22400	27
9348	23320	27
9348	28747	27
9348	28758	27
9348	28783	27
9348	28830	27
9348	28851	27
9348	29038	27
9348	29211	27
9348	29598	27
9348	29639	27
9353	10513	27
9353	26333	27
9363	13658	27
9365	11543	27
9365	11545	27
9365	12021	27
9375	15617	27
9414	21047	27
9414	28323	27
9427	17732	27
9427	18687	27
9431	23876	27
9442	14167	27
9442	17117	27
9442	18318	27
9442	20744	27
9442	23014	27
9442	23051	27
9442	25358	27
9442	25359	27
9442	25370	27
9442	27433	27
9442	28930	27
9468	10716	27
9477	18572	27
9477	28920	27
9525	21732	27
9537	12068	27
9552	9938	27
9553	24063	27
9570	22664	27
9570	27177	27
9572	12288	27
9595	9872	27
9595	10933	27
9595	17802	27
9595	21567	27
9595	22187	27
9600	26910	27
9600	29339	27
9617	13113	27
9617	14489	27
9617	14646	27
9617	18368	27
9617	28966	27
9617	30256	27
9635	9758	27
9635	22507	27
9635	23376	27
9644	11266	27
9644	18902	27
9650	26769	27
9700	10650	27
9700	16575	27
9703	10536	27
9703	15378	27
9703	15500	27
9703	17712	27
9703	17876	27
9703	17879	27
9708	10425	27
9708	14802	27
9708	14922	27
9708	16774	27
9712	11169	27
9712	11684	27
9712	20426	27
9714	24463	27
9718	16254	27
9718	17461	27
9719	16254	27
9719	17758	27
9730	19513	27
9730	23973	27
9730	27719	27
9739	10462	27
9739	14802	27
9758	9816	27
9758	10060	27
9758	10321	27
9758	11049	27
9758	11220	27
9758	11292	27
9758	12083	27
9758	12132	27
9758	12136	27
9758	12204	27
9758	12549	27
9758	12553	27
9758	12561	27
9758	12573	27
9758	12661	27
9758	12672	27
9758	12696	27
9758	12900	27
9758	12994	27
9758	14179	27
9758	14527	27
9758	14579	27
9758	14796	27
9758	14842	27
9758	14904	27
9758	16516	27
9758	16709	27
9758	17016	27
9758	17868	27
9758	17884	27
9758	18207	27
9758	19807	27
9758	21075	27
9758	21077	27
9758	22507	27
9758	25685	27
9758	26237	27
9758	27439	27
9758	27508	27
9758	27705	27
9768	10446	27
9768	10875	27
9768	12337	27
9768	14770	27
9768	16084	27
9768	18842	27
9768	20331	27
9768	26473	27
9768	27866	27
9768	29013	27
9772	10304	27
9772	16676	27
9772	19400	27
9772	19402	27
9772	19546	27
9772	19548	27
9773	18318	27
9785	18572	27
9833	23376	27
9840	17301	27
9840	19736	27
9840	24063	27
9845	11259	27
9845	23261	27
9872	15156	27
9873	26061	27
9873	26824	27
9874	12021	27
9874	12042	27
9874	12474	27
9884	20805	27
9906	15514	27
9938	11930	27
9938	17003	27
9938	18828	27
9938	26769	27
9938	26846	27
9938	29482	27
9957	24609	27
9962	10236	27
9962	10537	27
9962	10742	27
9962	10744	27
9962	10869	27
9962	10976	27
9962	24017	27
9962	24533	27
9962	25039	27
9962	26769	27
9962	27749	27
9962	28663	27
9962	28781	27
9962	28789	27
9962	28960	27
9962	29100	27
9962	29515	27
9962	29670	27
9967	19738	27
9989	10287	27
9989	10301	27
9989	19552	27
9989	21122	27
9999	14309	27
9999	24437	27
10042	10752	27
10042	26597	27
10043	10304	27
10043	15894	27
10060	18065	27
10060	22899	27
10060	27891	27
10098	16249	27
10104	10667	27
10104	14618	27
10104	17776	27
10104	26734	27
10105	10848	27
10105	23776	27
10135	28920	27
10154	29332	27
10154	29367	27
10160	22280	27
10166	20242	27
10171	16677	27
10171	22040	27
10171	27435	27
10171	30328	27
10195	10243	27
10195	13399	27
10209	29943	27
10209	29944	27
10209	30006	27
10213	10648	27
10231	11770	27
10231	12712	27
10231	14200	27
10231	14420	27
10231	14760	27
10231	24886	27
10236	29100	27
10236	29515	27
10243	10650	27
10243	10976	27
10243	11187	27
10243	11432	27
10243	16794	27
10243	21685	27
10243	28191	27
10254	11731	27
10254	13594	27
10254	26125	27
10254	29106	27
10257	25509	27
10259	24697	27
10286	10729	27
10286	11445	27
10286	11452	27
10286	16651	27
10287	16045	27
10287	16356	27
10287	17107	27
10287	17922	27
10287	19088	27
10287	21317	27
10287	23110	27
10287	23118	27
10287	23179	27
10287	23427	27
10287	25553	27
10287	27842	27
10289	13740	27
10289	18648	27
10295	10385	27
10295	24017	27
10295	26846	27
10295	27729	27
10295	29100	27
10295	29515	27
10298	10568	27
10298	23760	27
10301	10972	27
10301	14472	27
10301	16994	27
10301	18173	27
10301	19078	27
10301	21122	27
10301	22694	27
10304	12530	27
10304	14170	27
10304	14923	27
10304	15629	27
10304	15894	27
10304	15899	27
10304	20277	27
10304	20379	27
10321	27891	27
10332	10841	27
10332	13118	27
10332	15962	27
10332	15965	27
10332	16276	27
10347	11643	27
10347	13970	27
10347	17776	27
10347	18868	27
10347	21747	27
10347	22899	27
10347	25738	27
10347	26122	27
10347	26166	27
10347	27906	27
10347	29658	27
10385	11216	27
10385	11510	27
10385	14641	27
10385	15569	27
10385	21738	27
10385	23987	27
10385	24651	27
10385	25096	27
10385	25214	27
10385	25255	27
10385	25740	27
10385	26614	27
10385	26719	27
10385	26725	27
10385	26873	27
10385	26878	27
10385	27023	27
10385	28571	27
10385	29292	27
10385	30239	27
10413	10462	27
10413	10840	27
10413	18384	27
10416	16153	27
10416	18702	27
10418	15514	27
10425	10623	27
10425	12376	27
10425	14802	27
10425	18352	27
10425	18384	27
10425	22781	27
10425	23363	27
10425	24742	27
10425	26927	27
10433	17878	27
10433	19108	27
10433	22115	27
10433	25982	27
10439	19996	27
10439	20368	27
10439	22733	27
10444	17238	27
10445	10797	27
10445	10988	27
10445	12865	27
10445	17238	27
10445	19153	27
10462	14802	27
10462	18352	27
10468	10519	27
10504	21685	27
10519	25727	27
10522	23876	27
10533	15996	27
10533	16492	27
10533	23355	27
10536	27719	27
10537	21685	27
10537	27749	27
10537	29073	27
10537	29100	27
10538	21685	27
10538	23298	27
10538	26898	27
10538	29515	27
10578	11474	27
10578	14267	27
10578	18538	27
10578	18706	27
10587	12530	27
10587	19400	27
10587	30272	27
10599	28417	27
10599	29014	27
10610	18250	27
10610	18578	27
10617	20396	27
10619	16254	27
10619	18109	27
10621	18318	27
10648	16254	27
10648	18302	27
10648	18758	27
10648	21776	27
10648	25306	27
10648	26355	27
10648	28643	27
10650	12956	27
10650	13776	27
10650	14190	27
10650	26846	27
10660	29515	27
10665	21851	27
10665	26784	27
10667	14618	27
10693	18687	27
10716	11175	27
10716	20492	27
10735	21685	27
10735	22264	27
10735	26846	27
10735	27333	27
10742	21685	27
10742	24017	27
10742	27749	27
10743	21685	27
10743	23298	27
10743	26846	27
10743	26898	27
10744	26333	27
10744	27749	27
10744	29073	27
10752	13458	27
10752	18655	27
10752	26122	27
10752	26846	27
10752	27833	27
10752	28140	27
10752	30252	27
10754	13423	27
10754	26061	27
10776	16437	27
10776	21685	27
10776	26846	27
10776	26943	27
10776	27268	27
10795	29411	27
10797	18588	27
10826	19996	27
10826	24757	27
10826	28259	27
10832	18588	27
10839	15092	27
10839	28917	27
10840	18570	27
10841	11852	27
10841	18515	27
10841	18976	27
10869	24017	27
10869	26333	27
10880	26401	27
10885	22264	27
10897	14912	27
10897	23633	27
10908	27080	27
10933	15156	27
10938	24697	27
10948	15156	27
10948	20805	27
10952	21685	27
10952	26898	27
10960	21685	27
10960	23298	27
10960	26846	27
10960	26898	27
10960	29515	27
10963	28259	27
10976	21685	27
10976	27749	27
10979	26597	27
10985	21685	27
10985	24478	27
10985	26846	27
10985	26898	27
10987	19215	27
10987	19216	27
10996	20944	27
11017	17819	27
11019	11064	27
11019	11321	27
11019	11426	27
11019	16811	27
11019	20119	27
11019	20246	27
11019	20354	27
11019	29724	27
11019	30270	27
11063	28655	27
11065	15448	27
11068	24063	27
11093	12687	27
11094	18730	27
11094	18731	27
11094	19700	27
11101	12687	27
11120	15925	27
11120	22376	27
11120	26061	27
11121	21077	27
11127	14866	27
11159	11161	27
11159	11726	27
11159	15245	27
11159	22754	27
11161	15245	27
11161	22754	27
11161	25265	27
11176	12279	27
11176	26846	27
11187	21685	27
11192	24067	27
11201	23930	27
11201	30336	27
11207	29070	27
11209	12584	27
11216	21685	27
11216	28086	27
11216	28316	27
11220	13594	27
11230	11884	27
11230	19837	27
11230	20081	27
11230	23815	27
11230	27588	27
11233	11707	27
11238	11424	27
11238	11809	27
11241	17301	27
11241	19736	27
11245	25138	27
11245	25584	27
11245	26125	27
11253	26545	27
11253	26846	27
11253	27333	27
11259	13304	27
11259	13332	27
11261	15118	27
11261	27038	27
11267	16684	27
11278	13089	27
11278	14078	27
11278	14759	27
11278	15388	27
11278	16401	27
11278	16773	27
11278	19538	27
11278	19691	27
11278	19735	27
11278	20804	27
11278	21090	27
11278	21191	27
11278	29962	27
11278	30122	27
11292	12925	27
11294	21235	27
11364	30250	27
11383	14399	27
11383	20396	27
11383	26530	27
11383	26846	27
11383	26898	27
11383	27729	27
11383	29515	27
11383	29516	27
11389	24096	27
11389	28745	27
11405	21685	27
11406	26333	27
11411	14390	27
11411	21685	27
11411	26846	27
11411	26898	27
11411	27749	27
11432	14390	27
11432	21685	27
11432	24478	27
11432	26846	27
11432	26898	27
11437	16276	27
11439	25969	27
11439	29014	27
11448	24067	27
11452	16651	27
11459	11638	27
11459	11809	27
11459	12840	27
11459	14524	27
11459	17326	27
11459	18243	27
11459	20116	27
11459	20823	27
11459	23151	27
11459	23621	27
11459	25263	27
11459	28442	27
11468	19226	27
11468	23906	27
11468	23936	27
11472	11757	27
11474	13414	27
11474	15226	27
11474	18700	27
11474	22919	27
11491	16254	27
11491	17461	27
11498	18882	27
11510	14399	27
11510	28316	27
11519	21685	27
11519	26846	27
11519	26898	27
11519	27080	27
11537	16774	27
11537	22280	27
11543	11545	27
11562	26846	27
11599	27719	27
11617	12033	27
11617	23473	27
11643	26846	27
11656	13118	27
11656	16276	27
11658	17049	27
11658	26207	27
11670	26333	27
11678	16254	27
11685	26333	27
11702	14990	27
11702	16991	27
11707	23985	27
11708	14390	27
11708	25509	27
11708	27729	27
11708	29809	27
11709	21685	27
11709	24478	27
11709	26846	27
11709	26898	27
11713	16774	27
11713	22280	27
11714	16886	27
11714	18174	27
11714	22569	27
11714	25169	27
11714	25309	27
11714	28167	27
11726	15245	27
11726	17321	27
11730	19937	27
11730	20186	27
11730	23311	27
11730	27674	27
11731	12460	27
11731	14380	27
11731	22507	27
11731	29018	27
11742	13400	27
11770	20427	27
11773	24287	27
11784	23906	27
11790	19142	27
11790	26846	27
11791	23906	27
11808	16774	27
11808	23973	27
11808	25318	27
11808	26061	27
11808	26846	27
11814	28219	27
11815	19226	27
11815	23906	27
11815	23936	27
11831	11832	27
11831	11833	27
11835	25889	27
11840	18824	27
11852	12641	27
11852	26628	27
11870	15256	27
11870	20762	27
11907	21996	27
11907	22302	27
11907	29095	27
11907	29554	27
11907	29667	27
11917	21340	27
11919	17018	27
11919	26531	27
11947	28054	27
11947	28255	27
11947	28256	27
11947	29955	27
11947	30359	27
11947	30379	27
11958	11970	27
11974	25413	27
11993	13325	27
11993	15259	27
11993	17040	27
11993	20966	27
11993	26628	27
11993	26837	27
11993	28526	27
12021	12042	27
12021	12474	27
12021	12763	27
12021	13568	27
12021	14181	27
12021	16768	27
12021	18719	27
12021	18806	27
12021	19093	27
12021	25676	27
12021	26273	27
12021	26281	27
12021	26284	27
12021	26534	27
12021	27105	27
12021	28235	27
12021	29895	27
12021	29945	27
12036	23947	27
12038	29014	27
12042	12474	27
12042	12763	27
12042	13568	27
12042	14181	27
12042	15070	27
12042	16768	27
12042	18719	27
12042	18806	27
12042	19093	27
12042	25676	27
12042	26281	27
12042	26284	27
12042	26534	27
12042	27105	27
12042	28235	27
12042	28745	27
12042	29895	27
12042	29945	27
12055	12514	27
12068	18687	27
12068	22507	27
12071	15156	27
12083	16774	27
12083	22376	27
12084	20893	27
12111	29014	27
12118	22733	27
12132	22507	27
12136	14802	27
12136	21077	27
12136	22507	27
12137	15925	27
12137	23376	27
12143	14389	27
12143	25509	27
12143	27719	27
12143	27729	27
12189	16854	27
12194	16154	27
12194	19513	27
12194	20777	27
12194	23973	27
12196	22302	27
12196	23973	27
12196	25509	27
12196	26846	27
12218	18722	27
12226	27346	27
12233	14330	27
12234	13399	27
12234	18289	27
12234	25529	27
12234	25535	27
12234	25629	27
12241	12998	27
12241	19837	27
12241	20241	27
12279	12956	27
12279	13485	27
12279	29515	27
12288	13634	27
12303	14866	27
12307	15925	27
12307	23376	27
12307	26061	27
12337	24697	27
12370	13848	27
12370	14834	27
12376	14922	27
12376	26734	27
12380	12998	27
12380	18687	27
12408	13113	27
12408	29649	27
12419	16741	27
12421	14427	27
12421	17183	27
12421	18528	27
12421	19297	27
12421	24492	27
12437	16774	27
12437	22280	27
12439	29515	27
12445	14781	27
12445	26333	27
12450	26278	27
12450	28055	27
12474	12763	27
12474	14181	27
12474	15070	27
12474	16768	27
12474	18719	27
12474	18806	27
12474	25676	27
12474	26281	27
12474	26284	27
12474	26534	27
12474	27105	27
12474	28235	27
12474	28745	27
12474	29895	27
12489	14389	27
12489	14399	27
12489	28967	27
12489	29516	27
12493	14390	27
12493	21685	27
12493	28967	27
12499	14190	27
12499	14389	27
12514	14646	27
12514	25676	27
12514	26182	27
12514	26258	27
12530	15481	27
12530	15643	27
12530	15899	27
12530	16061	27
12530	16991	27
12530	19242	27
12530	20002	27
12530	20192	27
12530	20277	27
12530	22860	27
12530	29544	27
12530	30385	27
12535	15761	27
12535	18722	27
12549	12925	27
12553	14781	27
12553	26333	27
12561	16254	27
12562	18083	27
12562	23151	27
12565	25889	27
12573	12690	27
12573	18083	27
12573	26824	27
12574	19837	27
12574	20241	27
12574	30346	27
12584	18528	27
12584	18606	27
12584	23451	27
12596	13710	27
12614	24010	27
12629	14427	27
12635	12733	27
12635	13351	27
12635	16485	27
12635	24416	27
12635	24571	27
12635	25033	27
12635	25917	27
12635	29422	27
12641	24094	27
12643	17897	27
12643	23570	27
12643	25465	27
12646	21822	27
12646	28761	27
12654	21313	27
12661	14781	27
12667	23973	27
12667	26846	27
12687	13085	27
12690	14516	27
12690	14842	27
12690	16648	27
12690	19360	27
12690	21036	27
12696	21077	27
12712	27538	27
12719	15965	27
12719	16083	27
12719	26644	27
12731	18069	27
12731	18338	27
12731	18450	27
12733	13351	27
12733	15231	27
12733	15249	27
12733	16124	27
12733	16385	27
12733	20977	27
12733	25338	27
12739	26552	27
12742	16203	27
12742	25584	27
12756	15236	27
12756	23421	27
12763	14181	27
12763	18806	27
12763	26281	27
12763	26284	27
12763	26534	27
12763	28235	27
12779	14866	27
12781	14834	27
12805	26846	27
12831	18289	27
12831	26531	27
12831	28086	27
12832	26846	27
12832	27719	27
12840	15617	27
12840	23151	27
12852	22302	27
12853	22078	27
12853	25203	27
12859	19800	27
12859	19837	27
12875	14601	27
12875	18743	27
12875	19996	27
12875	20368	27
12875	20805	27
12875	21220	27
12875	22733	27
12881	13848	27
12887	13848	27
12889	21313	27
12889	29098	27
12889	29107	27
12893	25509	27
12912	14427	27
12912	18528	27
12912	19297	27
12912	21451	27
12912	22175	27
12912	24492	27
12913	13839	27
12925	13816	27
12925	18207	27
12933	21313	27
12933	29107	27
12938	14391	27
12938	14760	27
12938	19080	27
12938	24583	27
12956	26846	27
12974	22175	27
12980	23796	27
12980	27079	27
12994	16254	27
12998	17107	27
12998	21582	27
12998	21644	27
12998	26689	27
13024	22302	27
13024	23973	27
13024	26846	27
13071	18047	27
13071	23387	27
13072	18083	27
13072	23151	27
13083	24896	27
13085	15151	27
13089	13118	27
13089	16276	27
13095	18065	27
13111	19191	27
13111	19215	27
13111	19216	27
13113	17603	27
13118	13918	27
13118	14078	27
13118	15092	27
13118	15229	27
13118	16325	27
13120	16083	27
13137	16163	27
13138	18528	27
13138	23979	27
13142	15965	27
13142	25104	27
13207	28625	27
13234	20458	27
13241	27121	27
13249	14020	27
13249	16254	27
13249	16297	27
13249	26320	27
13251	22302	27
13256	13739	27
13256	16254	27
13256	17461	27
13256	17908	27
13273	23950	27
13273	26242	27
13304	13930	27
13304	14240	27
13304	20983	27
13304	23261	27
13304	23356	27
13304	23575	27
13304	29007	27
13304	29408	27
13305	14073	27
13305	29285	27
13325	25969	27
13325	26628	27
13325	28367	27
13330	21807	27
13347	13848	27
13353	15965	27
13353	16083	27
13360	28818	27
13383	14990	27
13383	18687	27
13383	19249	27
13383	20289	27
13383	26819	27
13383	27365	27
13383	27742	27
13383	27761	27
13395	18886	27
13400	17622	27
13400	26846	27
13401	22302	27
13414	15109	27
13414	15656	27
13414	26607	27
13414	26616	27
13414	28121	27
13417	19992	27
13417	22341	27
13423	24459	27
13423	27150	27
13467	15965	27
13467	16083	27
13467	19784	27
13467	25104	27
13482	16492	27
13504	14427	27
13504	18528	27
13504	21451	27
13504	22175	27
13504	24492	27
13529	23086	27
13529	26760	27
13533	24526	27
13533	25689	27
13534	14427	27
13534	18528	27
13534	21451	27
13534	24492	27
13564	18572	27
13566	14427	27
13566	18528	27
13566	19297	27
13566	21451	27
13566	22175	27
13566	24492	27
13574	17603	27
13591	18687	27
13594	13739	27
13594	26824	27
13597	26617	27
13599	28367	27
13602	14891	27
13609	19513	27
13609	23973	27
13614	18687	27
13617	18687	27
13619	13875	27
13628	15271	27
13656	28417	27
13658	28723	27
13664	25104	27
13708	21392	27
13734	16297	27
13734	16850	27
13734	19684	27
13734	20719	27
13734	21880	27
13734	28609	27
13739	14796	27
13739	16869	27
13739	17818	27
13739	17841	27
13739	19935	27
13739	20549	27
13739	21157	27
13739	21909	27
13739	23156	27
13739	23349	27
13739	26061	27
13739	26138	27
13740	15337	27
13740	23953	27
13740	24042	27
13775	19513	27
13775	23973	27
13782	17897	27
13816	16254	27
13838	24613	27
13839	14170	27
13841	22476	27
13849	22376	27
13849	26061	27
13855	25155	27
13884	14421	27
13884	15236	27
13884	23939	27
13890	18588	27
13890	25544	27
13905	14349	27
13905	14366	27
13905	14413	27
13905	15224	27
13905	22195	27
13914	14834	27
13914	16254	27
13914	25218	27
13914	25751	27
13914	26320	27
13918	20764	27
13935	30272	27
13936	14061	27
13936	14586	27
13936	16648	27
13936	21036	27
13936	23376	27
13961	14724	27
13970	17776	27
13970	22899	27
14004	26061	27
14004	26824	27
14020	17735	27
14020	18302	27
14020	27538	27
14044	14469	27
14044	14641	27
14044	18164	27
14044	20702	27
14044	23298	27
14044	25953	27
14044	25954	27
14044	26861	27
14044	27084	27
14044	27631	27
14044	28086	27
14044	29344	27
14044	30050	27
14055	27079	27
14060	23298	27
14061	17461	27
14069	16050	27
14073	27818	27
14078	27462	27
14090	19196	27
14117	30272	27
14167	21103	27
14181	28745	27
14190	14247	27
14190	14389	27
14190	14390	27
14190	14399	27
14190	14469	27
14190	14890	27
14190	16704	27
14190	23298	27
14190	23987	27
14190	26846	27
14190	28368	27
14190	29571	27
14190	29869	27
14190	30377	27
14191	14390	27
14191	14399	27
14191	21685	27
14197	26333	27
14211	14834	27
14235	14399	27
14235	23298	27
14240	29405	27
14247	14389	27
14247	14390	27
14247	14399	27
14267	16823	27
14306	22155	27
14309	15386	27
14309	16587	27
14309	18824	27
14309	20983	27
14309	21746	27
14309	21880	27
14309	24533	27
14311	27818	27
14311	28745	27
14330	14857	27
14330	16850	27
14330	17183	27
14330	22535	27
14330	24719	27
14330	25309	27
14331	26320	27
14349	26846	27
14349	27268	27
14366	26846	27
14366	27268	27
14389	14399	27
14389	14469	27
14389	14890	27
14389	16704	27
14389	16923	27
14389	23987	27
14389	24554	27
14389	24651	27
14389	26055	27
14389	26145	27
14389	26611	27
14389	26719	27
14389	26905	27
14389	27024	27
14389	27448	27
14389	28368	27
14389	29516	27
14389	29571	27
14389	29730	27
14389	29869	27
14389	29894	27
14390	14399	27
14390	23167	27
14390	24478	27
14390	27591	27
14390	27645	27
14390	28575	27
14390	29515	27
14390	30261	27
14399	14469	27
14399	16923	27
14399	24533	27
14399	24554	27
14399	26055	27
14399	26145	27
14399	26611	27
14399	28368	27
14399	29454	27
14399	29515	27
14399	29571	27
14399	29730	27
14399	29869	27
14407	16548	27
14407	23051	27
14407	23906	27
14407	24000	27
14407	25405	27
14407	26271	27
14415	26824	27
14420	21340	27
14421	17897	27
14427	15051	27
14427	16385	27
14427	17403	27
14427	17983	27
14427	20418	27
14427	20642	27
14427	20825	27
14427	22275	27
14427	23421	27
14427	23502	27
14427	24492	27
14427	24665	27
14427	25080	27
14427	25235	27
14427	26000	27
14427	26002	27
14427	26003	27
14427	26035	27
14427	26039	27
14427	26048	27
14427	26078	27
14427	26084	27
14427	26107	27
14427	26198	27
14427	26205	27
14427	26321	27
14427	26452	27
14427	27222	27
14427	27369	27
14427	29433	27
14442	24425	27
14442	24921	27
14461	21451	27
14469	27729	27
14469	29516	27
14476	25996	27
14480	25464	27
14497	19216	27
14498	18578	27
14498	23355	27
14498	28274	27
14527	22507	27
14557	17151	27
14560	24449	27
14563	18572	27
14567	18250	27
14571	24010	27
14586	15491	27
14586	20284	27
14586	21487	27
14586	22476	27
14586	22962	27
14601	16263	27
14601	16341	27
14601	18116	27
14601	18743	27
14601	19930	27
14601	22143	27
14618	17776	27
14618	18856	27
14618	22583	27
14618	24946	27
14618	24964	27
14618	26806	27
14623	26846	27
14641	23298	27
14641	26846	27
14641	27729	27
14641	29809	27
14646	18248	27
14666	24010	27
14670	26846	27
14673	25877	27
14724	27215	27
14761	23355	27
14777	22070	27
14781	14802	27
14781	22016	27
14781	26333	27
14781	26556	27
14781	28131	27
14781	28791	27
14781	29095	27
14786	18687	27
14796	16254	27
14796	17461	27
14802	14922	27
14802	19880	27
14802	23320	27
14802	26848	27
14802	29470	27
14802	29526	27
14802	30402	27
14829	19003	27
14830	26502	27
14831	24145	27
14834	27666	27
14834	27705	27
14842	26824	27
14866	14990	27
14866	24742	27
14869	19800	27
14869	19837	27
14869	20241	27
14884	22919	27
14890	22264	27
14890	26846	27
14890	27083	27
14890	27729	27
14890	29809	27
14891	27274	27
14891	29705	27
14912	17117	27
14919	18528	27
14919	18588	27
14922	17485	27
14922	22517	27
14922	23363	27
14922	23845	27
14922	26848	27
14922	28070	27
14922	28091	27
14922	30339	27
14922	30404	27
14953	15867	27
14953	30057	27
14962	26545	27
14990	18457	27
15003	18588	27
15016	19752	27
15016	26731	27
15017	15963	27
15018	19986	27
15024	15965	27
15024	16083	27
15025	15965	27
15039	15271	27
15039	15965	27
15051	18528	27
15051	24492	27
15051	25984	27
15051	26452	27
15051	27121	27
15051	27222	27
15070	23086	27
15070	25787	27
15070	26811	27
15092	15965	27
15094	17301	27
15097	15962	27
15097	15965	27
15097	16083	27
15099	26943	27
15099	27268	27
15109	22344	27
15118	24067	27
15134	16774	27
15136	22400	27
15136	25850	27
15136	28758	27
15136	28760	27
15136	28762	27
15136	28872	27
15151	20358	27
15151	21956	27
15151	29756	27
15156	17512	27
15156	20428	27
15183	27814	27
15188	20368	27
15188	26731	27
15207	16254	27
15207	17909	27
15219	15744	27
15219	19615	27
15226	18706	27
15229	29962	27
15230	15965	27
15231	15962	27
15231	15965	27
15231	16083	27
15231	21451	27
15231	25104	27
15233	16796	27
15236	19784	27
15237	15962	27
15237	16743	27
15237	29962	27
15238	15962	27
15238	15965	27
15239	15965	27
15245	16641	27
15245	17041	27
15245	25514	27
15246	15271	27
15249	15965	27
15249	17603	27
15249	18248	27
15249	19196	27
15249	19784	27
15256	16811	27
15256	20762	27
15256	20868	27
15259	16276	27
15259	23930	27
15262	15965	27
15267	15449	27
15267	16211	27
15267	20413	27
15267	23594	27
15267	23741	27
15267	26659	27
15271	15449	27
15271	15952	27
15271	16211	27
15271	16341	27
15271	16353	27
15271	19930	27
15271	21354	27
15271	23228	27
15271	26141	27
15271	27313	27
15271	29270	27
15277	17897	27
15293	19142	27
15299	26170	27
15329	16403	27
15337	19688	27
15343	18687	27
15366	22829	27
15366	26617	27
15366	26846	27
15370	18588	27
15386	21535	27
15388	16743	27
15388	29962	27
15388	30085	27
15395	15962	27
15395	15965	27
15395	16083	27
15395	16276	27
15396	15962	27
15396	15965	27
15396	16083	27
15396	25104	27
15401	17897	27
15401	23570	27
15413	15965	27
15413	16083	27
15437	18687	27
15449	16211	27
15449	16687	27
15449	23594	27
15450	19752	27
15452	15965	27
15452	16083	27
15453	27215	27
15471	16276	27
15471	28328	27
15474	26530	27
15478	16823	27
15481	20277	27
15481	22860	27
15491	16297	27
15491	17735	27
15491	27789	27
15491	27799	27
15514	15750	27
15514	15752	27
15514	15915	27
15514	16163	27
15514	17172	27
15514	18845	27
15514	19011	27
15514	19710	27
15514	22694	27
15514	24047	27
15514	26783	27
15539	23876	27
15554	17041	27
15554	26401	27
15554	28920	27
15569	17018	27
15573	20585	27
15575	16684	27
15580	19191	27
15586	18687	27
15586	26324	27
15610	19191	27
15610	19215	27
15611	24896	27
15613	16879	27
15613	24437	27
15617	27947	27
15643	18065	27
15704	19216	27
15710	15759	27
15710	16100	27
15710	29411	27
15710	30408	27
15754	26811	27
15823	18687	27
15823	19212	27
15884	18065	27
15894	16065	27
15894	17261	27
15894	18645	27
15894	19400	27
15894	20392	27
15915	22967	27
15920	23348	27
15925	27248	27
15957	23156	27
15957	25169	27
15962	16202	27
15962	16216	27
15962	16276	27
15962	16314	27
15962	16389	27
15962	16401	27
15962	16448	27
15962	16537	27
15962	16553	27
15962	16558	27
15962	16894	27
15962	16979	27
15962	26847	27
15963	16275	27
15963	16378	27
15963	18545	27
15963	19531	27
15963	26731	27
15963	29382	27
15965	16083	27
15965	16119	27
15965	16126	27
15965	16210	27
15965	16216	27
15965	16228	27
15965	16275	27
15965	16389	27
15965	16448	27
15965	16537	27
15965	16542	27
15965	16558	27
15965	16863	27
15965	16885	27
15965	16894	27
15965	18631	27
15965	25168	27
15965	25323	27
15965	25325	27
15971	22300	27
15972	16276	27
15985	16200	27
15985	16687	27
15985	27313	27
15987	18588	27
15996	19837	27
15996	22717	27
15996	26244	27
15996	26724	27
15996	26880	27
15996	30113	27
16010	16108	27
16035	28219	27
16035	30344	27
16050	16263	27
16050	17319	27
16050	19930	27
16050	20570	27
16050	21060	27
16050	21890	27
16050	23421	27
16057	18065	27
16083	16119	27
16083	16124	27
16083	16210	27
16083	16228	27
16083	16863	27
16083	16885	27
16083	25323	27
16083	25338	27
16084	22229	27
16084	23164	27
16084	29179	27
16108	20730	27
16108	29867	27
16125	25104	27
16125	29962	27
16126	20222	27
16150	18065	27
16154	19513	27
16154	27913	27
16156	27462	27
16181	23333	27
16181	27789	27
16181	29662	27
16200	16276	27
16202	16276	27
16203	21644	27
16203	22507	27
16211	16341	27
16211	16353	27
16216	25104	27
16222	16276	27
16241	26972	27
16244	16341	27
16244	26824	27
16249	28609	27
16254	16490	27
16254	16516	27
16254	16637	27
16254	16648	27
16254	16869	27
16254	17325	27
16254	17503	27
16254	17651	27
16254	17735	27
16254	17818	27
16254	17841	27
16254	17927	27
16254	17938	27
16254	18026	27
16254	18173	27
16254	18207	27
16254	18435	27
16254	18558	27
16254	19051	27
16254	19090	27
16254	19116	27
16254	19199	27
16254	19206	27
16254	19236	27
16254	19935	27
16254	21036	27
16254	21427	27
16254	21631	27
16254	21646	27
16254	21880	27
16254	22285	27
16254	23159	27
16254	23464	27
16254	23565	27
16254	24243	27
16254	25302	27
16254	25309	27
16254	25820	27
16254	26355	27
16254	26751	27
16254	27900	27
16254	28350	27
16254	30369	27
16254	30381	27
16275	26346	27
16276	16389	27
16276	16424	27
16276	16448	27
16276	16537	27
16276	16743	27
16276	16894	27
16276	17529	27
16276	19861	27
16276	19930	27
16276	27350	27
16276	29708	27
16297	16525	27
16307	26731	27
16314	26731	27
16341	16353	27
16341	25461	27
16341	25522	27
16341	27942	27
16353	25461	27
16353	25522	27
16353	27942	27
16385	17603	27
16385	19587	27
16385	24492	27
16385	25996	27
16385	26376	27
16385	26644	27
16385	27121	27
16389	28299	27
16401	16743	27
16401	29962	27
16403	16879	27
16424	18597	27
16425	28377	27
16425	29020	27
16437	16704	27
16437	16791	27
16437	16928	27
16437	27268	27
16437	28368	27
16437	29515	27
16458	29096	27
16483	17603	27
16490	17461	27
16492	19031	27
16492	21644	27
16492	22507	27
16492	27020	27
16492	27327	27
16504	21974	27
16504	25895	27
16504	26127	27
16504	26477	27
16504	27121	27
16504	30367	27
16516	17461	27
16518	22905	27
16518	27064	27
16532	22008	27
16539	18572	27
16540	18572	27
16558	19196	27
16575	21021	27
16577	22008	27
16629	27464	27
16631	29544	27
16635	28770	27
16635	28867	27
16635	29096	27
16635	29922	27
16635	29932	27
16635	29934	27
16637	17461	27
16637	26320	27
16637	26355	27
16641	22754	27
16645	27704	27
16676	19548	27
16677	18687	27
16684	16920	27
16688	29962	27
16702	17603	27
16702	19587	27
16703	18539	27
16703	19212	27
16704	26846	27
16704	27729	27
16704	28922	27
16741	18782	27
16741	19008	27
16743	16773	27
16743	21191	27
16743	29962	27
16744	19725	27
16744	19755	27
16754	24141	27
16755	23164	27
16758	23604	27
16758	30017	27
16767	22302	27
16767	25509	27
16773	29962	27
16774	22280	27
16774	26976	27
16774	27068	27
16774	27248	27
16791	26846	27
16794	21685	27
16794	23298	27
16794	26846	27
16794	26943	27
16794	27001	27
16794	27729	27
16796	16981	27
16796	23939	27
16801	29339	27
16808	17799	27
16809	18528	27
16811	20762	27
16811	24010	27
16811	29014	27
16822	28422	27
16823	21351	27
16823	26482	27
16823	28153	27
16828	17151	27
16847	23876	27
16850	17908	27
16854	25404	27
16861	27733	27
16863	29962	27
16869	25169	27
16871	24757	27
16878	29544	27
16879	18528	27
16885	29962	27
16886	18083	27
16886	25265	27
16887	26061	27
16913	17049	27
16915	18539	27
16915	19212	27
16923	26846	27
16928	26846	27
16936	23796	27
16950	23089	27
16979	29962	27
16984	25335	27
16984	28299	27
16989	29065	27
16991	20192	27
16994	21122	27
17007	23089	27
17015	18468	27
17015	18572	27
17015	21122	27
17015	23355	27
17015	29757	27
17018	25529	27
17018	25629	27
17018	25740	27
17018	26623	27
17018	26624	27
17018	26878	27
17018	28316	27
17018	28785	27
17018	29216	27
17018	29798	27
17024	24832	27
17025	26530	27
17029	22008	27
17040	28328	27
17041	28920	27
17051	26846	27
17107	29251	27
17117	17184	27
17117	17188	27
17117	19226	27
17117	23979	27
17117	27013	27
17183	21340	27
17183	21451	27
17184	17369	27
17209	29817	27
17210	24542	27
17210	24896	27
17301	18420	27
17301	19736	27
17301	20129	27
17301	24067	27
17301	26179	27
17301	28013	27
17321	25318	27
17325	17461	27
17325	27746	27
17326	23151	27
17326	23156	27
17326	25208	27
17342	27038	27
17353	28942	27
17353	28950	27
17353	30391	27
17358	18528	27
17403	24492	27
17423	29132	27
17426	17461	27
17461	17651	27
17461	23265	27
17461	23349	27
17461	25685	27
17461	26320	27
17461	26355	27
17461	27179	27
17461	28350	27
17486	18528	27
17487	25265	27
17503	21807	27
17526	18047	27
17526	23387	27
17526	25352	27
17529	24065	27
17538	18588	27
17552	18606	27
17578	27751	27
17603	18631	27
17603	18975	27
17603	18988	27
17603	19147	27
17603	25996	27
17622	29515	27
17644	28219	27
17644	30344	27
17654	18722	27
17654	26644	27
17718	18650	27
17732	17973	27
17732	22404	27
17732	27067	27
17735	22915	27
17735	23159	27
17747	24921	27
17758	19273	27
17758	23604	27
17758	23633	27
17758	24053	27
17758	27327	27
17758	27619	27
17776	27891	27
17794	26477	27
17794	27121	27
17799	27081	27
17799	29938	27
17802	18588	27
17818	26061	27
17848	18079	27
17848	18844	27
17848	25862	27
17848	25973	27
17848	30374	27
17853	18528	27
17876	19215	27
17884	21077	27
17897	18944	27
17897	21992	27
17897	22834	27
17897	23570	27
17897	23920	27
17897	27596	27
17908	19236	27
17908	23174	27
17908	27056	27
17909	21880	27
17909	23174	27
17909	26044	27
17909	26083	27
17909	26575	27
17909	27056	27
17940	19494	27
17940	24663	27
17973	18687	27
17983	19297	27
17983	24492	27
18018	26346	27
18018	27187	27
18018	28443	27
18065	18109	27
18065	18781	27
18065	19088	27
18065	19694	27
18065	20857	27
18065	26827	27
18065	27619	27
18083	18330	27
18083	18767	27
18083	19018	27
18083	24425	27
18089	26644	27
18091	18414	27
18091	18424	27
18091	25878	27
18091	28915	27
18101	20767	27
18114	19548	27
18114	20004	27
18114	22269	27
18114	22344	27
18115	19003	27
18116	18743	27
18116	20890	27
18116	22733	27
18116	26141	27
18164	18923	27
18164	23298	27
18192	20427	27
18205	21174	27
18207	18648	27
18207	26824	27
18230	19116	27
18231	18353	27
18231	18824	27
18248	18328	27
18248	19930	27
18248	21130	27
18248	22708	27
18248	22710	27
18248	26141	27
18249	26769	27
18249	27749	27
18249	29100	27
18250	21801	27
18250	21862	27
18256	28460	27
18256	28461	27
18263	26333	27
18264	22302	27
18264	23298	27
18264	26333	27
18264	27749	27
18289	29658	27
18302	23159	27
18302	26271	27
18302	30380	27
18318	18842	27
18318	19565	27
18318	20318	27
18318	20744	27
18318	24100	27
18318	26920	27
18326	27418	27
18333	29713	27
18346	27598	27
18353	18824	27
18359	23926	27
18363	29095	27
18363	29106	27
18369	26333	27
18369	29450	27
18372	30089	27
18377	26846	27
18420	19736	27
18420	26170	27
18429	23972	27
18435	21807	27
18435	25203	27
18435	25208	27
18457	19986	27
18457	26158	27
18457	28570	27
18468	18526	27
18468	18564	27
18468	24901	27
18515	24067	27
18526	18564	27
18526	19008	27
18526	24901	27
18528	19290	27
18528	20418	27
18528	24055	27
18536	23926	27
18539	18564	27
18539	18782	27
18539	19212	27
18570	18578	27
18570	18655	27
18570	21256	27
18572	19446	27
18572	19606	27
18572	20083	27
18572	21550	27
18572	25395	27
18572	28963	27
18572	29411	27
18572	29876	27
18578	18655	27
18578	21256	27
18578	27480	27
18588	19301	27
18588	20345	27
18588	21392	27
18588	22677	27
18588	22916	27
18588	23001	27
18588	23016	27
18588	23220	27
18588	23314	27
18588	23527	27
18588	24449	27
18588	24495	27
18588	24694	27
18588	25268	27
18588	26592	27
18588	27022	27
18588	27745	27
18588	27757	27
18588	28412	27
18588	28457	27
18597	18842	27
18597	18955	27
18597	18979	27
18597	19213	27
18621	19212	27
18621	30089	27
18624	22175	27
18631	23930	27
18631	25819	27
18636	21340	27
18650	26784	27
18657	22967	27
18657	25121	27
18687	19031	27
18687	19033	27
18687	19230	27
18687	19388	27
18687	19689	27
18687	21102	27
18687	22116	27
18687	22159	27
18687	22404	27
18687	22435	27
18687	22871	27
18687	23088	27
18687	23153	27
18687	24159	27
18687	24812	27
18687	26259	27
18687	26476	27
18687	27067	27
18687	27761	27
18687	30372	27
18701	25318	27
18706	22057	27
18706	24005	27
18719	28745	27
18722	19260	27
18722	20977	27
18722	21854	27
18722	25620	27
18722	25917	27
18722	30355	27
18726	20805	27
18750	27720	27
18760	25984	27
18760	27121	27
18760	27222	27
18760	27405	27
18767	25265	27
18774	26333	27
18806	28745	27
18824	18920	27
18824	22883	27
18828	26769	27
18828	26846	27
18828	29515	27
18842	24100	27
18844	27013	27
18850	22194	27
18856	26734	27
18923	19220	27
18923	22639	27
18923	26938	27
18923	26939	27
18923	30197	27
18929	28286	27
18944	22733	27
18951	19182	27
18955	19213	27
18955	26174	27
18978	23086	27
18988	19587	27
18999	19548	27
19008	19212	27
19008	19697	27
19056	20805	27
19069	19293	27
19069	20428	27
19078	27818	27
19080	22175	27
19080	25208	27
19083	25104	27
19085	27780	27
19085	29721	27
19085	29859	27
19090	21317	27
19116	24425	27
19121	19513	27
19121	23973	27
19126	24179	27
19142	24560	27
19147	19587	27
19147	25984	27
19147	25996	27
19182	23979	27
19196	23055	27
19196	27337	27
19212	24145	27
19216	19396	27
19216	23237	27
19220	26846	27
19220	29515	27
19224	25889	27
19226	24437	27
19258	21971	27
19356	26264	27
19360	23156	27
19365	20541	27
19391	20541	27
19393	20474	27
19393	24082	27
19393	25257	27
19393	25354	27
19393	26522	27
19393	28255	27
19393	28256	27
19393	28995	27
19393	29034	27
19393	30362	27
19400	19402	27
19400	20015	27
19400	22014	27
19402	20289	27
19457	28286	27
19470	21194	27
19476	26530	27
19476	26898	27
19476	29515	27
19476	30376	27
19482	25083	27
19482	25140	27
19490	27333	27
19490	27729	27
19513	19585	27
19513	21961	27
19513	23169	27
19513	23973	27
19513	24004	27
19513	27719	27
19522	21790	27
19522	23930	27
19522	28296	27
19522	28519	27
19523	24010	27
19538	22459	27
19538	29721	27
19538	29962	27
19541	28152	27
19548	19602	27
19548	21534	27
19551	20987	27
19552	19553	27
19565	20318	27
19565	20744	27
19585	23973	27
19585	26846	27
19587	25996	27
19604	26846	27
19604	29542	27
19605	21194	27
19606	26146	27
19606	29757	27
19615	20738	27
19625	25912	27
19679	20893	27
19679	25318	27
19688	20725	27
19688	20728	27
19689	21194	27
19692	25318	27
19697	19826	27
19705	21194	27
19734	21196	27
19736	20129	27
19736	24063	27
19736	24067	27
19736	26179	27
19736	28013	27
19738	21196	27
19746	19784	27
19752	20428	27
19752	23846	27
19755	21122	27
19762	24067	27
19784	20075	27
19784	20215	27
19784	20219	27
19784	20977	27
19784	21016	27
19784	25338	27
19784	26616	27
19784	26731	27
19784	26826	27
19800	19837	27
19800	21130	27
19800	27416	27
19800	29383	27
19803	23466	27
19803	25118	27
19805	27405	27
19822	29267	27
19826	30089	27
19837	20241	27
19837	21582	27
19837	21854	27
19837	23375	27
19855	28418	27
19855	28422	27
19930	29945	27
19962	21807	27
19962	22476	27
19962	25203	27
19962	25208	27
19962	25218	27
19962	25751	27
19967	20541	27
19967	28950	27
19977	29743	27
19977	30025	27
19977	30036	27
19986	26783	27
19996	20368	27
20004	20445	27
20004	20785	27
20033	30272	27
20064	26541	27
20081	21194	27
20083	23086	27
20083	26811	27
20083	29728	27
20095	22302	27
20115	25727	27
20115	26170	27
20119	24010	27
20157	23151	27
20192	22860	27
20212	28930	27
20214	27680	27
20214	28930	27
20220	23903	27
20220	23922	27
20220	27883	27
20220	28156	27
20220	30221	27
20220	30238	27
20237	29554	27
20241	21582	27
20241	21854	27
20241	23375	27
20241	29383	27
20248	25101	27
20248	25344	27
20248	29515	27
20274	25584	27
20284	25203	27
20284	25208	27
20284	25218	27
20284	25751	27
20290	21807	27
20290	26594	27
20298	27538	27
20318	20744	27
20318	29179	27
20318	30347	27
20344	30085	27
20368	20638	27
20368	30324	27
20385	22070	27
20395	20804	27
20395	21790	27
20395	21856	27
20396	22906	27
20396	25774	27
20418	24492	27
20427	24896	27
20428	22733	27
20428	30324	27
20445	20785	27
20448	26061	27
20457	24141	27
20457	30370	27
20463	24066	27
20463	26237	27
20488	26722	27
20532	22264	27
20532	26846	27
20532	29515	27
20540	30348	27
20577	24697	27
20578	28386	27
20638	30324	27
20645	30348	27
20653	21938	27
20661	25996	27
20683	21535	27
20700	20717	27
20702	22264	27
20702	27729	27
20702	27749	27
20730	27453	27
20730	30344	27
20739	30366	27
20744	21177	27
20748	21938	27
20762	20868	27
20764	23055	27
20764	25323	27
20764	25620	27
20767	20984	27
20805	21982	27
20805	22187	27
20805	26219	27
20825	24492	27
20832	21346	27
20832	21523	27
20832	21681	27
20890	21130	27
20890	26638	27
20893	22754	27
20893	29366	27
20913	28286	27
20918	28363	27
20966	22459	27
20966	29721	27
20976	25335	27
21016	28818	27
21047	21139	27
21047	21235	27
21047	28394	27
21047	28449	27
21047	28461	27
21075	23973	27
21075	27719	27
21077	26237	27
21077	30187	27
21093	24067	27
21102	21194	27
21103	26532	27
21103	28049	27
21103	28101	27
21103	30166	27
21103	30304	27
21106	21194	27
21138	24063	27
21174	30227	27
21177	26061	27
21188	21851	27
21188	28413	27
21191	29962	27
21194	21806	27
21194	25519	27
21194	26120	27
21198	23721	27
21198	29509	27
21208	24067	27
21237	24034	27
21248	22344	27
21249	25156	27
21253	22302	27
21271	22344	27
21272	22344	27
21276	22344	27
21313	21737	27
21313	23823	27
21313	29515	27
21317	23319	27
21317	23387	27
21320	24010	27
21340	21661	27
21340	25436	27
21340	26035	27
21340	28135	27
21340	28355	27
21342	22459	27
21342	23230	27
21342	27780	27
21342	29721	27
21342	29860	27
21354	22175	27
21357	22476	27
21357	27775	27
21379	22175	27
21379	25208	27
21392	22344	27
21393	22175	27
21393	24701	27
21426	28734	27
21426	29098	27
21426	29107	27
21427	22476	27
21435	27416	27
21435	27498	27
21451	27935	27
21477	21807	27
21477	22175	27
21505	24921	27
21534	22269	27
21534	22344	27
21535	21923	27
21551	22175	27
21551	25208	27
21585	24698	27
21585	27729	27
21585	28086	27
21586	26157	27
21586	26333	27
21598	23086	27
21598	25787	27
21598	26811	27
21613	23156	27
21631	22476	27
21634	22175	27
21634	25208	27
21644	22507	27
21644	29817	27
21685	23298	27
21685	23798	27
21685	24264	27
21685	24478	27
21685	24560	27
21685	24822	27
21685	26531	27
21685	26894	27
21685	26898	27
21685	26982	27
21685	27001	27
21685	27080	27
21685	27729	27
21685	28191	27
21685	28509	27
21685	28510	27
21685	28543	27
21685	28544	27
21685	28785	27
21685	28922	27
21685	29216	27
21692	23156	27
21693	22278	27
21702	24010	27
21732	24575	27
21738	26614	27
21738	26846	27
21740	23876	27
21753	24063	27
21753	29650	27
21770	22175	27
21783	22194	27
21806	28152	27
21807	22311	27
21807	22413	27
21807	25548	27
21807	26207	27
21807	26756	27
21807	29171	27
21821	29817	27
21822	28761	27
21851	26784	27
21851	28413	27
21851	28417	27
21851	28461	27
21873	28733	27
21904	24680	27
21904	26333	27
21909	25169	27
21915	22840	27
21915	27818	27
21915	27898	27
21923	30142	27
21938	30006	27
21956	23086	27
21956	25787	27
21956	26811	27
21956	29728	27
21961	23973	27
21973	24017	27
21974	26477	27
21996	22329	27
21996	26556	27
21996	29029	27
21996	29095	27
22008	24263	27
22010	30383	27
22016	22160	27
22016	29096	27
22034	27274	27
22035	26910	27
22070	22116	27
22070	22158	27
22070	22404	27
22070	25759	27
22070	27067	27
22070	27234	27
22115	26722	27
22163	24437	27
22175	22349	27
22175	26207	27
22175	29171	27
22192	22818	27
22192	23791	27
22192	23969	27
22194	28517	27
22195	26769	27
22231	26072	27
22233	26846	27
22264	23298	27
22264	25953	27
22264	25954	27
22264	26661	27
22264	26820	27
22264	26878	27
22264	26938	27
22264	26986	27
22264	26988	27
22264	27729	27
22264	29515	27
22264	29571	27
22264	29846	27
22264	29894	27
22280	26976	27
22280	27068	27
22299	24065	27
22299	27780	27
22302	22440	27
22302	24150	27
22302	25166	27
22302	25421	27
22302	25600	27
22302	27272	27
22302	27874	27
22302	28760	27
22302	28792	27
22302	28824	27
22302	28862	27
22302	28868	27
22302	28958	27
22302	29226	27
22302	29261	27
22302	29263	27
22302	29264	27
22302	29767	27
22302	30287	27
22302	30357	27
22311	25203	27
22311	25208	27
22311	25218	27
22328	28367	27
22328	28417	27
22328	28676	27
22328	29014	27
22329	29095	27
22344	22479	27
22344	22556	27
22344	25338	27
22371	29107	27
22376	25974	27
22376	27069	27
22376	29262	27
22376	29433	27
22389	30089	27
22413	25208	27
22459	23230	27
22459	27780	27
22459	28239	27
22459	29721	27
22459	29860	27
22459	30221	27
22476	25170	27
22476	25218	27
22476	26460	27
22480	28367	27
22480	28377	27
22480	28381	27
22480	28676	27
22480	29014	27
22507	25169	27
22507	26237	27
22507	27020	27
22507	27407	27
22507	28867	27
22507	30002	27
22515	24063	27
22525	27121	27
22525	27222	27
22541	26333	27
22541	29101	27
22552	26509	27
22558	23298	27
22564	25335	27
22708	28042	27
22710	28042	27
22733	23470	27
22733	23524	27
22738	26644	27
22750	28274	27
22750	28920	27
22791	27121	27
22791	27222	27
22818	23791	27
22818	23969	27
22834	27596	27
22860	26363	27
22871	25584	27
22881	23220	27
22883	23161	27
22883	23633	27
22883	28219	27
22886	24005	27
22897	30383	27
22906	27729	27
22906	29515	27
22918	24005	27
22919	24005	27
22956	26644	27
22962	25218	27
22962	25751	27
22967	26351	27
22967	28370	27
22992	28418	27
22992	28422	27
22995	25413	27
22999	30021	27
23010	27435	27
23014	23936	27
23014	24442	27
23014	25261	27
23018	27789	27
23025	29817	27
23026	27780	27
23026	29721	27
23043	23974	27
23065	24404	27
23077	23826	27
23086	23287	27
23086	23390	27
23086	23517	27
23086	26051	27
23086	26160	27
23086	26273	27
23086	26811	27
23086	27105	27
23086	29164	27
23086	29573	27
23086	29728	27
23088	25584	27
23089	30154	27
23127	23451	27
23136	23457	27
23136	27471	27
23151	23621	27
23151	25314	27
23151	26207	27
23156	23349	27
23159	26355	27
23159	29983	27
23161	28609	27
23163	24065	27
23164	27320	27
23167	27729	27
23169	24478	27
23171	26597	27
23171	26769	27
23192	25187	27
23208	25787	27
23208	26261	27
23208	26811	27
23226	30157	27
23227	30316	27
23228	25115	27
23230	25492	27
23230	27780	27
23231	25120	27
23231	25121	27
23231	27818	27
23247	26333	27
23256	25115	27
23274	26146	27
23287	25787	27
23287	26811	27
23298	25742	27
23298	25953	27
23298	25954	27
23298	26898	27
23298	27001	27
23298	28509	27
23298	29515	27
23298	29974	27
23310	26734	27
23314	25984	27
23333	23909	27
23333	29662	27
23338	23532	27
23338	23535	27
23338	23616	27
23338	23706	27
23338	23905	27
23349	26355	27
23349	29554	27
23355	27480	27
23355	27947	27
23375	26333	27
23376	27248	27
23390	25787	27
23390	26811	27
23421	24492	27
23421	25984	27
23421	25996	27
23421	26452	27
23421	27121	27
23421	27222	27
23451	23625	27
23451	23916	27
23451	23931	27
23502	24492	27
23502	25984	27
23502	27121	27
23517	25787	27
23517	26811	27
23527	25984	27
23527	25996	27
23535	27789	27
23557	27538	27
23570	23817	27
23570	23920	27
23602	29717	27
23604	26346	27
23626	25509	27
23626	27719	27
23633	23675	27
23633	23676	27
23633	28609	27
23685	29339	27
23695	26846	27
23710	28922	27
23721	23903	27
23721	23922	27
23732	28920	27
23741	26659	27
23760	25318	27
23760	26846	27
23793	26846	27
23817	27596	27
23817	30348	27
23818	23914	27
23823	30068	27
23845	29817	27
23859	26333	27
23868	26846	27
23876	25548	27
23888	24641	27
23888	24686	27
23906	24107	27
23906	24717	27
23906	25745	27
23906	29830	27
23920	27596	27
23926	24434	27
23926	24845	27
23926	29931	27
23930	26050	27
23930	27815	27
23930	27817	27
23930	27870	27
23930	27887	27
23930	29020	27
23936	24883	27
23936	25405	27
23936	25761	27
23946	26271	27
23947	24300	27
23947	26271	27
23947	26544	27
23951	30189	27
23953	26949	27
23959	25825	27
23973	24004	27
23973	25166	27
23973	25509	27
23973	25634	27
23973	27719	27
23979	25405	27
23985	29261	27
23985	29420	27
23987	26624	27
23987	26846	27
24004	25318	27
24004	26846	27
24010	24639	27
24010	27866	27
24010	29417	27
24017	25039	27
24017	26597	27
24017	26769	27
24017	27749	27
24017	28368	27
24017	28772	27
24017	28780	27
24017	28781	27
24017	28789	27
24017	28795	27
24017	28954	27
24017	28960	27
24017	29073	27
24017	29669	27
24017	29670	27
24042	26949	27
24063	24287	27
24063	24398	27
24063	26106	27
24063	26179	27
24063	26323	27
24065	24323	27
24065	27185	27
24067	26170	27
24067	26179	27
24078	26380	27
24094	30235	27
24096	26118	27
24096	26146	27
24096	27114	27
24096	28963	27
24109	27942	27
24145	26244	27
24179	24306	27
24179	28279	27
24252	29817	27
24264	26846	27
24264	29611	27
24290	26530	27
24290	26846	27
24290	27729	27
24295	27392	27
24301	24921	27
24313	28377	27
24390	27462	27
24416	24571	27
24425	26730	27
24431	29246	27
24478	24560	27
24478	26769	27
24478	26894	27
24478	29515	27
24492	24665	27
24492	25187	27
24492	25235	27
24492	26002	27
24492	26035	27
24492	26048	27
24492	26084	27
24492	26107	27
24492	26198	27
24492	26321	27
24492	26452	27
24492	27121	27
24492	27222	27
24492	27369	27
24492	29433	27
24510	24812	27
24513	26846	27
24533	27749	27
24554	25509	27
24554	27719	27
24560	26894	27
24596	24680	27
24607	24865	27
24612	26597	27
24613	27609	27
24613	29806	27
24614	25753	27
24637	26846	27
24641	24822	27
24641	25046	27
24651	26614	27
24651	26623	27
24651	27729	27
24686	24822	27
24686	25046	27
24697	24715	27
24697	27360	27
24697	28870	27
24697	29023	27
24698	26624	27
24698	26986	27
24698	26991	27
24698	29344	27
24698	30284	27
24698	30384	27
24701	26524	27
24701	26986	27
24713	26333	27
24773	29554	27
24783	26530	27
24845	25261	27
24946	26734	27
24961	26597	27
24964	26734	27
25008	25727	27
25012	26592	27
25012	27022	27
25023	26614	27
25023	26846	27
25023	27729	27
25023	28316	27
25023	29809	27
25039	26157	27
25039	26333	27
25039	27749	27
25039	29100	27
25046	25753	27
25058	29101	27
25096	26623	27
25096	28316	27
25101	28738	27
25104	26731	27
25120	26351	27
25120	27039	27
25120	28370	27
25120	29170	27
25121	26351	27
25121	26855	27
25121	27039	27
25121	28370	27
25121	29170	27
25122	25581	27
25125	25261	27
25130	27680	27
25137	26847	27
25137	27502	27
25137	30110	27
25166	25509	27
25166	27719	27
25169	27775	27
25169	29132	27
25199	25754	27
25203	25309	27
25206	26846	27
25206	27729	27
25206	28316	27
25206	29809	27
25208	25218	27
25208	25751	27
25208	26737	27
25208	26756	27
25208	26831	27
25208	28231	27
25208	28267	27
25208	29171	27
25218	25751	27
25218	26737	27
25218	28231	27
25235	27121	27
25235	27122	27
25255	26545	27
25255	26846	27
25255	28303	27
25261	25559	27
25263	25969	27
25263	28367	27
25263	28417	27
25263	29014	27
25269	26846	27
25269	27719	27
25269	29515	27
25278	27178	27
25309	27275	27
25335	30221	27
25344	28734	27
25344	28738	27
25347	29107	27
25360	27013	27
25384	26846	27
25384	29515	27
25386	25492	27
25386	27327	27
25386	27816	27
25386	29697	27
25386	29859	27
25386	29994	27
25386	30356	27
25395	26146	27
25395	29757	27
25401	29095	27
25401	29554	27
25401	29650	27
25401	29667	27
25401	29911	27
25404	26320	27
25421	25509	27
25434	25461	27
25461	25522	27
25461	29847	27
25473	27462	27
25476	29515	27
25479	25581	27
25479	30016	27
25492	27780	27
25492	29697	27
25492	29859	27
25492	29860	27
25509	25601	27
25509	25634	27
25509	27916	27
25509	27968	27
25509	28789	27
25529	26788	27
25535	26597	27
25578	26846	27
25578	27963	27
25581	25587	27
25581	30016	27
25587	30016	27
25599	30096	27
25601	27719	27
25629	28316	27
25634	27719	27
25658	30345	27
25737	29515	27
25740	28316	27
25742	26846	27
25751	25948	27
25751	26737	27
25751	28231	27
25752	26846	27
25759	27234	27
25774	26530	27
25787	26273	27
25787	26811	27
25812	26410	27
25819	25936	27
25819	26050	27
25881	27121	27
25881	27122	27
25889	29742	27
25895	26477	27
25895	27121	27
25912	25941	27
25930	26545	27
25953	27729	27
25953	29809	27
25954	26846	27
25954	27729	27
25954	29809	27
25969	27680	27
25969	28317	27
25969	28356	27
25969	28357	27
25969	28381	27
25969	29014	27
25969	29078	27
25984	26110	27
25984	26121	27
25984	26126	27
25984	26128	27
25984	26321	27
25984	26452	27
25984	27121	27
25984	27222	27
25984	27440	27
25984	27745	27
25984	27757	27
25984	27853	27
25985	26180	27
25985	30360	27
25996	26121	27
26000	26078	27
26010	26252	27
26026	28368	27
26046	30237	27
26050	28299	27
26051	26811	27
26055	29516	27
26061	26824	27
26086	27386	27
26086	29827	27
26110	26452	27
26110	27121	27
26110	27405	27
26111	27429	27
26118	26146	27
26125	29073	27
26125	29106	27
26127	27121	27
26130	26755	27
26131	29065	27
26145	29516	27
26145	29809	27
26146	28963	27
26148	27429	27
26151	26846	27
26151	29515	27
26157	28046	27
26157	28758	27
26157	28772	27
26157	28849	27
26160	26811	27
26162	29107	27
26170	27472	27
26198	27121	27
26200	27751	27
26239	28418	27
26239	28422	27
26250	28367	27
26250	28676	27
26265	27177	27
26272	27222	27
26273	26811	27
26281	28745	27
26284	28745	27
26290	26300	27
26303	29193	27
26303	29619	27
26303	29657	27
26320	27538	27
26321	27121	27
26321	27222	27
26321	27811	27
26324	26476	27
26331	26846	27
26333	28046	27
26333	28308	27
26333	28739	27
26333	28758	27
26333	28772	27
26333	28779	27
26333	28781	27
26333	28788	27
26333	28812	27
26333	28845	27
26333	28848	27
26333	28849	27
26333	28960	27
26333	28962	27
26333	28990	27
26333	29028	27
26333	29029	27
26333	29034	27
26333	29037	27
26333	29073	27
26333	29101	27
26333	29107	27
26333	29250	27
26333	29624	27
26333	29996	27
26346	30017	27
26351	27818	27
26358	29032	27
26358	29101	27
26363	29051	27
26376	26414	27
26376	27126	27
26376	27227	27
26376	27237	27
26376	28565	27
26376	29346	27
26376	29457	27
26380	29962	27
26385	27134	27
26414	29346	27
26420	27619	27
26433	28306	27
26449	26846	27
26452	27121	27
26452	27440	27
26452	27853	27
26456	26532	27
26477	30367	27
26493	30085	27
26502	26891	27
26502	27737	27
26502	27820	27
26502	28156	27
26502	29129	27
26530	26606	27
26530	26611	27
26530	26675	27
26530	26846	27
26530	26938	27
26530	27083	27
26530	27855	27
26530	29571	27
26531	26577	27
26531	26846	27
26531	27080	27
26531	29077	27
26531	29515	27
26534	28745	27
26556	28738	27
26556	29095	27
26556	29249	27
26556	29554	27
26556	30021	27
26570	26846	27
26577	26846	27
26577	27268	27
26584	26846	27
26594	27843	27
26597	26769	27
26597	28191	27
26597	28331	27
26597	28340	27
26597	29042	27
26597	29082	27
26597	29083	27
26597	29100	27
26597	30014	27
26597	30047	27
26597	30217	27
26606	27083	27
26611	27083	27
26611	29516	27
26614	26642	27
26614	26719	27
26614	26873	27
26614	26964	27
26614	26986	27
26614	26991	27
26614	27000	27
26614	28543	27
26614	28572	27
26614	29676	27
26614	30247	27
26617	26846	27
26617	26988	27
26617	28651	27
26617	29568	27
26621	26846	27
26623	26878	27
26623	26964	27
26623	26991	27
26623	27763	27
26623	28316	27
26623	29798	27
26623	30384	27
26624	26719	27
26624	27024	27
26624	27763	27
26624	28316	27
26624	29646	27
26628	26837	27
26628	28464	27
26644	30355	27
26648	26846	27
26661	27729	27
26661	29809	27
26664	26846	27
26664	29515	27
26675	26846	27
26675	27729	27
26679	29267	27
26707	26748	27
26707	26818	27
26707	26822	27
26707	27682	27
26707	29962	27
26719	28316	27
26731	29962	27
26734	26806	27
26748	29962	27
26769	26846	27
26769	27749	27
26769	28331	27
26769	28792	27
26769	28891	27
26769	29042	27
26769	29082	27
26769	29100	27
26784	28413	27
26788	26894	27
26791	26846	27
26811	27105	27
26811	29164	27
26811	29728	27
26818	29962	27
26820	26846	27
26820	29515	27
26822	29962	27
26846	26986	27
26846	26988	27
26846	26991	27
26846	27335	27
26846	27339	27
26846	27343	27
26846	27616	27
26846	27685	27
26846	27729	27
26846	27739	27
26846	27833	27
26846	27913	27
26846	28007	27
26846	28086	27
26846	28261	27
26846	28368	27
26846	28612	27
26846	28789	27
26846	28881	27
26846	28922	27
26846	29077	27
26846	29200	27
26846	29482	27
26846	29515	27
26846	29664	27
26846	29670	27
26846	29846	27
26846	30090	27
26846	30139	27
26846	30312	27
26878	27729	27
26878	28316	27
26878	29809	27
26884	29179	27
26891	30074	27
26894	29515	27
26898	26982	27
26898	27001	27
26898	27855	27
26898	28283	27
26898	28509	27
26898	28510	27
26898	28543	27
26898	28544	27
26898	29216	27
26898	29515	27
26898	29974	27
26905	28316	27
26910	30135	27
26910	30388	27
26938	27729	27
26938	29809	27
26943	30277	27
26952	30116	27
26964	28316	27
26974	30324	27
26986	27729	27
26986	28316	27
26991	28316	27
27000	28316	27
27001	28545	27
27014	28236	27
27014	29565	27
27020	28920	27
27048	28316	27
27049	28316	27
27050	30157	27
27062	28523	27
27083	27913	27
27083	29571	27
27083	30129	27
27083	30267	27
27083	30377	27
27088	30290	27
27121	27222	27
27121	27292	27
27121	27440	27
27121	27853	27
27121	27857	27
27122	27405	27
27126	29346	27
27138	28367	27
27151	27168	27
27177	27331	27
27178	29777	27
27187	29899	27
27192	30356	27
27206	29515	27
27222	27440	27
27222	27853	27
27222	27857	27
27227	29346	27
27237	29346	27
27268	27448	27
27268	28742	27
27268	29571	27
27275	27409	27
27321	29515	27
27327	30406	27
27333	29682	27
27360	29179	27
27360	30345	27
27360	30347	27
27416	27498	27
27416	28900	27
27416	30228	27
27418	27461	27
27418	27468	27
27429	30327	27
27429	30392	27
27435	30328	27
27448	27729	27
27448	29809	27
27462	27491	27
27462	28391	27
27462	28392	27
27462	28417	27
27462	28418	27
27462	28450	27
27462	28676	27
27462	29159	27
27462	29909	27
27491	28417	27
27498	28900	27
27498	29823	27
27500	30348	27
27502	29962	27
27506	27598	27
27523	28386	27
27523	29014	27
27598	27654	27
27598	27702	27
27631	27729	27
27631	28086	27
27645	27729	27
27673	29179	27
27673	30345	27
27673	30347	27
27680	28377	27
27719	28432	27
27719	29515	27
27725	29554	27
27729	27828	27
27729	28007	27
27729	28368	27
27729	28572	27
27729	28576	27
27729	29571	27
27729	29676	27
27729	29730	27
27729	29809	27
27729	29846	27
27729	29894	27
27729	30145	27
27729	30231	27
27737	30074	27
27739	29515	27
27749	27794	27
27749	28780	27
27749	28781	27
27749	28789	27
27749	28795	27
27749	28813	27
27749	28954	27
27749	29018	27
27749	29038	27
27749	29669	27
27751	27797	27
27751	29799	27
27751	30259	27
27763	28316	27
27780	28239	27
27780	29721	27
27780	29860	27
27780	29903	27
27789	29662	27
27814	29374	27
27815	28328	27
27816	29697	27
27816	29859	27
27816	29860	27
27817	28328	27
27818	27898	27
27822	29107	27
27855	29515	27
27855	30376	27
27866	29014	27
27870	28328	27
27944	29132	27
27986	29249	27
27988	28323	27
28007	29809	27
28010	28922	27
28054	28255	27
28054	28256	27
28086	28571	27
28086	29292	27
28086	29344	27
28086	29712	27
28086	29798	27
28131	29767	27
28156	29721	27
28188	29896	27
28219	28264	27
28219	30344	27
28235	28745	27
28239	29721	27
28245	29962	27
28255	28256	27
28256	29955	27
28256	30359	27
28256	30379	27
28303	28881	27
28303	29405	27
28307	28422	27
28307	29014	27
28316	29798	27
28316	30384	27
28317	28367	27
28317	28377	27
28317	29014	27
28323	28367	27
28323	28676	27
28325	28367	27
28325	28676	27
28352	28381	27
28352	28417	27
28356	29014	27
28357	28381	27
28357	29014	27
28361	28920	27
28366	28367	27
28367	28389	27
28367	28402	27
28367	28464	27
28367	28676	27
28368	29809	27
28371	28464	27
28377	28386	27
28377	28396	27
28377	28402	27
28377	28445	27
28377	28463	27
28377	29953	27
28381	28389	27
28381	28395	27
28381	28402	27
28381	28447	27
28381	28453	27
28381	28463	27
28381	28590	27
28381	28602	27
28381	29014	27
28381	29078	27
28381	29724	27
28386	28390	27
28386	29678	27
28392	28418	27
28393	28422	27
28393	29014	27
28395	28417	27
28399	28413	27
28399	28417	27
28399	29014	27
28402	28676	27
28408	28422	27
28413	28461	27
28417	28418	27
28417	28422	27
28417	28461	27
28417	28464	27
28417	29078	27
28417	29678	27
28417	29724	27
28417	29745	27
28417	29873	27
28417	29909	27
28421	28422	27
28421	29014	27
28422	28460	27
28422	29963	27
28443	28815	27
28443	29899	27
28445	29014	27
28461	29014	27
28461	29438	27
28464	28676	27
28464	29020	27
28464	29893	27
28464	30336	27
28543	29646	27
28544	29646	27
28554	28623	27
28565	29346	27
28571	29516	27
28576	29809	27
28665	30238	27
28676	29909	27
28732	30361	27
28738	29107	27
28746	29450	27
28762	29251	27
28770	29096	27
28770	30002	27
28772	29650	27
28772	29667	27
28779	29107	27
28780	29100	27
28783	29074	27
28783	29251	27
28789	29100	27
28813	29100	27
28850	30002	27
28854	29072	27
28854	29101	27
28856	29096	27
28856	30002	27
28859	29106	27
28867	29096	27
28867	30002	27
28872	29251	27
28883	29106	27
28886	29066	27
28892	29107	27
28904	29065	27
28922	29515	27
28957	29065	27
28968	30349	27
28981	29611	27
28981	30333	27
28990	29107	27
29014	29078	27
29014	29159	27
29020	29721	27
29034	29066	27
29034	29107	27
29037	29100	27
29038	29554	27
29065	29634	27
29065	30187	27
29065	30343	27
29065	30358	27
29095	29729	27
29096	29715	27
29096	29881	27
29096	29922	27
29096	29932	27
29096	29934	27
29096	30002	27
29098	29107	27
29100	29669	27
29101	29729	27
29238	29249	27
29245	30360	27
29249	29922	27
29249	29932	27
29249	29996	27
29263	29650	27
29267	29612	27
29323	29611	27
29346	30027	27
29403	29410	27
29425	30238	27
29450	29452	27
29450	29460	27
29452	29460	27
29454	29516	27
29460	29688	27
29544	29741	27
29548	29688	27
29554	29650	27
29554	29667	27
29554	29669	27
29554	29813	27
29554	29866	27
29554	29931	27
29559	29611	27
29571	29809	27
29611	30251	27
29611	30342	27
29650	29667	27
29650	29669	27
29650	29866	27
29667	29669	27
29667	29866	27
29697	29859	27
29713	29741	27
29715	30002	27
29716	29718	27
29721	29903	27
29721	30303	27
29729	30349	27
29809	29846	27
29809	29894	27
29823	29856	27
29859	29860	27
29859	30356	27
29860	30356	27
29893	29951	27
29893	30378	27
29933	30391	27
29934	30002	27
29962	30110	27
29963	30387	27
30013	30089	27
30056	30101	27
30074	30077	27
30085	30352	27
30085	30405	27
30089	30116	27
30089	30373	27
30121	30126	27
30238	30259	27
30238	30307	27
30238	30323	27
30278	30289	27
30278	30375	27
30305	30310	27
30329	30331	27
30333	30342	27
30350	30351	27
30350	30407	27
30353	30354	27
30364	30365	27
30364	30386	27
30389	30390	27
30393	30394	27
30395	30396	27
30395	30398	27
30399	30400	27
