0	3	3
0	4	4
0	3	2
1	1	0
0	5	2
0	4	3
0	1	1
0	11	11
1	2	0
1	2	1
0	2	2
0	12	12
0	3	3
0	8	6
1	2	1
1	2	0
0	4	4
0	1	1
0	7	3
0	7	4
1	1	0
0	8	6
0	36	36
1	2	1
0	7	7
0	6	4
0	36	32
0	5	4
0	5	5
0	6	3
0	6	4
1	1	0
0	6	6
1	5	2
1	2	0
0	12	11
0	12	12
1	10	4
1	1	0
0	316	268
0	1	1
0	3	2
0	3	3
1	1	0
0	3	2
1	2	0
1	2	1
0	3	2
0	316	263
1	3	1
0	22	22
1	1	0
0	35	25
0	172	160
0	3	3
1	2	1
0	15	13
1	1	0
1	2	0
0	172	163
1	2	1
0	13	6
1	3	0
0	2	1
0	5	5
0	23	19
0	3	1
0	3	3
1	1	0
0	3	2
1	12	4
0	4	3
0	7	4
0	7	5
1	1	0
0	3	2
0	220	181
1	1	0
1	7	1
0	220	180
0	3	2
0	6	5
0	39	34
0	3	3
0	2	1
1	1	0
0	5	4
1	2	0
0	220	119
0	4	2
1	3	1
1	2	1
0	44	43
0	44	44
1	1	0
0	22	12
0	6	4
0	4	4
0	4	3
0	31	26
0	31	27
1	3	1
1	1	0
1	1	0
0	12	10
0	1	1
1	3	1
0	24	18
0	5	5
1	1	0
0	2	2
0	2	2
0	5	5
1	1	0
0	4	2
1	1	0
0	1	1
1	26	10
1	5	0
0	4	4
1	3	0
0	11	5
1	1	0
1	2	1
1	2	1
1	1	0
0	8	4
0	44	43
1	1	0
0	8	8
0	24	20
1	1	0
0	6	5
0	6	6
0	4	4
0	44	34
0	1	1
1	2	1
1	2	0
1	1	0
0	2	2
0	4	3
0	4	2
0	9	4
1	3	1
0	13	9
1	1	0
0	5	5
0	1	1
0	11	10
0	3	3
1	2	1
0	6	6
0	7	5
0	7	4
0	2	2
0	40	25
0	1	1
0	6	5
1	2	1
0	40	24
0	4	4
0	1	1
0	15	13
0	20	18
1	3	0
0	5	5
1	3	1
0	20	19
0	23	15
0	3	3
1	7	1
0	3	2
0	5	4
0	5	5
1	18	9
0	6	6
0	2	2
0	23	22
0	5	5
1	1	0
0	48	43
0	48	44
1	5	2
0	5	4
0	3	3
0	48	46
0	3	3
1	1	0
1	2	0
0	311	186
0	15	14
1	2	1
0	15	15
1	1	0
0	311	184
0	311	185
0	1	1
1	6	2
0	3	2
0	8	7
0	15	10
0	5	4
0	2	2
0	7	5
0	3	3
0	7	7
0	8	8
1	1	0
0	14	9
0	8	4
1	1	0
0	21	18
0	5	4
1	5	2
0	2	2
0	14	10
0	2	2
1	1	0
0	1	1
0	7	6
0	16	14
0	1	1
0	9	9
0	2	2
1	1	0
0	3	3
0	6	6
0	14	13
0	15	13
0	12	12
0	1	1
1	1	0
0	7	7
0	133	92
0	6	3
0	12	10
0	3	3
1	8	4
1	1	0
1	1	0
0	29	23
0	133	89
0	5	4
0	42	28
1	2	0
0	4	4
1	2	1
0	2	2
1	1	0
0	10	9
1	3	0
1	3	1
1	1	0
1	4	1
0	5	5
0	42	26
0	2	2
0	2	2
1	4	1
1	12	4
1	1	0
0	10	7
0	17	9
0	3	2
0	4	4
0	1	1
0	3	3
0	19	14
1	1	0
1	3	0
0	1	1
0	2	2
1	4	2
1	4	1
0	4	3
0	133	94
1	1	0
0	1	1
0	1	1
1	1	0
0	4	2
0	5	3
1	1	0
0	11	11
0	4	2
1	1	0
0	23	17
0	5	4
0	23	15
0	3	3
1	1	0
0	23	16
0	3	2
0	3	2
0	4	4
0	2	2
0	6	5
1	1	0
0	19	11
0	2	2
1	2	0
1	1	0
0	19	13
0	27	21
0	5	5
0	2	2
0	1	1
0	4	2
0	27	23
0	4	3
0	27	22
0	6	4
0	16	14
0	16	7
0	6	5
1	2	0
0	6	6
0	2	2
0	4	3
0	4	2
0	2	2
0	2	1
0	2	2
1	2	1
0	7	4
0	8	8
0	39	36
0	14	14
1	1	0
0	3	3
0	2	2
0	3	3
0	13	10
0	5	5
0	3	3
0	2	1
0	9	8
0	2	2
0	5	4
1	1	0
1	1	0
0	1	1
0	5	4
0	4	2
0	7	3
0	5	5
1	1	0
0	7	6
0	20	16
0	20	15
0	16	15
1	1	0
1	1	0
1	1	0
0	3	2
0	18	17
0	4	4
1	1	0
0	3	3
0	4	4
1	1	0
0	4	4
0	2	2
0	40	21
0	4	4
0	5	4
0	5	5
0	6	4
1	1	0
1	1	0
1	1	0
1	1	0
0	8	5
1	1	0
1	1	0
0	18	14
1	2	1
0	2	1
1	3	1
0	6	5
1	2	0
0	6	4
0	6	6
0	8	8
0	5	5
1	3	1
0	5	2
0	48	47
0	2	2
0	32	27
1	2	1
0	36	23
0	2	1
0	2	2
1	1	0
1	1	0
0	1	1
0	6	3
0	4	4
0	3	2
0	9	9
0	1	1
1	1	0
0	2	2
0	7	5
1	2	1
0	32	23
1	17	1
0	4	4
0	2	2
1	1	0
0	76	65
0	2	2
0	5	5
1	3	1
0	1	1
0	7	6
0	6	5
0	13	10
0	1	1
0	4	4
0	2	2
0	10	5
0	8	5
1	1	0
0	28	28
0	22	22
1	1	0
0	6	6
0	17	9
0	4	4
0	11	11
0	4	3
1	2	0
1	2	0
0	1	1
0	16	7
0	20	9
0	16	8
1	1	0
1	2	1
1	1	0
1	2	0
0	3	2
0	3	3
0	3	1
0	5	5
0	2	2
1	1	0
1	1	0
0	10	9
0	2	2
1	2	1
0	2	1
0	7	7
0	5	5
1	1	0
1	1	0
1	2	1
1	2	1
0	2	2
0	17	17
0	3	3
1	3	1
1	2	0
0	9	6
0	4	2
1	1	0
0	4	3
0	3	3
0	7	5
0	9	6
0	4	4
0	4	4
1	1	0
1	1	0
1	4	2
0	3	3
0	4	3
0	27	25
0	34	21
1	2	0
0	2	2
0	6	3
0	21	13
1	3	1
0	9	8
0	7	4
1	1	0
0	6	4
0	7	6
1	1	0
1	7	1
0	4	3
1	1	0
0	4	2
0	2	2
0	8	8
0	9	8
0	27	12
0	9	5
0	9	6
1	2	1
1	1	0
1	1	0
1	1	0
0	34	32
0	7	6
0	2	2
0	19	19
1	7	3
0	19	18
0	2	2
0	2	2
0	2	1
0	4	4
0	9	8
1	1	0
0	23	17
0	23	14
0	92	90
0	17	15
0	3	3
0	4	4
1	1	0
0	3	2
0	2	2
0	18	18
1	12	2
0	18	17
1	2	0
0	1	1
0	4	3
0	4	4
0	20	15
0	2	2
1	1	0
0	2	2
1	1	0
1	7	2
0	41	34
0	9	9
0	41	33
0	2	2
0	2	1
0	1	1
1	1	0
1	4	0
0	28	12
0	28	17
0	2	2
1	2	0
1	2	1
0	2	1
0	2	2
1	1	0
0	7	7
0	1	1
0	1	1
0	9	9
1	3	1
0	4	2
0	8	4
0	19	11
0	8	5
0	3	3
0	4	4
1	2	1
1	1	0
1	2	1
1	5	1
0	16	16
0	11	8
1	1	0
1	2	0
0	5	4
0	6	2
0	5	5
0	4	3
0	23	22
0	3	3
0	3	2
0	4	4
0	11	11
0	3	2
0	8	7
0	3	3
0	8	8
0	3	3
0	6	6
0	3	2
0	6	5
1	1	0
0	3	3
1	1	0
0	6	4
0	6	4
1	4	1
1	1	0
0	6	2
0	8	3
0	12	7
0	3	2
1	1	0
0	3	3
1	1	0
0	11	11
0	7	7
0	18	14
0	4	2
0	18	15
0	10	10
0	18	9
0	5	4
0	2	2
1	2	0
0	10	9
0	5	5
0	5	4
1	1	0
1	2	0
0	78	70
0	6	4
1	4	0
1	4	1
0	4	4
1	1	0
1	2	1
0	62	58
0	3	3
1	1	0
0	6	4
1	1	0
1	1	0
0	6	6
0	9	9
0	9	9
0	36	29
1	3	1
0	2	2
0	2	2
0	3	2
0	3	3
0	3	3
0	9	8
0	3	2
1	1	0
0	6	6
0	62	60
0	4	4
1	3	1
0	3	3
1	2	0
0	2	1
0	2	2
0	1	1
0	3	2
0	3	3
0	8	8
1	1	0
1	1	0
1	1	0
0	5	5
0	2	2
0	10	10
0	3	3
0	2	2
0	2	2
0	2	1
0	12	12
0	2	1
0	4	4
1	1	0
0	8	7
0	4	3
1	3	1
0	4	4
0	4	2
1	162	24
0	2	1
0	7	7
1	1	0
0	5	3
0	11	10
0	2	2
0	5	2
0	3	2
0	7	6
0	15	12
1	3	1
0	11	11
0	2	1
1	1	0
0	5	4
0	4	4
1	1	0
0	4	4
0	9	5
0	8	8
0	8	5
0	5	5
0	4	3
0	4	4
0	4	2
0	3	3
0	4	4
0	8	5
0	11	11
0	22	22
0	12	7
0	1	1
0	22	20
1	1	0
0	12	8
1	2	1
1	4	0
0	3	3
0	2	2
0	2	2
0	7	4
0	78	35
0	41	24
1	3	0
0	41	23
1	3	0
1	1	0
1	1	0
0	5	4
0	16	16
0	41	26
0	16	14
0	4	2
0	3	3
1	1	0
0	3	2
0	5	3
0	3	3
0	2	1
1	1	0
0	5	4
0	4	2
1	1	0
1	1	0
0	3	3
0	7	4
1	1	0
0	7	7
0	7	6
1	2	1
0	4	2
0	3	3
1	1	0
1	4	2
0	5	4
0	2	1
0	3	2
0	3	3
0	3	3
1	1	0
0	4	3
0	5	5
0	4	4
1	6	2
0	3	3
1	5	0
1	3	1
0	17	17
0	7	7
0	1	1
0	4	4
1	12	5
0	1	1
0	2	1
1	3	1
0	3	3
0	3	2
0	4	3
0	3	3
0	3	2
1	1	0
0	3	3
0	19	18
0	3	3
0	4	3
0	4	4
1	6	2
0	2	2
1	3	1
1	2	0
1	1	0
0	9	9
1	2	1
0	8	8
0	16	12
1	2	0
1	2	1
0	3	3
0	5	4
1	1	0
0	24	20
0	6	6
0	19	19
1	1	0
1	1	0
1	2	1
1	2	0
0	2	1
0	4	4
0	2	2
1	1	0
0	2	2
1	2	1
0	6	2
1	1	0
0	8	7
0	9	5
0	2	2
1	1	0
0	48	41
0	17	16
1	3	1
1	1	0
0	7	7
0	4	2
0	5	5
0	28	10
0	2	2
0	10	8
0	10	8
0	28	12
0	5	5
0	1	1
1	4	1
1	2	1
0	4	4
0	2	2
0	4	3
0	4	4
0	2	2
0	3	3
0	1	1
0	3	2
0	3	2
0	2	1
1	1	0
0	2	2
0	11	10
0	11	11
0	11	10
0	7	2
0	20	10
1	1	0
1	1	0
0	5	2
0	11	10
0	20	12
0	3	2
1	3	1
0	3	3
0	8	7
0	12	6
0	20	15
0	7	5
1	1	0
1	4	2
1	1	0
0	3	3
1	1	0
0	6	6
0	4	3
0	2	1
0	14	13
1	1	0
1	1	0
1	1	0
0	3	3
1	6	1
0	3	2
0	6	3
0	6	4
1	1	0
0	2	1
1	1	0
0	3	3
0	1	1
1	2	1
0	21	16
0	6	3
1	3	1
1	1	0
0	4	2
0	5	4
1	1	0
0	2	2
1	1	0
1	2	1
0	4	2
1	2	0
0	3	3
0	3	2
0	11	11
0	2	2
1	2	0
0	34	20
1	2	1
1	2	1
1	1	0
0	3	3
0	7	7
0	3	2
0	3	3
1	1	0
0	3	3
1	6	2
0	37	22
0	37	23
0	4	3
0	4	2
1	2	1
0	2	1
0	19	17
1	1	0
0	3	2
0	1	1
0	2	2
0	3	3
0	1	1
0	4	4
0	8	8
0	98	84
0	1	1
0	98	83
0	5	5
0	3	3
0	1	1
0	2	2
0	4	2
1	1	0
0	4	4
1	4	2
0	2	1
0	10	10
1	1	0
0	3	3
0	6	6
0	75	63
0	5	5
0	5	4
0	2	2
0	2	2
1	1	0
1	2	0
0	43	34
0	32	32
0	32	31
0	3	3
0	3	2
0	5	5
0	3	3
0	3	3
0	2	1
1	2	0
0	24	20
0	3	3
0	90	60
1	1	0
0	1	1
0	3	2
1	7	2
0	4	2
0	12	12
0	3	3
0	5	5
0	4	2
0	2	1
0	28	26
1	1	0
1	3	1
1	2	0
0	5	5
1	1	0
0	2	1
0	4	4
1	2	1
0	5	5
1	1	0
0	8	4
1	1	0
0	9	6
1	20	7
0	2	2
0	2	1
0	6	6
0	2	1
0	7	4
0	2	2
0	4	4
0	5	5
0	20	10
0	1	1
1	1	0
0	5	4
0	2	2
0	5	5
0	5	5
0	24	18
1	1	0
0	1	1
0	10	7
0	8	5
0	8	6
1	2	0
1	3	1
0	2	2
1	1	0
0	68	63
0	5	5
0	2	2
1	4	2
1	6	2
0	7	4
0	28	17
1	1	0
0	17	11
0	7	7
1	1	0
0	4	4
1	1	0
0	7	6
0	3	3
0	5	5
1	4	2
1	2	0
1	5	2
0	3	3
0	13	13
1	1	0
0	3	1
0	9	9
0	3	3
0	3	2
0	43	40
0	6	2
1	3	0
0	13	8
0	6	5
0	6	6
0	6	6
0	36	31
0	1	1
1	1	0
0	8	7
0	2	2
0	4	4
1	2	0
0	5	5
1	1	0
0	1	1
0	5	2
0	15	9
0	25	25
0	9	7
0	3	2
1	18	0
0	17	14
0	17	13
0	25	22
0	13	13
1	4	0
0	16	14
0	9	9
0	5	3
0	4	3
1	3	1
0	3	2
0	16	15
0	12	9
0	7	7
0	9	9
1	1	0
0	7	6
0	5	3
0	12	12
0	6	3
0	3	3
0	5	4
0	85	67
0	5	2
1	2	1
0	85	66
1	2	1
0	5	3
1	3	1
0	30	27
0	4	2
0	5	3
0	3	3
0	8	4
0	3	2
1	3	0
1	1	0
0	22	20
0	2	2
1	1	0
0	3	2
0	3	3
0	2	2
0	8	3
0	85	70
0	2	2
0	85	71
0	21	19
0	2	1
0	2	2
1	9	2
1	1	0
0	3	3
0	4	4
1	2	1
0	4	4
0	3	2
0	8	5
1	2	1
0	4	3
0	7	7
0	3	3
0	57	42
0	30	27
1	1	0
0	2	1
0	4	4
0	3	3
1	2	1
0	2	2
0	44	32
1	5	1
0	3	3
1	1	0
0	6	4
1	1	0
0	5	4
0	4	3
0	5	3
0	6	5
1	3	1
1	1	0
0	9	9
0	37	31
0	8	8
1	4	1
0	37	30
0	7	5
0	1	1
0	2	2
0	2	1
1	9	2
0	24	18
0	2	2
0	6	6
0	250	220
0	2	1
0	13	10
0	41	30
0	3	3
0	2	1
1	1	0
0	12	12
0	4	2
0	44	43
1	1	0
0	41	29
1	4	2
1	1	0
0	4	2
0	4	4
0	3	2
0	6	6
1	3	1
0	9	5
0	5	5
0	3	3
0	3	2
0	3	2
0	3	3
0	3	2
0	2	2
0	4	2
1	1	0
0	4	4
0	250	231
0	7	4
0	13	11
0	250	230
0	2	1
0	25	24
0	9	5
1	1	0
1	3	1
0	2	2
0	2	1
0	5	4
0	9	7
0	2	1
1	1	0
1	1	0
0	4	2
0	3	3
0	8	7
0	3	2
0	4	3
0	4	3
1	1	0
0	3	2
0	4	2
0	4	4
0	2	2
1	14	4
0	2	1
0	3	2
0	5	5
0	36	32
0	17	15
0	1	1
0	2	1
0	6	6
0	40	40
1	4	1
0	8	5
0	2	2
1	1	0
0	4	4
0	8	3
1	1	0
0	8	4
0	6	3
0	2	2
0	3	1
0	5	4
1	8	3
0	3	3
0	5	4
0	4	2
0	6	4
0	36	28
0	10	5
0	17	14
0	2	2
0	17	15
0	3	3
0	7	4
1	2	0
0	21	17
1	2	1
0	21	18
0	2	2
1	2	1
0	82	67
0	82	68
1	1	0
1	1	0
0	10	6
0	2	1
1	1	0
0	10	7
1	1	0
1	2	0
0	4	2
0	5	3
0	4	3
0	4	2
0	1	1
1	5	2
0	1	1
0	15	9
0	5	5
0	3	3
0	5	4
0	5	4
1	1	0
0	4	4
0	5	5
0	15	8
0	17	16
1	7	0
0	2	2
0	3	3
0	5	3
1	1	0
0	4	3
1	4	1
0	33	33
0	11	10
0	57	48
0	30	28
0	3	3
0	3	2
1	1	0
0	23	15
0	2	2
1	1	0
1	6	3
0	128	126
1	1	0
0	2	1
0	4	4
0	38	22
1	2	0
0	1	1
0	5	5
0	2	2
1	3	0
0	3	3
1	1	0
0	5	3
0	4	4
0	5	4
0	4	2
1	2	1
0	5	3
0	3	2
0	5	4
0	7	7
0	3	2
0	1	1
0	10	8
0	10	9
1	1	0
0	10	9
0	10	9
0	4	3
0	7	7
0	1	1
0	7	6
0	6	6
0	4	4
0	5	5
0	6	2
0	2	1
0	6	3
1	2	1
1	2	0
0	5	3
1	6	2
0	8	8
0	40	35
0	4	4
0	4	4
0	15	15
0	40	22
1	2	1
0	7	6
0	7	7
1	2	0
0	21	9
1	1	0
1	1	0
1	7	2
0	4	2
0	6	5
0	6	6
0	18	17
0	2	2
0	7	7
1	1	0
1	1	0
0	6	6
0	9	7
0	3	2
0	6	5
0	2	2
0	24	22
1	3	0
0	4	4
1	3	1
1	2	0
1	1	0
0	7	6
0	3	3
0	7	5
0	6	6
0	4	2
0	8	7
1	1	0
0	3	3
0	8	8
0	9	8
1	2	0
0	33	21
0	4	3
1	1	0
0	33	20
0	4	4
0	12	9
1	9	4
0	7	7
0	5	3
0	37	24
1	1	0
0	4	4
1	2	1
0	3	3
0	3	2
1	2	0
1	2	1
0	7	6
0	3	3
0	11	9
0	11	8
0	19	11
0	2	2
1	1	0
0	18	15
0	3	3
0	5	4
0	19	10
0	5	3
0	5	3
0	18	16
1	1	0
0	6	6
0	27	11
0	27	10
0	3	2
1	2	0
1	2	1
0	4	2
0	4	3
0	90	41
0	6	5
0	19	14
1	1	0
0	4	4
1	5	2
1	10	1
0	5	4
0	2	2
0	10	7
0	3	3
0	5	5
0	3	3
0	41	36
1	1	0
0	3	2
0	6	6
1	1	0
0	2	1
1	5	2
0	5	5
1	2	0
1	3	1
1	3	0
1	1	0
0	7	5
1	2	0
0	41	34
0	7	6
0	65	55
0	3	3
0	5	4
0	2	2
0	4	4
0	14	7
0	5	4
0	46	37
0	46	36
0	6	5
1	6	3
0	5	5
1	2	1
1	1	0
0	7	6
0	4	3
0	4	3
0	2	1
0	3	2
0	4	4
0	3	1
1	2	0
1	3	0
0	2	1
0	19	12
0	14	7
1	1	0
1	3	0
0	8	8
1	2	0
0	10	10
0	13	9
0	139	80
1	1	0
0	2	1
0	7	7
1	1	0
0	4	2
0	14	9
1	1	0
0	8	8
0	4	4
1	1	0
0	8	4
1	1	0
1	12	3
0	2	2
0	9	9
0	4	4
0	5	2
1	1	0
0	2	2
0	5	5
1	1	0
0	12	11
0	3	3
0	9	6
0	2	2
1	2	1
0	2	2
1	2	0
0	4	4
0	5	4
0	5	3
0	9	8
0	3	3
0	3	2
1	1	0
0	5	5
0	19	14
1	6	3
0	19	15
1	4	1
0	19	16
0	11	10
0	9	7
1	1	0
1	3	1
0	2	2
0	4	4
0	6	6
1	1	0
1	1	0
1	5	2
0	3	3
0	3	2
0	4	2
0	5	2
0	5	3
0	5	5
0	10	8
0	3	2
1	2	0
1	11	1
0	3	3
0	2	2
0	14	13
0	3	3
0	5	5
0	5	4
1	1	0
1	1	0
0	6	4
0	15	9
0	35	27
0	11	11
0	2	2
0	1	1
0	6	5
0	9	8
0	9	7
0	3	2
1	3	1
0	135	130
1	1	0
1	1	0
1	1	0
0	3	3
1	3	1
0	13	9
0	5	5
0	10	8
0	103	77
1	2	0
1	2	1
1	1	0
0	4	4
0	10	7
0	16	13
0	4	2
0	12	7
0	2	2
1	7	2
0	31	26
0	31	25
1	1	0
0	31	22
0	10	5
0	13	11
1	1	0
0	3	3
0	3	2
1	1	0
1	6	1
0	13	10
0	4	4
0	3	3
0	40	40
1	11	5
0	4	4
1	2	0
0	2	2
1	1	0
0	5	5
0	10	6
0	6	6
0	5	4
0	34	28
0	3	2
1	1	0
0	10	10
0	4	4
0	8	8
0	2	2
1	2	1
1	13	0
1	2	0
0	34	25
0	3	3
0	19	17
0	11	10
0	19	18
1	1	0
0	2	2
1	5	0
1	1	0
0	2	2
0	6	4
0	9	9
0	5	5
1	3	1
0	3	3
1	2	0
0	5	5
0	2	2
0	7	3
0	6	6
0	7	5
0	3	2
0	7	4
0	3	2
0	7	7
0	4	3
0	4	2
1	1	0
0	25	22
1	1	0
0	11	7
0	5	5
0	7	7
0	3	2
0	25	20
1	2	0
1	2	1
0	6	3
0	6	5
0	10	10
0	19	17
0	6	4
1	1	0
0	6	5
0	10	10
1	1	0
0	5	4
1	28	8
0	6	6
0	3	3
0	3	2
0	6	4
0	3	3
0	2	1
0	8	7
0	4	4
0	3	3
0	3	2
0	2	2
1	3	0
0	23	21
0	2	2
0	7	2
0	30	18
0	4	3
1	1	0
0	7	4
1	1	0
0	3	3
0	4	3
1	2	1
0	2	1
0	78	62
0	1	1
0	6	3
0	7	4
0	7	5
0	7	7
1	1	0
0	13	12
1	6	3
0	26	23
1	1	0
1	2	0
1	2	1
0	9	9
0	61	50
0	3	3
0	5	3
1	2	1
0	7	7
1	2	0
1	1	0
0	2	2
0	3	2
1	2	0
1	1	0
0	3	3
0	6	3
0	2	1
1	1	0
0	3	3
0	44	42
1	1	0
0	25	13
0	1	1
1	2	1
0	83	78
0	3	3
0	83	77
0	5	4
0	19	14
0	10	9
1	1	0
0	5	5
1	1	0
0	10	8
0	4	4
0	3	3
0	3	3
0	2	2
0	9	8
1	18	2
0	89	83
0	10	10
1	1	0
0	1	1
0	5	5
0	10	7
1	1	0
0	13	12
0	5	5
0	11	11
1	5	2
0	7	6
0	13	13
1	1	0
0	1	1
0	26	25
0	6	6
0	2	2
0	1	1
0	4	4
0	30	26
0	30	27
1	1	0
0	6	4
1	1	0
0	8	7
1	10	2
0	4	3
0	4	2
0	2	2
0	31	23
1	3	1
1	1	0
0	3	3
1	1	0
0	3	2
0	2	1
1	1	0
1	5	1
0	1	1
0	4	4
1	1	0
1	1	0
0	4	3
1	1	0
0	10	9
0	31	17
1	3	0
0	16	9
0	10	6
1	2	0
1	2	1
0	13	8
0	3	2
1	3	1
0	16	8
0	2	2
0	3	3
1	1	0
0	2	2
0	4	3
0	4	2
0	1	1
0	4	4
0	4	3
0	3	3
0	5	4
0	8	5
0	8	6
0	2	2
0	8	6
0	2	1
0	24	18
0	2	1
0	18	15
1	2	1
0	5	4
0	16	9
0	5	2
0	5	5
1	3	1
0	6	4
0	6	3
0	4	3
0	6	3
0	19	15
1	1	0
1	2	1
0	10	10
1	1	0
0	41	16
1	2	0
1	2	1
1	2	0
0	2	2
1	1	0
0	3	3
1	1	0
0	221	207
0	6	3
0	10	9
0	2	2
0	6	6
0	3	3
1	1	0
1	1	0
0	19	18
0	6	4
0	221	209
0	12	11
0	12	10
0	9	8
0	4	4
0	10	10
1	2	1
0	1	1
1	8	2
0	5	5
0	2	2
0	4	3
1	1	0
1	1	0
0	4	4
0	3	3
1	1	0
0	8	7
0	37	30
0	10	9
0	2	2
0	2	1
0	4	4
0	4	4
1	4	2
0	2	2
1	1	0
0	11	11
0	2	1
0	3	2
1	3	1
0	2	2
0	10	7
0	10	8
1	14	0
0	41	35
0	41	36
0	1	1
1	2	0
0	5	5
0	8	6
1	1	0
0	8	8
0	94	61
0	6	5
0	8	7
1	1	0
0	3	3
1	2	1
0	3	3
1	2	0
0	3	2
0	4	4
0	1	1
1	4	1
1	1	0
0	1	1
0	14	14
0	2	1
0	9	9
0	22	16
0	7	7
0	6	6
1	1	0
1	2	1
0	9	9
1	2	0
1	3	1
1	22	2
0	5	5
1	1	0
1	1	0
0	6	4
1	6	2
0	4	3
1	2	0
1	10	2
0	5	4
0	103	77
0	122	109
0	103	75
1	2	0
0	6	5
0	3	3
1	1	0
0	10	8
0	5	3
0	17	17
0	7	7
0	103	80
0	2	2
0	3	2
0	128	105
1	1	0
0	10	8
0	10	7
0	17	16
0	7	6
0	17	17
0	15	9
0	2	2
0	1	1
0	3	3
1	2	1
1	3	0
1	3	1
1	1	0
0	6	5
1	1	0
0	1	1
1	1	0
1	1	0
0	7	7
1	1	0
0	16	16
0	3	3
0	7	7
1	2	0
0	6	5
1	1	0
0	2	2
0	4	2
0	8	8
0	8	8
0	2	1
0	7	7
0	1	1
0	1	1
0	2	2
1	1	0
0	9	9
0	3	3
0	9	8
0	3	2
0	4	4
0	9	8
1	2	1
0	5	3
0	8	8
0	3	2
0	5	2
0	10	10
1	18	4
0	3	3
1	26	2
0	3	3
0	69	64
0	2	2
0	3	2
0	1	1
1	2	1
0	26	12
0	5	3
1	1	0
0	26	10
0	13	13
1	1	0
0	4	2
1	1	0
0	4	3
0	11	8
0	7	5
0	8	5
1	11	2
0	4	2
0	2	2
0	3	3
0	2	2
0	7	4
0	3	3
0	7	3
0	6	3
0	3	2
0	6	4
1	1	0
0	7	6
0	5	4
0	65	58
1	12	3
0	3	3
0	10	10
1	1	0
0	2	1
1	2	0
0	2	2
0	19	18
0	2	2
1	1	0
0	3	3
0	9	9
1	1	0
0	3	3
0	10	9
1	2	0
0	3	3
0	2	1
0	2	2
1	2	1
0	15	10
0	12	11
0	6	6
0	11	9
0	8	7
0	3	3
0	2	1
0	2	2
0	9	9
0	1	1
0	5	5
0	24	23
1	1	0
1	1	0
1	3	0
1	3	1
0	5	4
0	6	5
1	2	1
0	3	3
0	5	3
0	3	2
0	3	2
0	6	6
0	17	15
0	4	4
0	11	10
0	3	3
0	11	11
1	1	0
0	7	6
0	1	1
1	7	1
0	51	21
0	6	5
0	4	2
0	51	22
0	9	7
1	7	2
1	1	0
0	9	5
0	7	5
0	14	11
0	2	2
0	4	3
0	4	4
0	14	12
0	122	110
0	3	2
0	10	9
1	1	0
1	2	0
1	2	1
0	3	2
0	9	6
1	13	3
0	2	1
0	11	11
0	3	3
0	8	5
0	3	2
0	3	3
0	1	1
0	2	2
0	159	146
0	2	1
1	3	1
1	1	0
0	8	5
0	4	3
1	1	0
0	8	8
0	2	2
0	3	3
0	5	3
0	3	2
1	1	0
0	5	4
1	1	0
1	1	0
0	8	7
0	4	4
0	9	6
0	2	2
1	1	0
0	16	10
1	1	0
0	16	11
0	7	6
0	3	2
0	1	1
1	1	0
1	1	0
0	3	3
0	3	3
0	47	31
0	5	3
0	5	5
1	27	15
1	1	0
0	2	2
0	4	4
0	9	8
0	3	3
1	2	0
0	4	2
1	3	0
0	3	3
0	3	2
0	2	2
0	2	2
1	2	1
0	3	3
0	18	15
0	2	2
0	18	18
0	47	29
0	9	5
0	2	2
0	6	6
0	2	2
0	3	3
0	3	2
0	8	4
1	1	0
0	14	13
1	1	0
0	4	2
1	7	3
0	14	14
0	3	2
1	2	0
0	6	4
1	4	0
1	2	0
0	6	6
0	12	9
0	3	3
0	154	94
0	154	95
0	154	93
0	3	3
0	7	6
0	7	7
1	1	0
0	1	1
0	11	9
0	3	2
0	2	2
1	1	0
1	1	0
0	7	6
0	7	5
0	6	6
0	2	2
1	2	0
1	8	2
0	4	2
0	2	1
0	3	2
0	8	7
0	4	3
0	9	9
0	9	8
0	9	9
0	4	4
0	9	4
1	1	0
1	1	0
0	2	2
0	2	2
1	1	0
1	1	0
0	8	8
0	2	2
0	3	3
0	4	3
0	6	3
0	4	4
0	6	6
0	5	3
0	5	4
1	1	0
0	1	1
0	6	5
1	1	0
0	17	10
0	17	11
0	3	3
0	143	140
1	2	0
1	1	0
0	19	13
1	1	0
0	5	3
0	1	1
0	6	3
1	2	1
0	115	75
0	115	74
0	3	3
0	1	1
0	4	4
0	75	65
0	5	4
1	1	0
0	2	2
1	2	1
0	1	1
0	5	5
0	3	2
0	3	1
0	6	4
0	143	120
0	5	3
0	3	3
0	3	2
0	7	6
0	1	1
0	5	5
0	12	9
0	12	8
0	11	8
0	2	2
0	11	9
0	79	51
0	4	2
1	6	2
0	79	50
1	1	0
0	5	5
0	5	4
0	8	7
1	1	0
0	3	3
0	8	6
0	103	67
0	2	2
0	5	5
0	9	8
0	5	3
0	1	1
0	12	10
1	2	0
1	1	0
1	2	0
1	1	0
1	1	0
0	10	9
0	5	5
0	6	4
1	6	1
0	5	5
0	21	16
0	15	15
0	1	1
0	15	14
1	2	0
0	6	5
0	2	1
1	2	0
1	1	0
0	46	33
0	39	29
0	13	13
0	3	2
0	3	3
0	3	3
0	2	1
1	1	0
0	7	7
1	1	0
0	2	2
0	1	1
0	6	4
0	9	8
0	4	3
0	9	9
0	21	20
0	21	21
1	1	0
0	4	2
1	1	0
0	4	4
0	1	1
0	3	2
1	5	2
1	2	0
1	25	4
1	6	2
0	2	1
1	1	0
1	3	1
0	1	1
0	2	2
0	5	5
0	5	3
0	5	3
0	4	4
0	6	4
0	3	3
0	6	3
0	9	9
0	6	6
0	10	10
1	1	0
0	4	4
0	2	2
0	7	5
0	2	2
1	1	0
1	1	0
0	2	2
0	1	1
0	3	3
0	7	7
0	3	2
0	3	2
0	2	2
1	1	0
0	20	15
1	3	1
1	1	0
1	6	1
0	10	10
1	1	0
0	8	8
1	6	2
1	1	0
0	1	1
0	5	4
1	3	1
1	1	0
0	6	6
0	4	3
1	3	1
0	6	4
0	60	55
0	60	54
1	2	0
0	4	4
0	9	8
1	6	2
0	3	3
0	9	9
0	8	8
1	2	1
1	2	1
1	2	0
0	2	2
0	3	2
0	2	2
1	1	0
0	17	11
0	2	2
0	17	12
0	2	1
1	35	11
1	2	0
0	4	3
1	3	1
0	18	8
1	12	5
0	6	6
1	1	0
0	6	3
0	9	9
0	8	4
0	4	4
1	3	1
0	12	12
1	3	1
0	12	12
1	1	0
0	2	1
0	34	23
1	1	0
0	7	5
0	5	4
0	5	3
1	6	1
1	7	2
0	5	5
1	1	0
1	2	0
0	3	3
0	3	2
0	10	6
1	1	0
0	8	7
0	3	2
0	6	6
0	2	2
0	1	1
1	3	1
0	12	9
1	2	0
0	3	3
0	1	1
0	3	3
0	6	6
0	2	2
1	1	0
0	3	3
0	4	3
1	1	0
0	18	10
1	1	0
0	1	1
0	3	3
0	6	6
0	8	6
0	18	15
0	10	8
0	6	3
1	2	1
0	26	23
1	2	0
0	6	6
0	5	5
0	3	2
0	29	25
0	26	26
0	2	1
1	1	0
1	6	1
1	1	0
0	8	6
0	4	4
0	2	1
0	8	7
0	2	1
0	4	4
0	2	2
0	46	37
1	1	0
0	2	2
0	17	10
0	2	2
0	46	46
0	2	2
0	15	14
1	1	0
1	1	0
0	4	4
0	4	3
1	1	0
1	1	0
1	3	1
0	46	38
0	5	5
0	46	39
0	3	3
0	5	3
0	5	2
0	3	2
1	5	1
0	4	4
0	7	5
1	2	1
1	1	0
0	3	3
0	3	3
0	148	120
0	148	121
1	6	1
1	1	0
1	2	0
1	2	1
1	2	1
0	8	7
1	1	0
0	3	3
0	3	3
0	14	13
0	8	6
0	14	12
0	8	7
1	1	0
0	21	15
0	3	2
0	3	3
0	3	3
0	21	17
0	21	18
0	5	4
0	3	2
1	2	0
0	7	6
1	1	0
0	6	3
0	7	6
0	9	9
0	9	8
0	2	2
0	1	1
0	19	11
1	2	1
0	6	5
0	3	3
0	6	6
0	5	5
0	9	9
0	3	2
0	11	10
1	1	0
0	5	5
0	13	7
1	2	1
0	3	3
1	6	3
0	1	1
0	4	3
0	12	11
0	3	2
1	1	0
1	2	0
0	1	1
1	5	2
0	11	6
0	4	4
0	3	3
1	1	0
0	2	1
1	1	0
1	3	0
0	2	2
0	4	4
0	29	27
1	1	0
1	2	0
1	1	0
1	8	1
1	2	0
0	46	42
1	1	0
1	2	1
1	1	0
0	6	6
1	1	0
0	6	6
0	3	3
0	4	2
1	1	0
0	39	39
0	4	3
0	2	2
1	1	0
1	1	0
0	3	2
0	4	2
0	3	3
0	2	2
0	4	3
1	3	1
0	16	15
0	6	4
0	6	5
0	6	4
0	3	3
0	7	7
0	4	3
0	7	7
0	5	2
1	2	1
0	5	3
0	7	7
0	4	4
1	3	1
1	2	0
0	22	16
0	4	4
0	10	5
0	46	24
0	4	4
1	1	0
0	3	3
0	61	53
0	7	5
0	9	6
1	5	1
0	28	9
1	1	0
0	7	6
0	3	2
1	5	1
0	7	5
0	7	6
0	3	2
0	5	5
0	14	6
0	9	8
0	8	8
0	5	3
0	14	7
0	3	2
0	17	10
0	2	1
1	2	1
0	4	4
1	1	0
0	6	6
0	6	6
0	7	6
0	56	47
0	7	7
0	4	4
0	4	3
0	4	4
0	11	6
0	7	7
0	19	16
1	4	0
0	4	4
1	3	1
0	9	9
0	4	3
0	132	121
0	4	3
1	3	1
0	132	120
0	3	2
0	1	1
1	2	1
1	1	0
1	2	0
0	5	5
0	98	66
0	2	2
0	8	8
0	18	16
0	4	2
0	3	1
0	2	1
0	16	16
1	1	0
0	26	25
0	26	26
0	4	4
0	6	5
1	3	1
0	14	10
0	4	4
0	132	119
0	2	2
1	2	1
0	4	2
1	3	0
0	8	5
1	1	0
0	4	4
0	2	2
1	1	0
0	19	17
0	4	3
0	19	18
0	4	2
0	34	27
1	1	0
1	1	0
0	33	12
0	9	4
0	8	8
1	1	0
1	2	1
0	44	43
0	4	4
0	1	1
0	6	3
1	3	1
0	7	5
1	1	0
0	4	4
0	4	2
1	1	0
0	4	4
0	9	7
0	2	2
1	3	1
0	2	1
1	1	0
0	7	6
0	1	1
1	2	1
1	1	0
1	2	0
0	4	2
0	4	4
0	4	3
1	1	0
1	1	0
1	1	0
0	98	48
1	1	0
0	3	2
1	1	0
0	3	1
0	4	2
0	5	3
0	7	5
1	1	0
0	8	8
1	1	0
0	1	1
1	2	0
0	4	2
0	216	198
0	216	199
1	1	0
1	2	1
0	4	4
1	4	0
0	53	48
0	50	26
0	50	46
0	13	5
0	7	6
0	4	2
1	1	0
0	4	3
0	4	4
1	2	0
1	2	1
0	2	2
0	2	2
0	2	2
0	8	7
1	1	0
0	8	6
0	6	5
0	8	5
0	7	6
0	6	6
1	23	2
0	3	3
0	3	2
0	1	1
0	36	31
1	7	2
1	1	0
0	3	2
0	3	3
0	3	3
0	36	30
0	216	109
0	2	2
0	72	63
1	2	1
1	1	0
0	216	111
0	7	6
1	1	0
0	7	4
0	8	7
1	1	0
0	7	7
1	1	0
0	7	5
1	1	0
0	88	69
0	98	84
0	3	2
0	98	82
0	99	82
0	8	5
0	99	81
0	8	8
0	65	35
0	8	6
1	2	0
1	2	1
1	1	0
0	2	2
0	22	10
0	2	2
0	5	2
0	3	2
0	5	3
0	3	2
1	26	3
0	6	6
0	2	2
0	22	15
0	5	3
0	5	4
0	2	2
0	8	8
0	14	10
0	1	1
0	14	11
1	1	0
0	4	3
0	23	22
0	4	4
0	2	1
0	5	5
0	4	4
0	2	1
0	3	1
1	1	0
0	5	5
1	1	0
0	13	12
0	3	3
0	2	2
1	1	0
1	1	0
0	78	74
1	3	1
0	78	76
0	5	5
0	13	12
0	2	2
1	1	0
0	7	4
0	1	1
0	1	1
0	7	5
1	1	0
0	6	6
1	7	2
0	73	62
0	2	2
0	73	61
0	13	13
0	12	12
0	8	5
0	73	60
1	1	0
0	10	8
0	304	283
0	304	282
0	3	3
0	6	4
0	10	9
0	304	280
0	50	43
0	6	5
0	2	2
0	35	26
1	2	1
1	2	0
0	11	10
0	3	2
1	1	0
0	2	2
0	2	1
0	18	15
0	1	1
0	1	1
0	2	2
0	1	1
0	3	3
0	7	5
0	73	59
0	6	6
0	2	2
0	9	8
0	8	8
0	3	3
0	3	3
0	121	108
1	1	0
0	20	14
0	20	10
1	2	1
0	9	2
0	20	13
0	2	2
0	4	3
0	4	2
0	5	5
1	3	1
0	3	3
0	5	5
1	2	0
0	23	20
0	10	8
0	18	14
0	10	9
1	1	0
0	41	27
0	5	5
0	3	2
0	41	28
1	1	0
0	176	151
0	20	20
0	176	152
0	5	3
1	1	0
0	4	4
0	5	5
0	176	153
0	6	6
0	5	5
0	5	4
0	10	10
1	1	0
0	2	2
0	3	3
0	5	5
0	2	2
1	1	0
0	6	6
1	1	0
0	3	2
0	2	2
0	12	9
0	7	4
0	8	8
0	42	39
0	5	4
0	2	2
1	2	0
0	9	7
1	3	1
0	1	1
1	7	2
1	3	0
0	6	4
0	15	15
1	1	0
0	1	1
0	3	3
0	6	4
0	1	1
0	2	1
0	6	4
0	5	5
0	13	8
0	5	4
0	16	16
0	16	15
0	13	7
0	21	18
0	3	3
0	18	10
0	21	16
0	1	1
1	9	0
1	5	1
0	1	1
1	2	0
1	2	1
1	50	4
0	2	2
1	1	0
1	1	0
1	1	0
0	4	4
0	18	15
0	4	2
1	1	0
0	19	12
0	8	8
1	2	1
0	1	1
0	8	8
0	2	2
0	3	3
0	12	5
1	2	0
1	1	0
0	6	6
1	1	0
1	4	1
0	29	27
1	6	1
1	1	0
0	2	1
1	1	0
0	7	7
0	8	6
0	2	1
0	6	6
1	1	0
1	8	4
0	4	4
0	11	11
0	2	2
0	3	2
0	3	1
0	5	3
1	2	0
1	4	0
0	16	16
0	1	1
0	2	2
0	7	7
0	4	2
0	9	9
0	10	10
0	3	2
0	2	1
0	3	3
1	1	0
0	5	4
0	1	1
0	5	5
0	20	15
0	3	3
1	3	1
0	6	6
1	2	1
1	1	0
0	7	5
1	1	0
0	5	4
0	2	2
0	6	5
0	5	4
0	6	4
0	6	6
0	1	1
0	7	5
0	4	3
0	2	2
0	8	8
0	7	3
0	26	9
1	1	0
1	6	3
1	2	1
0	8	6
1	2	1
1	2	0
0	3	2
0	2	2
0	3	3
0	12	10
1	1	0
0	2	2
0	2	2
0	9	8
0	4	3
0	1	1
0	65	59
1	1	0
0	15	15
0	3	3
0	35	28
1	1	0
0	4	2
0	5	4
0	5	3
1	2	0
0	10	9
0	4	3
0	4	4
0	4	4
0	9	4
0	3	3
0	35	21
0	1	1
0	3	2
1	1	0
0	3	3
1	1	0
0	9	9
0	9	8
0	5	5
1	1	0
0	1	1
0	7	5
0	83	32
0	8	8
0	1	1
0	36	33
0	4	4
0	5	4
1	2	0
0	8	7
0	3	3
1	1	0
1	1	0
0	30	25
0	8	6
1	2	0
0	2	2
0	6	5
1	11	4
1	1	0
0	4	3
1	1	0
0	19	15
1	3	1
1	1	0
0	21	13
0	2	2
0	21	15
1	2	0
0	1	1
0	3	3
0	7	7
1	5	1
1	2	1
0	8	4
0	8	3
0	5	5
1	1	0
0	12	12
1	2	0
0	1	1
0	83	50
0	4	3
1	1	0
0	4	4
0	2	2
1	2	0
1	10	1
0	3	2
0	23	11
0	2	2
0	4	2
0	6	6
0	6	5
0	4	4
1	3	1
1	2	0
1	1	0
0	4	4
0	126	117
0	3	2
0	3	3
0	6	6
0	126	116
0	76	59
0	76	58
0	36	26
0	5	3
0	36	25
0	5	2
0	3	3
0	4	3
0	3	2
0	3	3
1	1	0
0	15	11
0	8	8
1	40	16
0	10	9
0	3	3
1	1	0
0	6	4
0	6	4
0	2	2
0	9	9
0	6	4
0	15	11
1	1	0
0	33	32
0	1	1
0	20	10
1	2	0
1	1	0
0	9	8
0	17	10
0	1	1
0	33	30
0	7	3
0	7	2
0	58	47
1	1	0
0	58	48
1	3	0
0	6	5
0	2	2
0	11	8
1	1	0
1	2	0
1	6	3
0	2	2
1	3	1
0	9	4
0	2	1
0	1	1
0	10	8
0	6	6
0	2	2
1	1	0
0	2	2
0	6	5
0	6	4
0	3	2
1	1	0
0	2	2
1	1	0
0	15	14
0	2	2
0	12	10
0	46	44
0	2	2
0	46	43
1	2	1
1	1	0
1	2	0
0	16	12
0	5	4
0	4	4
0	23	18
0	5	5
1	6	0
0	4	4
0	79	74
0	5	5
0	4	3
0	1	1
0	11	10
0	5	5
0	10	9
0	10	8
0	6	4
0	6	6
0	4	2
0	5	4
0	7	7
0	5	4
1	8	3
0	3	3
0	8	5
0	7	7
1	1	0
0	1	1
1	3	1
0	2	2
1	2	0
1	2	1
0	5	3
0	2	2
1	2	0
1	2	1
0	5	4
1	2	1
0	4	4
1	2	1
1	8	4
0	13	5
0	6	5
0	2	2
1	4	1
0	5	5
1	8	2
0	6	3
0	6	6
0	12	6
0	6	5
0	3	3
0	4	3
1	8	1
1	1	0
0	6	4
0	3	3
1	16	5
1	1	0
0	6	5
0	6	6
0	9	8
0	9	7
0	17	10
0	17	15
0	2	2
1	1	0
0	4	2
1	1	0
0	2	2
0	15	13
0	15	12
0	4	4
0	17	15
0	11	6
0	6	3
0	6	4
0	4	1
0	5	5
0	21	9
0	18	17
0	18	16
1	1	0
1	1	0
0	3	3
1	2	0
1	1	0
0	7	4
0	3	3
0	6	6
0	7	6
1	2	1
1	1	0
0	7	5
1	9	3
1	1	0
0	4	4
0	5	5
0	2	2
1	1	0
1	2	0
0	2	2
1	1	0
0	13	13
0	13	12
1	4	0
0	19	16
1	2	1
0	4	3
0	3	3
0	14	14
0	12	12
1	2	1
0	4	4
0	9	6
0	8	8
0	7	7
0	6	6
1	2	0
0	32	30
0	2	2
0	9	5
1	1	0
0	17	17
1	2	0
0	8	7
1	2	1
0	2	1
0	17	16
0	12	11
0	2	2
0	17	12
0	4	4
0	6	6
0	4	3
0	2	1
0	8	6
0	2	2
0	2	2
0	4	4
0	8	8
0	2	2
0	73	53
0	7	6
0	33	25
0	2	1
0	33	27
1	1	0
1	5	2
0	6	5
0	6	6
0	3	3
0	1	1
0	2	2
0	6	6
0	2	1
0	1	1
0	4	4
0	16	16
0	2	1
0	3	3
0	10	7
0	10	6
0	5	5
0	9	7
1	1	0
0	42	40
0	70	68
0	6	5
0	6	6
1	14	5
0	4	3
1	1	0
0	4	4
0	6	6
1	14	3
0	46	31
1	2	1
0	8	4
0	8	5
1	1	0
0	46	35
1	2	0
0	16	15
0	8	7
0	9	8
1	4	1
1	19	3
1	4	2
0	6	6
0	7	7
0	7	3
0	7	6
0	2	2
0	5	3
0	8	6
0	5	4
1	2	1
0	8	8
0	10	10
0	3	2
1	1	0
0	79	59
1	2	1
1	12	1
0	10	7
0	3	3
1	3	1
0	2	2
0	5	5
1	2	0
0	5	4
0	5	5
1	2	0
0	2	2
0	6	3
0	9	8
0	3	3
0	3	3
0	6	4
0	16	15
0	4	4
1	2	1
0	7	7
1	5	1
1	2	0
0	2	1
0	7	4
1	1	0
1	2	0
0	2	2
0	3	3
0	3	3
0	3	2
0	5	5
0	31	16
0	2	2
1	14	4
1	1	0
0	54	39
0	10	6
1	5	1
1	1	0
1	2	0
1	10	3
0	3	3
1	3	1
1	2	0
0	26	21
0	5	3
0	4	3
0	7	4
0	122	83
1	1	0
0	16	13
1	1	0
0	6	4
0	6	5
0	6	5
0	5	4
0	16	14
0	22	12
0	6	4
0	22	13
0	6	6
0	6	6
1	2	1
0	4	4
0	11	11
1	97	6
0	73	55
0	4	3
0	3	3
0	5	5
0	5	2
0	3	3
0	2	2
1	2	0
1	2	1
1	1	0
0	4	3
0	4	3
1	2	0
1	2	1
0	5	3
1	1	0
1	2	0
0	9	8
0	23	23
0	5	4
0	3	2
1	14	7
0	4	3
0	4	4
1	1	0
0	3	2
0	3	3
0	1	1
1	2	1
1	1	0
0	7	5
0	7	4
1	2	0
1	1	0
1	2	1
0	2	2
0	6	6
0	2	2
1	1	0
1	1	0
1	5	2
1	1	0
0	3	3
0	6	6
0	7	6
0	9	8
0	7	3
0	2	1
1	4	2
0	1	1
0	3	3
1	1	0
0	10	7
0	10	6
0	3	3
0	63	61
0	4	3
0	3	2
0	5	5
0	1	1
1	2	0
0	6	6
0	6	5
0	8	8
1	1	0
1	1	0
0	8	7
0	1	1
1	1	0
1	4	0
1	2	0
0	4	4
0	1	1
0	4	4
0	2	1
0	15	14
0	15	15
1	1	0
0	31	15
0	1	1
1	1	0
0	2	2
0	5	4
1	2	1
0	5	2
1	2	0
1	1	0
0	5	3
0	4	3
1	3	1
1	1	0
0	1	1
1	1	0
1	1	0
0	2	2
0	46	34
0	62	50
0	12	12
0	5	4
0	4	4
0	46	33
0	3	3
1	2	0
0	2	2
1	5	1
1	1	0
0	3	2
1	1	0
0	14	14
1	1	0
0	3	3
0	3	3
0	5	2
1	3	1
0	2	1
1	1	0
0	7	5
1	1	0
0	5	3
0	1	1
0	20	20
0	5	3
1	3	0
0	3	3
1	1	0
1	2	1
0	4	3
0	11	9
0	3	2
1	1	0
0	37	27
0	78	67
0	37	29
1	1	0
0	3	3
0	78	65
0	2	2
0	3	3
0	37	26
1	1	0
0	2	2
0	3	2
0	163	114
0	5	4
0	3	3
0	163	113
0	17	14
0	83	68
0	83	69
0	18	10
0	17	12
0	4	2
0	83	67
0	7	7
0	18	14
0	2	1
0	78	70
1	2	0
0	4	2
1	2	1
0	4	4
0	3	3
0	45	35
0	2	2
0	11	9
0	4	2
1	8	2
1	14	2
0	1	1
0	250	104
0	21	19
0	21	18
0	2	1
0	2	1
0	32	31
0	1	1
0	7	5
0	2	2
0	3	3
0	3	2
1	1	0
1	5	2
1	2	1
0	31	28
1	2	0
1	1	0
0	6	5
0	3	2
0	4	4
0	3	3
0	4	3
1	4	1
0	3	3
0	4	4
0	4	3
0	7	7
1	3	0
1	15	8
0	3	3
0	9	7
0	3	3
0	6	5
0	1	1
0	7	7
0	1	1
0	7	5
0	3	2
1	2	1
0	18	11
0	4	3
0	8	8
0	2	2
1	8	4
0	9	8
1	3	0
0	3	2
0	9	4
0	8	6
0	29	26
0	163	108
0	2	1
0	163	107
0	63	53
0	29	24
1	3	0
0	4	2
1	3	1
0	10	9
0	3	2
0	35	23
0	10	7
0	24	17
0	10	8
1	1	0
0	3	3
0	11	8
0	7	5
0	15	15
0	3	2
0	3	3
0	3	2
0	13	6
0	29	18
0	29	19
0	12	10
0	11	7
1	1	0
0	4	2
0	4	4
1	1	0
0	5	5
0	18	10
0	5	4
0	8	8
0	5	5
1	4	1
0	8	8
0	5	3
0	14	14
0	4	2
1	5	1
1	1	0
1	1	0
1	2	0
0	5	5
0	39	37
1	2	1
0	16	10
0	2	2
0	1	1
0	4	4
0	6	3
1	1	0
1	1	0
0	3	3
0	53	43
0	12	5
1	1	0
0	2	2
1	1	0
0	1	1
0	7	7
0	7	6
1	1	0
0	2	1
1	2	0
1	2	1
0	3	3
0	11	11
0	21	21
0	3	2
0	2	2
0	67	62
0	10	8
0	4	2
1	2	0
0	3	2
0	30	29
0	3	3
0	30	28
0	3	2
0	5	4
1	1	0
0	2	1
0	3	3
1	9	4
0	4	3
0	2	2
0	2	1
0	13	10
1	4	1
0	13	9
0	6	5
1	1	0
0	1	1
0	7	6
0	6	6
0	78	51
1	2	0
1	2	0
1	3	0
0	2	2
0	27	18
0	6	5
0	2	2
1	1	0
0	1	1
0	6	4
0	11	11
0	2	2
1	23	5
1	4	1
0	79	60
1	4	1
1	2	1
0	17	13
1	1	0
0	5	5
0	2	2
0	2	1
0	9	9
0	2	2
0	1	1
0	1	1
0	77	61
0	5	5
1	1	0
0	3	2
1	5	2
0	5	5
0	3	3
0	64	60
0	66	13
1	18	2
0	2	2
0	4	4
0	4	2
1	2	0
1	2	1
0	2	2
0	4	4
0	6	5
0	1	1
0	3	3
1	2	0
0	453	357
0	453	354
0	453	355
0	3	3
0	14	7
1	1	0
0	8	8
0	4	4
0	2	2
0	3	3
1	1	0
0	4	2
0	2	2
1	1	0
0	11	8
0	4	3
1	1	0
1	3	0
1	1	0
0	1	1
1	1	0
0	36	21
0	2	2
1	2	0
1	1	0
0	5	4
0	36	27
1	1	0
0	4	4
0	4	3
1	1	0
0	3	2
0	4	4
1	1	0
1	5	2
0	16	11
0	5	3
0	5	4
0	3	3
0	16	8
1	2	0
0	2	1
0	2	2
0	16	12
0	2	2
1	7	3
0	3	2
1	1	0
0	5	5
0	66	46
0	74	59
0	11	10
0	11	9
0	35	30
0	2	2
0	11	11
0	6	5
1	19	1
0	4	3
1	1	0
1	2	1
1	1	0
0	3	1
0	4	2
1	8	0
0	9	5
0	19	9
0	6	5
1	2	0
0	29	21
0	6	4
0	29	22
0	177	164
0	3	3
0	3	2
0	7	7
0	2	1
1	4	1
0	3	2
1	1	0
1	3	1
0	6	6
1	1	0
0	3	3
0	24	17
0	3	2
1	1	0
1	3	1
0	7	7
1	2	1
1	2	0
0	65	48
0	6	5
1	9	3
0	2	2
1	2	1
0	6	5
0	3	3
0	3	2
0	17	17
0	4	3
0	3	3
0	17	15
0	1	1
0	5	4
0	27	12
0	2	2
0	3	2
1	1	0
0	2	1
0	3	3
0	3	3
1	3	0
1	6	2
1	1	0
0	3	3
1	1	0
1	2	0
1	2	1
1	5	1
1	3	1
0	5	3
0	2	2
0	7	7
0	1	1
0	3	2
0	4	3
0	12	11
1	2	0
0	3	3
0	5	5
1	2	0
0	18	18
1	1	0
0	153	135
0	4	3
0	4	2
0	153	132
0	2	1
0	153	134
1	244	56
0	10	10
1	1	0
1	2	1
1	5	1
0	2	2
0	7	3
0	35	18
0	10	8
1	1	0
1	1	0
0	7	7
0	2	2
0	4	4
1	7	2
0	4	2
1	1	0
0	58	52
1	1	0
1	1	0
0	8	6
0	5	4
1	3	0
1	1	0
1	1	0
0	1	1
0	2	2
0	4	4
1	5	2
0	4	3
0	10	7
0	5	4
1	2	0
0	5	5
0	117	61
1	1	0
1	2	1
0	1	1
0	4	4
0	2	1
0	13	6
0	3	3
0	2	2
0	1	1
0	1	1
0	10	8
0	5	3
1	1	0
0	133	126
0	133	127
0	15	13
1	1	0
1	1	0
0	13	12
0	6	6
1	1	0
0	3	3
0	4	3
1	1	0
1	1	0
0	31	27
0	4	4
0	10	8
0	2	2
0	31	26
1	1	0
0	8	8
0	4	4
0	7	7
0	93	82
0	93	83
1	3	1
0	8	8
0	3	2
0	5	3
1	1	0
0	5	4
1	13	6
0	6	5
0	6	5
0	3	3
0	6	6
1	20	9
0	23	22
0	14	13
0	6	6
1	2	1
0	3	2
0	4	3
0	4	4
0	93	76
0	9	5
1	1	0
0	3	3
0	5	5
0	6	6
0	1	1
0	7	5
0	2	2
0	2	1
0	7	6
0	3	3
0	11	9
0	7	7
0	11	8
0	3	2
0	3	3
1	1	0
0	7	7
0	3	3
0	3	2
0	117	57
0	1	1
0	23	19
0	5	5
1	1	0
0	41	32
0	9	5
1	1	0
0	41	34
1	1	0
0	5	4
0	3	1
1	1	0
0	2	2
1	2	0
0	3	2
0	20	15
0	20	14
0	2	2
0	10	7
0	15	15
0	3	3
1	36	19
0	3	2
0	23	20
0	3	3
1	1	0
0	3	3
0	14	11
0	6	4
0	4	2
0	7	5
1	1	0
0	58	56
0	15	9
0	3	2
0	5	4
0	5	5
0	2	2
1	1	0
1	1	0
1	1	0
0	6	6
1	2	0
0	5	4
1	1	0
0	3	2
1	1	0
0	2	2
0	10	8
1	1	0
1	1	0
0	10	5
0	54	46
0	2	2
0	7	6
0	13	13
0	4	4
0	1	1
0	6	6
0	6	5
1	6	2
0	54	39
0	8	8
1	1	0
0	72	31
0	26	23
0	4	4
0	3	2
0	3	3
0	3	3
0	10	10
0	3	2
0	72	30
0	7	6
0	4	2
1	4	1
0	11	9
0	3	3
0	3	3
0	13	12
1	1	0
0	1	1
1	2	1
0	4	3
1	2	1
0	2	2
0	5	4
0	4	4
1	1	0
0	54	40
0	5	3
0	22	20
1	8	2
1	1	0
1	2	0
0	22	22
0	5	4
0	3	3
0	5	5
1	1	0
1	1	0
0	1	1
0	5	4
0	3	3
0	5	3
0	6	2
0	21	20
0	6	6
0	12	12
0	2	2
0	3	2
1	1	0
1	1	0
0	3	2
0	2	1
0	5	5
0	7	7
0	7	7
1	1	0
1	2	1
1	1	0
0	5	4
0	3	2
0	54	47
0	13	12
0	1	1
0	3	3
1	2	0
0	4	1
1	1	0
1	8	2
0	2	2
1	1	0
0	3	3
0	6	4
0	11	9
0	2	2
0	2	2
1	1	0
0	2	2
0	5	4
0	5	5
0	14	12
1	1	0
1	4	2
0	14	11
0	6	6
1	1	0
1	1	0
0	15	15
0	10	10
1	1	0
0	1	1
0	2	2
0	1	1
1	1	0
0	2	1
0	21	19
0	6	6
0	4	3
0	9	7
1	1	0
0	14	13
1	3	1
0	3	3
0	3	3
0	80	55
0	80	53
0	6	6
1	2	0
0	5	3
1	2	1
1	1	0
1	1	0
0	4	4
0	4	3
0	2	2
0	2	2
0	3	2
0	13	13
1	1	0
1	4	2
0	5	4
1	1	0
1	1	0
0	5	5
0	145	125
0	7	6
0	5	3
1	2	0
0	38	35
0	6	6
0	96	86
1	1	0
0	96	87
1	1	0
0	2	2
1	1	0
0	4	3
0	3	2
0	3	3
1	1	0
1	2	1
0	2	1
1	2	0
0	32	22
0	5	3
0	4	3
0	7	4
0	10	10
0	8	4
1	2	1
0	4	3
0	4	4
0	14	8
0	10	10
0	4	2
0	91	79
0	8	7
0	91	78
1	1	0
1	2	0
0	4	4
1	1	0
0	3	3
0	2	2
1	3	1
0	3	2
0	3	2
0	3	3
0	14	14
1	8	4
1	19	8
0	2	2
0	3	3
0	3	3
1	2	1
0	1	1
1	2	1
0	3	2
1	1	0
0	4	3
0	4	3
0	5	3
0	3	3
0	7	7
0	6	5
1	1	0
0	2	2
1	4	2
0	41	32
0	3	2
0	4	4
1	1	0
1	3	0
1	3	1
0	41	31
0	30	24
0	3	3
0	3	3
0	2	2
0	6	4
0	6	3
1	1	0
0	6	2
0	2	2
1	1	0
0	33	25
0	3	3
0	2	2
0	7	6
0	7	5
0	4	2
1	1	0
0	1	1
0	7	5
0	26	25
0	5	5
0	26	26
0	3	2
0	3	3
0	5	4
0	5	3
0	2	2
0	5	4
1	2	1
0	2	2
1	1	0
1	2	0
1	2	0
0	11	6
1	2	1
1	1	0
1	2	1
1	2	1
0	4	4
0	2	2
1	1	0
0	21	18
0	3	3
0	1	1
0	2	2
1	1	0
0	8	8
0	1	1
0	14	13
0	14	14
1	1	0
0	82	72
0	18	16
1	1	0
0	2	2
1	1	0
0	82	78
0	4	4
0	6	5
0	2	2
0	8	7
1	5	1
0	3	3
0	18	18
0	5	4
1	1	0
0	114	110
1	4	1
1	1	0
0	15	9
0	114	109
0	3	2
0	15	7
1	1	0
0	6	4
0	102	88
0	4	2
0	12	6
0	7	7
1	2	0
1	1	0
1	1	0
0	2	2
1	4	1
0	2	1
1	1	0
0	5	5
0	3	3
1	2	0
0	34	30
0	32	30
0	12	7
0	11	9
0	47	41
0	11	7
1	1	0
0	12	8
0	47	42
0	4	4
1	2	1
0	2	2
0	2	2
0	5	5
0	5	5
0	58	52
0	3	2
1	1	0
0	25	15
0	8	6
0	2	2
0	80	79
1	6	3
1	1	0
0	5	4
0	19	13
0	4	2
0	2	1
0	2	2
0	59	54
0	5	3
0	2	2
0	8	6
0	4	3
1	1	0
0	58	41
0	12	7
0	71	53
0	2	2
1	1	0
0	4	4
0	13	13
0	36	33
0	21	12
0	1	1
0	10	7
1	1	0
1	1	0
0	4	4
0	2	2
0	10	8
0	9	5
1	9	3
0	1	1
0	7	6
1	1	0
1	6	3
0	3	3
0	71	66
0	14	8
0	3	3
1	1	0
0	58	33
0	3	3
0	14	10
0	36	22
0	2	1
0	12	9
0	2	1
0	11	9
0	251	214
0	5	5
0	251	213
0	24	16
0	2	2
0	3	3
0	8	8
0	25	20
0	251	215
0	12	8
1	3	1
0	9	7
0	14	10
0	3	3
0	8	7
0	8	8
0	3	3
1	1	0
0	14	12
0	4	4
0	4	4
1	1	0
0	4	2
0	5	3
0	6	4
0	8	8
0	4	4
0	6	5
0	1	1
1	1	0
0	2	2
0	2	1
0	29	15
0	5	5
0	1	1
0	2	1
1	1	0
0	4	3
0	8	4
1	4	1
0	1	1
0	6	6
1	2	1
1	1	0
1	2	0
1	1	0
0	53	35
0	3	3
0	2	2
0	2	2
0	2	1
0	5	3
0	5	2
0	4	3
1	3	1
0	2	1
0	10	10
0	7	6
1	3	0
0	68	44
0	68	43
0	3	3
0	13	9
0	7	5
0	7	4
1	1	0
0	3	2
0	3	3
0	49	49
0	10	6
1	1	0
0	4	4
0	4	2
0	53	31
0	16	9
0	1	1
0	5	5
0	4	4
1	1	0
0	15	13
1	1	0
0	5	4
0	3	2
0	129	75
0	8	6
0	15	15
0	12	10
0	129	91
0	4	4
1	1	0
0	9	6
0	6	6
0	6	5
1	1	0
0	2	2
1	3	0
0	40	34
0	4	2
0	1	1
0	8	7
0	5	3
0	40	39
0	2	2
0	6	4
0	59	23
0	59	22
0	16	9
0	2	2
0	2	2
0	6	3
1	3	0
1	1	0
1	1	0
0	1	1
1	2	1
1	1	0
0	3	3
0	4	3
0	3	3
0	26	24
1	3	1
0	26	25
0	2	2
0	5	4
0	6	3
1	3	0
0	10	8
0	11	9
0	2	1
0	3	3
1	1	0
0	1	1
0	3	3
0	7	5
0	7	3
0	3	3
0	5	5
0	48	44
0	3	2
0	38	28
0	38	29
1	1	0
1	2	0
0	1	1
0	2	2
1	1	0
0	4	3
0	5	5
1	4	1
0	4	4
0	5	4
0	6	3
0	5	5
0	6	5
0	1	1
0	6	6
1	1	0
1	2	1
0	49	31
1	1	0
1	1	0
0	3	3
1	6	2
1	1	0
0	12	12
1	1	0
0	13	11
0	147	134
0	5	4
0	2	1
0	10	7
0	3	3
0	4	3
0	5	5
0	4	4
0	46	42
0	4	2
1	1	0
0	4	4
0	14	12
0	7	6
0	14	10
1	1	0
1	2	0
0	1	1
0	2	2
0	29	29
0	5	4
1	1	0
0	4	2
0	5	5
1	1	0
1	3	1
1	8	1
1	2	0
0	7	7
0	37	23
0	3	3
0	13	13
1	2	1
1	2	0
0	6	5
1	1	0
1	1	0
0	2	1
0	4	4
0	2	2
0	3	2
0	3	2
0	3	3
0	3	2
0	3	3
1	7	2
0	2	2
1	1	0
1	2	0
1	1	0
0	16	16
1	8	1
1	1	0
1	1	0
0	3	3
1	4	1
1	1	0
0	1	1
1	6	1
1	4	1
1	4	2
0	5	5
0	25	20
0	3	2
0	25	18
1	2	1
0	6	5
0	25	19
0	5	4
1	7	3
0	50	45
1	3	0
0	4	3
0	1	1
0	7	7
0	2	2
1	13	0
0	4	4
0	14	14
1	1	0
0	6	5
1	1	0
0	6	4
0	8	6
1	3	1
0	5	4
0	8	5
0	5	2
0	7	4
1	1	0
0	26	15
0	48	39
0	7	5
1	1	0
1	1	0
0	24	17
0	3	2
0	5	5
1	3	0
0	7	7
0	3	2
0	15	14
1	3	1
0	3	2
0	3	3
1	1	0
1	3	1
0	105	103
0	24	20
0	7	5
1	1	0
0	9	8
1	1	0
0	49	40
1	2	1
1	1	0
1	1	0
0	3	3
0	3	2
1	1	0
0	1	1
0	2	1
0	5	5
0	3	2
1	1	0
1	2	0
0	3	3
1	9	4
0	3	3
0	2	2
0	6	5
0	6	6
0	2	2
0	6	5
0	11	9
0	4	3
0	4	3
0	5	4
0	6	6
0	4	4
1	1	0
0	6	6
0	3	3
1	2	1
0	5	4
0	2	1
0	5	5
1	1	0
0	9	6
0	1	1
0	4	4
1	2	0
1	1	0
0	4	3
1	6	3
1	1	0
1	2	0
1	1	0
1	1	0
0	8	8
1	4	1
0	4	4
0	3	3
1	2	0
0	4	3
1	2	1
0	133	111
0	2	2
0	5	4
1	1	0
0	5	5
0	2	2
1	1	0
0	7	6
0	5	3
0	5	5
0	5	5
0	6	6
0	6	5
0	133	116
0	2	1
0	6	6
0	6	4
0	4	2
0	8	5
0	6	5
0	8	4
1	18	9
1	5	1
1	5	2
0	4	3
0	1	1
1	1	0
0	2	2
0	2	2
0	13	12
0	2	2
0	5	5
1	2	0
1	1	0
1	2	0
0	9	5
1	2	1
0	16	13
0	2	2
0	88	77
1	2	0
0	7	5
1	2	0
0	9	9
1	2	0
0	3	2
0	8	7
1	1	0
0	2	2
1	1	0
1	1	0
0	8	8
0	12	7
0	2	2
1	14	5
0	4	2
1	1	0
0	48	36
0	8	6
0	48	35
0	48	38
0	3	3
0	3	3
0	37	36
0	2	2
0	16	15
0	5	3
0	3	2
1	11	2
0	13	12
0	26	23
0	16	14
0	4	2
1	1	0
0	11	8
0	8	8
0	2	2
0	28	27
1	23	2
0	53	45
0	1	1
0	2	1
1	2	1
0	68	56
0	19	11
1	2	1
0	7	5
0	31	24
0	2	2
1	5	1
0	5	3
0	8	8
0	3	3
0	2	2
0	72	62
0	4	4
0	3	3
0	5	5
1	7	2
0	3	3
0	18	14
1	6	2
0	11	6
0	1	1
0	7	7
1	1	0
0	2	2
1	1	0
0	2	2
1	1	0
0	6	5
0	3	2
0	3	3
0	2	1
1	1	0
0	3	3
0	8	6
0	8	7
0	2	2
0	2	1
0	5	5
0	5	3
1	2	0
1	2	0
1	2	0
0	3	2
1	2	1
0	13	10
0	4	4
1	2	0
1	1	0
1	1	0
0	6	3
0	3	3
0	6	5
0	8	6
0	6	6
1	10	4
0	4	2
1	3	1
1	1	0
0	6	5
0	36	30
0	3	3
0	3	3
0	36	31
1	3	0
1	1	0
0	3	3
0	7	4
1	1	0
0	2	2
0	4	3
0	7	4
0	2	1
0	7	4
0	2	2
1	1	0
1	5	1
1	2	1
0	8	4
0	8	3
1	1	0
0	3	3
0	3	2
0	3	2
0	5	5
1	14	6
0	4	3
0	5	4
1	2	0
0	6	6
1	1	0
1	42	18
0	32	24
0	7	7
0	32	23
0	20	19
0	6	4
0	3	2
1	1	0
0	5	2
0	5	5
0	5	3
0	2	2
1	1	0
0	70	64
0	70	68
0	26	23
0	26	22
0	3	3
0	3	2
0	7	4
1	2	0
1	2	1
0	4	4
1	3	0
0	11	9
0	1	1
0	1	1
0	3	3
0	1	1
0	3	3
0	3	2
0	25	18
0	2	2
0	2	1
1	1	0
0	72	58
1	2	1
0	6	6
0	5	4
0	4	3
0	2	2
0	3	3
0	7	4
0	3	3
0	3	2
0	5	3
0	8	8
0	5	4
1	1	0
1	1	0
1	1	0
0	20	17
0	2	2
1	1	0
0	6	6
0	3	3
0	3	2
1	1	0
0	5	2
1	5	1
0	18	15
0	5	3
0	2	1
0	5	4
0	5	5
0	3	3
0	7	7
1	2	1
1	1	0
0	3	2
0	26	16
0	4	2
0	2	1
1	5	2
1	1	0
0	1	1
1	3	1
0	3	2
0	3	2
1	9	4
0	2	2
0	18	16
0	2	2
0	3	2
0	5	4
0	5	3
1	1	0
0	18	11
0	2	2
0	2	2
0	7	3
0	1	1
1	5	1
0	1	1
0	3	3
0	4	4
0	186	33
0	7	4
0	4	3
0	3	2
0	9	9
0	3	3
0	3	3
0	9	5
1	1	0
0	2	2
1	1	0
0	18	7
0	18	8
0	4	4
0	10	7
0	3	2
1	1	0
0	20	19
1	2	1
0	1	1
0	5	5
0	2	2
0	7	6
1	2	1
0	4	4
0	2	2
0	3	3
0	2	2
0	5	5
0	3	2
1	4	1
1	1	0
1	1	0
0	27	24
1	2	1
0	3	3
0	9	9
1	1	0
0	2	2
0	3	2
0	3	2
1	2	0
0	3	3
0	3	3
0	3	2
0	12	8
0	1	1
0	7	4
1	1	0
0	7	5
1	15	4
0	5	3
0	4	3
0	3	3
0	3	2
0	3	2
1	1	0
0	5	4
0	3	3
0	3	3
1	1	0
0	4	4
0	8	8
1	3	1
0	3	3
0	2	2
0	7	7
0	11	11
0	41	41
0	137	99
0	3	2
0	2	2
1	1	0
1	3	0
1	2	0
0	2	2
1	1	0
0	9	6
0	45	44
0	9	5
0	3	3
0	46	39
1	3	1
0	1	1
1	1	0
1	2	0
1	1	0
0	3	3
0	5	4
0	5	3
0	5	4
0	8	7
1	1	0
1	1	0
1	1	0
0	58	54
1	1	0
0	9	8
0	46	40
0	4	2
0	23	19
0	41	37
0	24	16
0	1	1
0	5	4
0	12	3
1	1	0
1	16	3
0	2	2
0	2	2
1	2	0
1	1	0
0	74	63
0	4	2
1	1	0
0	4	4
0	74	64
0	4	3
0	15	13
0	22	20
0	5	3
0	53	29
0	5	5
0	14	11
0	1	1
0	13	6
0	6	6
1	3	1
1	18	8
1	1	0
1	1	0
0	5	5
0	6	5
0	6	6
0	2	2
0	2	2
0	7	3
0	2	1
1	1	0
1	1	0
0	5	5
0	3	3
0	3	3
0	18	11
1	3	1
1	5	0
0	2	1
0	6	4
1	1	0
0	1	1
0	6	4
0	3	2
0	13	11
0	8	8
0	13	8
0	5	4
0	9	8
1	1	0
0	5	3
1	11	2
1	1	0
0	9	9
0	13	9
0	3	2
1	1	0
0	2	1
0	3	3
1	1	0
0	2	2
0	2	2
0	6	5
0	3	3
0	3	3
1	1	0
0	3	2
1	1	0
0	2	1
1	11	1
0	1	1
0	6	6
1	5	2
0	6	4
0	6	3
0	12	2
0	39	32
0	2	2
1	2	0
0	94	86
1	6	2
0	4	4
0	94	85
0	51	44
0	51	45
0	3	1
1	3	1
0	33	21
1	2	1
0	2	2
0	14	12
1	2	1
1	1	0
0	7	5
1	2	0
0	5	5
0	12	9
0	3	3
0	40	6
1	1	0
0	1	1
1	1	0
1	3	0
0	2	2
0	15	15
0	8	5
0	26	25
0	26	24
0	7	6
1	2	0
0	2	2
0	1	1
0	17	13
1	2	1
0	7	7
0	6	3
0	6	4
0	2	2
0	4	3
1	1	0
0	2	2
0	4	4
0	13	12
0	7	7
0	3	3
0	6	5
0	3	3
1	3	1
1	1	0
0	14	7
0	14	9
1	11	4
0	11	9
1	1	0
0	2	2
0	9	9
0	3	2
0	9	7
1	1	0
0	2	1
1	1	0
0	3	3
0	2	2
0	4	4
0	1	1
0	4	3
1	2	1
0	4	4
0	4	4
1	3	1
0	4	2
1	2	1
1	1	0
0	1	1
0	2	2
0	1	1
0	24	22
1	4	1
0	5	5
0	44	37
0	19	19
1	2	1
0	1	1
0	80	67
0	3	3
1	17	2
0	3	3
0	4	3
1	5	1
1	4	1
0	1	1
1	1	0
1	3	1
0	10	7
0	10	8
0	17	15
0	3	3
1	50	19
1	1	0
1	1	0
0	4	4
0	4	4
0	2	2
1	1	0
0	4	3
1	4	1
0	7	4
1	1	0
1	3	1
0	46	42
0	4	4
0	2	2
0	11	5
1	1	0
0	12	12
0	2	2
1	1	0
1	1	0
1	1	0
0	3	3
0	4	4
0	5	4
0	11	7
0	8	7
0	11	6
1	2	0
0	11	7
0	30	24
0	19	17
0	19	18
0	156	109
0	156	108
1	3	1
1	1	0
0	2	2
0	8	8
1	2	0
0	1	1
1	1	0
0	21	16
1	1	0
0	3	3
0	4	2
0	6	6
0	6	5
1	1	0
0	3	2
0	3	3
0	53	37
0	1	1
0	3	3
1	1	0
0	2	2
0	5	5
0	24	17
0	5	4
0	6	5
1	32	14
0	4	4
0	5	5
0	4	4
0	53	36
1	1	0
0	5	3
0	5	4
0	34	25
0	4	4
0	6	3
0	4	4
0	7	5
0	3	3
0	3	3
0	3	2
0	2	2
0	3	2
0	6	5
0	6	4
0	8	5
0	8	4
0	3	2
0	3	3
1	10	4
0	5	4
0	2	2
1	1	0
0	39	39
0	135	78
0	135	77
0	3	3
0	12	11
0	12	10
1	5	2
0	2	2
1	8	3
1	1	0
0	4	4
0	4	3
1	5	2
1	8	4
0	1	1
0	3	2
0	3	3
0	4	4
1	1	0
0	1	1
0	9	8
0	75	65
1	1	0
0	4	3
0	8	8
0	5	5
0	8	7
0	9	6
0	13	10
0	15	12
0	1	1
0	2	1
0	5	4
0	6	4
0	5	3
1	1	0
0	49	45
0	6	6
0	5	4
1	1	0
1	6	2
1	2	1
1	2	0
0	2	1
0	6	5
0	11	11
0	4	3
1	1	0
0	61	56
0	4	4
0	61	58
0	40	37
0	11	11
0	4	4
0	9	7
0	2	1
0	3	3
1	1	0
0	3	2
0	1	1
0	7	6
0	3	3
1	2	0
1	1	0
0	7	7
0	4	3
0	7	7
0	8	3
1	1	0
0	1	1
0	2	2
0	7	6
1	1	0
0	7	6
0	4	3
0	2	1
0	11	5
0	11	4
0	3	3
0	18	15
0	9	8
0	3	2
1	1	0
1	2	1
0	9	9
1	2	0
1	8	1
1	1	0
0	11	11
0	8	8
0	5	3
0	3	2
0	2	2
0	1	1
0	3	2
0	15	11
0	29	29
0	15	12
0	2	2
0	15	13
1	17	3
1	5	1
0	5	3
0	4	4
1	1	0
0	3	3
0	5	4
0	2	2
1	1	0
1	2	0
1	1	0
0	19	12
0	19	15
0	3	3
0	3	2
1	1	0
1	1	0
0	27	26
1	2	0
0	1	1
0	2	2
1	2	1
1	1	0
1	1	0
0	19	11
0	19	12
1	1	0
1	1	0
0	5	4
0	24	20
1	4	1
0	2	2
0	4	4
0	3	3
0	3	3
1	1	0
0	9	5
1	2	1
0	2	2
1	2	0
0	9	4
1	5	2
0	4	3
0	4	3
0	1	1
0	2	2
0	8	7
0	5	4
0	4	4
0	16	5
0	16	9
0	5	5
0	4	4
0	7	7
0	1	1
1	1	0
0	7	7
0	7	6
0	5	5
0	5	5
0	4	4
0	4	2
1	2	1
0	9	5
0	1	1
0	3	3
0	5	5
0	8	8
1	30	7
1	1	0
0	27	23
0	12	7
0	1	1
0	6	4
1	1	0
0	27	26
1	1	0
0	6	4
0	3	2
0	6	6
0	3	3
1	1	0
0	1	1
0	89	59
0	3	2
0	6	3
0	21	21
0	5	3
1	1	0
1	1	0
0	17	7
0	10	7
1	3	0
0	2	1
0	57	43
1	1	0
0	1	1
0	9	8
1	1	0
0	28	26
0	16	12
1	8	3
0	5	3
1	1	0
0	12	8
0	4	4
0	8	6
1	8	2
0	2	2
0	2	1
0	2	2
0	10	9
0	8	4
0	3	2
1	2	0
0	7	7
0	4	3
1	1	0
0	7	5
0	8	8
0	2	2
0	4	4
0	20	16
0	14	14
1	5	2
0	2	2
0	5	4
1	2	0
0	2	1
0	70	59
1	2	0
0	89	60
0	11	11
0	10	8
0	3	3
0	29	5
0	6	4
0	2	2
0	2	2
0	8	7
0	1	1
0	1	1
1	1	0
0	44	35
1	2	1
1	10	4
1	1	0
0	2	1
1	2	0
1	1	0
1	2	1
0	4	4
1	2	1
0	3	2
0	5	5
0	4	4
0	6	6
0	2	1
0	6	4
0	6	3
1	2	0
1	2	0
0	4	2
0	4	3
1	3	1
0	5	4
0	4	3
0	4	2
0	12	9
0	1	1
0	3	2
0	6	6
0	1	1
0	15	14
0	2	2
0	4	2
0	4	3
1	1	0
0	4	3
1	4	1
0	39	37
0	3	3
0	2	2
1	2	0
0	9	7
0	18	13
0	4	3
0	11	10
1	1	0
1	1	0
0	1	1
1	1	0
0	4	3
0	9	8
0	3	3
1	2	0
0	4	4
1	4	1
0	14	11
0	9	7
0	4	4
1	1	0
0	3	2
0	8	8
0	20	18
0	4	4
0	8	8
0	1	1
1	1	0
0	20	20
1	12	5
1	12	3
1	4	2
0	14	11
1	3	1
1	1	0
0	10	7
0	10	8
0	19	11
0	7	2
0	8	4
0	4	3
0	22	14
1	3	1
0	4	2
1	1	0
1	6	3
0	7	5
0	3	2
0	27	25
1	1	0
0	7	7
0	9	6
0	2	2
0	35	34
0	13	12
0	4	4
0	22	19
1	11	2
0	4	2
0	22	20
0	8	6
1	11	3
1	1	0
0	25	25
1	3	1
0	14	11
0	5	4
0	14	12
1	1	0
0	12	11
0	2	2
0	24	22
0	12	10
0	10	7
0	2	2
0	9	7
0	7	5
1	1	0
0	10	9
0	9	9
0	19	13
1	2	1
0	14	4
1	2	0
0	2	2
1	2	1
0	2	2
1	2	0
1	1	0
0	6	6
1	6	2
0	4	3
0	4	2
0	19	8
0	4	3
0	8	4
0	15	10
0	5	5
1	12	5
0	5	4
0	1	1
1	1	0
0	10	9
0	2	1
0	3	2
0	2	2
1	1	0
0	3	3
0	3	2
0	10	7
0	2	2
1	1	0
1	1	0
1	2	1
0	10	9
0	2	2
0	6	5
0	156	112
1	2	0
1	2	0
0	156	110
1	1	0
0	13	10
0	3	2
0	13	12
0	6	4
0	4	4
0	3	3
0	11	10
0	3	2
0	2	2
0	4	4
0	11	11
1	2	1
0	32	18
1	4	1
0	4	3
1	2	0
0	1	1
0	4	4
0	2	2
0	3	3
0	3	3
1	1	0
0	3	2
1	1	0
0	2	2
0	3	3
1	1	0
0	6	6
0	2	1
0	2	2
0	7	7
0	3	2
0	3	3
1	7	2
0	10	10
0	55	53
0	15	11
0	3	3
0	8	8
1	4	2
1	2	1
0	7	7
0	139	97
0	139	96
0	2	2
0	9	8
0	9	7
0	3	3
0	2	2
0	7	4
0	3	3
0	3	2
0	1	1
0	7	5
1	1	0
0	5	4
0	5	3
1	1	0
1	2	1
0	3	3
0	3	3
0	158	132
0	10	10
0	2	2
0	1	1
0	81	75
0	4	4
0	5	5
0	158	131
0	81	74
1	3	1
0	3	2
1	12	3
0	8	4
0	3	3
0	3	3
0	4	4
1	4	0
0	10	5
0	5	5
0	14	10
0	13	10
0	1	1
1	1	0
0	7	6
0	2	2
0	7	6
0	33	31
0	7	6
0	7	7
0	2	2
0	33	26
0	4	4
1	1	0
1	1	0
0	7	5
1	1	0
1	1	0
1	1	0
0	1	1
0	4	2
0	4	2
0	4	3
0	16	15
0	1	1
0	5	5
0	7	3
0	4	4
1	1	0
0	3	3
0	33	28
1	4	1
0	19	14
1	1	0
0	3	3
0	4	2
0	2	1
0	19	18
1	5	2
1	2	1
0	3	3
1	1	0
0	73	54
0	2	2
0	6	5
1	1	0
0	73	50
1	2	0
0	19	8
0	250	218
0	5	5
0	22	13
0	5	3
0	6	6
0	5	3
0	5	4
0	3	2
0	4	4
0	4	2
0	2	2
0	1	1
0	20	17
0	10	10
1	1	0
0	5	5
0	5	4
1	2	1
0	5	5
1	2	0
0	13	7
1	1	0
0	3	3
1	9	1
1	1	0
0	2	2
0	13	8
1	1	0
0	8	7
0	8	6
0	3	2
1	1	0
0	57	53
0	7	7
0	5	5
1	3	1
0	8	8
0	6	5
0	2	2
0	3	2
0	4	3
0	6	6
1	1	0
0	3	3
0	4	3
0	2	2
0	5	5
0	9	5
0	100	79
0	4	4
0	3	3
0	2	2
1	2	0
0	5	5
0	7	5
0	3	3
0	5	5
0	3	2
1	2	1
1	4	1
0	2	1
0	3	3
0	6	6
0	39	27
0	8	6
1	2	1
1	5	1
1	2	1
0	100	82
0	6	3
0	6	5
0	4	4
0	8	5
0	6	6
0	4	4
0	21	19
0	3	2
0	3	2
1	1	0
0	3	3
0	39	28
1	1	0
0	4	4
0	4	2
0	5	2
0	3	3
1	3	1
0	1	1
0	2	1
0	3	3
0	3	2
1	20	0
0	12	11
1	1	0
0	15	14
0	3	3
0	2	2
0	4	4
0	4	3
0	3	2
0	2	1
0	7	4
0	2	2
0	2	1
1	1	0
1	1	0
0	1	1
0	3	3
1	1	0
0	35	23
0	14	14
0	35	25
0	3	3
0	3	3
1	1	0
0	3	2
0	12	5
1	1	0
0	40	32
1	1	0
0	2	2
1	1	0
0	40	35
0	3	3
0	7	7
0	3	3
1	1	0
1	1	0
1	2	0
0	1	1
1	1	0
0	3	3
0	7	6
1	7	1
0	2	2
0	2	2
1	1	0
0	1	1
0	3	2
0	3	3
0	7	7
1	1	0
0	4	4
0	2	2
0	5	4
0	76	73
1	1	0
0	76	74
1	3	1
0	2	1
0	22	15
1	2	1
1	1	0
0	3	3
0	42	20
1	10	3
1	1	0
1	2	0
0	10	9
1	2	1
0	2	1
1	1	0
0	39	23
0	12	9
1	4	1
0	32	25
1	3	1
0	3	2
1	1	0
0	4	3
1	2	0
0	4	2
0	76	66
1	1	0
1	1	0
0	4	4
1	1	0
0	7	4
0	1	1
0	3	2
1	2	0
0	2	2
1	2	1
1	2	1
1	2	0
0	2	2
0	9	5
0	10	9
0	10	2
0	3	3
1	2	1
0	6	5
0	21	16
1	2	0
0	4	2
0	3	2
0	3	3
1	1	0
0	2	1
0	1	1
1	2	1
0	2	2
0	65	62
0	2	2
0	11	9
0	3	2
0	4	3
0	3	2
1	8	0
0	1	1
0	12	10
0	12	11
0	3	3
0	40	37
0	7	7
0	13	12
0	3	3
0	1	1
0	4	3
0	2	2
0	4	2
0	13	10
0	12	11
1	2	0
0	2	2
0	3	1
0	4	4
0	6	6
1	1	0
0	17	16
0	2	2
0	17	17
0	2	1
0	1	1
0	33	26
1	1	0
0	20	16
1	1	0
1	1	0
0	29	26
1	1	0
0	70	59
0	5	4
0	1	1
0	7	4
0	216	168
0	5	3
0	10	9
0	27	15
0	216	163
1	6	2
0	104	81
0	3	3
0	2	1
0	5	3
0	10	9
1	1	0
0	5	3
0	5	5
0	2	2
0	2	2
0	3	3
0	45	42
0	28	25
0	1	1
0	2	2
0	9	9
1	1	0
0	44	33
0	3	3
1	1	0
1	3	1
0	216	172
0	11	9
0	43	35
0	26	24
0	10	5
0	4	3
0	4	4
0	4	3
0	9	9
1	2	1
0	5	2
0	5	4
1	1	0
0	2	2
1	13	2
0	6	5
0	3	3
0	2	2
0	2	2
0	3	3
1	1	0
0	5	5
1	1	0
1	1	0
0	1	1
1	1	0
0	5	5
0	5	4
0	16	15
0	3	2
0	3	3
0	4	4
0	20	16
0	3	3
0	3	2
1	1	0
0	2	2
1	2	1
1	2	0
0	1	1
1	5	0
1	2	1
1	1	0
0	33	27
1	4	1
0	7	7
0	3	2
0	4	4
0	2	2
1	1	0
0	2	2
1	1	0
0	1	1
0	17	8
0	1	1
0	2	2
0	4	4
0	4	4
1	1	0
1	23	6
0	17	15
1	1	0
0	17	14
0	9	7
1	1	0
1	1	0
0	3	2
0	3	3
0	19	16
0	8	6
0	12	8
0	3	3
0	2	1
0	12	7
0	35	35
1	2	0
0	3	2
0	4	4
0	7	5
0	35	34
1	1	0
0	7	5
0	3	2
1	2	1
0	3	2
0	2	2
0	6	6
0	2	1
0	6	5
0	2	2
0	2	2
1	1	0
0	5	4
0	5	5
1	2	0
0	3	2
0	7	5
0	5	3
1	3	0
0	7	4
0	7	3
0	2	1
0	10	9
0	5	4
0	31	20
0	2	2
1	2	1
0	7	4
0	7	6
1	1	0
0	5	3
1	1	0
0	5	4
0	5	4
1	2	1
1	1	0
1	2	1
0	3	2
0	2	1
0	5	5
0	3	2
0	4	3
0	3	3
0	3	2
1	1	0
1	2	1
1	1	0
0	1	1
0	17	15
0	45	40
0	45	41
0	2	2
1	1	0
0	44	19
1	1	0
1	1	0
1	1	0
0	1	1
0	212	196
0	7	5
1	1	0
0	212	195
0	7	4
0	7	5
1	1	0
0	26	25
0	26	26
0	3	2
1	1	0
0	15	14
0	11	7
1	1	0
0	3	2
0	7	7
0	23	11
0	5	4
0	5	3
0	3	3
0	23	12
1	3	0
1	3	1
0	3	2
0	5	4
0	3	3
0	3	3
0	3	3
0	3	2
0	14	13
0	26	21
1	1	0
0	1	1
0	4	4
1	3	0
0	2	2
1	2	0
0	20	15
0	2	2
0	1	1
0	9	8
0	3	3
1	2	1
0	20	16
0	6	6
1	1	0
1	1	0
1	3	1
0	3	3
0	6	4
1	1	0
0	7	7
0	6	4
0	6	3
0	2	2
0	10	8
0	5	2
0	41	34
0	10	9
1	1	0
0	1	1
0	5	3
0	2	2
1	1	0
0	2	2
0	13	8
0	7	6
0	3	2
1	40	5
1	1	0
0	4	4
1	1	0
1	1	0
0	11	11
0	8	8
1	1	0
0	3	2
0	5	4
0	1	1
0	5	4
0	3	2
0	2	2
0	3	3
0	10	8
0	8	7
0	12	12
0	8	6
0	1	1
0	3	3
0	1	1
1	4	1
0	5	4
0	26	20
0	2	2
1	1	0
1	1	0
1	2	0
0	11	11
0	1	1
0	3	3
1	1	0
0	13	13
0	4	4
0	9	8
0	2	1
0	9	7
0	2	1
1	1	0
0	48	44
1	18	6
0	3	3
0	66	52
0	2	2
1	9	4
0	2	2
1	1	0
0	3	3
0	10	10
1	1	0
0	19	18
0	6	4
0	6	2
1	1	0
1	1	0
0	9	5
0	4	3
0	4	2
0	7	4
0	38	27
0	7	4
0	5	3
0	5	2
1	1	0
0	7	3
1	2	1
0	5	5
1	1	0
1	1	0
1	1	0
1	4	2
0	14	10
1	2	0
0	10	9
0	3	1
0	6	4
1	1	0
0	19	11
0	5	5
0	11	9
1	1	0
0	2	2
0	3	3
0	66	53
0	2	2
0	19	10
0	4	4
0	4	3
0	18	18
0	4	2
0	18	17
0	15	13
0	15	12
1	9	2
0	8	7
0	3	3
0	3	3
0	5	5
0	3	3
0	5	4
1	1	0
0	3	3
0	265	231
0	20	15
0	16	9
0	3	2
0	3	2
0	2	1
0	5	5
0	11	11
0	66	48
0	4	4
0	15	12
0	4	3
0	2	2
0	2	2
0	5	4
0	1	1
0	4	4
0	9	8
0	12	9
0	27	19
1	3	1
1	2	0
1	1	0
0	20	17
0	2	2
0	3	3
0	5	4
0	4	4
0	4	3
0	3	3
0	265	229
0	265	228
0	6	6
1	1	0
1	1	0
0	14	10
0	33	23
0	33	22
0	2	1
0	6	6
0	6	5
0	4	2
1	1	0
0	3	3
1	1	0
0	2	1
0	12	10
1	1	0
1	1	0
1	4	1
0	34	22
0	8	8
0	52	30
0	2	2
1	1	0
0	34	26
0	2	1
0	6	5
0	4	4
0	11	9
0	23	15
0	5	3
1	2	0
0	60	55
0	4	3
1	6	2
1	3	0
0	54	46
1	1	0
0	60	54
0	3	2
0	2	2
1	17	7
0	16	8
0	16	9
0	14	7
0	33	24
0	9	6
0	2	2
1	2	0
0	9	5
0	3	3
0	3	2
1	1	0
1	1	0
0	4	3
0	4	2
0	66	58
1	1	0
0	5	4
0	5	3
0	5	5
1	6	2
0	66	59
1	2	1
0	7	7
0	7	6
0	3	2
1	1	0
1	2	0
0	7	7
0	4	4
0	19	11
1	5	1
0	2	1
0	4	4
0	69	66
0	2	2
1	2	0
0	3	2
0	10	10
1	7	2
0	2	2
0	3	3
0	163	156
0	2	2
0	259	130
0	3	2
0	163	155
0	60	58
1	6	2
0	2	2
0	4	4
0	44	38
0	3	3
1	1	0
0	5	5
1	1	0
0	3	2
0	52	18
0	2	2
0	5	5
0	11	6
0	5	4
0	11	7
0	2	2
0	6	5
1	4	2
0	60	50
1	5	1
1	4	2
1	6	2
0	6	4
0	7	6
0	4	3
1	1	0
0	10	10
0	16	15
0	7	7
0	12	11
0	3	3
0	4	4
1	29	4
0	44	29
1	1	0
0	1	1
1	3	1
1	2	0
1	2	1
1	1	0
1	1	0
0	2	2
0	2	2
0	8	7
0	29	26
0	29	25
0	3	2
1	1	0
1	1	0
0	13	11
0	3	3
0	39	19
0	39	13
1	2	0
1	1	0
0	9	6
0	8	8
0	2	2
1	1	0
0	5	4
0	7	7
0	5	5
0	5	4
0	6	3
0	5	3
0	6	2
1	6	2
0	26	19
1	6	2
1	4	1
0	21	17
1	5	1
0	3	2
0	3	3
0	52	39
1	2	1
0	3	3
0	3	2
1	1	0
0	10	6
1	1	0
0	3	3
0	2	1
1	1	0
0	4	3
1	3	1
0	12	11
1	3	0
0	6	3
0	2	2
1	1	0
0	21	18
0	8	7
1	2	0
0	1	1
1	1	0
0	2	2
0	8	5
1	1	0
0	52	40
0	52	41
0	4	4
1	5	2
0	18	11
1	7	1
1	3	1
1	3	1
0	2	2
1	3	0
0	2	2
0	2	2
0	15	15
1	1	0
0	6	6
1	1	0
0	2	2
1	1	0
0	3	1
0	6	4
1	3	1
0	6	3
0	127	105
0	127	106
0	5	2
0	1	1
0	15	14
0	5	4
1	8	1
0	4	2
1	1	0
0	4	3
0	5	3
0	3	2
0	4	4
0	93	85
0	3	2
0	2	2
0	93	86
0	13	13
0	106	96
0	24	20
0	4	3
0	106	98
0	142	135
0	106	99
0	4	2
0	3	2
0	17	8
0	3	1
0	7	2
0	4	3
0	3	2
0	15	15
1	143	18
0	2	2
1	4	2
0	3	2
0	89	77
0	78	63
1	1	0
1	1	0
0	20	16
1	6	2
0	3	2
0	5	5
0	3	1
0	11	7
0	11	8
0	3	2
0	55	53
0	55	52
0	3	3
0	12	12
1	1	0
1	3	1
1	1	0
1	3	0
1	1	0
0	2	2
0	4	3
0	2	1
0	2	1
1	1	0
1	2	1
1	6	1
0	11	8
0	7	7
0	11	9
0	5	5
0	33	15
1	1	0
1	1	0
0	42	17
0	2	2
0	42	19
0	1	1
0	3	3
0	3	2
1	1	0
0	1	1
0	3	2
0	3	3
0	5	4
0	4	4
0	14	11
0	59	32
0	59	30
1	9	3
1	4	1
1	1	0
0	3	2
0	2	2
1	2	1
1	2	1
1	4	1
0	5	3
0	34	26
0	7	6
0	7	5
0	10	10
0	4	2
0	7	7
0	7	5
0	3	3
1	10	3
1	31	1
0	6	4
1	1	0
0	10	7
1	2	1
1	1	0
1	2	0
0	191	184
0	191	185
0	2	2
0	2	2
1	1	0
0	191	183
1	1	0
1	1	0
1	1	0
0	2	2
0	7	3
0	3	3
0	4	3
0	5	5
0	5	5
0	10	10
0	6	3
0	2	1
0	3	3
1	1	0
0	6	6
0	2	2
0	6	5
0	1	1
0	18	14
0	14	5
0	3	3
1	2	0
0	3	3
0	10	7
0	3	2
1	6	3
1	6	2
1	6	1
0	11	8
0	11	7
1	1	0
0	6	5
0	6	6
0	7	6
0	3	3
1	2	1
0	8	7
1	2	0
1	3	1
1	3	0
1	3	1
0	2	2
0	8	8
0	3	3
0	27	22
0	5	3
0	8	5
0	27	23
0	3	3
1	2	0
0	3	3
0	3	2
1	1	0
1	1	0
0	3	3
0	2	2
0	34	18
0	3	3
0	24	22
0	6	3
0	8	4
0	6	5
0	6	6
1	3	1
0	17	16
0	4	4
0	7	4
0	2	2
0	4	3
0	7	6
0	2	1
0	3	2
0	7	7
1	2	1
0	4	2
0	9	6
0	5	5
0	17	16
0	8	5
0	1	1
0	17	14
0	4	4
1	1	0
1	1	0
0	24	10
0	8	6
0	8	7
1	2	0
1	1	0
1	2	0
0	3	3
1	3	1
0	1	1
0	20	17
0	5	3
0	1	1
1	2	0
0	35	16
0	30	29
0	3	2
0	2	2
0	72	68
0	2	2
0	5	3
0	3	3
0	10	10
1	4	1
1	2	0
0	6	6
0	4	4
1	1	0
0	2	1
1	1	0
1	1	0
1	1	0
0	6	5
1	1	0
0	4	4
0	2	2
1	3	1
0	4	3
1	14	7
0	2	2
0	4	2
0	4	3
0	4	3
0	9	5
0	14	11
0	75	50
0	6	6
0	14	12
0	6	5
0	7	4
0	4	4
0	5	5
0	3	3
1	2	1
1	1	0
0	2	2
0	12	11
1	1	0
0	2	2
0	2	2
1	2	0
0	4	4
1	2	1
0	51	50
0	4	2
0	1	1
1	2	1
0	3	3
0	17	13
1	2	0
1	2	0
1	1	0
0	72	66
0	4	4
0	4	2
1	3	1
0	196	159
0	2	2
0	196	158
0	3	2
1	12	4
0	3	3
0	5	3
0	1	1
0	6	6
0	5	4
0	4	3
0	5	2
1	2	0
1	1	0
0	4	4
0	8	7
0	1	1
1	3	1
0	8	6
0	1	1
1	5	2
0	4	4
0	19	13
1	1	0
0	10	7
0	19	16
0	10	6
1	1	0
0	7	7
1	6	1
0	2	1
0	16	9
1	1	0
0	2	2
0	4	2
0	4	4
0	3	3
1	2	0
1	2	0
0	8	8
0	4	2
0	2	2
0	2	2
1	1	0
0	5	2
0	5	3
0	18	16
0	1	1
1	2	0
0	2	2
0	18	17
0	4	4
0	4	3
1	1	0
0	4	4
0	1	1
1	1	0
0	3	3
0	18	18
1	2	1
0	2	2
0	8	8
0	28	23
0	5	4
1	1	0
0	3	3
0	3	2
0	3	3
0	27	23
0	25	22
0	25	21
1	1	0
0	10	9
0	6	5
0	7	5
0	2	1
0	3	3
0	3	3
1	1	0
1	2	0
0	6	6
0	15	9
0	6	5
0	13	10
0	2	2
1	1	0
1	1	0
0	4	4
0	45	42
1	1	0
1	2	0
1	4	2
0	9	5
0	5	3
0	14	7
0	61	56
1	1	0
1	8	1
1	2	1
0	4	3
1	8	3
1	2	0
0	2	1
0	2	2
0	6	5
0	6	4
1	1	0
0	3	3
0	18	11
1	1	0
0	51	32
0	4	4
0	12	9
0	4	4
1	1	0
1	1	0
0	5	5
0	2	2
0	2	2
1	2	1
1	1	0
1	5	2
1	1	0
0	6	5
0	14	8
0	6	6
0	9	8
0	9	7
0	26	21
0	5	5
0	9	8
1	2	1
0	9	7
0	7	4
0	5	3
0	3	3
0	3	2
0	7	5
0	40	37
0	5	3
0	4	2
1	1	0
0	5	3
0	4	3
0	5	3
0	12	12
1	3	1
1	3	1
0	102	79
0	1	1
0	5	5
0	5	4
0	9	9
0	5	5
0	2	1
0	3	3
0	7	7
0	7	6
0	3	2
0	3	2
0	14	14
0	9	9
0	6	6
1	1	0
0	3	2
0	11	9
0	18	13
0	18	14
1	5	1
0	3	2
0	3	3
0	3	2
0	7	7
0	50	28
0	5	4
0	10	8
0	102	88
1	2	1
0	17	15
0	50	25
1	2	1
0	23	22
0	16	13
0	6	6
0	5	5
0	6	5
0	3	3
0	3	2
0	7	3
0	4	4
1	1	0
1	1	0
1	1	0
0	12	11
0	12	12
0	5	2
0	1	1
0	5	3
0	7	6
0	7	7
0	4	2
0	7	7
0	8	8
0	221	204
1	2	1
1	2	0
0	221	201
0	2	2
0	9	8
1	1	0
0	23	15
1	2	1
0	23	14
0	75	55
0	8	3
0	3	2
1	1	0
0	3	3
0	3	3
0	3	3
0	15	14
1	2	0
0	3	3
1	1	0
0	54	50
0	5	4
0	6	6
1	2	1
1	2	0
0	8	5
1	1	0
0	25	20
0	5	3
0	1	1
0	3	2
1	2	1
1	3	1
0	5	2
0	3	3
0	22	22
0	259	232
1	1	0
0	2	2
0	28	28
0	3	3
0	3	2
0	75	65
1	2	0
0	5	3
0	75	63
0	5	2
0	41	14
0	14	10
1	1	0
0	3	2
0	10	10
0	54	49
0	64	50
1	1	0
0	64	51
0	5	4
0	5	3
0	11	8
0	6	4
1	3	0
0	2	1
0	4	4
0	6	6
0	54	45
0	9	6
0	244	190
1	2	1
0	9	7
0	7	6
0	3	3
1	1	0
0	5	5
1	1	0
0	11	5
1	1	0
0	6	4
0	2	1
0	5	5
0	2	2
0	19	18
1	2	0
1	1	0
0	10	10
1	2	1
0	10	10
0	6	5
0	6	6
0	6	6
0	9	8
1	1	0
0	244	191
0	3	2
0	122	112
0	7	7
1	8	2
0	3	2
0	6	4
0	122	113
0	3	3
0	11	9
0	7	5
0	3	3
0	7	4
0	12	11
0	8	2
1	2	0
0	6	6
0	26	19
0	2	2
1	2	1
0	112	97
0	112	96
0	3	2
0	3	3
0	244	188
0	22	15
1	1	0
0	22	13
0	5	3
0	7	6
0	7	5
0	9	6
0	3	3
0	3	2
1	2	1
1	51	5
0	6	5
0	1	1
0	3	3
0	4	4
0	7	6
0	7	5
0	5	5
1	1	0
0	4	4
0	8	7
0	5	3
0	2	2
1	1	0
0	3	2
1	21	3
0	34	25
0	50	50
0	5	3
1	3	1
0	2	2
0	5	4
1	1	0
0	11	10
0	6	6
1	1	0
0	6	5
0	6	6
1	1	0
0	8	3
0	6	5
0	6	4
0	8	2
0	5	5
0	2	2
0	3	2
1	2	1
0	30	29
1	6	1
0	62	30
0	6	6
0	3	2
0	3	1
0	5	5
0	2	2
1	1	0
0	9	4
1	1	0
0	7	7
1	1	0
0	4	3
1	4	1
0	186	126
1	10	2
0	1	1
0	1	1
1	3	1
0	4	4
0	40	38
0	12	10
1	2	0
0	7	5
1	2	1
0	16	15
0	3	3
1	3	0
0	3	3
1	1	0
0	14	13
1	2	1
0	19	16
1	2	1
0	5	3
0	8	6
0	11	7
0	6	6
0	4	3
1	1	0
1	3	1
0	18	15
0	2	2
1	1	0
0	4	4
0	2	2
0	6	6
0	13	9
0	5	4
0	2	2
1	1	0
0	46	37
0	46	36
1	1	0
0	1	1
0	9	8
0	4	3
0	6	6
1	2	1
1	1	0
1	2	0
1	4	2
1	1	0
0	8	8
0	12	11
0	4	3
0	11	11
0	17	17
0	8	7
0	8	8
0	6	3
1	5	2
1	2	0
1	1	0
1	1	0
0	1	1
1	1	0
0	11	11
1	2	1
0	13	13
0	4	3
1	9	3
0	4	4
0	62	19
1	1	0
0	2	2
0	12	12
0	7	4
0	4	2
0	7	5
0	5	3
0	7	7
0	2	2
0	3	3
1	1	0
0	2	2
0	4	4
0	6	6
0	22	14
0	4	3
0	6	3
0	9	9
0	2	2
0	3	2
1	1	0
0	2	2
0	3	3
0	6	3
1	5	1
0	7	4
0	2	2
0	4	4
1	1	0
0	11	9
0	3	2
1	1	0
0	6	6
0	13	6
0	13	7
0	3	3
1	4	2
1	2	0
1	1	0
1	3	0
0	5	3
1	3	1
1	1	0
0	20	17
0	216	77
0	5	4
0	5	4
0	5	5
0	1	1
0	1	1
0	7	4
1	2	0
1	1	0
0	5	5
1	1	0
0	7	6
1	1	0
0	183	125
1	1	0
1	3	1
1	2	1
1	2	1
0	107	84
0	5	5
1	5	1
0	107	85
0	13	13
0	9	9
0	12	12
0	4	3
0	5	4
0	8	7
0	8	6
0	2	1
0	5	4
0	5	4
0	3	2
0	16	12
1	1	0
0	5	4
1	34	4
0	4	3
0	15	9
0	15	8
0	3	2
0	9	9
0	183	129
0	183	128
0	8	5
0	4	3
0	3	3
0	4	4
0	7	7
0	10	6
0	3	3
0	14	13
0	67	66
0	9	5
0	9	4
1	1	0
0	5	4
0	15	13
0	6	5
0	15	14
0	2	2
1	2	0
0	3	3
1	54	15
1	2	0
0	10	4
1	10	4
1	1	0
1	1	0
1	2	0
0	40	34
1	1	0
0	40	33
0	2	2
0	4	4
0	10	9
0	137	100
0	2	2
1	1	0
0	4	4
1	9	3
0	8	7
0	10	3
0	6	4
0	12	10
1	4	1
0	7	5
0	4	3
1	3	1
0	2	2
1	3	1
0	2	1
0	3	2
1	3	0
0	25	18
0	2	2
0	1	1
0	2	2
0	7	7
0	5	5
0	2	2
0	2	1
0	9	9
0	1	1
0	1	1
0	18	18
0	15	13
0	2	2
1	1	0
0	6	3
0	2	1
1	1	0
0	2	2
1	15	5
0	19	19
1	4	2
1	1	0
1	1	0
0	4	3
0	21	21
0	4	4
0	3	3
0	2	2
0	1	1
0	10	8
0	3	3
1	1	0
1	2	0
1	10	3
0	2	2
1	2	0
0	9	8
0	4	4
0	3	3
0	9	9
1	1	0
1	1	0
0	5	5
0	3	3
0	4	3
0	5	2
0	6	6
0	7	6
0	4	2
0	2	2
0	7	5
1	12	4
1	1	0
0	45	44
1	2	0
1	14	5
1	3	1
0	6	6
0	8	6
0	3	1
0	1	1
0	22	19
0	3	1
0	16	15
1	1	0
0	4	4
0	5	5
0	8	7
1	6	2
0	6	6
0	70	69
1	1	0
0	143	100
0	22	20
0	4	4
1	4	0
0	16	14
0	6	6
1	2	1
0	9	8
0	7	5
0	7	6
0	10	8
1	4	1
0	96	90
0	2	1
0	4	3
0	2	2
1	1	0
0	4	4
1	1	0
0	3	1
1	1	0
1	2	1
1	1	0
0	3	3
1	1	0
0	1	1
0	3	3
0	2	2
0	3	2
1	1	0
1	1	0
1	1	0
0	16	13
0	15	12
0	8	8
0	10	10
0	8	7
0	11	10
1	3	1
1	3	0
0	2	2
0	4	4
0	5	4
0	5	5
0	10	8
0	34	16
0	3	3
1	2	1
0	7	7
1	1	0
0	3	3
0	1	1
0	5	5
1	4	2
1	2	1
0	2	2
1	1	0
1	1	0
0	126	34
0	2	1
1	3	1
0	4	3
0	12	10
0	7	5
0	5	5
0	12	11
1	1	0
0	6	4
1	2	0
1	1	0
0	3	3
1	1	0
0	3	3
0	16	15
1	1	0
0	11	11
1	2	0
0	5	3
0	5	4
0	3	3
0	3	2
1	1	0
1	1	0
0	7	5
0	3	2
0	7	3
0	13	12
1	1	0
1	2	1
1	1	0
1	1	0
0	11	10
0	1	1
1	2	1
1	2	0
0	6	5
0	3	3
0	4	4
1	2	0
0	2	2
0	8	7
0	7	6
0	1	1
1	1	0
1	1	0
0	102	85
0	8	8
0	2	1
1	1	0
0	31	28
1	1	0
0	1	1
0	4	4
0	4	2
1	6	3
1	6	2
0	34	20
0	2	1
0	77	56
0	5	4
1	1	0
0	6	6
0	5	5
1	2	1
0	128	90
0	8	2
0	6	5
0	8	6
0	8	8
1	2	0
0	128	89
0	8	7
0	8	7
0	3	3
0	8	8
1	4	1
0	1	1
0	7	4
1	1	0
0	3	1
0	2	2
0	102	95
0	12	9
0	7	6
0	30	10
0	15	13
0	4	3
0	4	4
0	4	3
0	3	3
0	7	6
0	8	6
0	3	3
0	7	7
0	2	1
1	8	1
0	13	2
0	8	7
0	2	1
1	1	0
0	2	2
1	1	0
1	1	0
0	15	6
0	1	1
0	6	6
0	7	5
1	4	0
0	3	3
0	5	5
0	7	7
0	16	13
0	16	12
0	5	5
0	35	31
0	7	7
1	1	0
0	8	4
0	4	3
0	6	6
0	1	1
0	3	2
0	2	2
0	4	3
0	4	4
0	14	14
0	4	4
0	1	1
0	2	2
1	6	3
0	3	2
1	13	5
0	5	3
0	6	5
0	3	2
1	1	0
0	4	4
0	3	3
0	26	23
0	5	3
0	2	1
0	5	5
1	1	0
0	4	2
0	5	4
0	5	5
0	3	3
0	13	13
0	2	2
0	1	1
0	2	1
0	10	8
0	6	6
1	1	0
1	4	1
0	3	3
0	2	2
0	4	4
0	6	6
1	2	0
1	1	0
0	207	104
0	9	8
0	9	9
0	3	2
1	1	0
0	1	1
0	9	8
0	5	5
0	7	7
1	1	0
1	2	0
1	4	1
0	8	6
0	30	25
0	5	4
0	8	5
0	13	13
0	4	3
1	2	1
0	2	1
1	1	0
0	2	1
0	4	4
0	103	91
1	2	1
0	4	4
0	2	2
0	3	3
0	6	4
0	5	5
0	74	59
0	11	8
1	1	0
0	1	1
0	103	90
0	30	24
0	2	2
0	2	2
0	68	62
0	68	63
0	74	60
0	3	3
1	1	0
1	2	1
0	5	5
0	26	11
0	26	10
0	17	14
0	4	4
0	4	2
0	3	2
1	1	0
0	10	8
0	25	19
1	2	1
0	30	26
0	3	3
0	2	2
0	2	2
1	5	2
1	1	0
0	13	11
1	1	0
1	4	2
0	3	3
0	4	4
0	10	5
0	2	2
0	2	2
1	1	0
0	10	9
0	25	21
0	6	5
1	4	1
0	3	3
1	1	0
0	46	39
1	2	0
0	46	34
0	2	2
0	16	9
0	9	9
0	34	32
1	2	0
1	4	1
0	4	4
1	2	0
0	4	2
0	4	2
0	1	1
0	11	11
0	4	4
1	1	0
1	4	1
0	12	12
0	7	5
1	4	1
0	2	2
0	2	1
0	1	1
0	5	4
0	46	43
0	28	23
1	4	1
0	12	9
0	10	10
0	46	44
1	1	0
0	4	4
0	9	7
1	1	0
0	5	5
0	3	3
0	5	5
0	14	12
0	1	1
1	2	1
0	8	6
0	1	1
0	26	22
0	26	23
0	2	2
0	9	7
0	1	1
1	1	0
0	5	5
0	70	57
0	5	4
1	1	0
0	62	55
0	2	2
0	62	56
0	4	4
0	62	57
0	4	3
1	16	3
0	2	2
0	4	4
0	4	3
0	4	3
0	5	4
0	6	5
0	4	4
0	7	7
0	8	8
0	7	6
0	2	2
1	1	0
1	11	4
1	8	2
1	5	2
1	1	0
0	5	3
0	6	5
0	2	2
0	6	6
0	29	25
0	79	78
0	29	27
0	3	3
0	6	6
0	4	2
1	1	0
0	2	2
0	9	5
1	2	0
1	1	0
1	1	0
0	33	29
0	3	3
1	2	1
0	9	7
0	33	30
0	7	5
0	33	31
0	1	1
1	2	1
0	2	1
0	2	2
1	3	0
1	2	0
0	7	7
1	1	0
0	7	6
0	7	5
0	3	3
0	3	2
0	9	7
0	10	5
1	1	0
1	1	0
0	1	1
0	4	2
0	4	4
1	2	0
1	4	1
1	2	1
0	15	13
0	3	2
1	2	1
0	6	5
0	3	3
0	2	2
1	1	0
0	17	12
0	5	3
0	3	3
0	3	3
0	3	2
0	4	3
0	18	16
0	18	15
0	2	2
1	5	2
1	2	1
0	16	12
0	4	3
0	2	2
1	1	0
0	30	21
0	3	2
0	13	7
0	3	3
1	1	0
1	1	0
1	15	5
0	9	7
1	1	0
1	1	0
0	4	4
0	7	3
1	7	3
1	4	1
0	6	5
0	10	10
0	3	3
0	10	9
1	1	0
1	8	1
1	4	0
0	2	2
0	15	9
0	29	17
0	3	3
1	8	3
1	4	1
0	29	19
0	15	15
0	259	229
0	2	1
0	5	5
0	2	2
0	4	4
1	1	0
1	1	0
1	1	0
1	1	0
1	1	0
1	2	0
1	2	1
0	3	2
1	1	0
0	3	3
1	5	0
0	14	12
0	4	2
0	5	5
0	3	2
0	4	3
0	4	2
1	1	0
0	12	12
1	1	0
0	3	3
1	5	2
0	2	2
0	5	2
0	21	16
0	5	3
0	9	9
0	22	19
0	42	37
0	1	1
1	5	1
0	3	3
0	1	1
0	8	8
0	6	6
0	4	3
0	38	32
1	1	0
0	22	20
0	21	12
0	2	1
1	1	0
1	1	0
1	2	0
0	2	2
0	3	3
0	10	9
1	1	0
0	13	7
0	2	2
0	11	11
0	3	3
0	41	31
0	9	7
0	13	6
0	41	32
0	3	2
0	7	5
1	4	1
0	7	6
0	2	2
1	1	0
0	2	2
0	5	5
0	1	1
0	2	2
0	18	9
0	2	2
0	9	6
0	11	5
0	11	11
1	2	0
0	2	2
0	14	5
0	3	3
0	11	11
0	50	46
0	2	2
0	5	3
1	3	1
0	2	2
1	1	0
0	12	9
0	4	3
1	4	2
0	4	3
0	2	2
0	207	164
0	3	3
0	1	1
0	207	166
0	5	5
1	7	2
1	1	0
0	17	12
1	9	4
0	4	2
0	4	3
0	2	2
0	2	2
0	4	4
0	8	8
0	8	7
0	4	4
0	8	8
0	5	5
0	3	3
1	1	0
1	1	0
0	64	63
0	38	33
0	30	24
0	2	1
0	2	2
1	1	0
1	1	0
0	2	1
1	4	2
1	3	1
0	37	37
0	2	1
1	2	0
1	2	0
0	3	2
1	1	0
0	3	3
0	10	9
1	1	0
0	61	48
0	3	3
0	3	2
1	1	0
0	3	2
1	11	3
0	7	7
1	1	0
0	15	9
0	9	6
0	5	3
0	5	5
0	4	2
0	5	4
1	1	0
0	6	5
0	3	3
0	15	10
1	1	0
0	65	45
0	8	4
0	5	3
0	8	5
0	3	3
0	2	2
0	3	1
1	2	1
0	4	3
0	14	12
0	14	11
0	2	2
1	1	0
0	4	2
1	7	3
0	11	11
0	74	47
0	26	16
0	7	7
0	7	6
0	4	4
1	1	0
0	1	1
0	14	14
0	1	1
0	38	37
0	3	2
0	11	9
0	75	67
1	3	1
1	1	0
0	4	3
1	1	0
0	4	4
0	3	3
0	22	15
0	4	4
0	7	6
0	74	44
1	7	2
0	9	9
0	26	26
1	1	0
0	4	4
1	7	2
0	323	299
0	4	3
0	8	7
0	1	1
0	8	6
0	8	7
1	2	1
0	26	20
0	2	1
0	26	24
0	26	21
0	2	2
1	1	0
0	2	2
0	9	8
0	1	1
0	7	3
1	1	0
0	2	2
0	5	3
0	12	2
0	259	231
1	7	3
0	75	65
0	3	3
0	75	64
1	1	0
0	14	10
0	5	4
0	19	17
1	2	0
1	6	2
0	5	5
0	19	18
0	2	2
0	4	3
0	10	10
0	5	5
1	1	0
1	2	0
0	3	1
0	16	2
0	5	5
0	5	4
0	6	5
1	1	0
0	3	2
0	3	2
1	12	5
1	1	0
1	1	0
0	2	2
0	4	2
0	4	3
1	10	5
1	2	0
0	3	2
0	10	8
0	3	3
1	4	1
0	10	7
0	55	47
0	8	4
1	1	0
1	1	0
0	9	9
1	2	0
0	3	2
1	1	0
1	1	0
0	3	2
1	6	1
0	42	24
0	5	4
0	42	22
0	1	1
1	2	1
0	5	3
1	2	0
0	12	10
1	2	1
1	4	2
0	2	2
1	2	1
1	2	1
0	5	5
1	1	0
1	2	0
0	1	1
0	121	88
0	121	89
1	2	0
0	16	16
1	216	90
0	1	1
0	5	4
0	9	9
1	1	0
0	128	93
1	2	0
0	8	6
0	2	1
0	2	2
1	1	0
0	8	7
1	1	0
0	10	10
0	4	4
0	11	6
1	10	2
0	23	22
0	8	5
0	5	4
0	3	2
0	5	5
0	6	6
0	7	7
0	7	6
1	2	1
1	1	0
0	4	3
1	10	5
0	9	9
1	2	0
1	1	0
1	1	0
0	1	1
0	4	3
0	56	28
1	1	0
0	14	10
1	2	0
0	4	2
0	3	2
1	1	0
0	2	1
0	5	3
0	4	2
0	2	2
0	3	3
0	15	10
0	3	3
1	1	0
0	2	2
0	4	3
0	6	5
1	1	0
0	6	6
0	3	2
0	6	3
0	7	7
1	1	0
0	1	1
0	6	5
0	3	3
0	2	1
0	56	33
0	36	22
0	1	1
0	3	2
0	6	4
0	3	1
0	4	4
0	3	2
0	5	5
1	11	0
1	1	0
0	6	4
0	4	4
0	8	7
0	6	5
0	2	2
0	8	8
0	5	3
0	11	10
0	2	2
0	3	2
0	6	5
1	1	0
0	11	11
0	5	4
0	10	9
0	7	7
0	46	39
0	6	4
1	1	0
0	6	6
0	2	2
0	5	4
0	6	5
0	6	4
0	6	6
0	5	5
1	1	0
0	46	41
0	4	4
0	2	2
1	1	0
0	2	2
0	7	7
0	3	3
0	166	160
0	2	1
0	5	5
0	7	7
0	4	4
0	4	4
0	4	4
0	10	8
0	4	3
1	2	1
1	3	1
1	2	0
0	9	7
1	1	0
1	3	0
0	4	4
0	26	20
1	2	0
0	26	23
1	2	1
0	3	3
0	3	2
0	46	31
0	2	2
1	1	0
1	3	1
0	2	2
1	1	0
1	2	1
0	10	8
0	2	1
1	2	0
0	7	6
0	9	4
0	5	2
1	1	0
0	10	5
0	6	5
1	1	0
0	2	2
0	4	4
0	2	1
1	1	0
0	67	67
0	47	31
1	1	0
0	4	2
0	157	147
0	4	3
0	5	5
0	115	97
1	1	0
0	3	2
0	3	3
0	6	4
0	6	5
0	6	6
0	2	2
0	3	2
0	4	4
0	9	4
0	3	2
0	6	6
0	9	8
0	4	3
0	11	10
0	27	24
0	6	5
1	1	0
0	6	5
0	6	4
0	1	1
1	1	0
1	2	1
1	1	0
1	1	0
0	46	35
0	3	2
0	21	21
0	7	3
0	40	24
1	1	0
0	21	17
0	12	8
0	12	7
0	1	1
0	5	4
0	2	1
0	5	3
0	5	5
1	2	0
1	5	2
1	1	0
0	1	1
1	1	0
0	1	1
0	2	2
0	4	4
1	3	1
0	3	3
0	5	4
0	2	1
0	5	5
1	1	0
1	1	0
0	2	2
0	3	3
0	8	7
0	19	16
0	4	4
0	3	2
0	3	3
0	7	7
1	2	0
0	7	7
1	2	1
0	7	5
0	7	6
1	1	0
0	10	10
0	12	9
0	12	8
0	3	2
1	3	1
0	13	10
1	2	0
0	3	3
1	5	2
1	3	1
1	1	0
0	40	39
1	2	1
1	1	0
0	3	3
0	10	9
0	17	10
1	1	0
0	13	9
0	4	2
0	64	63
0	3	2
1	2	0
0	11	11
0	2	2
0	2	2
0	5	5
0	22	20
0	2	2
0	3	1
0	9	8
0	1	1
0	4	3
0	4	2
0	4	3
0	10	10
0	4	2
0	3	2
0	7	7
1	1	0
0	3	3
0	4	3
0	2	2
0	4	4
0	2	2
1	4	1
1	2	0
1	1	0
0	2	2
1	1	0
1	2	1
0	32	22
0	2	2
1	4	0
1	12	0
0	1	1
0	7	7
1	2	1
0	9	6
0	13	12
0	11	10
0	11	9
0	9	7
0	7	6
0	32	19
0	7	5
1	1	0
0	8	8
0	18	13
0	2	2
1	3	1
0	7	5
1	1	0
0	18	12
0	4	2
0	4	2
0	31	24
0	2	1
1	1	0
0	31	23
1	1	0
0	12	6
0	5	3
1	2	0
0	2	2
0	8	7
0	8	8
0	1	1
0	5	2
0	3	3
0	9	8
0	9	7
0	3	2
0	2	2
0	4	4
0	4	3
0	4	2
0	3	3
0	4	3
0	5	5
0	8	4
0	2	1
0	3	2
0	3	2
0	7	7
0	6	6
1	1	0
0	14	10
0	12	4
0	21	18
1	1	0
0	4	4
0	10	8
1	2	1
0	8	8
0	5	5
0	13	13
0	2	1
1	1	0
0	1	1
0	3	2
1	4	1
0	1	1
0	323	302
0	4	4
0	6	6
0	323	303
0	4	3
1	1	0
0	2	2
0	4	2
0	16	11
1	1	0
0	16	12
0	27	19
0	2	2
0	7	7
1	1	0
0	3	3
0	3	2
0	3	2
1	1	0
0	4	3
0	11	10
1	1	0
0	7	5
0	7	4
0	5	5
0	1	1
0	1	1
0	10	8
0	6	4
0	10	9
1	1	0
0	5	5
1	2	0
0	6	6
0	5	4
1	1	0
0	11	7
0	11	8
0	6	6
1	10	0
0	4	3
0	4	2
0	3	3
1	1	0
0	11	8
0	10	7
0	10	8
0	2	2
0	3	2
1	2	0
1	2	1
0	5	5
0	10	5
0	13	10
1	1	0
0	5	5
1	6	1
0	16	15
1	4	1
0	6	4
1	1	0
0	66	65
0	66	64
1	5	1
1	5	2
0	4	4
0	15	13
0	4	3
0	4	4
0	4	3
0	5	5
0	1	1
0	4	4
0	4	2
0	1	1
0	97	75
1	1	0
0	2	2
0	2	2
0	1	1
1	1	0
0	97	72
1	1	0
0	5	5
0	3	2
0	3	3
0	6	6
0	3	3
1	2	0
1	1	0
1	1	0
1	1	0
0	28	20
1	2	1
0	32	30
0	3	3
0	9	9
0	27	12
0	3	3
1	1	0
1	1	0
0	6	5
0	48	46
0	9	8
0	48	47
1	4	0
0	6	6
0	3	2
0	3	3
0	4	4
0	8	7
0	2	2
0	4	2
1	6	2
0	3	3
0	3	2
1	1	0
0	3	2
0	6	6
0	4	3
0	12	6
0	12	7
0	3	3
1	1	0
0	3	2
1	2	0
0	3	3
1	1	0
0	5	5
0	16	16
0	6	6
0	5	2
1	1	0
0	3	3
0	3	3
0	53	49
0	4	3
0	8	6
0	2	2
1	1	0
0	1	1
0	3	3
0	1	1
1	2	1
0	29	17
0	9	9
0	29	15
1	1	0
0	3	3
0	6	6
0	4	3
1	2	0
1	21	6
0	4	4
1	3	1
1	1	0
0	1	1
1	5	1
0	9	9
0	5	3
1	1	0
1	1	0
0	14	14
1	1	0
0	14	13
0	8	7
0	30	19
0	6	3
0	4	3
0	6	6
0	2	2
0	5	4
1	8	4
1	6	2
0	4	2
1	3	1
1	6	0
0	8	7
0	8	6
0	11	11
0	27	22
0	5	2
1	3	1
0	4	4
1	2	1
0	7	6
0	26	5
0	2	2
0	6	3
0	7	7
0	3	3
1	1	0
1	1	0
1	1	0
0	10	9
0	6	6
0	6	5
1	2	0
0	10	10
1	1	0
1	1	0
0	11	11
0	2	2
0	11	10
0	11	11
1	11	5
1	4	1
0	7	5
0	3	2
0	7	7
0	4	3
0	4	2
0	4	2
0	3	3
1	4	1
0	4	3
1	1	0
0	15	8
0	2	2
0	2	2
0	3	3
0	9	9
0	9	8
0	23	18
1	1	0
0	6	5
0	11	9
0	86	78
0	2	2
0	4	4
1	1	0
0	2	2
1	2	0
0	30	21
0	60	46
1	1	0
0	60	47
0	2	1
1	2	0
0	6	5
0	6	6
0	4	4
0	3	3
1	1	0
1	2	1
0	6	5
1	1	0
0	8	7
0	8	8
1	4	1
0	6	6
1	1	0
0	20	16
0	6	2
0	2	2
0	20	17
0	7	7
0	5	2
0	2	1
0	7	5
1	2	0
0	4	2
0	2	2
1	1	0
0	4	4
0	6	4
1	1	0
1	2	0
0	7	4
0	13	11
1	21	3
1	1	0
0	3	3
0	1	1
0	4	4
0	14	14
0	15	15
0	9	7
1	1	0
0	2	1
0	8	6
0	100	68
1	1	0
0	15	7
0	6	3
0	3	3
0	3	3
0	6	5
1	2	1
1	1	0
1	1	0
0	6	5
1	1	0
0	2	2
0	3	2
1	2	1
1	1	0
1	1	0
0	2	2
0	3	3
1	1	0
1	1	0
0	5	3
0	5	4
1	1	0
1	3	0
0	3	3
0	6	6
0	24	24
0	3	3
0	20	18
0	4	2
0	8	7
1	1	0
0	30	29
1	2	0
1	2	1
0	4	3
0	50	31
1	2	0
0	2	2
1	1	0
0	50	33
1	1	0
0	2	1
0	1	1
0	8	5
0	8	6
1	2	1
1	2	0
1	1	0
0	4	4
0	2	2
0	3	2
0	1	1
1	7	1
1	1	0
1	6	1
0	3	3
0	6	5
0	100	92
0	7	7
1	8	2
0	26	15
1	1	0
0	26	19
1	1	0
0	5	4
0	5	3
0	21	15
0	9	9
0	5	5
0	16	11
0	16	12
0	5	5
1	6	1
1	1	0
0	3	2
0	3	3
0	6	5
0	6	6
0	6	6
1	1	0
0	3	3
1	1	0
0	135	114
1	1	0
0	2	2
0	14	9
0	3	2
0	6	5
0	7	6
0	2	1
0	4	3
0	14	10
0	14	11
0	2	2
0	3	3
0	14	12
1	1	0
0	13	12
0	5	5
0	2	2
1	1	0
0	8	7
0	3	2
0	2	2
0	3	3
1	1	0
0	5	5
0	4	4
0	4	3
0	2	2
1	2	0
1	2	1
1	1	0
1	1	0
0	4	4
0	5	4
1	1	0
0	4	4
0	3	3
0	3	2
0	18	16
1	3	0
0	4	3
1	3	1
0	18	17
0	4	4
0	3	3
0	3	3
1	2	1
0	3	2
1	1	0
1	1	0
0	29	17
0	1	1
0	17	7
1	3	1
0	9	5
1	1	0
0	2	1
1	2	0
1	1	0
0	83	74
0	2	2
0	9	9
1	3	1
0	5	5
0	8	6
0	14	7
0	3	2
0	14	8
0	7	6
0	4	2
0	6	5
0	2	2
0	2	2
0	2	1
0	5	5
0	5	5
0	2	1
0	6	6
1	2	1
0	5	5
1	1	0
0	1	1
0	2	2
0	97	92
0	2	2
1	66	11
1	4	2
1	2	0
0	23	22
0	13	8
0	4	3
0	8	8
0	5	2
0	7	5
0	3	2
0	2	2
0	2	2
0	3	3
0	5	4
0	32	25
0	6	5
0	32	24
0	2	1
0	25	24
0	2	2
0	7	7
1	2	0
0	2	2
0	1	1
0	2	2
0	4	4
0	72	38
0	1	1
0	2	2
0	3	2
1	1	0
0	3	3
1	2	1
0	4	2
0	10	10
0	2	1
0	126	71
0	4	3
0	3	3
0	126	74
1	1	0
0	150	134
1	2	1
0	6	4
0	150	138
0	150	137
0	2	1
0	2	2
0	14	13
0	19	17
1	2	1
0	18	12
0	2	1
0	4	4
1	2	0
1	2	0
1	1	0
0	3	2
1	1	0
0	128	126
0	11	6
0	1	1
0	6	6
0	2	1
0	8	7
1	1	0
0	126	82
0	4	4
0	2	1
0	106	85
0	96	88
0	4	3
0	11	4
0	72	40
0	96	85
0	42	28
0	5	4
0	4	3
1	1	0
1	5	2
0	4	4
1	1	0
1	12	1
1	9	3
0	27	16
1	1	0
0	12	9
0	3	3
0	4	3
1	1	0
1	2	1
0	5	5
0	2	1
0	5	3
0	3	2
0	3	1
1	3	1
0	14	14
0	5	4
0	27	17
0	4	3
0	4	4
0	3	2
0	2	2
0	2	2
0	2	2
0	16	13
0	2	2
0	8	7
0	7	7
0	3	3
0	8	2
0	11	10
1	2	0
1	1	0
0	17	17
0	9	9
0	9	8
0	21	10
1	2	0
0	21	11
0	4	4
0	21	14
0	2	2
0	9	8
0	2	2
0	6	6
0	11	8
0	2	1
0	2	2
0	3	3
1	2	0
0	3	2
1	1	0
1	1	0
1	1	0
0	6	6
0	5	4
0	1	1
0	43	30
1	2	0
0	5	4
0	5	5
1	1	0
0	41	39
0	41	38
0	6	6
0	3	1
0	11	7
0	3	3
0	18	17
0	3	3
0	8	7
0	8	6
0	5	4
1	2	0
0	18	18
0	8	8
0	2	2
0	17	10
1	2	1
1	1	0
1	1	0
0	3	3
0	6	5
0	7	6
1	1	0
0	12	12
0	2	2
0	75	74
1	3	1
1	1	0
1	1	0
0	3	3
0	4	4
0	37	33
0	37	35
0	10	10
1	3	0
0	37	33
0	4	3
0	4	2
1	4	1
0	4	4
0	2	2
0	1	1
0	5	5
0	24	20
0	8	5
1	1	0
0	8	6
0	6	6
0	11	9
0	17	17
1	1	0
0	147	121
0	20	10
0	6	6
0	2	1
0	9	7
0	14	13
0	20	19
0	2	1
0	2	2
0	147	120
0	2	1
0	3	2
0	6	5
1	1	0
0	6	6
0	3	3
0	3	3
0	4	4
0	2	2
1	8	3
0	2	2
1	1	0
1	1	0
0	16	15
0	3	3
1	3	1
0	3	2
0	5	3
0	20	20
0	2	2
1	5	2
0	2	2
0	18	17
1	1	0
0	3	2
1	1	0
0	55	48
0	9	9
0	55	46
0	4	4
0	5	5
0	8	3
0	6	6
0	4	4
1	1	0
0	15	15
0	5	5
0	2	2
1	1	0
0	5	4
1	6	1
1	6	1
0	2	2
0	7	6
0	4	3
0	4	2
1	1	0
0	4	2
0	4	3
1	2	1
0	93	68
0	93	69
0	3	3
0	16	9
0	2	2
1	1	0
0	1	1
0	26	24
0	23	21
1	2	0
0	11	11
0	7	6
0	4	3
0	4	4
0	2	2
0	12	11
0	2	2
1	2	1
0	9	5
0	10	7
0	12	12
0	3	3
0	19	18
0	4	4
0	4	3
1	1	0
1	2	0
0	9	9
1	4	1
1	3	0
1	1	0
0	18	17
0	5	3
0	6	4
0	13	11
1	1	0
0	31	30
0	9	7
0	5	4
0	5	5
0	16	8
1	1	0
0	11	9
0	2	2
1	1	0
0	6	6
0	7	6
0	4	3
0	7	7
1	1	0
1	11	4
0	3	2
1	2	0
0	7	4
0	7	2
0	11	11
1	2	1
0	5	5
0	7	7
1	1	0
1	1	0
0	2	2
0	2	2
1	9	3
1	1	0
0	4	4
1	1	0
0	6	5
1	2	0
1	1	0
0	1	1
0	32	24
1	1	0
0	19	19
0	1	1
0	32	25
1	6	3
0	32	26
0	5	5
1	1	0
0	2	2
1	3	1
0	6	4
0	6	5
1	3	0
0	3	2
0	6	4
1	2	1
0	1	1
0	3	1
0	5	5
1	3	0
1	3	1
1	2	1
1	1	0
0	2	1
1	1	0
1	3	1
1	1	0
1	2	1
0	2	2
0	5	5
0	15	13
1	1	0
0	2	1
0	3	1
0	2	2
1	1	0
1	2	0
0	2	1
0	8	7
0	4	3
0	1	1
1	1	0
0	4	2
0	3	3
0	5	2
1	4	2
1	1	0
0	8	7
0	11	3
0	1	1
0	7	6
0	4	2
1	1	0
0	4	4
1	4	1
0	6	5
1	5	2
0	182	150
0	8	6
0	7	7
0	8	5
0	9	9
0	5	3
0	1	1
1	3	0
0	2	2
0	2	2
1	1	0
0	182	148
1	1	0
1	1	0
0	8	5
0	3	2
0	3	3
0	25	15
0	7	7
0	2	2
0	6	4
0	3	2
0	5	4
0	3	3
0	3	3
0	2	2
0	6	5
0	139	131
0	20	5
0	2	2
0	5	5
1	2	0
0	9	7
0	4	2
1	2	1
0	99	75
0	139	130
0	9	2
0	4	2
0	6	4
0	7	7
0	2	1
0	7	6
1	1	0
0	3	2
1	3	1
0	5	5
0	4	4
0	4	4
1	3	1
0	47	35
0	47	36
0	6	4
0	4	4
1	1	0
0	24	5
1	1	0
0	3	3
0	5	4
0	5	2
0	2	2
0	5	3
0	6	4
0	6	5
1	6	1
0	6	6
0	139	129
0	6	3
0	31	31
1	4	1
0	31	30
1	80	18
0	6	3
0	4	4
1	7	1
1	1	0
0	1	1
1	8	4
0	49	34
0	3	3
0	19	17
0	5	5
0	2	2
0	6	6
1	16	1
1	3	1
1	1	0
1	1	0
1	2	1
0	15	13
1	2	1
0	171	36
1	2	0
1	1	0
0	15	15
0	2	1
1	1	0
0	8	4
1	2	0
1	2	1
1	2	0
1	2	1
1	1	0
1	3	1
0	4	4
1	3	1
0	2	1
1	9	3
0	6	4
0	2	2
1	10	4
0	9	8
0	2	2
0	183	161
0	2	2
0	183	160
1	2	1
0	3	1
0	28	19
1	1	0
0	25	21
1	2	0
0	5	5
0	183	162
1	1	0
0	80	48
0	11	6
0	16	10
0	16	11
0	7	6
1	2	1
0	4	4
1	1	0
0	2	1
0	28	20
0	6	5
1	2	0
0	1	1
0	7	7
0	4	2
0	3	3
0	11	9
0	2	2
0	1	1
0	11	9
0	11	5
1	1	0
0	3	1
0	3	3
1	2	1
1	1	0
0	3	2
0	3	2
0	13	10
0	6	6
0	3	3
1	2	0
1	5	1
0	3	2
1	1	0
1	3	0
1	1	0
1	1	0
0	7	7
0	4	3
0	6	6
0	3	3
0	3	2
0	111	104
1	7	3
1	6	2
0	12	9
1	4	1
0	2	2
0	2	2
1	18	5
1	4	1
1	1	0
1	1	0
1	4	0
0	8	6
0	6	5
0	6	3
0	9	8
0	6	4
0	2	1
0	3	3
0	4	3
0	6	6
0	2	2
0	4	3
0	2	2
0	4	3
0	3	2
0	2	2
1	1	0
0	1	1
0	9	9
1	1	0
0	4	2
0	3	2
0	5	5
0	4	3
1	1	0
0	1	1
1	1	0
0	7	6
0	5	4
0	12	11
0	2	2
0	27	21
1	1	0
0	27	22
0	22	20
0	5	3
1	2	1
0	7	2
1	1	0
0	13	7
0	9	4
0	4	4
0	9	7
1	1	0
0	8	8
1	1	0
0	3	3
0	118	82
0	118	81
0	5	2
0	14	9
0	5	3
0	118	85
0	118	83
1	1	0
0	4	3
1	2	0
1	1	0
0	2	2
0	5	5
0	24	24
1	1	0
0	5	3
0	5	5
0	14	14
1	1	0
0	171	91
0	171	90
1	1	0
0	13	9
0	17	11
1	2	0
0	7	5
0	7	6
1	1	0
0	11	11
0	3	3
1	5	2
0	21	17
0	8	3
1	14	5
0	5	5
1	1	0
1	2	0
0	7	5
0	10	7
0	10	8
0	2	2
0	6	4
0	4	4
1	1	0
0	51	47
0	51	46
0	12	8
0	6	4
0	8	8
0	7	4
0	10	10
0	2	1
0	85	60
0	11	2
1	2	0
0	10	9
0	7	5
0	9	8
0	14	11
1	1	0
0	1	1
0	8	6
0	24	21
0	24	22
0	1	1
0	6	6
0	14	8
0	2	2
0	4	3
1	2	0
1	2	1
0	1	1
0	20	18
1	2	1
0	2	1
0	2	2
1	1	0
1	1	0
0	167	156
0	5	5
1	1	0
1	1	0
0	36	36
0	11	10
0	8	5
1	1	0
1	2	1
0	13	11
0	2	1
0	10	7
1	1	0
0	2	2
0	3	2
1	1	0
0	3	3
0	2	2
0	3	3
0	4	4
0	3	2
0	3	2
0	9	7
0	2	2
0	1	1
0	9	6
0	3	3
0	3	3
0	3	3
0	9	9
0	52	47
0	79	73
0	79	72
0	200	191
1	2	0
0	1	1
0	66	56
1	1	0
1	1	0
1	16	7
1	2	0
1	1	0
0	6	6
0	2	2
0	31	29
0	1	1
0	3	3
0	3	2
1	1	0
0	4	4
0	21	11
1	1	0
0	21	10
0	2	2
0	6	5
1	15	7
0	6	3
0	98	83
0	6	3
0	3	2
0	3	2
0	3	3
0	2	2
0	2	2
1	3	1
1	2	1
1	2	0
1	1	0
0	3	3
0	5	2
0	76	56
1	2	1
0	76	58
0	5	4
1	2	0
0	5	5
0	5	3
1	1	0
0	2	2
0	5	5
0	2	2
0	3	3
0	3	2
1	4	1
0	2	2
0	2	1
0	2	1
0	11	11
0	11	10
1	3	0
1	3	1
0	67	30
0	32	20
1	3	1
0	8	6
0	7	6
1	1	0
1	4	1
0	6	6
0	8	6
0	2	2
1	1	0
0	2	1
0	4	4
0	67	29
1	1	0
0	11	10
0	2	2
0	8	7
1	1	0
1	1	0
1	3	0
1	1	0
0	5	5
0	5	4
0	121	58
1	1	0
0	51	34
0	51	33
0	1	1
0	6	6
0	3	1
0	3	3
0	5	3
1	1	0
1	1	0
0	5	5
0	5	4
1	1	0
0	7	7
1	2	0
0	226	191
0	10	5
1	1	0
1	1	0
0	4	4
0	5	4
0	10	8
1	1	0
1	1	0
0	1	1
0	10	7
0	5	4
0	11	8
0	6	6
0	4	4
0	10	10
0	3	1
0	3	2
1	14	6
0	5	3
0	5	4
1	2	0
1	1	0
1	1	0
0	21	13
0	21	14
1	1	0
0	4	4
0	6	5
0	7	6
0	12	12
1	1	0
0	17	17
1	4	1
0	8	6
0	41	39
0	63	51
0	10	10
0	63	50
1	12	6
0	36	21
0	36	24
0	2	1
0	2	2
1	1	0
0	3	2
1	10	1
1	1	0
0	3	3
0	7	7
0	5	4
0	2	2
0	7	6
0	5	5
0	4	4
0	9	6
0	2	2
0	3	3
0	4	4
0	3	2
0	13	12
1	1	0
1	1	0
0	2	2
0	3	3
0	3	2
1	1	0
0	7	7
0	5	4
0	6	4
0	5	5
0	2	2
0	4	2
0	4	4
0	3	3
1	1	0
1	1	0
0	2	2
0	8	5
1	2	1
0	2	2
0	48	46
0	32	27
0	32	26
0	7	2
0	1	1
0	37	29
1	1	0
1	1	0
1	3	1
1	2	1
0	4	2
1	1	0
0	4	4
0	8	6
0	2	1
1	3	1
0	2	2
1	4	1
1	1	0
0	8	5
0	11	11
0	9	8
0	9	9
1	1	0
0	10	10
0	5	5
1	1	0
0	4	2
0	1	1
0	3	2
1	1	0
1	1	0
0	2	2
0	2	2
1	5	1
1	8	4
0	4	3
1	1	0
0	3	3
1	3	1
0	6	4
0	40	35
0	6	3
0	13	9
1	2	1
0	13	8
0	5	5
1	1	0
1	2	0
1	2	0
0	3	3
0	2	2
0	2	1
1	1	0
0	4	4
1	7	2
0	225	173
1	2	1
0	225	175
1	2	0
1	1	0
1	1	0
0	4	4
0	82	79
0	1	1
0	4	4
0	2	2
1	7	3
0	7	5
0	1	1
0	65	63
1	4	1
0	7	6
1	1	0
0	23	16
0	4	4
0	213	118
0	3	3
1	1	0
1	6	1
1	2	0
0	4	2
0	6	4
0	9	9
0	9	8
1	1	0
0	213	123
0	213	122
0	1	1
1	1	0
0	19	17
0	5	5
1	1	0
0	6	6
1	2	0
0	3	3
0	2	2
0	2	2
0	8	8
0	10	6
0	1	1
0	2	2
1	1	0
0	17	8
1	1	0
0	8	5
0	162	119
0	1	1
0	26	26
0	2	2
0	4	4
0	6	6
0	26	22
0	6	6
1	3	1
0	3	3
0	57	34
0	57	33
0	65	47
1	1	0
0	57	39
0	1	1
0	57	37
0	57	38
0	3	2
0	3	1
0	3	3
1	1	0
1	5	1
1	1	0
0	41	36
0	41	34
0	9	8
1	2	1
1	1	0
0	2	2
0	3	3
1	2	0
0	2	2
0	4	4
0	48	25
1	2	1
0	9	9
0	21	21
0	18	17
0	3	2
0	2	2
0	3	2
1	1	0
1	1	0
0	7	7
1	1	0
1	1	0
1	2	1
0	7	4
1	2	0
0	3	3
0	16	13
1	6	2
0	6	6
1	1	0
1	2	0
1	1	0
0	5	3
0	5	4
0	8	5
1	1	0
1	1	0
1	3	1
0	5	5
1	2	1
1	4	1
0	4	4
0	207	194
1	2	0
0	3	3
0	3	3
1	3	1
0	16	15
1	75	8
1	1	0
0	18	17
0	18	18
1	1	0
0	2	1
0	162	147
1	3	1
0	3	1
0	23	22
0	3	2
0	5	3
1	1	0
0	26	19
1	3	0
0	162	146
0	3	3
1	3	1
0	2	1
1	8	3
1	2	0
0	2	2
1	2	1
0	2	2
0	26	22
0	2	2
0	2	1
0	10	8
0	4	4
0	1	1
0	5	5
0	2	1
0	3	3
0	1	1
0	61	55
1	2	0
1	11	6
0	2	1
1	1	0
0	4	2
1	1	0
0	2	2
0	7	5
0	226	211
0	81	80
0	3	3
0	81	81
1	1	0
0	7	2
0	2	2
0	13	13
0	2	2
1	3	0
1	3	1
0	4	4
0	10	8
0	4	4
1	2	0
0	35	33
0	4	4
0	4	3
1	1	0
1	2	1
1	2	0
0	1	1
0	36	22
0	6	4
0	4	2
0	3	2
0	3	3
1	3	1
0	3	3
0	11	11
0	1	1
1	2	1
1	2	0
0	4	3
0	1	1
0	4	4
0	5	5
0	8	6
0	3	2
0	1	1
0	20	17
0	43	40
1	1	0
0	20	16
0	8	7
0	3	3
0	2	2
1	5	2
0	2	2
0	28	19
0	3	2
0	10	9
1	1	0
0	16	11
1	14	1
0	9	9
0	7	7
0	2	2
0	7	3
0	6	3
0	2	2
0	2	2
0	26	9
0	2	1
1	1	0
0	4	4
0	4	4
0	65	64
0	4	3
0	4	4
0	2	1
1	1	0
0	8	8
0	22	16
0	22	15
1	1	0
0	4	3
0	5	4
0	131	107
0	3	3
0	2	2
0	8	8
1	3	0
1	2	1
1	3	1
1	1	0
1	1	0
0	2	2
0	6	6
0	43	27
0	7	7
0	2	1
0	4	3
0	33	31
0	5	5
0	2	2
0	4	3
0	4	4
0	33	32
0	4	3
1	1	0
0	7	7
1	1	0
0	7	6
1	9	3
1	4	1
0	18	16
1	1	0
1	6	2
0	18	14
0	3	3
0	2	2
1	2	1
1	2	0
0	15	9
1	1	0
0	5	3
0	5	5
0	133	81
1	3	1
1	1	0
1	6	2
1	50	6
1	2	0
1	1	0
0	3	1
0	2	2
1	1	0
0	2	2
0	4	4
0	4	3
0	2	2
0	6	3
0	6	5
0	53	39
0	16	14
1	3	1
0	16	13
0	2	2
1	1	0
0	53	37
0	6	4
0	3	3
0	3	3
0	2	2
0	6	6
0	24	7
0	3	3
0	5	2
1	82	9
0	4	4
0	12	11
0	13	13
0	5	3
0	2	1
1	1	0
0	5	5
1	2	1
0	2	2
0	9	9
1	2	0
0	3	2
0	4	3
0	6	5
1	2	0
0	3	3
0	4	3
0	8	8
0	4	3
1	1	0
0	9	7
0	2	2
0	6	5
0	6	4
0	8	6
1	1	0
0	11	11
0	5	5
1	1	0
0	4	4
0	17	16
0	3	2
1	2	1
1	1	0
0	4	3
0	2	2
0	3	2
0	7	5
0	7	6
1	2	0
0	5	5
1	3	1
0	5	5
1	7	3
0	3	3
0	5	5
0	4	3
1	9	1
0	11	9
0	55	52
0	6	4
0	6	6
0	2	2
0	11	11
0	3	3
1	1	0
0	47	42
0	2	2
0	47	45
0	2	2
0	6	5
0	41	31
0	41	32
1	2	0
1	1	0
0	1	1
1	1	0
0	7	5
0	13	13
0	7	6
1	1	0
0	7	5
0	3	3
0	2	2
0	2	1
1	3	1
0	1	1
1	1	0
0	1	1
0	2	2
0	6	5
0	6	6
0	14	13
0	1	1
0	5	5
1	2	0
0	2	2
1	15	0
1	2	1
0	2	2
0	1	1
0	4	3
0	4	4
0	4	4
1	3	0
0	8	5
0	6	5
0	12	4
0	1	1
0	3	2
0	3	3
0	2	2
1	3	1
0	5	5
1	3	0
0	166	135
0	166	134
0	3	2
0	5	5
0	3	3
0	51	49
0	3	1
1	2	0
1	1	0
1	1	0
0	51	42
1	1	0
0	5	3
0	5	4
0	7	6
0	3	3
1	1	0
0	57	38
0	110	100
0	2	1
1	1	0
1	1	0
0	2	2
0	2	2
0	5	5
1	4	1
0	8	8
1	2	1
0	6	5
1	2	0
1	2	1
1	2	0
0	22	18
0	5	3
1	2	0
0	9	9
0	5	5
1	1	0
0	57	52
0	4	4
0	5	4
0	5	3
0	5	4
0	14	14
1	4	1
0	14	11
0	3	3
1	4	1
0	4	3
0	7	7
0	4	4
1	1	0
1	27	3
0	4	3
1	1	0
0	2	2
1	1	0
0	5	5
0	2	2
1	3	0
1	1	0
0	13	11
0	4	4
0	4	3
0	4	2
0	2	2
1	1	0
0	32	29
0	33	27
0	8	5
0	18	11
0	8	5
1	6	0
0	2	2
0	10	10
1	2	1
0	4	4
0	1	1
0	13	4
0	2	2
0	4	4
0	2	2
1	3	1
0	16	15
0	4	3
0	3	1
0	28	24
0	9	4
0	8	6
0	2	2
0	28	25
1	3	1
0	9	5
0	4	3
0	2	2
1	1	0
0	3	3
1	1	0
0	5	5
0	8	6
0	7	5
0	3	3
0	9	9
0	3	2
0	4	4
0	27	20
0	4	4
0	45	42
0	1	1
0	2	2
0	5	3
1	5	0
0	2	1
1	2	0
1	1	0
0	2	2
1	4	2
0	3	3
0	3	3
1	1	0
0	11	11
0	1	1
1	1	0
0	19	14
0	12	10
0	7	6
0	2	2
0	19	19
0	19	13
0	7	7
0	3	3
0	7	7
0	11	9
0	4	3
0	11	5
0	8	6
0	2	2
0	2	2
1	1	0
0	1	1
0	3	1
1	1	0
0	21	10
0	3	3
0	1	1
0	40	32
0	11	8
0	2	2
0	32	31
0	32	32
0	3	3
0	11	11
0	1	1
0	30	29
0	12	11
0	3	2
0	5	3
1	2	0
0	1	1
0	2	1
0	3	3
0	2	2
1	2	0
0	2	1
0	163	149
0	2	1
0	2	2
0	2	1
0	4	3
0	1	1
0	2	2
0	4	4
0	4	3
0	27	25
1	1	0
0	13	6
0	5	2
0	145	65
0	46	40
0	1	1
0	7	6
0	79	73
0	6	6
0	1	1
0	5	4
1	2	0
0	4	3
1	1	0
0	5	3
0	4	3
0	17	16
0	6	5
0	2	2
0	10	10
0	17	15
0	10	9
0	7	7
0	8	4
1	1	0
0	3	3
0	3	2
0	5	3
0	3	2
0	4	4
1	1	0
0	26	25
0	8	8
0	41	35
1	2	1
0	41	36
0	7	5
1	4	1
1	1	0
0	3	2
0	5	4
0	5	4
0	6	6
0	4	2
1	1	0
1	2	1
0	10	9
0	34	34
1	2	0
0	14	12
1	2	0
0	10	7
0	51	39
0	5	5
0	7	4
0	11	7
0	11	8
0	2	2
1	3	0
0	66	56
0	2	2
0	29	29
1	1	0
1	2	1
0	3	3
0	3	2
0	41	29
1	2	1
0	5	3
0	51	20
0	7	6
0	7	5
0	12	12
1	8	2
0	3	3
0	9	7
0	3	2
1	1	0
0	330	297
0	5	5
1	1	0
1	1	0
0	14	13
0	5	5
0	2	2
0	3	2
0	66	65
0	4	4
0	11	6
1	1	0
0	11	7
0	1	1
0	3	2
0	306	205
0	306	204
1	1	0
0	13	8
0	14	9
0	6	6
0	2	2
1	2	1
0	6	5
0	20	9
0	20	8
1	5	2
0	4	4
1	1	0
0	13	7
0	15	14
0	6	3
1	1	0
0	14	14
0	5	5
0	2	2
1	7	3
0	12	11
1	1	0
0	26	24
0	1	1
0	12	7
0	4	3
1	1	0
0	15	14
1	1	0
0	4	3
1	9	2
0	6	6
1	1	0
0	6	4
0	4	2
0	4	3
0	2	2
0	40	23
0	4	3
0	4	2
0	12	12
0	9	7
0	2	2
0	19	17
1	1	0
0	4	2
0	8	7
0	5	3
0	2	1
1	2	0
1	7	2
0	6	4
1	2	1
0	89	77
0	3	3
0	4	4
0	4	3
1	2	1
0	6	4
1	1	0
0	3	3
0	5	5
0	2	2
0	1	1
1	1	0
0	20	11
1	1	0
1	2	0
0	6	6
0	28	26
1	1	0
1	1	0
0	36	26
0	36	27
1	4	2
1	7	3
0	6	4
1	1	0
0	3	2
0	1	1
0	283	260
0	3	3
0	12	7
0	12	11
0	283	262
0	12	10
0	3	3
0	4	4
0	2	1
0	9	7
0	6	3
0	24	19
0	6	4
0	3	2
0	3	3
0	3	2
0	2	2
1	1	0
0	4	3
1	1	0
1	1	0
0	7	6
0	7	5
0	3	3
0	5	4
0	18	15
0	1	1
0	4	3
0	18	18
0	1	1
0	8	8
1	8	3
0	1	1
0	2	2
0	24	15
1	2	0
1	1	0
0	1	1
0	40	36
1	3	1
0	40	35
0	4	4
0	3	3
0	5	5
1	2	0
0	100	99
1	1	0
0	18	16
0	2	2
0	6	4
1	2	0
1	1	0
1	4	0
0	1	1
0	8	3
0	8	4
0	5	2
0	9	4
0	13	8
0	13	7
0	13	6
0	9	6
0	3	2
0	1	1
1	2	0
1	1	0
0	3	3
1	3	1
0	11	4
0	20	18
0	7	6
1	1	0
0	6	6
0	2	2
1	1	0
1	2	1
1	1	0
0	9	9
0	1	1
0	6	6
0	3	3
0	4	4
0	3	2
0	14	12
1	1	0
0	33	31
0	3	3
0	3	3
0	4	3
0	2	2
0	6	6
0	6	5
1	26	7
1	1	0
0	48	46
0	48	45
0	3	3
0	5	4
0	2	2
0	2	1
0	3	2
0	1	1
1	2	0
0	9	7
1	1	0
0	1	1
0	6	4
0	6	5
0	6	4
0	6	5
0	11	11
0	2	2
0	24	24
0	2	2
1	2	1
0	7	2
0	53	49
0	12	12
0	26	22
0	78	54
0	13	12
0	3	3
1	2	0
0	3	2
0	78	56
0	5	5
0	5	4
0	2	2
0	7	7
0	3	3
0	4	4
0	33	29
0	33	27
0	43	31
1	2	1
0	2	2
0	6	6
1	1	0
1	1	0
0	12	10
0	81	76
1	1	0
0	16	13
0	5	5
0	16	15
0	22	21
1	2	0
0	13	12
0	14	14
1	3	1
0	5	2
0	6	5
0	23	17
0	14	9
0	7	2
0	3	3
1	1	0
0	33	30
0	6	6
0	5	4
0	13	9
0	78	46
0	53	50
0	3	2
0	3	3
1	1	0
0	40	34
1	18	2
0	3	3
0	4	4
1	9	2
1	2	0
0	3	2
0	3	2
0	31	28
1	4	0
0	3	3
0	3	2
0	4	4
0	2	2
1	1	0
0	3	3
1	1	0
1	1	0
0	5	3
0	22	20
1	1	0
0	22	21
1	4	1
1	1	0
1	1	0
1	2	0
0	7	4
0	5	5
1	1	0
0	4	3
1	1	0
0	166	116
0	4	4
1	1	0
0	10	6
0	7	5
0	3	3
0	3	3
0	6	5
1	2	1
0	4	2
0	12	12
0	5	2
0	5	4
0	3	3
0	12	11
0	19	17
0	12	12
0	5	4
0	7	4
0	6	3
0	5	4
0	8	8
0	10	10
0	3	2
1	3	0
1	3	1
1	1	0
0	11	8
0	11	7
0	11	6
1	10	0
0	4	4
0	3	3
1	16	7
1	1	0
0	6	4
0	6	3
0	4	3
0	7	7
0	10	10
0	1	1
0	4	3
0	4	2
0	15	14
1	3	0
0	3	3
1	2	0
0	1	1
0	10	10
0	9	7
1	7	0
0	9	8
0	5	5
1	1	0
0	80	75
0	5	4
0	6	3
1	1	0
1	1	0
0	9	5
0	14	6
0	2	2
0	5	3
0	6	6
0	6	6
0	3	1
0	30	14
0	30	16
0	2	2
0	5	4
0	1	1
0	2	2
1	1	0
0	9	8
0	15	6
0	9	9
0	10	10
1	1	0
0	21	17
0	5	4
0	5	5
0	52	45
0	3	3
0	2	2
0	15	7
0	4	3
0	4	4
0	5	5
0	2	2
1	2	0
1	1	0
0	5	5
1	2	0
0	13	6
0	2	1
1	1	0
0	4	3
0	4	2
0	5	3
0	3	3
0	23	23
0	5	3
1	1	0
0	7	3
0	2	2
1	1	0
0	7	7
1	6	2
1	2	0
0	2	2
1	2	1
0	4	4
1	4	1
0	7	4
0	10	10
0	7	5
0	8	5
1	3	1
1	1	0
0	3	2
0	6	4
1	2	1
0	3	2
1	1	0
0	3	3
0	2	2
0	7	7
1	4	2
0	29	24
0	14	11
0	7	3
1	4	1
0	1	1
0	3	2
0	4	3
0	51	44
1	4	1
0	4	4
0	6	4
0	4	4
1	2	1
0	2	2
0	25	24
1	3	0
0	14	10
1	5	2
1	1	0
1	1	0
0	14	12
0	2	1
0	34	25
0	2	2
0	2	2
0	3	2
0	34	26
0	4	4
0	3	3
0	9	6
0	3	2
0	9	7
0	5	2
1	1	0
0	3	3
1	7	2
0	4	3
0	6	5
0	4	4
0	15	9
1	4	0
1	2	1
0	4	4
0	13	13
0	4	3
1	1	0
1	2	0
0	4	4
0	21	20
0	6	6
1	4	2
0	3	3
0	3	2
0	4	3
0	7	7
0	7	6
1	2	0
0	5	5
0	12	9
0	3	2
1	2	0
0	3	2
0	13	12
0	12	12
0	3	3
0	3	2
0	5	4
0	12	6
0	13	13
0	9	9
0	3	3
0	4	4
0	4	3
0	5	5
0	9	8
0	3	1
0	3	1
0	8	6
0	15	13
0	2	1
0	5	3
0	25	19
0	8	7
0	15	10
0	25	18
1	2	1
0	5	3
1	1	0
0	15	14
0	12	10
0	2	2
0	4	2
0	3	2
0	8	6
0	3	3
0	6	6
1	1	0
1	2	1
1	2	1
0	5	5
0	6	6
0	4	3
0	6	5
0	3	2
0	7	7
0	10	8
0	10	7
0	2	2
0	15	14
0	16	15
0	18	14
0	4	4
0	4	3
0	6	6
0	2	2
0	4	3
0	93	88
0	4	3
0	4	4
1	1	0
1	2	1
0	7	5
0	10	9
1	3	1
0	93	80
1	1	0
0	1	1
0	2	2
0	10	10
1	1	0
1	1	0
1	1	0
0	7	5
0	4	4
0	11	10
0	63	50
0	63	51
0	1	1
0	3	3
0	6	3
0	5	2
0	3	2
1	1	0
0	17	14
0	3	2
1	1	0
0	25	22
0	25	23
1	1	0
0	3	3
1	1	0
0	15	14
0	5	5
0	3	3
1	1	0
0	84	77
1	4	1
0	1	1
0	15	15
0	7	7
1	1	0
0	6	5
1	2	0
0	6	6
1	2	1
1	1	0
0	4	3
0	4	2
1	1	0
0	1	1
0	15	8
0	6	4
0	18	15
1	2	0
0	6	5
0	3	3
0	2	1
1	1	0
0	2	2
0	3	3
0	6	5
1	3	1
0	8	4
0	5	4
1	1	0
0	5	3
0	4	4
1	1	0
0	2	2
0	2	2
0	40	31
1	18	4
0	5	5
0	216	209
0	15	12
0	15	13
0	4	3
1	2	1
0	5	4
1	4	1
1	2	0
0	123	115
0	123	114
0	8	8
0	12	11
0	1	1
1	10	2
0	11	11
1	10	4
1	9	3
0	4	2
0	29	23
0	4	3
1	1	0
0	1	1
0	5	5
0	8	8
0	3	3
0	229	157
0	229	156
0	11	7
0	4	4
0	4	3
0	2	2
0	2	2
0	3	2
1	1	0
0	18	13
0	14	7
0	3	3
1	1	0
0	2	2
1	2	1
0	2	2
1	2	0
0	43	34
0	2	1
0	3	2
0	9	8
0	2	2
0	5	3
0	2	1
1	2	0
0	9	8
0	5	2
1	1	0
1	1	0
1	10	5
1	4	1
0	9	9
1	1	0
1	6	2
0	3	2
0	5	5
0	29	23
0	17	17
1	12	2
0	17	16
0	17	15
0	3	2
0	3	3
0	3	2
0	3	2
0	7	4
0	7	5
0	2	1
0	8	7
0	8	8
0	9	7
0	30	16
0	3	3
0	13	11
0	3	3
0	4	2
0	4	3
0	4	4
0	53	45
0	4	4
0	53	46
0	13	12
0	4	2
1	1	0
0	19	17
1	1	0
0	2	1
0	3	2
0	10	8
0	1	1
0	10	7
0	4	4
0	5	2
1	74	36
0	25	25
0	5	3
1	3	1
1	2	0
0	6	6
0	2	1
0	5	4
0	16	16
0	28	17
0	4	4
1	1	0
0	6	5
0	4	3
1	1	0
0	1	1
0	46	46
0	6	4
0	2	2
0	3	3
0	5	3
0	5	2
0	3	2
0	6	6
0	8	7
0	6	4
1	2	1
0	8	6
0	8	5
0	8	7
1	1	0
1	2	0
0	8	8
0	1	1
0	7	6
1	1	0
0	5	4
0	10	9
0	2	2
1	46	3
0	6	4
0	4	2
0	6	4
1	2	1
1	1	0
0	8	8
0	2	2
1	1	0
1	1	0
0	12	8
0	3	3
0	5	5
1	7	2
1	2	1
0	2	2
1	5	1
1	4	2
0	4	4
0	4	3
0	16	11
0	3	3
1	1	0
0	16	15
0	17	10
0	7	7
0	28	22
0	4	3
1	2	0
0	9	7
0	9	6
1	7	3
0	1	1
1	1	0
0	56	50
1	1	0
1	8	4
0	2	1
0	4	4
1	6	2
0	2	2
0	16	12
0	16	11
0	5	4
0	3	3
0	4	2
1	1	0
1	3	0
0	2	2
0	34	23
0	16	13
0	3	2
0	3	3
0	5	4
0	3	3
0	4	4
0	2	1
0	56	49
0	1	1
0	4	4
0	2	1
0	26	17
0	8	3
0	38	30
1	1	0
0	26	16
0	4	3
0	4	4
1	1	0
0	2	2
1	3	1
0	12	10
0	36	25
0	12	11
0	10	10
1	1	0
0	24	16
0	4	4
0	24	15
1	1	0
1	1	0
0	6	6
0	2	2
0	4	3
1	1	0
0	14	8
1	2	0
0	4	2
0	2	1
0	76	74
0	2	1
1	3	1
0	5	4
0	8	8
0	3	3
1	2	0
0	2	2
0	5	5
0	5	4
0	4	4
1	1	0
0	37	33
0	5	5
0	13	8
1	3	1
0	2	2
0	13	9
1	1	0
0	3	3
0	3	2
0	12	6
0	2	2
1	2	0
0	2	2
0	3	2
1	1	0
1	1	0
0	6	6
1	4	1
0	5	5
0	3	2
0	16	15
0	3	3
0	12	11
1	1	0
0	2	1
0	12	10
1	4	0
0	28	26
1	1	0
0	7	6
0	7	7
0	28	24
0	4	2
0	2	1
0	2	2
0	2	1
0	7	5
1	1	0
0	7	6
0	48	43
0	2	2
0	14	7
0	3	2
0	3	3
0	37	25
0	7	4
0	2	1
0	8	6
0	12	11
1	4	2
1	1	0
1	1	0
0	5	4
1	11	1
0	7	4
0	7	3
1	2	1
0	3	3
1	1	0
1	4	0
1	4	1
0	11	8
0	3	3
1	1	0
0	7	7
1	1	0
0	39	38
0	2	2
0	2	2
0	4	2
1	1	0
0	69	64
0	11	11
0	4	4
0	3	2
0	3	3
1	2	1
0	1	1
0	126	103
0	4	4
0	2	2
0	3	2
0	9	9
1	2	0
0	3	1
0	5	4
1	3	0
0	5	5
1	1	0
0	1	1
1	3	0
0	27	19
0	11	11
0	6	5
1	1	0
0	2	1
0	23	22
0	27	22
1	3	1
0	4	3
1	8	4
1	2	1
1	2	0
0	3	3
0	3	2
0	3	3
0	6	6
0	7	6
0	46	32
0	3	2
0	42	40
1	1	0
0	3	3
1	6	1
0	6	5
0	5	4
1	7	3
0	34	14
0	1	1
1	2	1
1	2	0
0	4	2
0	5	3
0	31	25
0	31	26
1	2	1
0	4	4
0	2	2
0	46	28
1	2	0
0	110	101
1	6	3
1	2	1
1	1	0
1	2	1
1	2	1
1	2	0
1	1	0
0	4	2
0	3	2
1	1	0
0	12	11
0	3	3
0	12	12
0	3	2
0	10	10
0	3	3
0	5	3
0	7	7
1	2	0
0	5	4
0	2	1
0	5	4
1	1	0
0	2	2
1	1	0
1	1	0
0	6	3
0	3	3
1	1	0
0	2	2
0	1	1
1	1	0
0	3	3
0	3	3
0	6	6
0	9	9
1	5	2
1	1	0
0	3	2
0	2	2
0	35	24
0	11	9
0	6	6
0	4	3
0	4	2
1	2	1
0	5	4
1	6	3
0	8	5
1	6	2
1	1	0
0	73	64
0	6	5
0	58	46
0	73	66
0	2	2
0	4	4
0	1	1
0	6	6
1	1	0
0	3	3
1	7	2
0	40	32
0	15	12
0	40	30
0	3	3
1	1	0
1	2	1
0	12	9
0	1	1
0	9	4
0	330	302
0	1	1
0	5	3
0	29	24
1	2	0
0	2	2
0	11	11
0	7	5
0	12	12
0	4	4
1	2	0
0	2	2
0	1	1
0	7	6
1	3	1
0	7	5
1	1	0
0	3	3
1	1	0
1	1	0
1	3	1
0	6	5
0	7	7
1	4	1
1	3	0
1	3	1
1	4	2
0	4	3
1	4	0
0	43	38
0	2	2
0	4	4
0	43	34
0	7	5
0	16	9
1	1	0
0	7	4
0	4	4
1	2	1
1	1	0
1	1	0
0	2	2
1	3	0
1	1	0
0	28	21
0	91	71
1	2	1
0	4	4
1	3	1
0	5	4
0	2	2
1	3	1
0	3	3
0	5	3
0	3	3
1	1	0
1	7	2
0	81	77
1	4	2
0	24	23
0	2	2
0	6	5
0	108	93
1	1	0
0	108	94
0	1	1
0	2	2
0	10	7
0	91	66
1	1	0
1	1	0
1	2	0
0	5	3
1	1	0
0	6	6
0	6	5
0	10	6
0	7	6
0	5	3
0	4	2
0	2	1
0	6	6
0	1	1
1	9	4
0	3	3
0	15	14
0	2	1
1	6	1
0	6	6
0	4	3
0	81	59
0	2	1
0	3	3
1	1	0
0	6	5
0	4	4
0	3	3
1	2	0
0	6	5
0	42	18
0	2	2
1	2	0
1	5	1
0	2	2
0	42	19
1	11	3
1	2	1
0	3	3
0	5	4
