1	1512	2
1	1682	2
3	1908	2
4	1682	2
5	1525	2
9	1940	2
10	1908	2
18	1512	2
22	1512	2
22	2255	2
25	1525	2
25	1557	2
25	2211	2
30	1554	2
30	1897	2
30	1904	2
30	2211	2
36	1584	2
38	1940	2
40	1643	2
50	1643	2
51	1525	2
52	1580	2
53	1908	2
53	1972	2
56	2255	2
59	1885	2
61	1546	2
63	75	2
63	259	2
63	524	2
63	764	2
63	774	2
63	783	2
63	981	2
63	1203	2
63	1268	2
63	1422	2
63	1451	2
63	1481	2
63	1484	2
63	1487	2
63	1666	2
63	1689	2
63	1694	2
63	1697	2
63	1718	2
63	1792	2
63	1868	2
63	1939	2
63	1992	2
63	2003	2
63	2015	2
63	2029	2
63	2036	2
63	2067	2
63	2180	2
63	2292	2
63	2318	2
63	2362	2
63	2670	2
63	2758	2
63	2925	2
63	2934	2
63	3123	2
63	3151	2
63	3157	2
63	3246	2
63	3326	2
63	3419	2
63	3589	2
63	3695	2
63	3696	2
63	3728	2
63	3832	2
63	3907	2
63	3921	2
63	3942	2
63	3963	2
63	4003	2
63	4057	2
63	4107	2
63	4136	2
63	4160	2
63	4277	2
63	4286	2
63	4287	2
63	4301	2
63	4321	2
63	4322	2
63	4363	2
63	4486	2
63	4494	2
63	4517	2
63	4683	2
63	4703	2
63	4721	2
63	4731	2
63	4765	2
63	4776	2
63	4797	2
63	4807	2
63	4839	2
63	4868	2
63	4884	2
63	5000	2
63	5007	2
67	1593	2
69	1548	2
78	1512	2
78	1540	2
86	2188	2
88	1686	2
89	1560	2
91	1987	2
93	1525	2
93	1534	2
93	1549	2
93	1580	2
94	1647	2
97	1987	2
104	1908	2
104	2211	2
106	1512	2
106	1540	2
114	1635	2
114	1675	2
116	1552	2
117	1940	2
119	1824	2
119	2145	2
120	1824	2
121	1635	2
125	2255	2
127	1670	2
131	1635	2
132	2255	2
134	2255	2
138	2255	2
140	1512	2
140	2255	2
145	1525	2
145	1536	2
145	1580	2
145	1908	2
145	1972	2
145	2851	2
146	1635	2
147	1540	2
150	1512	2
155	1546	2
155	1560	2
157	226	2
157	235	2
157	323	2
157	377	2
157	704	2
157	726	2
157	862	2
157	922	2
157	993	2
157	1125	2
157	1145	2
157	1189	2
157	1690	2
157	1695	2
157	1699	2
157	1988	2
157	1994	2
157	2037	2
157	2093	2
157	2331	2
157	3601	2
157	3730	2
157	4219	2
157	4603	2
157	4961	2
158	1824	2
160	1940	2
161	1731	2
165	1940	2
166	1908	2
167	1518	2
170	1682	2
171	1580	2
171	1595	2
176	2248	2
177	1548	2
177	1703	2
177	2043	2
177	2771	2
177	4128	2
179	1557	2
184	2806	2
186	1647	2
190	1952	2
190	3958	2
191	1635	2
196	1144	2
196	1824	2
196	2255	2
200	1548	2
200	1703	2
200	1746	2
200	3348	2
202	1824	2
204	2152	2
209	2255	2
210	1608	2
210	1627	2
210	1635	2
210	1675	2
219	2255	2
219	4104	2
220	1991	2
224	1548	2
225	1548	2
225	1593	2
225	1703	2
226	1675	2
227	1525	2
227	1908	2
231	1511	2
231	1525	2
231	1534	2
232	1700	2
233	1719	2
234	1530	2
234	1641	2
235	1608	2
235	1675	2
237	2043	2
238	1885	2
241	1635	2
244	1682	2
244	1793	2
247	1557	2
249	2966	2
250	1512	2
250	1824	2
252	1525	2
252	1534	2
252	1557	2
256	1709	2
257	1540	2
258	1516	2
260	1746	2
261	1540	2
262	1540	2
263	1512	2
266	1514	2
266	1525	2
266	1580	2
266	1647	2
266	2367	2
270	1512	2
270	2255	2
271	1512	2
271	1540	2
271	1566	2
271	1824	2
271	1991	2
271	2152	2
273	1540	2
276	1144	2
276	4104	2
278	1652	2
280	2299	2
282	2255	2
282	4104	2
284	1540	2
285	1144	2
285	1652	2
285	2255	2
291	1538	2
291	1686	2
293	2211	2
300	2211	2
308	1580	2
310	1700	2
312	1940	2
314	1782	2
315	2108	2
318	1719	2
320	1885	2
323	1608	2
323	1635	2
324	1608	2
325	2248	2
326	1546	2
326	1560	2
328	1422	2
328	1534	2
328	1548	2
328	1593	2
328	1703	2
328	1719	2
328	2103	2
333	1534	2
333	1580	2
335	1647	2
337	1682	2
339	1908	2
349	1546	2
349	1560	2
349	1729	2
350	1608	2
350	1635	2
351	1647	2
356	1512	2
357	1706	2
358	1635	2
359	1940	2
362	1566	2
366	1897	2
369	1824	2
372	1647	2
374	1647	2
377	1516	2
377	1608	2
377	1635	2
379	2255	2
380	1897	2
383	1512	2
383	1540	2
383	1824	2
383	1991	2
383	2211	2
384	2108	2
385	1518	2
389	1675	2
390	1940	2
391	1675	2
394	1516	2
394	1746	2
395	1569	2
402	1518	2
403	1557	2
404	1512	2
404	2299	2
407	2211	2
408	1144	2
410	1144	2
410	1512	2
410	1540	2
410	1566	2
410	1682	2
411	1525	2
412	1554	2
413	1700	2
415	1197	2
421	1779	2
424	2771	2
427	1779	2
428	1940	2
431	1478	2
431	1548	2
431	1686	2
431	1703	2
431	1746	2
431	2043	2
431	2771	2
434	1478	2
434	1548	2
434	1700	2
434	1703	2
434	1746	2
438	1528	2
439	1608	2
439	1675	2
445	1516	2
445	1586	2
445	1746	2
446	1940	2
447	1144	2
450	1897	2
453	1560	2
454	1560	2
456	1647	2
458	1548	2
458	2043	2
459	1790	2
459	2211	2
461	1534	2
462	1516	2
465	1512	2
465	1793	2
466	1144	2
468	1534	2
469	1635	2
469	1885	2
470	1534	2
470	1580	2
470	1972	2
471	1908	2
473	1512	2
473	1682	2
475	1557	2
475	1866	2
476	1779	2
476	1908	2
476	2211	2
485	1522	2
485	1532	2
485	1573	2
485	1664	2
486	1540	2
488	1512	2
488	1540	2
493	1540	2
493	1682	2
493	1824	2
497	1908	2
500	1532	2
500	1573	2
500	1618	2
501	1675	2
503	1144	2
503	1824	2
505	1144	2
509	1144	2
509	1824	2
510	1518	2
511	1549	2
512	1643	2
513	1580	2
515	1675	2
522	1793	2
527	1540	2
528	1540	2
533	1532	2
533	1608	2
533	1635	2
534	1546	2
534	1635	2
549	1580	2
550	1559	2
550	1627	2
550	1885	2
552	1516	2
554	2108	2
556	1552	2
556	2108	2
558	1549	2
560	1530	2
562	1540	2
563	1908	2
564	1897	2
566	1866	2
569	1987	2
569	2108	2
573	1209	2
573	1514	2
573	1525	2
573	1580	2
573	1595	2
573	1972	2
573	2301	2
573	2367	2
574	1525	2
574	1908	2
574	2108	2
574	2851	2
575	1514	2
576	2108	2
577	1512	2
579	2255	2
579	2299	2
579	4104	2
581	1908	2
581	2851	2
588	2112	2
590	1525	2
590	1534	2
590	1549	2
590	1580	2
591	1682	2
593	1144	2
596	1608	2
597	1608	2
599	1608	2
603	1569	2
603	1586	2
603	1866	2
603	1972	2
603	2108	2
603	2367	2
605	1700	2
607	1560	2
608	1540	2
610	1635	2
616	1540	2
618	1512	2
619	1793	2
626	1635	2
628	1647	2
630	1522	2
630	1532	2
630	1573	2
631	1573	2
632	1512	2
632	1793	2
633	1512	2
635	1548	2
635	1703	2
636	1512	2
636	2255	2
639	1512	2
640	1518	2
641	1144	2
642	1548	2
649	1608	2
649	1675	2
650	1552	2
653	1209	2
653	1514	2
653	1525	2
653	1534	2
653	2301	2
653	2367	2
654	1514	2
654	2367	2
659	1548	2
660	1548	2
661	1548	2
662	1700	2
666	2012	2
668	1209	2
669	2108	2
673	1144	2
675	1700	2
677	1655	2
677	1987	2
677	2001	2
681	1655	2
683	1144	2
684	1144	2
686	1534	2
686	1555	2
686	1580	2
686	1595	2
686	1647	2
686	1719	2
686	1824	2
686	1950	2
692	1647	2
695	1897	2
697	1566	2
698	1779	2
700	1144	2
701	1540	2
701	1566	2
704	1546	2
704	1608	2
704	1675	2
711	1987	2
714	1908	2
714	3363	2
717	1580	2
720	1516	2
723	1560	2
724	1512	2
725	1144	2
726	1573	2
738	1557	2
740	1635	2
743	1525	2
748	1779	2
749	1522	2
749	1573	2
749	1618	2
750	1552	2
752	1897	2
754	1682	2
755	1552	2
755	1557	2
759	2108	2
762	1908	2
762	2108	2
765	2108	2
767	1525	2
767	1534	2
767	1580	2
769	2649	2
771	1525	2
771	1534	2
772	1655	2
772	1987	2
772	2108	2
773	1209	2
773	1514	2
773	1525	2
773	1534	2
773	1972	2
773	2301	2
773	2367	2
775	1866	2
780	1593	2
785	1144	2
787	1516	2
792	1635	2
794	1512	2
797	1552	2
817	1560	2
818	1548	2
818	1703	2
819	1593	2
824	2367	2
825	1525	2
827	2310	2
828	1516	2
831	1546	2
831	1560	2
831	1635	2
834	1802	2
844	1525	2
845	1144	2
845	1540	2
848	1144	2
850	1779	2
850	1908	2
851	1782	2
851	2255	2
854	1534	2
854	1672	2
854	2108	2
861	1525	2
861	1534	2
866	1643	2
866	2255	2
867	1478	2
867	1548	2
867	1655	2
867	2043	2
869	1516	2
869	1675	2
870	1675	2
871	1566	2
875	2301	2
876	1635	2
877	1908	2
884	1608	2
888	1477	2
888	1478	2
888	1746	2
888	2043	2
892	1525	2
892	1580	2
892	1908	2
896	1548	2
896	2365	2
897	1522	2
899	1908	2
900	1779	2
904	1593	2
906	1779	2
906	1908	2
906	2211	2
910	1580	2
911	1700	2
912	1908	2
916	1670	2
919	1548	2
919	1703	2
919	1711	2
921	1476	2
921	1608	2
921	1675	2
921	1686	2
922	1573	2
924	1664	2
925	1511	2
927	1209	2
927	1525	2
927	1534	2
927	1719	2
927	1829	2
929	1908	2
929	3363	2
930	1580	2
930	1908	2
930	1972	2
931	1580	2
931	1908	2
931	1972	2
931	2851	2
934	1580	2
935	1511	2
937	1522	2
937	1532	2
937	1573	2
939	1573	2
941	1525	2
941	1534	2
941	1719	2
941	1987	2
941	2108	2
941	2301	2
941	3363	2
944	1522	2
944	1532	2
944	1573	2
949	1516	2
949	1635	2
949	1675	2
953	1534	2
954	1534	2
954	1672	2
954	2108	2
955	1534	2
955	1672	2
955	2108	2
957	1682	2
958	1512	2
958	1566	2
966	1608	2
966	1635	2
966	1675	2
967	1540	2
968	1477	2
968	1516	2
968	1601	2
969	1746	2
970	1511	2
971	1144	2
973	1540	2
973	1991	2
974	1643	2
975	1682	2
977	1643	2
981	1987	2
986	1534	2
987	1525	2
988	1478	2
988	1743	2
990	1512	2
993	1573	2
994	1743	2
997	1635	2
998	1580	2
999	1477	2
999	1511	2
999	1601	2
1000	1512	2
1008	1897	2
1011	1662	2
1015	1522	2
1015	1532	2
1015	1573	2
1015	1635	2
1023	1682	2
1023	2152	2
1027	1549	2
1027	1987	2
1028	1549	2
1031	2108	2
1037	1573	2
1040	1573	2
1042	1802	2
1043	1554	2
1043	1904	2
1045	1209	2
1045	1987	2
1046	1731	2
1046	2649	2
1064	1573	2
1067	1516	2
1067	2043	2
1070	1643	2
1070	1940	2
1076	1511	2
1076	2211	2
1077	1525	2
1077	1534	2
1077	1580	2
1078	1525	2
1078	1534	2
1078	1972	2
1084	1601	2
1085	1525	2
1089	1866	2
1090	1987	2
1096	1782	2
1097	2108	2
1098	1885	2
1099	1422	2
1109	1680	2
1115	1569	2
1115	1586	2
1120	1549	2
1120	1987	2
1121	2248	2
1124	1549	2
1131	1608	2
1136	1512	2
1140	1635	2
1142	1560	2
1143	1560	2
1143	1729	2
1144	2411	2
1144	2642	2
1144	2767	2
1144	3627	2
1144	3645	2
1144	3683	2
1144	4235	2
1144	4643	2
1144	4876	2
1146	4964	2
1149	1549	2
1150	2108	2
1155	1608	2
1155	1635	2
1158	1512	2
1158	1540	2
1159	1675	2
1161	1209	2
1161	1512	2
1161	2152	2
1161	2255	2
1162	1635	2
1163	1987	2
1172	1602	2
1177	1549	2
1177	1987	2
1178	1632	2
1180	1635	2
1181	1635	2
1182	1525	2
1182	1557	2
1182	1580	2
1182	1647	2
1182	2260	2
1184	1512	2
1186	1560	2
1193	1557	2
1197	1321	2
1197	1483	2
1197	1494	2
1198	1647	2
1200	1534	2
1200	1761	2
1203	1422	2
1203	1587	2
1203	1621	2
1205	2301	2
1209	1354	2
1209	1515	2
1209	1568	2
1209	1938	2
1209	1939	2
1209	1981	2
1209	2111	2
1209	2221	2
1209	2223	2
1209	2527	2
1209	3226	2
1209	3476	2
1209	3513	2
1209	3638	2
1209	3780	2
1209	3810	2
1209	3822	2
1215	1647	2
1217	1584	2
1218	1569	2
1218	1793	2
1221	1866	2
1222	1587	2
1223	1530	2
1227	1534	2
1227	1549	2
1227	1866	2
1230	1560	2
1234	1635	2
1235	2255	2
1237	1635	2
1239	1647	2
1241	1546	2
1241	1635	2
1241	1952	2
1242	1560	2
1244	1635	2
1248	1709	2
1250	1518	2
1250	1621	2
1252	1782	2
1255	1516	2
1255	1746	2
1255	2043	2
1260	1940	2
1262	1511	2
1267	1779	2
1268	1534	2
1281	2108	2
1285	2108	2
1288	1635	2
1296	1885	2
1297	1635	2
1299	1670	2
1303	1987	2
1306	1560	2
1308	1635	2
1309	1555	2
1312	1885	2
1313	1560	2
1313	1729	2
1314	2108	2
1316	1940	2
1325	1573	2
1325	1608	2
1326	1518	2
1328	2851	2
1335	2806	2
1339	2299	2
1340	1576	2
1353	1643	2
1356	1540	2
1358	1560	2
1359	1897	2
1361	1560	2
1361	1729	2
1364	1987	2
1365	1560	2
1367	1549	2
1367	1987	2
1370	2310	2
1378	1908	2
1378	2012	2
1378	2211	2
1380	1514	2
1380	1908	2
1383	1560	2
1398	1885	2
1399	1608	2
1409	1853	2
1410	1987	2
1411	1675	2
1414	1580	2
1422	1519	2
1422	1589	2
1422	1622	2
1422	1694	2
1422	1848	2
1422	1992	2
1422	2039	2
1422	2065	2
1422	2067	2
1422	2292	2
1422	2318	2
1422	2362	2
1422	2468	2
1422	2524	2
1422	3088	2
1422	3102	2
1422	3123	2
1422	3326	2
1422	3637	2
1422	3752	2
1422	3815	2
1422	3905	2
1422	4126	2
1422	4285	2
1422	4301	2
1422	4342	2
1422	4343	2
1422	4438	2
1422	4555	2
1422	4654	2
1422	4694	2
1422	4884	2
1425	1682	2
1427	1560	2
1427	1635	2
1430	1908	2
1431	1546	2
1434	1580	2
1434	1595	2
1434	2211	2
1439	2012	2
1439	2301	2
1440	1635	2
1440	1675	2
1441	1647	2
1443	1552	2
1445	1866	2
1446	1557	2
1451	1625	2
1451	1682	2
1452	1897	2
1453	1516	2
1453	2043	2
1454	1940	2
1459	1540	2
1463	1573	2
1464	1549	2
1465	1546	2
1465	1560	2
1465	1729	2
1476	2915	2
1477	1728	2
1477	2366	2
1477	2775	2
1477	3368	2
1477	4989	2
1478	1977	2
1478	2176	2
1478	2226	2
1478	2316	2
1478	2442	2
1478	2505	2
1478	2603	2
1478	2787	2
1478	2995	2
1478	3048	2
1478	3287	2
1478	3662	2
1478	3682	2
1478	3880	2
1478	3930	2
1478	4456	2
1479	1555	2
1480	2649	2
1481	1621	2
1486	1908	2
1488	1908	2
1500	1746	2
1501	2936	2
1505	1548	2
1505	2108	2
1509	1643	2
1511	3069	2
1511	3937	2
1511	4033	2
1511	4479	2
1511	4658	2
1511	4678	2
1511	4701	2
1511	5045	2
1511	5057	2
1512	1513	2
1512	1527	2
1512	1620	2
1512	1679	2
1512	1919	2
1512	2006	2
1512	2164	2
1512	2483	2
1512	2722	2
1512	2780	2
1512	2812	2
1512	2837	2
1512	3004	2
1512	3053	2
1512	3268	2
1512	3805	2
1512	3823	2
1512	4020	2
1512	4185	2
1512	4372	2
1512	4472	2
1512	4533	2
1512	4579	2
1512	4842	2
1513	1793	2
1514	1515	2
1514	1823	2
1514	1893	2
1514	1929	2
1514	2157	2
1514	2159	2
1514	2167	2
1514	2303	2
1514	2360	2
1514	3703	2
1514	3715	2
1514	3822	2
1514	3996	2
1514	4043	2
1514	4054	2
1514	4055	2
1514	4066	2
1514	4067	2
1514	4414	2
1514	4423	2
1514	4535	2
1514	4539	2
1514	4649	2
1515	1534	2
1516	1517	2
1516	1660	2
1516	1744	2
1516	1745	2
1516	1784	2
1516	2017	2
1516	2086	2
1516	2099	2
1516	2264	2
1516	2277	2
1516	2493	2
1516	2495	2
1516	2528	2
1516	2531	2
1516	2533	2
1516	2601	2
1516	2605	2
1516	2682	2
1516	2824	2
1516	2874	2
1516	2886	2
1516	2896	2
1516	2954	2
1516	3003	2
1516	3008	2
1516	3039	2
1516	3098	2
1516	3258	2
1516	3454	2
1516	3472	2
1516	3546	2
1516	3713	2
1516	3729	2
1516	3809	2
1516	3941	2
1516	4007	2
1516	4013	2
1516	4221	2
1516	4542	2
1516	4557	2
1516	4566	2
1516	4606	2
1516	4798	2
1516	4822	2
1516	4918	2
1516	4920	2
1516	4982	2
1516	5033	2
1516	5064	2
1518	1519	2
1518	1589	2
1518	1622	2
1518	1848	2
1518	1858	2
1518	1949	2
1518	2065	2
1518	2452	2
1518	3137	2
1518	3246	2
1518	3305	2
1518	3752	2
1518	3942	2
1518	4000	2
1518	4057	2
1518	4092	2
1518	4093	2
1518	4126	2
1518	4210	2
1518	4285	2
1518	4343	2
1518	4386	2
1518	4458	2
1518	4483	2
1518	4524	2
1518	4563	2
1518	4625	2
1518	4657	2
1518	4708	2
1518	4802	2
1518	4993	2
1518	5011	2
1519	1625	2
1520	1521	2
1520	4445	2
1521	1587	2
1522	1523	2
1522	1524	2
1522	1533	2
1522	1543	2
1522	1562	2
1522	1590	2
1522	1597	2
1522	1610	2
1522	1702	2
1522	1723	2
1522	1864	2
1522	1926	2
1522	1927	2
1522	1989	2
1522	1990	2
1522	1993	2
1522	2009	2
1522	2032	2
1522	2037	2
1522	2052	2
1522	2053	2
1522	2177	2
1522	2242	2
1522	2348	2
1522	2383	2
1522	2440	2
1522	2462	2
1522	2466	2
1522	2479	2
1522	2594	2
1522	2597	2
1522	2752	2
1522	2819	2
1522	2929	2
1522	2935	2
1522	2991	2
1522	3099	2
1522	3164	2
1522	3174	2
1522	3396	2
1522	3398	2
1522	3404	2
1522	3605	2
1522	3711	2
1522	3940	2
1522	3971	2
1522	4503	2
1522	4973	2
1522	4988	2
1522	5008	2
1525	1526	2
1525	1542	2
1525	1568	2
1525	1574	2
1525	1624	2
1525	1649	2
1525	1688	2
1525	1801	2
1525	1840	2
1525	1859	2
1525	1880	2
1525	1893	2
1525	1905	2
1525	1906	2
1525	1907	2
1525	1909	2
1525	1910	2
1525	1912	2
1525	1928	2
1525	1929	2
1525	1941	2
1525	1974	2
1525	2147	2
1525	2159	2
1525	2165	2
1525	2167	2
1525	2183	2
1525	2205	2
1525	2305	2
1525	2307	2
1525	2394	2
1525	2395	2
1525	2424	2
1525	2428	2
1525	2453	2
1525	2501	2
1525	2588	2
1525	2611	2
1525	2615	2
1525	2618	2
1525	2622	2
1525	2629	2
1525	2641	2
1525	2762	2
1525	2813	2
1525	2863	2
1525	2867	2
1525	2913	2
1525	2922	2
1525	3006	2
1525	3031	2
1525	3032	2
1525	3042	2
1525	3056	2
1525	3089	2
1525	3097	2
1525	3168	2
1525	3171	2
1525	3273	2
1525	3283	2
1525	3476	2
1525	3759	2
1525	3764	2
1525	3862	2
1525	3872	2
1525	4692	2
1528	1529	2
1528	1684	2
1528	1696	2
1528	1971	2
1528	2796	2
1528	4366	2
1528	4602	2
1528	4933	2
1528	4969	2
1530	1531	2
1530	1641	2
1530	1642	2
1530	1655	2
1530	1722	2
1530	1752	2
1530	1760	2
1530	1770	2
1530	1775	2
1530	1791	2
1530	1795	2
1530	1798	2
1530	1807	2
1530	1820	2
1530	1821	2
1530	1822	2
1530	1827	2
1530	1842	2
1530	1847	2
1530	1855	2
1530	1856	2
1530	1860	2
1530	1861	2
1530	1881	2
1530	1892	2
1530	1932	2
1530	1953	2
1530	1969	2
1530	1982	2
1530	1998	2
1530	2083	2
1530	2090	2
1530	2094	2
1530	2118	2
1530	2155	2
1530	2174	2
1530	2250	2
1530	2275	2
1530	2304	2
1530	2327	2
1530	2328	2
1530	2340	2
1530	2344	2
1530	2346	2
1530	2347	2
1530	2363	2
1530	2390	2
1530	2393	2
1530	2417	2
1530	2437	2
1530	2443	2
1530	2447	2
1530	2511	2
1530	2512	2
1530	2640	2
1530	2658	2
1530	2684	2
1530	2685	2
1530	2690	2
1530	2703	2
1530	2777	2
1530	2839	2
1530	2846	2
1530	2884	2
1530	2890	2
1530	2893	2
1530	2903	2
1530	2904	2
1530	2924	2
1530	2928	2
1530	2968	2
1530	2979	2
1530	3144	2
1530	3146	2
1530	3178	2
1530	3215	2
1530	3343	2
1530	3353	2
1530	3369	2
1530	3374	2
1530	3397	2
1530	3399	2
1530	3425	2
1530	3594	2
1530	3616	2
1530	3640	2
1530	3831	2
1530	3838	2
1530	3844	2
1530	3966	2
1530	4035	2
1530	4042	2
1530	4045	2
1530	4052	2
1530	4077	2
1530	4080	2
1530	4182	2
1530	4189	2
1530	4194	2
1530	4239	2
1530	4241	2
1530	4247	2
1530	4248	2
1530	4262	2
1530	4267	2
1530	4272	2
1530	4279	2
1530	4284	2
1530	4315	2
1530	4370	2
1530	4383	2
1530	4388	2
1530	4389	2
1530	4390	2
1530	4501	2
1530	4596	2
1530	4604	2
1530	4853	2
1530	5049	2
1530	5072	2
1532	1533	2
1532	1543	2
1532	1562	2
1532	1597	2
1532	1702	2
1532	1864	2
1532	1888	2
1532	1990	2
1532	1993	2
1532	2009	2
1532	2037	2
1532	2050	2
1532	2052	2
1532	2053	2
1532	2242	2
1532	2285	2
1532	2322	2
1532	2361	2
1532	2383	2
1532	2479	2
1532	2523	2
1532	2593	2
1532	2761	2
1532	2819	2
1532	2935	2
1532	2993	2
1532	3016	2
1532	3020	2
1532	3398	2
1532	3540	2
1532	3711	2
1532	3971	2
1533	1573	2
1534	1535	2
1534	1582	2
1534	1666	2
1534	1685	2
1534	1727	2
1534	1744	2
1534	1745	2
1534	1781	2
1534	1804	2
1534	1823	2
1534	1857	2
1534	1874	2
1534	1889	2
1534	1905	2
1534	1983	2
1534	2041	2
1534	2059	2
1534	2073	2
1534	2082	2
1534	2137	2
1534	2233	2
1534	2266	2
1534	2290	2
1534	2297	2
1534	2305	2
1534	2307	2
1534	2314	2
1534	2320	2
1534	2354	2
1534	2425	2
1534	2501	2
1534	2542	2
1534	2566	2
1534	2618	2
1534	2629	2
1534	2713	2
1534	2715	2
1534	2745	2
1534	2836	2
1534	2856	2
1534	2967	2
1534	2969	2
1534	2974	2
1534	2986	2
1534	3006	2
1534	3013	2
1534	3034	2
1534	3042	2
1534	3056	2
1534	3102	2
1534	3190	2
1534	3200	2
1534	3202	2
1534	3210	2
1534	3217	2
1534	3228	2
1534	3257	2
1534	3452	2
1534	3629	2
1534	3648	2
1534	3658	2
1534	3664	2
1534	3666	2
1534	3671	2
1534	3672	2
1534	3679	2
1534	3703	2
1534	3704	2
1534	3783	2
1534	3845	2
1534	3846	2
1534	3849	2
1534	3850	2
1534	3856	2
1534	3857	2
1534	3858	2
1534	3859	2
1534	3877	2
1534	3884	2
1534	3895	2
1534	3978	2
1534	3985	2
1534	4024	2
1534	4044	2
1534	4063	2
1534	4064	2
1534	4079	2
1534	4081	2
1534	4088	2
1534	4181	2
1534	4190	2
1534	4191	2
1534	4208	2
1534	4220	2
1534	4226	2
1534	4322	2
1534	4339	2
1534	4360	2
1534	4395	2
1534	4400	2
1534	4402	2
1534	4405	2
1534	4421	2
1534	4427	2
1534	4434	2
1534	4436	2
1534	4439	2
1534	4440	2
1534	4450	2
1534	4451	2
1534	4540	2
1534	4547	2
1534	4582	2
1534	4583	2
1534	4584	2
1534	4598	2
1534	4608	2
1534	4610	2
1534	4615	2
1534	4623	2
1534	4631	2
1534	4632	2
1534	4633	2
1534	4740	2
1534	4745	2
1534	4752	2
1534	4757	2
1534	4758	2
1534	4763	2
1534	4767	2
1534	4768	2
1534	4770	2
1534	4774	2
1534	4782	2
1534	4785	2
1534	4793	2
1534	4816	2
1534	4893	2
1534	4927	2
1534	4944	2
1534	4945	2
1534	4959	2
1534	5007	2
1534	5043	2
1534	5048	2
1534	5056	2
1534	5073	2
1534	5074	2
1536	1537	2
1536	1616	2
1536	1769	2
1536	2804	2
1536	3120	2
1536	4618	2
1538	1539	2
1538	1668	2
1538	1750	2
1538	1835	2
1538	1849	2
1538	1917	2
1538	1970	2
1538	2189	2
1538	2392	2
1538	2442	2
1538	2522	2
1538	2565	2
1538	2592	2
1538	2603	2
1538	2821	2
1538	2854	2
1538	2869	2
1538	3021	2
1538	3209	2
1538	3379	2
1538	3498	2
1538	3705	2
1538	3706	2
1538	4212	2
1538	4213	2
1538	4276	2
1538	4295	2
1538	4394	2
1538	4415	2
1538	4557	2
1538	4916	2
1538	4935	2
1540	1541	2
1540	2793	2
1540	3231	2
1540	3437	2
1540	4231	2
1540	4233	2
1540	4819	2
1540	5034	2
1543	1573	2
1544	1545	2
1544	1957	2
1544	2178	2
1544	2385	2
1544	2419	2
1544	2463	2
1544	2668	2
1544	2724	2
1544	2859	2
1544	3030	2
1544	3139	2
1544	3282	2
1544	3526	2
1544	3538	2
1544	3833	2
1544	3848	2
1544	3855	2
1544	3879	2
1544	4050	2
1544	4053	2
1544	4418	2
1544	4432	2
1544	4574	2
1544	4620	2
1544	4751	2
1544	4810	2
1546	1547	2
1546	1551	2
1546	1943	2
1546	1954	2
1546	1964	2
1546	2496	2
1546	2569	2
1546	2590	2
1546	2595	2
1546	2788	2
1546	2790	2
1546	2817	2
1546	2818	2
1546	2857	2
1546	2975	2
1546	2980	2
1546	3211	2
1546	3450	2
1546	3465	2
1546	3516	2
1546	3571	2
1546	3582	2
1546	3639	2
1546	3747	2
1546	3748	2
1546	3835	2
1546	3899	2
1546	4125	2
1546	4145	2
1546	4202	2
1546	4399	2
1546	4442	2
1546	4460	2
1546	4619	2
1546	4650	2
1546	4874	2
1546	4942	2
1546	4956	2
1546	5058	2
1546	5059	2
1546	5060	2
1547	1560	2
1548	1676	2
1548	1677	2
1548	1977	2
1548	2240	2
1548	2316	2
1548	2504	2
1548	2840	2
1548	2845	2
1548	3319	2
1548	3880	2
1548	4139	2
1548	4204	2
1548	4205	2
1548	4537	2
1548	4538	2
1548	4544	2
1548	4773	2
1548	4890	2
1549	1550	2
1549	1669	2
1549	1674	2
1549	1691	2
1549	1751	2
1549	1766	2
1549	1850	2
1549	1945	2
1549	1958	2
1549	2038	2
1549	2199	2
1549	2206	2
1549	2407	2
1549	2408	2
1549	2421	2
1549	2432	2
1549	2457	2
1549	2550	2
1549	2551	2
1549	2552	2
1549	2559	2
1549	2620	2
1549	2636	2
1549	2674	2
1549	2782	2
1549	2863	2
1549	2864	2
1549	2887	2
1549	2892	2
1549	2897	2
1549	2946	2
1549	3073	2
1549	3076	2
1549	3077	2
1549	3100	2
1549	3101	2
1549	3156	2
1549	3276	2
1549	3293	2
1549	3300	2
1549	3349	2
1549	3357	2
1549	3358	2
1549	3474	2
1549	3479	2
1549	3480	2
1549	3517	2
1549	3524	2
1549	3550	2
1549	3551	2
1549	4304	2
1549	4444	2
1549	4470	2
1549	4489	2
1549	4493	2
1549	4508	2
1549	4628	2
1549	4690	2
1549	4803	2
1549	4970	2
1549	4986	2
1549	4996	2
1549	5006	2
1549	5016	2
1552	1553	2
1552	1579	2
1552	1600	2
1552	1714	2
1552	1884	2
1552	1924	2
1552	1942	2
1552	1959	2
1552	2174	2
1552	2219	2
1552	2279	2
1552	2436	2
1552	2472	2
1552	2481	2
1552	2509	2
1552	2515	2
1552	2774	2
1552	2873	2
1552	2930	2
1552	2948	2
1552	2952	2
1552	3182	2
1552	3184	2
1552	3212	2
1552	3302	2
1552	3308	2
1552	3379	2
1552	3380	2
1552	3381	2
1552	3431	2
1552	3443	2
1552	3456	2
1552	3469	2
1552	3521	2
1552	3522	2
1552	3545	2
1552	3547	2
1552	3644	2
1552	3650	2
1552	3678	2
1552	3684	2
1552	3697	2
1552	3824	2
1552	3888	2
1552	3914	2
1552	4011	2
1552	4031	2
1552	4039	2
1552	4056	2
1552	4077	2
1552	4087	2
1552	4089	2
1552	4090	2
1552	4091	2
1552	4095	2
1552	4096	2
1552	4097	2
1552	4098	2
1552	4120	2
1552	4121	2
1552	4124	2
1552	4127	2
1552	4143	2
1552	4157	2
1552	4158	2
1552	4278	2
1552	4309	2
1552	4316	2
1552	4435	2
1552	4443	2
1552	4471	2
1552	4551	2
1552	4553	2
1552	4554	2
1552	4561	2
1552	4590	2
1552	4639	2
1552	4648	2
1552	4724	2
1552	4744	2
1552	4952	2
1552	5071	2
1554	1575	2
1554	1905	2
1554	1967	2
1554	1974	2
1554	1975	2
1554	2473	2
1554	2842	2
1554	2844	2
1554	2885	2
1554	2889	2
1554	2895	2
1554	2922	2
1554	3071	2
1554	3082	2
1554	3091	2
1554	3116	2
1554	3169	2
1554	3821	2
1554	3836	2
1554	4132	2
1554	4268	2
1554	4474	2
1554	4700	2
1555	1556	2
1555	1814	2
1555	2016	2
1555	2237	2
1555	2293	2
1555	2480	2
1555	2497	2
1555	2499	2
1555	2520	2
1555	2543	2
1555	2591	2
1555	2755	2
1555	2825	2
1555	2841	2
1555	3216	2
1555	3863	2
1555	4006	2
1555	4417	2
1555	4609	2
1555	4722	2
1555	4863	2
1555	4917	2
1555	5044	2
1555	5075	2
1557	1558	2
1557	1615	2
1557	1650	2
1557	1685	2
1557	1774	2
1557	1776	2
1557	1999	2
1557	2000	2
1557	2247	2
1557	2279	2
1557	2519	2
1557	2525	2
1557	2707	2
1557	2709	2
1557	2919	2
1557	2920	2
1557	2933	2
1557	2952	2
1557	2964	2
1557	3161	2
1557	3187	2
1557	3230	2
1557	3231	2
1557	3238	2
1557	3240	2
1557	3437	2
1557	3603	2
1557	3897	2
1557	3915	2
1557	3991	2
1557	4022	2
1557	4482	2
1557	4558	2
1557	4564	2
1557	4569	2
1557	4811	2
1557	4843	2
1557	4844	2
1557	4872	2
1557	4910	2
1559	1811	2
1559	1902	2
1559	1925	2
1559	1928	2
1559	1943	2
1559	2010	2
1559	2014	2
1559	2124	2
1559	2182	2
1559	2236	2
1559	2267	2
1559	2268	2
1559	2312	2
1559	2380	2
1559	2489	2
1559	2568	2
1559	2579	2
1559	2586	2
1559	2598	2
1559	2609	2
1559	2676	2
1559	2705	2
1559	2733	2
1559	2914	2
1559	3143	2
1559	3179	2
1559	3499	2
1559	3525	2
1559	3606	2
1559	3748	2
1559	3750	2
1559	3778	2
1559	3992	2
1559	4487	2
1559	4521	2
1559	4635	2
1559	4691	2
1559	4695	2
1559	4743	2
1559	4754	2
1559	4889	2
1559	4906	2
1559	5052	2
1560	1561	2
1560	1563	2
1560	1578	2
1560	1591	2
1560	1592	2
1560	1607	2
1560	1613	2
1560	1730	2
1560	1733	2
1560	1741	2
1560	1753	2
1560	1785	2
1560	1799	2
1560	1808	2
1560	1812	2
1560	1813	2
1560	1826	2
1560	1833	2
1560	1838	2
1560	1865	2
1560	1870	2
1560	1873	2
1560	1877	2
1560	1883	2
1560	1900	2
1560	1901	2
1560	1913	2
1560	1915	2
1560	1916	2
1560	1921	2
1560	1964	2
1560	1968	2
1560	2070	2
1560	2105	2
1560	2106	2
1560	2107	2
1560	2110	2
1560	2114	2
1560	2115	2
1560	2117	2
1560	2119	2
1560	2121	2
1560	2124	2
1560	2125	2
1560	2126	2
1560	2133	2
1560	2134	2
1560	2141	2
1560	2142	2
1560	2156	2
1560	2168	2
1560	2169	2
1560	2170	2
1560	2182	2
1560	2193	2
1560	2195	2
1560	2200	2
1560	2204	2
1560	2294	2
1560	2296	2
1560	2332	2
1560	2335	2
1560	2350	2
1560	2351	2
1560	2364	2
1560	2369	2
1560	2371	2
1560	2372	2
1560	2391	2
1560	2412	2
1560	2418	2
1560	2420	2
1560	2507	2
1560	2544	2
1560	2545	2
1560	2547	2
1560	2548	2
1560	2549	2
1560	2554	2
1560	2560	2
1560	2563	2
1560	2564	2
1560	2567	2
1560	2568	2
1560	2570	2
1560	2576	2
1560	2577	2
1560	2578	2
1560	2582	2
1560	2595	2
1560	2600	2
1560	2610	2
1560	2612	2
1560	2613	2
1560	2625	2
1560	2626	2
1560	2631	2
1560	2632	2
1560	2643	2
1560	2645	2
1560	2648	2
1560	2656	2
1560	2657	2
1560	2664	2
1560	2665	2
1560	2666	2
1560	2667	2
1560	2680	2
1560	2689	2
1560	2728	2
1560	2733	2
1560	2740	2
1560	2741	2
1560	2750	2
1560	2768	2
1560	2788	2
1560	2792	2
1560	2805	2
1560	2809	2
1560	2810	2
1560	2815	2
1560	2816	2
1560	2817	2
1560	2818	2
1560	2848	2
1560	2849	2
1560	2850	2
1560	2857	2
1560	2866	2
1560	2870	2
1560	2957	2
1560	2972	2
1560	2973	2
1560	2980	2
1560	3002	2
1560	3009	2
1560	3012	2
1560	3036	2
1560	3037	2
1560	3044	2
1560	3047	2
1560	3070	2
1560	3078	2
1560	3085	2
1560	3109	2
1560	3128	2
1560	3134	2
1560	3136	2
1560	3147	2
1560	3163	2
1560	3193	2
1560	3197	2
1560	3211	2
1560	3214	2
1560	3220	2
1560	3222	2
1560	3241	2
1560	3245	2
1560	3251	2
1560	3252	2
1560	3317	2
1560	3331	2
1560	3362	2
1560	3418	2
1560	3420	2
1560	3421	2
1560	3423	2
1560	3430	2
1560	3432	2
1560	3438	2
1560	3450	2
1560	3451	2
1560	3483	2
1560	3486	2
1560	3493	2
1560	3497	2
1560	3504	2
1560	3505	2
1560	3536	2
1560	3582	2
1560	3596	2
1560	3631	2
1560	3647	2
1560	3663	2
1560	3665	2
1560	3687	2
1560	3699	2
1560	3700	2
1560	3707	2
1560	3716	2
1560	3717	2
1560	3726	2
1560	3735	2
1560	3738	2
1560	3865	2
1560	3870	2
1560	3886	2
1560	3891	2
1560	3900	2
1560	3924	2
1560	3929	2
1560	3998	2
1560	3999	2
1560	4010	2
1560	4023	2
1560	4026	2
1560	4027	2
1560	4029	2
1560	4038	2
1560	4046	2
1560	4049	2
1560	4060	2
1560	4062	2
1560	4069	2
1560	4075	2
1560	4078	2
1560	4084	2
1560	4102	2
1560	4106	2
1560	4207	2
1560	4237	2
1560	4238	2
1560	4242	2
1560	4251	2
1560	4259	2
1560	4266	2
1560	4273	2
1560	4274	2
1560	4275	2
1560	4294	2
1560	4431	2
1560	4468	2
1560	4469	2
1560	4475	2
1560	4485	2
1560	4510	2
1560	4511	2
1560	4561	2
1560	4612	2
1560	4613	2
1560	4629	2
1560	4645	2
1560	4696	2
1560	4760	2
1560	4775	2
1560	4778	2
1560	4779	2
1560	4783	2
1560	4786	2
1560	4827	2
1560	4911	2
1560	4912	2
1560	4914	2
1560	4919	2
1560	4929	2
1560	4941	2
1560	4951	2
1560	4974	2
1560	5046	2
1562	1573	2
1562	1618	2
1562	1952	2
1564	1565	2
1564	1895	2
1564	1896	2
1564	1933	2
1564	1947	2
1564	2003	2
1564	2116	2
1564	2207	2
1564	2280	2
1564	2508	2
1564	2510	2
1564	2712	2
1564	2726	2
1564	3151	2
1564	3157	2
1564	3182	2
1564	3490	2
1564	3568	2
1564	3832	2
1564	4175	2
1565	1587	2
1566	1567	2
1566	1620	2
1566	2931	2
1568	1647	2
1569	1570	2
1569	1586	2
1569	1615	2
1569	1657	2
1569	1658	2
1569	1698	2
1569	1708	2
1569	1764	2
1569	1944	2
1569	1999	2
1569	2136	2
1569	2172	2
1569	2203	2
1569	2671	2
1569	2675	2
1569	2701	2
1569	2779	2
1569	2902	2
1569	2999	2
1569	3083	2
1569	3102	2
1569	3150	2
1569	3176	2
1569	3231	2
1569	3262	2
1569	3401	2
1569	3426	2
1569	3437	2
1569	3442	2
1569	3535	2
1569	3600	2
1569	3725	2
1569	3749	2
1569	3755	2
1569	3769	2
1569	3805	2
1569	3861	2
1569	3871	2
1569	3889	2
1569	3954	2
1569	4087	2
1569	4120	2
1569	4313	2
1569	4627	2
1569	4630	2
1569	4860	2
1569	4867	2
1569	4870	2
1569	5036	2
1571	1572	2
1571	1617	2
1571	1693	2
1571	1891	2
1571	2239	2
1571	2373	2
1571	2405	2
1571	2484	2
1571	2732	2
1571	2804	2
1571	2828	2
1571	3022	2
1571	3049	2
1571	3065	2
1571	3759	2
1571	4925	2
1572	1719	2
1573	1590	2
1573	1597	2
1573	1702	2
1573	1723	2
1573	1864	2
1573	1927	2
1573	1989	2
1573	1990	2
1573	2009	2
1573	2032	2
1573	2037	2
1573	2050	2
1573	2052	2
1573	2053	2
1573	2242	2
1573	2285	2
1573	2322	2
1573	2361	2
1573	2383	2
1573	2479	2
1573	2523	2
1573	2593	2
1573	2594	2
1573	2819	2
1573	2935	2
1573	2993	2
1573	3016	2
1573	3020	2
1573	3540	2
1573	3711	2
1573	3730	2
1574	1580	2
1575	1904	2
1576	1577	2
1576	2513	2
1576	4638	2
1576	5050	2
1578	1627	2
1578	1729	2
1578	1885	2
1580	1581	2
1580	1583	2
1580	1614	2
1580	1623	2
1580	1624	2
1580	1640	2
1580	1659	2
1580	1661	2
1580	1736	2
1580	1737	2
1580	1777	2
1580	1875	2
1580	1893	2
1580	1905	2
1580	1907	2
1580	1909	2
1580	1911	2
1580	1951	2
1580	1955	2
1580	1973	2
1580	1974	2
1580	1979	2
1580	2024	2
1580	2063	2
1580	2077	2
1580	2088	2
1580	2097	2
1580	2100	2
1580	2154	2
1580	2157	2
1580	2159	2
1580	2167	2
1580	2183	2
1580	2186	2
1580	2190	2
1580	2216	2
1580	2238	2
1580	2243	2
1580	2246	2
1580	2270	2
1580	2271	2
1580	2290	2
1580	2315	2
1580	2323	2
1580	2334	2
1580	2341	2
1580	2349	2
1580	2356	2
1580	2449	2
1580	2455	2
1580	2458	2
1580	2486	2
1580	2487	2
1580	2502	2
1580	2516	2
1580	2517	2
1580	2535	2
1580	2562	2
1580	2572	2
1580	2573	2
1580	2581	2
1580	2588	2
1580	2589	2
1580	2608	2
1580	2629	2
1580	2683	2
1580	2697	2
1580	2699	2
1580	2711	2
1580	2714	2
1580	2715	2
1580	2773	2
1580	2813	2
1580	2834	2
1580	2860	2
1580	2867	2
1580	2906	2
1580	2907	2
1580	2908	2
1580	2910	2
1580	2922	2
1580	2945	2
1580	2978	2
1580	3042	2
1580	3055	2
1580	3056	2
1580	3063	2
1580	3081	2
1580	3093	2
1580	3129	2
1580	3135	2
1580	3171	2
1580	3200	2
1580	3239	2
1580	3271	2
1580	3283	2
1580	3291	2
1580	3391	2
1580	3405	2
1580	3408	2
1580	3445	2
1580	3523	2
1580	3533	2
1580	3542	2
1580	3623	2
1580	3672	2
1580	3679	2
1580	3703	2
1580	3714	2
1580	3715	2
1580	3742	2
1580	3746	2
1580	3761	2
1580	3762	2
1580	3775	2
1580	3781	2
1580	3825	2
1580	3857	2
1580	3901	2
1580	3903	2
1580	3918	2
1580	3923	2
1580	3927	2
1580	3934	2
1580	3944	2
1580	3950	2
1580	3988	2
1580	3990	2
1580	4001	2
1580	4016	2
1580	4111	2
1580	4114	2
1580	4116	2
1580	4119	2
1580	4134	2
1580	4135	2
1580	4147	2
1580	4155	2
1580	4159	2
1580	4161	2
1580	4283	2
1580	4298	2
1580	4303	2
1580	4308	2
1580	4310	2
1580	4324	2
1580	4347	2
1580	4350	2
1580	4473	2
1580	4476	2
1580	4484	2
1580	4497	2
1580	4498	2
1580	4500	2
1580	4506	2
1580	4531	2
1580	4534	2
1580	4545	2
1580	4546	2
1580	4556	2
1580	4562	2
1580	4567	2
1580	4621	2
1580	4647	2
1580	4653	2
1580	4660	2
1580	4672	2
1580	4675	2
1580	4692	2
1580	4702	2
1580	4707	2
1580	4804	2
1580	4814	2
1580	4841	2
1580	4866	2
1580	4875	2
1580	4953	2
1580	4971	2
1580	4984	2
1580	4994	2
1580	5029	2
1581	1972	2
1583	1682	2
1583	3488	2
1584	1585	2
1584	3843	2
1584	4532	2
1586	1615	2
1586	1657	2
1586	1658	2
1586	1764	2
1586	1843	2
1586	1944	2
1586	2042	2
1586	2136	2
1586	2209	2
1586	2388	2
1586	2671	2
1586	2779	2
1586	2902	2
1586	2960	2
1586	2992	2
1586	2999	2
1586	3083	2
1586	3176	2
1586	3231	2
1586	3262	2
1586	3272	2
1586	3426	2
1586	3437	2
1586	3442	2
1586	3602	2
1586	3861	2
1586	3866	2
1586	3871	2
1586	3991	2
1586	4087	2
1586	4120	2
1586	4121	2
1586	4178	2
1586	4530	2
1586	4630	2
1586	4777	2
1586	4870	2
1587	1588	2
1587	1656	2
1587	1739	2
1587	1800	2
1587	1868	2
1587	1890	2
1587	1895	2
1587	1896	2
1587	1922	2
1587	1947	2
1587	1965	2
1587	2057	2
1587	2116	2
1587	2122	2
1587	2128	2
1587	2129	2
1587	2140	2
1587	2171	2
1587	2262	2
1587	2278	2
1587	2325	2
1587	2326	2
1587	2406	2
1587	2510	2
1587	2785	2
1587	2798	2
1587	2800	2
1587	2988	2
1587	3019	2
1587	3038	2
1587	3040	2
1587	3194	2
1587	3413	2
1587	3414	2
1587	3422	2
1587	3448	2
1587	3514	2
1587	3637	2
1587	3695	2
1587	3757	2
1587	3767	2
1587	3807	2
1587	3808	2
1587	3813	2
1587	3816	2
1587	3864	2
1587	4028	2
1587	4030	2
1587	4051	2
1587	4126	2
1587	4187	2
1587	4223	2
1587	4374	2
1587	4392	2
1587	4401	2
1587	4480	2
1587	4601	2
1587	4879	2
1587	4901	2
1587	4928	2
1587	4931	2
1587	4940	2
1587	4949	2
1587	4950	2
1587	5042	2
1589	1621	2
1589	1625	2
1589	2301	2
1590	1618	2
1590	1635	2
1591	1729	2
1593	1594	2
1593	1738	2
1593	1767	2
1593	1771	2
1593	1862	2
1593	1872	2
1593	2054	2
1593	2061	2
1593	2163	2
1593	2191	2
1593	2376	2
1593	2401	2
1593	2402	2
1593	2410	2
1593	2501	2
1593	2526	2
1593	2646	2
1593	2659	2
1593	2672	2
1593	2681	2
1593	2693	2
1593	2727	2
1593	2729	2
1593	2743	2
1593	2764	2
1593	2799	2
1593	2861	2
1593	2921	2
1593	2983	2
1593	2989	2
1593	3130	2
1593	3208	2
1593	3259	2
1593	3264	2
1593	3351	2
1593	3359	2
1593	3360	2
1593	3370	2
1593	3383	2
1593	3446	2
1593	3459	2
1593	3467	2
1593	3510	2
1593	3511	2
1593	3557	2
1593	3575	2
1593	3685	2
1593	3688	2
1593	3694	2
1593	3741	2
1593	3751	2
1593	3753	2
1593	3811	2
1593	3814	2
1593	3841	2
1593	3847	2
1593	3851	2
1593	3936	2
1593	3937	2
1593	3938	2
1593	3956	2
1593	4012	2
1593	4014	2
1593	4015	2
1593	4021	2
1593	4024	2
1593	4138	2
1593	4139	2
1593	4154	2
1593	4168	2
1593	4186	2
1593	4197	2
1593	4206	2
1593	4215	2
1593	4271	2
1593	4317	2
1593	4336	2
1593	4346	2
1593	4368	2
1593	4373	2
1593	4466	2
1593	4577	2
1593	4578	2
1593	4586	2
1593	4717	2
1593	4792	2
1593	4821	2
1593	4829	2
1593	4849	2
1593	4865	2
1593	4960	2
1593	5002	2
1595	1596	2
1595	1614	2
1595	1623	2
1595	1640	2
1595	1659	2
1595	1661	2
1595	1909	2
1595	1911	2
1595	1955	2
1595	1979	2
1595	2024	2
1595	2063	2
1595	2077	2
1595	2159	2
1595	2190	2
1595	2216	2
1595	2290	2
1595	2323	2
1595	2449	2
1595	2455	2
1595	2486	2
1595	2502	2
1595	2562	2
1595	2572	2
1595	2573	2
1595	2581	2
1595	2589	2
1595	2683	2
1595	2763	2
1595	2834	2
1595	2838	2
1595	2945	2
1595	3023	2
1595	3055	2
1595	3063	2
1595	3081	2
1595	3093	2
1595	3135	2
1595	3523	2
1595	3542	2
1595	3679	2
1595	3701	2
1595	3715	2
1595	3718	2
1595	3762	2
1595	3781	2
1595	3901	2
1595	3903	2
1595	3913	2
1595	3918	2
1595	3926	2
1595	3944	2
1595	3984	2
1595	4017	2
1595	4025	2
1595	4111	2
1595	4114	2
1595	4308	2
1595	4329	2
1595	4348	2
1595	4379	2
1595	4647	2
1595	4702	2
1595	4788	2
1595	4806	2
1597	1618	2
1598	1599	2
1598	1639	2
1598	1678	2
1598	2020	2
1598	2098	2
1598	2534	2
1598	2880	2
1598	2976	2
1598	3196	2
1598	3372	2
1598	3885	2
1598	3945	2
1601	2008	2
1601	2366	2
1601	2384	2
1601	2386	2
1601	4083	2
1601	4153	2
1601	4828	2
1602	1603	2
1602	1606	2
1602	1844	2
1602	1920	2
1602	2048	2
1602	2075	2
1602	2218	2
1602	2778	2
1602	3375	2
1602	4005	2
1602	4169	2
1602	4560	2
1602	4847	2
1602	4855	2
1602	5030	2
1603	1802	2
1604	1605	2
1604	1748	2
1604	1757	2
1604	1980	2
1604	2442	2
1604	2460	2
1604	2855	2
1604	3090	2
1604	3292	2
1604	3379	2
1604	3659	2
1604	4227	2
1606	1802	2
1608	1609	2
1608	1629	2
1608	1634	2
1608	1645	2
1608	1966	2
1608	2010	2
1608	2032	2
1608	2035	2
1608	2087	2
1608	2150	2
1608	2161	2
1608	2265	2
1608	2296	2
1608	2298	2
1608	2345	2
1608	2492	2
1608	2523	2
1608	2580	2
1608	2593	2
1608	2594	2
1608	2698	2
1608	2705	2
1608	2765	2
1608	2857	2
1608	2879	2
1608	3121	2
1608	3158	2
1608	3354	2
1608	3571	2
1608	3576	2
1608	3577	2
1608	3578	2
1608	3588	2
1608	3595	2
1608	3710	2
1608	3723	2
1608	4152	2
1608	4711	2
1608	4712	2
1608	4720	2
1608	4738	2
1608	4850	2
1608	4886	2
1608	4887	2
1608	4891	2
1608	4934	2
1608	4985	2
1608	4990	2
1611	1612	2
1611	2775	2
1611	3130	2
1618	1619	2
1618	1702	2
1618	1990	2
1618	2032	2
1618	2050	2
1618	2051	2
1618	2052	2
1618	2053	2
1618	2285	2
1618	2322	2
1618	2361	2
1618	2506	2
1618	2523	2
1618	2593	2
1618	2594	2
1618	2744	2
1618	2819	2
1618	2993	2
1618	3016	2
1618	3133	2
1618	3540	2
1621	1622	2
1621	1848	2
1621	2003	2
1621	2046	2
1621	2065	2
1621	2066	2
1621	2214	2
1621	2434	2
1621	2468	2
1621	2891	2
1621	2937	2
1621	2979	2
1621	3088	2
1621	3137	2
1621	3441	2
1621	4209	2
1621	4386	2
1621	4563	2
1621	4845	2
1621	4877	2
1622	1655	2
1625	1626	2
1625	1631	2
1625	1651	2
1625	1848	2
1625	1949	2
1625	2561	2
1625	3246	2
1625	3328	2
1625	3752	2
1625	3942	2
1625	4000	2
1625	4057	2
1625	4210	2
1625	4214	2
1625	4386	2
1625	4625	2
1625	4805	2
1627	1628	2
1627	1667	2
1627	1705	2
1627	2033	2
1627	2194	2
1627	2202	2
1627	2284	2
1627	2548	2
1627	2643	2
1627	2679	2
1627	2696	2
1627	2797	2
1627	3222	2
1627	3254	2
1627	3279	2
1627	3281	2
1627	3312	2
1627	3329	2
1627	3501	2
1627	3599	2
1627	3633	2
1627	3646	2
1627	3669	2
1627	3673	2
1627	3708	2
1627	3734	2
1627	3883	2
1627	3890	2
1627	4061	2
1627	4243	2
1627	4314	2
1627	4325	2
1627	4364	2
1627	4399	2
1627	4461	2
1627	4477	2
1627	4525	2
1627	4568	2
1627	4570	2
1627	4575	2
1627	4581	2
1627	4662	2
1627	4663	2
1627	4665	2
1627	4685	2
1627	4727	2
1627	4728	2
1627	4729	2
1627	4786	2
1627	4789	2
1627	4791	2
1627	4835	2
1627	4943	2
1627	4947	2
1627	4955	2
1627	5015	2
1627	5027	2
1627	5051	2
1630	1631	2
1632	1633	2
1632	2064	2
1632	2069	2
1632	2448	2
1632	2536	2
1632	2538	2
1632	2585	2
1632	2725	2
1632	2751	2
1632	2856	2
1632	2862	2
1632	2961	2
1632	2996	2
1632	3062	2
1632	3074	2
1632	3531	2
1632	3566	2
1632	3614	2
1632	3770	2
1632	4041	2
1632	4291	2
1632	4300	2
1632	4328	2
1632	4334	2
1632	4559	2
1632	4755	2
1632	4825	2
1632	4948	2
1632	4998	2
1632	5055	2
1635	1636	2
1635	1646	2
1635	1724	2
1635	1826	2
1635	1915	2
1635	1964	2
1635	2005	2
1635	2076	2
1635	2089	2
1635	2125	2
1635	2336	2
1635	2398	2
1635	2506	2
1635	2560	2
1635	2569	2
1635	2574	2
1635	2600	2
1635	2656	2
1635	2665	2
1635	2716	2
1635	2717	2
1635	2719	2
1635	2746	2
1635	2747	2
1635	2781	2
1635	2787	2
1635	2788	2
1635	2801	2
1635	2802	2
1635	2805	2
1635	2808	2
1635	2865	2
1635	2882	2
1635	2894	2
1635	3027	2
1635	3029	2
1635	3061	2
1635	3075	2
1635	3079	2
1635	3110	2
1635	3111	2
1635	3118	2
1635	3122	2
1635	3158	2
1635	3163	2
1635	3193	2
1635	3251	2
1635	3256	2
1635	3277	2
1635	3299	2
1635	3303	2
1635	3309	2
1635	3314	2
1635	3320	2
1635	3325	2
1635	3331	2
1635	3385	2
1635	3497	2
1635	3504	2
1635	3518	2
1635	3527	2
1635	3534	2
1635	3549	2
1635	3556	2
1635	3570	2
1635	3617	2
1635	3622	2
1635	3624	2
1635	3656	2
1635	3720	2
1635	3791	2
1635	3795	2
1635	3801	2
1635	3806	2
1635	3819	2
1635	3827	2
1635	3976	2
1635	3977	2
1635	3983	2
1635	4058	2
1635	4068	2
1635	4072	2
1635	4200	2
1635	4369	2
1635	4407	2
1635	4462	2
1635	4595	2
1635	4651	2
1635	4664	2
1637	1638	2
1637	1639	2
1637	1654	2
1637	1692	2
1637	2025	2
1637	2146	2
1637	2263	2
1637	2426	2
1637	2438	2
1637	3196	2
1637	4704	2
1637	4730	2
1637	4897	2
1637	5003	2
1637	5004	2
1637	5014	2
1641	1642	2
1641	1722	2
1641	1760	2
1641	1770	2
1641	1775	2
1641	1791	2
1641	1795	2
1641	1798	2
1641	1807	2
1641	1821	2
1641	1827	2
1641	1842	2
1641	1855	2
1641	1856	2
1641	1860	2
1641	1861	2
1641	1892	2
1641	1932	2
1641	1953	2
1641	1969	2
1641	1982	2
1641	1998	2
1641	2090	2
1641	2094	2
1641	2155	2
1641	2174	2
1641	2250	2
1641	2275	2
1641	2304	2
1641	2327	2
1641	2328	2
1641	2340	2
1641	2344	2
1641	2346	2
1641	2347	2
1641	2363	2
1641	2390	2
1641	2437	2
1641	2447	2
1641	2511	2
1641	2512	2
1641	2640	2
1641	2658	2
1641	2685	2
1641	2690	2
1641	2703	2
1641	2777	2
1641	2839	2
1641	2846	2
1641	2890	2
1641	2893	2
1641	2904	2
1641	2924	2
1641	2928	2
1641	2962	2
1641	2968	2
1641	2979	2
1641	3146	2
1641	3215	2
1641	3343	2
1641	3353	2
1641	3369	2
1641	3374	2
1641	3399	2
1641	3594	2
1641	3831	2
1641	3966	2
1641	4035	2
1641	4042	2
1641	4182	2
1641	4239	2
1641	4241	2
1641	4248	2
1643	1644	2
1643	1778	2
1643	3260	2
1643	3612	2
1643	3898	2
1643	3952	2
1643	4742	2
1643	4930	2
1647	1648	2
1647	1666	2
1647	1704	2
1647	1867	2
1647	2027	2
1647	2157	2
1647	2180	2
1647	2321	2
1647	2491	2
1647	2515	2
1647	2556	2
1647	2566	2
1647	2575	2
1647	2630	2
1647	2634	2
1647	2644	2
1647	2674	2
1647	2697	2
1647	2731	2
1647	2760	2
1647	2786	2
1647	2789	2
1647	2839	2
1647	2907	2
1647	2934	2
1647	3013	2
1647	3022	2
1647	3042	2
1647	3080	2
1647	3185	2
1647	3213	2
1647	3269	2
1647	3278	2
1647	3315	2
1647	3389	2
1647	3445	2
1647	3494	2
1647	3512	2
1647	3530	2
1647	3542	2
1647	3567	2
1647	3581	2
1647	3590	2
1647	3724	2
1647	3760	2
1647	3773	2
1647	3804	2
1647	3922	2
1647	3997	2
1647	4162	2
1647	4225	2
1647	4424	2
1647	4780	2
1647	4939	2
1647	4957	2
1649	1682	2
1652	1653	2
1652	1846	2
1652	2078	2
1652	2079	2
1652	2461	2
1652	2932	2
1652	2958	2
1652	2959	2
1652	2971	2
1652	2977	2
1652	3173	2
1652	3225	2
1652	3330	2
1652	3338	2
1652	3356	2
1652	3484	2
1652	3494	2
1652	3520	2
1652	3560	2
1652	3693	2
1652	3721	2
1652	3794	2
1652	3887	2
1652	3911	2
1652	3953	2
1652	4094	2
1652	4425	2
1652	4634	2
1652	4667	2
1652	4682	2
1652	4689	2
1652	4734	2
1652	4741	2
1652	4848	2
1652	5019	2
1652	5022	2
1655	1656	2
1655	1756	2
1655	1773	2
1655	1789	2
1655	1895	2
1655	1947	2
1655	2002	2
1655	2003	2
1655	2023	2
1655	2049	2
1655	2065	2
1655	2171	2
1655	2223	2
1655	2241	2
1655	2262	2
1655	2278	2
1655	2280	2
1655	2370	2
1655	2444	2
1655	2510	2
1655	3124	2
1655	3127	2
1655	3131	2
1655	3151	2
1655	3157	2
1655	3159	2
1655	3182	2
1655	3183	2
1655	3186	2
1655	3425	2
1655	3427	2
1655	3439	2
1655	3441	2
1655	3447	2
1655	3589	2
1655	3608	2
1655	3611	2
1655	3620	2
1655	3695	2
1655	3722	2
1655	3736	2
1655	3757	2
1655	3782	2
1655	3784	2
1655	3785	2
1655	3786	2
1655	3788	2
1655	3813	2
1655	3815	2
1655	3816	2
1655	3832	2
1655	3931	2
1655	4082	2
1655	4160	2
1655	4222	2
1655	4223	2
1655	4349	2
1655	4499	2
1655	4514	2
1655	4679	2
1655	4687	2
1655	4710	2
1655	4737	2
1655	5031	2
1662	1663	2
1662	2269	2
1662	2783	2
1662	2833	2
1662	2868	2
1662	3017	2
1662	3067	2
1662	3154	2
1662	3234	2
1662	3340	2
1662	3412	2
1662	3463	2
1662	3481	2
1662	3487	2
1662	3502	2
1662	3566	2
1662	3625	2
1662	3634	2
1662	3643	2
1662	3774	2
1662	3802	2
1662	3932	2
1662	4100	2
1662	4164	2
1662	4228	2
1662	4234	2
1662	4240	2
1662	4246	2
1662	4265	2
1662	4396	2
1662	4488	2
1662	4515	2
1662	4571	2
1662	4622	2
1662	4761	2
1662	4997	2
1662	4999	2
1662	5061	2
1662	5065	2
1664	1665	2
1664	1717	2
1664	1735	2
1664	1773	2
1664	2049	2
1664	2058	2
1664	2143	2
1664	2400	2
1664	2614	2
1664	2623	2
1664	3007	2
1664	3155	2
1664	3642	2
1664	4801	2
1664	4864	2
1668	1686	2
1670	1671	2
1670	1934	2
1670	2060	2
1670	2181	2
1670	2213	2
1670	2295	2
1670	2338	2
1670	2429	2
1670	3180	2
1670	3336	2
1670	4289	2
1670	4448	2
1670	4656	2
1670	4684	2
1670	4781	2
1670	4815	2
1672	1673	2
1672	1924	2
1672	2149	2
1672	2160	2
1672	2225	2
1672	2464	2
1672	2514	2
1672	2521	2
1672	2730	2
1672	2742	2
1672	2753	2
1672	2784	2
1672	2948	2
1672	2964	2
1672	2965	2
1672	3236	2
1675	1723	2
1675	1887	2
1675	1988	2
1675	2035	2
1675	2492	2
1675	2653	2
1675	2661	2
1675	3121	2
1675	3588	2
1675	3979	2
1675	4292	2
1675	5012	2
1678	1754	2
1680	1681	2
1680	1914	2
1680	1948	2
1680	1956	2
1680	2011	2
1680	2179	2
1680	2263	2
1680	2427	2
1680	3132	2
1680	3152	2
1680	3253	2
1680	3266	2
1680	3298	2
1680	3301	2
1680	3321	2
1680	3471	2
1680	3561	2
1680	3573	2
1680	3692	2
1680	3995	2
1680	4103	2
1680	4146	2
1680	4224	2
1680	4236	2
1680	4255	2
1680	4318	2
1680	4769	2
1680	4980	2
1680	4983	2
1682	1683	2
1682	1698	2
1682	1707	2
1682	1749	2
1682	1756	2
1682	1764	2
1682	1765	2
1682	1781	2
1682	1814	2
1682	1815	2
1682	1818	2
1682	1903	2
1682	1996	2
1682	2022	2
1682	2036	2
1682	2077	2
1682	2233	2
1682	2235	2
1682	2258	2
1682	2259	2
1682	2270	2
1682	2282	2
1682	2286	2
1682	2291	2
1682	2311	2
1682	2324	2
1682	2333	2
1682	2441	2
1682	2491	2
1682	2599	2
1682	2723	2
1682	2739	2
1682	2748	2
1682	2749	2
1682	2909	2
1682	2918	2
1682	2923	2
1682	2942	2
1682	2944	2
1682	2981	2
1682	2982	2
1682	3112	2
1682	3129	2
1682	3137	2
1682	3145	2
1682	3177	2
1682	3267	2
1682	3305	2
1682	3350	2
1682	3366	2
1682	3388	2
1682	3389	2
1682	3394	2
1682	3395	2
1682	3409	2
1682	3541	2
1682	3572	2
1682	3732	2
1682	3766	2
1682	3771	2
1682	3817	2
1682	3820	2
1682	3892	2
1682	3943	2
1682	3961	2
1682	3962	2
1682	3964	2
1682	3972	2
1682	4047	2
1682	4118	2
1682	4167	2
1682	4171	2
1682	4177	2
1682	4288	2
1682	4290	2
1682	4312	2
1682	4357	2
1682	4446	2
1682	4449	2
1682	4512	2
1682	4513	2
1682	4636	2
1682	4637	2
1682	4669	2
1682	4857	2
1682	4972	2
1686	1687	2
1686	1977	2
1686	1978	2
1686	2004	2
1686	2028	2
1686	2030	2
1686	2092	2
1686	2257	2
1686	2337	2
1686	2498	2
1686	2522	2
1686	2592	2
1686	2603	2
1686	2607	2
1686	2783	2
1686	2811	2
1686	2835	2
1686	2939	2
1686	2950	2
1686	3011	2
1686	3021	2
1686	3052	2
1686	3061	2
1686	3198	2
1686	3199	2
1686	3205	2
1686	3206	2
1686	3209	2
1686	3227	2
1686	3243	2
1686	3256	2
1686	3265	2
1686	3274	2
1686	3327	2
1686	3410	2
1686	3433	2
1686	3453	2
1686	3460	2
1686	3461	2
1686	3464	2
1686	3468	2
1686	3473	2
1686	3475	2
1686	3477	2
1686	3485	2
1686	3487	2
1686	3491	2
1686	3492	2
1686	3495	2
1686	3507	2
1686	3619	2
1686	3668	2
1686	3670	2
1686	3674	2
1686	3675	2
1686	3691	2
1686	3730	2
1686	3758	2
1686	3763	2
1686	3765	2
1686	3873	2
1686	3902	2
1686	3906	2
1686	3908	2
1686	3910	2
1686	3967	2
1686	3968	2
1686	4074	2
1686	4163	2
1686	4170	2
1686	4173	2
1686	4203	2
1686	4211	2
1686	4216	2
1686	4323	2
1686	4335	2
1686	4338	2
1686	4340	2
1686	4345	2
1686	4359	2
1686	4362	2
1686	4365	2
1686	4376	2
1686	4380	2
1686	4381	2
1686	4387	2
1686	4391	2
1686	4408	2
1686	4410	2
1686	4426	2
1686	4428	2
1686	4429	2
1686	4526	2
1686	4527	2
1686	4528	2
1686	4541	2
1686	4548	2
1686	4549	2
1686	4591	2
1686	4592	2
1686	4723	2
1686	4762	2
1686	4794	2
1686	4820	2
1686	4824	2
1686	4831	2
1686	4921	2
1686	4924	2
1686	4938	2
1686	4963	2
1693	1719	2
1694	1987	2
1698	1793	2
1698	2152	2
1700	1701	2
1700	1894	2
1700	1923	2
1700	2144	2
1700	2151	2
1700	2162	2
1700	3919	2
1700	4188	2
1700	4198	2
1700	4676	2
1700	4899	2
1700	4905	2
1703	2151	2
1703	2316	2
1703	2342	2
1703	4139	2
1703	4204	2
1703	4205	2
1703	4299	2
1703	4537	2
1703	4544	2
1706	2263	2
1706	2482	2
1706	2500	2
1706	2541	2
1706	3860	2
1706	4179	2
1706	4726	2
1709	1710	2
1709	2074	2
1709	2096	2
1709	2435	2
1709	2673	2
1709	3043	2
1709	3247	2
1709	3457	2
1709	3826	2
1709	4018	2
1709	4184	2
1709	4344	2
1709	4698	2
1711	1712	2
1711	3400	2
1713	1714	2
1713	1935	2
1713	2029	2
1713	2140	2
1713	2308	2
1713	2318	2
1713	2357	2
1713	2539	2
1713	2596	2
1713	3066	2
1713	3117	2
1713	3393	2
1713	3406	2
1713	3515	2
1713	3637	2
1713	3737	2
1713	3780	2
1713	3933	2
1713	3974	2
1713	3981	2
1713	3982	2
1713	4003	2
1713	4519	2
1713	4655	2
1713	4733	2
1713	4823	2
1713	4968	2
1713	4991	2
1715	1716	2
1715	1839	2
1715	2071	2
1715	2222	2
1715	2389	2
1715	2663	2
1715	2735	2
1715	2853	2
1715	2872	2
1715	2956	2
1715	3046	2
1715	3058	2
1715	3108	2
1715	3149	2
1715	3221	2
1715	3285	2
1715	3296	2
1715	3347	2
1715	3376	2
1715	3377	2
1715	3528	2
1715	3574	2
1715	3626	2
1715	3641	2
1715	3654	2
1715	3660	2
1715	3690	2
1715	3853	2
1715	4133	2
1715	4263	2
1715	4264	2
1715	4269	2
1715	4280	2
1715	4936	2
1716	1720	2
1719	1734	2
1719	1740	2
1719	1768	2
1719	1891	2
1719	2056	2
1719	2173	2
1719	2306	2
1719	2373	2
1719	2405	2
1719	2423	2
1719	2435	2
1719	2652	2
1719	2710	2
1719	2804	2
1719	2807	2
1719	2858	2
1719	2876	2
1719	2878	2
1719	2881	2
1719	2883	2
1719	3054	2
1719	3318	2
1719	3378	2
1719	3537	2
1719	3586	2
1719	3652	2
1719	3759	2
1719	3846	2
1719	3925	2
1719	4037	2
1719	4576	2
1719	4715	2
1719	4830	2
1719	4834	2
1719	4859	2
1719	4861	2
1719	4966	2
1719	4977	2
1719	5013	2
1719	5037	2
1720	1721	2
1720	1742	2
1720	1772	2
1720	1831	2
1720	1834	2
1720	1852	2
1720	1869	2
1720	1878	2
1720	1879	2
1720	2068	2
1720	2071	2
1720	2084	2
1720	2085	2
1720	2101	2
1720	2102	2
1720	2131	2
1720	2132	2
1720	2139	2
1720	2196	2
1720	2215	2
1720	2375	2
1720	2379	2
1720	2382	2
1720	2397	2
1720	2403	2
1720	2414	2
1720	2415	2
1720	2450	2
1720	2451	2
1720	2465	2
1720	2621	2
1720	2624	2
1720	2627	2
1720	2628	2
1720	2635	2
1720	2637	2
1720	2638	2
1720	2647	2
1720	2655	2
1720	2662	2
1720	2663	2
1720	2831	2
1720	2888	2
1720	2905	2
1720	2911	2
1720	2912	2
1720	2917	2
1720	2956	2
1720	3046	2
1720	3051	2
1720	3058	2
1720	3086	2
1720	3103	2
1720	3104	2
1720	3106	2
1720	3108	2
1720	3113	2
1720	3114	2
1720	3115	2
1720	3119	2
1720	3125	2
1720	3149	2
1720	3166	2
1720	3172	2
1720	3188	2
1720	3191	2
1720	3201	2
1720	3204	2
1720	3207	2
1720	3224	2
1720	3341	2
1720	3347	2
1720	3365	2
1720	3373	2
1720	3376	2
1720	3377	2
1720	3384	2
1720	3386	2
1720	3390	2
1720	3392	2
1720	3489	2
1720	3508	2
1720	3528	2
1720	3569	2
1720	3574	2
1720	3598	2
1720	3604	2
1720	3636	2
1720	3641	2
1720	3651	2
1720	3654	2
1720	3660	2
1720	3727	2
1720	3790	2
1720	3793	2
1720	3800	2
1720	3852	2
1720	3853	2
1720	3854	2
1720	3867	2
1720	3874	2
1720	3876	2
1720	3939	2
1720	3986	2
1720	3987	2
1720	4048	2
1720	4108	2
1720	4142	2
1720	4144	2
1720	4172	2
1720	4196	2
1720	4218	2
1720	4229	2
1720	4230	2
1720	4249	2
1720	4254	2
1720	4258	2
1720	4264	2
1720	4269	2
1720	4280	2
1720	4356	2
1720	4385	2
1720	4403	2
1720	4404	2
1720	4406	2
1720	4411	2
1720	4412	2
1720	4433	2
1720	4447	2
1720	4453	2
1720	4457	2
1720	4464	2
1720	4467	2
1720	4478	2
1720	4481	2
1720	4490	2
1720	4491	2
1720	4492	2
1720	4495	2
1720	4496	2
1720	4518	2
1720	4572	2
1720	4626	2
1720	4641	2
1720	4642	2
1720	4668	2
1720	4670	2
1720	4671	2
1720	4686	2
1720	4699	2
1720	4709	2
1720	4714	2
1720	4836	2
1720	4837	2
1720	4851	2
1720	4854	2
1720	4871	2
1720	4882	2
1720	4885	2
1720	4975	2
1720	4976	2
1720	4981	2
1720	4987	2
1720	5021	2
1720	5032	2
1725	1726	2
1725	2047	2
1725	2055	2
1725	2232	2
1725	2951	2
1725	4209	2
1725	4397	2
1725	4416	2
1725	4858	2
1725	4979	2
1729	1730	2
1729	1733	2
1729	1741	2
1729	1753	2
1729	1785	2
1729	1786	2
1729	1799	2
1729	1811	2
1729	1833	2
1729	1838	2
1729	1851	2
1729	1865	2
1729	1871	2
1729	1873	2
1729	1877	2
1729	1885	2
1729	1900	2
1729	1921	2
1729	1968	2
1729	2070	2
1729	2105	2
1729	2106	2
1729	2107	2
1729	2115	2
1729	2126	2
1729	2138	2
1729	2156	2
1729	2168	2
1729	2182	2
1729	2245	2
1729	2294	2
1729	2332	2
1729	2350	2
1729	2351	2
1729	2372	2
1729	2418	2
1729	2420	2
1729	2507	2
1729	2544	2
1729	2545	2
1729	2548	2
1729	2549	2
1729	2554	2
1729	2577	2
1729	2590	2
1729	2595	2
1729	2631	2
1729	2645	2
1729	2740	2
1729	2797	2
1729	2810	2
1729	2815	2
1729	2818	2
1729	2848	2
1729	2849	2
1729	3009	2
1729	3044	2
1729	3128	2
1729	3140	2
1729	3211	2
1729	3220	2
1729	3284	2
1729	3317	2
1729	3418	2
1729	3432	2
1729	3450	2
1729	3451	2
1729	3707	2
1729	3716	2
1729	3717	2
1729	3726	2
1729	3772	2
1729	3870	2
1729	3891	2
1729	3935	2
1729	3959	2
1729	4027	2
1729	4038	2
1729	4106	2
1729	4156	2
1729	4274	2
1729	4375	2
1729	4393	2
1729	4485	2
1729	4510	2
1731	1732	2
1731	1809	2
1731	1810	2
1731	2007	2
1731	2072	2
1731	2352	2
1731	2469	2
1731	2529	2
1731	2702	2
1731	2847	2
1731	3060	2
1731	3068	2
1731	3333	2
1731	3337	2
1731	3352	2
1731	3407	2
1731	3558	2
1731	3565	2
1731	3591	2
1731	3739	2
1731	3743	2
1731	3744	2
1731	3789	2
1731	3792	2
1731	3829	2
1731	3994	2
1731	4165	2
1731	4552	2
1731	4736	2
1731	4878	2
1731	4907	2
1731	5054	2
1743	1744	2
1743	1745	2
1743	2495	2
1743	2682	2
1743	2984	2
1743	3094	2
1743	3686	2
1746	1747	2
1746	1841	2
1746	2264	2
1746	2277	2
1746	2342	2
1746	2601	2
1746	2602	2
1746	2877	2
1746	2900	2
1746	3346	2
1746	3564	2
1750	2188	2
1754	1755	2
1754	2146	2
1754	2438	2
1754	2827	2
1754	4652	2
1756	2152	2
1758	1759	2
1758	1837	2
1758	1882	2
1758	2244	2
1758	2555	2
1758	2571	2
1758	2752	2
1758	2770	2
1758	2772	2
1758	2985	2
1758	3050	2
1758	4245	2
1758	5047	2
1758	5067	2
1761	2220	2
1762	1763	2
1762	2263	2
1762	2404	2
1762	2416	2
1762	2427	2
1762	3132	2
1762	3152	2
1762	3153	2
1762	3428	2
1762	3818	2
1762	3868	2
1775	1790	2
1779	1780	2
1779	1976	2
1779	2008	2
1779	2034	2
1779	2062	2
1779	2074	2
1779	2091	2
1779	2272	2
1779	2273	2
1779	2281	2
1779	2283	2
1779	2355	2
1779	2488	2
1779	2718	2
1779	2756	2
1779	2823	2
1779	2830	2
1779	2953	2
1779	3028	2
1779	3335	2
1779	3367	2
1779	3597	2
1779	4009	2
1779	4543	2
1779	4838	2
1782	1783	2
1782	4465	2
1787	1788	2
1787	1854	2
1787	1936	2
1787	2358	2
1787	2963	2
1787	3307	2
1787	3322	2
1787	3332	2
1787	3334	2
1787	3830	2
1787	3975	2
1787	3989	2
1787	4151	2
1787	4180	2
1787	4367	2
1787	4756	2
1787	4818	2
1787	4992	2
1787	5025	2
1790	1791	2
1790	1798	2
1790	1822	2
1790	2184	2
1790	2192	2
1790	2275	2
1790	2447	2
1790	2511	2
1790	3353	2
1790	3429	2
1790	3812	2
1790	4052	2
1790	4189	2
1790	4241	2
1793	1794	2
1793	2006	2
1793	2387	2
1793	2399	2
1793	2794	2
1793	3107	2
1793	3150	2
1793	3165	2
1793	3175	2
1793	3237	2
1793	3632	2
1793	3749	2
1793	3842	2
1793	4437	2
1793	4516	2
1793	4659	2
1796	1797	2
1796	1814	2
1796	1828	2
1796	1997	2
1796	2109	2
1796	2208	2
1796	2892	2
1796	3272	2
1796	3592	2
1796	4040	2
1796	4070	2
1796	4071	2
1796	4454	2
1796	4787	2
1796	4813	2
1796	4832	2
1796	4896	2
1796	5063	2
1802	1803	2
1802	1844	2
1802	1863	2
1802	1920	2
1802	2021	2
1802	2048	2
1802	2166	2
1802	2185	2
1802	2218	2
1802	2289	2
1802	2467	2
1802	2532	2
1802	2778	2
1802	2829	2
1802	2990	2
1802	2998	2
1802	3041	2
1802	3294	2
1802	3306	2
1802	3375	2
1802	3444	2
1802	3506	2
1802	3777	2
1802	3909	2
1802	3993	2
1802	4150	2
1802	4166	2
1802	4169	2
1802	4351	2
1802	4520	2
1802	4536	2
1802	4587	2
1802	4593	2
1802	4799	2
1802	4847	2
1802	4855	2
1802	4908	2
1802	5001	2
1802	5024	2
1802	5030	2
1805	1806	2
1805	1819	2
1805	1832	2
1805	1845	2
1805	1846	2
1805	2026	2
1805	2431	2
1805	2433	2
1805	3095	2
1805	3225	2
1806	1816	2
1806	2310	2
1806	2430	2
1811	1885	2
1816	1817	2
1816	1846	2
1816	2475	2
1816	2678	2
1816	4995	2
1817	1876	2
1824	1825	2
1824	2803	2
1824	3218	2
1824	3235	2
1824	3416	2
1824	4355	2
1824	4617	2
1824	4796	2
1829	1830	2
1829	2374	2
1829	2377	2
1829	2459	2
1829	2619	2
1829	2695	2
1829	2700	2
1829	2822	2
1829	2871	2
1829	2943	2
1829	3033	2
1829	3045	2
1829	3084	2
1829	3203	2
1829	3242	2
1829	3415	2
1829	3434	2
1829	3435	2
1829	3436	2
1829	4507	2
1829	4573	2
1829	4881	2
1832	2310	2
1832	2430	2
1836	1837	2
1836	2123	2
1836	2135	2
1837	3148	2
1845	1876	2
1845	2430	2
1846	2310	2
1846	2430	2
1851	1885	2
1853	1854	2
1853	1899	2
1853	1936	2
1853	1946	2
1853	1984	2
1853	1985	2
1853	1986	2
1853	1995	2
1853	2031	2
1853	2040	2
1853	2197	2
1853	2456	2
1853	2474	2
1853	2927	2
1853	3035	2
1853	3059	2
1853	3138	2
1853	3141	2
1853	3142	2
1853	3219	2
1853	3233	2
1853	3355	2
1853	3361	2
1853	3371	2
1853	3478	2
1853	3539	2
1853	3554	2
1853	3610	2
1853	3702	2
1853	3709	2
1853	3787	2
1853	3799	2
1853	4244	2
1853	4270	2
1853	4319	2
1853	4463	2
1853	4509	2
1853	4523	2
1853	4677	2
1853	4697	2
1853	4716	2
1853	4718	2
1853	4826	2
1853	4856	2
1853	4962	2
1853	5009	2
1866	1867	2
1866	2109	2
1866	2127	2
1866	2220	2
1866	2341	2
1866	3087	2
1866	3262	2
1866	3272	2
1866	3403	2
1866	3559	2
1866	3649	2
1866	3719	2
1866	3897	2
1866	3991	2
1866	4302	2
1866	4384	2
1866	4594	2
1866	4614	2
1866	4646	2
1866	4800	2
1866	4937	2
1871	1885	2
1873	1885	2
1876	2431	2
1876	2475	2
1876	2678	2
1876	4840	2
1880	3363	2
1885	1886	2
1885	2070	2
1885	2105	2
1885	2115	2
1885	2121	2
1885	2245	2
1885	2350	2
1885	2490	2
1885	2507	2
1885	2546	2
1885	2590	2
1885	2606	2
1885	2654	2
1885	2733	2
1885	2788	2
1885	2797	2
1885	2814	2
1885	3047	2
1885	3140	2
1885	3189	2
1885	3280	2
1885	3284	2
1885	3286	2
1885	3289	2
1885	3290	2
1885	3458	2
1885	3462	2
1885	3499	2
1885	3501	2
1885	3525	2
1885	3543	2
1885	3553	2
1885	3582	2
1885	3583	2
1885	3584	2
1885	3596	2
1885	3613	2
1885	3615	2
1885	3618	2
1885	3621	2
1885	3657	2
1885	3768	2
1885	3772	2
1885	3776	2
1885	3778	2
1885	3869	2
1885	3935	2
1885	3959	2
1885	3980	2
1885	4004	2
1885	4010	2
1885	4026	2
1885	4192	2
1885	4201	2
1885	4320	2
1885	4413	2
1885	4616	2
1885	4680	2
1885	4681	2
1885	4746	2
1885	4852	2
1885	4902	2
1885	5010	2
1895	2001	2
1897	1898	2
1897	1918	2
1897	1937	2
1897	2187	2
1897	2192	2
1897	2201	2
1897	2396	2
1897	2409	2
1897	2650	2
1897	2651	2
1897	2660	2
1897	2842	2
1897	2844	2
1897	2994	2
1897	3064	2
1897	3072	2
1897	3382	2
1897	3440	2
1897	3585	2
1897	3607	2
1897	3630	2
1897	3798	2
1897	4032	2
1897	4130	2
1897	4268	2
1897	4705	2
1897	4719	2
1897	5066	2
1904	1905	2
1904	1974	2
1904	2473	2
1904	2842	2
1904	2895	2
1904	2938	2
1904	3071	2
1904	3091	2
1907	1972	2
1907	2367	2
1908	2422	2
1908	2509	2
1908	2970	2
1908	3244	2
1908	3250	2
1908	4430	2
1908	4522	2
1908	4644	2
1908	4706	2
1908	4713	2
1908	4965	2
1929	2301	2
1930	1931	2
1940	2210	2
1940	3261	2
1950	1951	2
1950	2130	2
1950	3055	2
1950	4109	2
1950	4110	2
1950	4624	2
1950	4795	2
1950	4946	2
1950	4954	2
1952	2677	2
1952	2686	2
1952	3121	2
1952	3277	2
1952	3571	2
1952	3680	2
1960	1961	2
1960	2288	2
1960	2470	2
1960	2471	2
1960	2476	2
1960	2633	2
1960	2702	2
1960	3255	2
1960	3263	2
1960	3270	2
1960	3323	2
1960	3466	2
1960	3503	2
1960	3840	2
1960	3882	2
1960	3955	2
1960	4076	2
1960	4086	2
1960	4137	2
1960	4580	2
1960	4661	2
1960	4833	2
1960	4913	2
1960	5018	2
1960	5039	2
1962	1963	2
1962	2926	2
1962	2955	2
1962	3223	2
1962	3229	2
1962	3470	2
1962	4117	2
1962	4611	2
1962	4812	2
1972	1973	2
1972	2024	2
1972	2147	2
1972	2167	2
1972	2238	2
1972	2502	2
1972	2629	2
1972	3006	2
1972	3089	2
1972	3271	2
1972	3672	2
1972	3677	2
1972	3715	2
1972	3759	2
1972	3764	2
1972	3779	2
1972	3845	2
1972	3949	2
1972	3996	2
1972	4002	2
1972	4019	2
1972	4195	2
1972	4735	2
1977	2043	2
1987	2023	2
1987	2241	2
1987	2254	2
1987	2370	2
1987	2776	2
1987	3096	2
1987	3102	2
1987	3310	2
1987	3532	2
1987	4600	2
1987	4749	2
1987	4759	2
1987	4765	2
1987	4809	2
1991	3544	2
1991	4371	2
2001	2002	2
2001	3427	2
2001	3447	2
2001	3695	2
2001	3788	2
2001	4772	2
2012	2013	2
2012	2158	2
2012	3250	2
2012	3509	2
2012	3969	2
2012	4306	2
2012	4750	2
2012	4790	2
2012	5040	2
2012	5041	2
2018	2019	2
2018	4869	2
2018	4888	2
2043	2095	2
2043	2240	2
2043	2309	2
2043	2316	2
2043	2342	2
2043	2493	2
2043	3039	2
2043	3729	2
2043	3880	2
2043	4253	2
2044	2045	2
2044	4978	2
2071	2669	2
2080	2081	2
2080	2227	2
2080	2413	2
2080	3635	2
2080	3839	2
2080	4036	2
2080	4065	2
2080	4502	2
2080	4693	2
2103	2104	2
2103	2148	2
2103	2175	2
2103	2198	2
2103	2439	2
2103	2454	2
2103	2688	2
2103	2734	2
2103	3094	2
2103	3387	2
2103	3402	2
2103	3731	2
2103	3733	2
2103	3740	2
2103	3745	2
2103	3756	2
2103	3875	2
2103	3904	2
2103	4311	2
2103	4332	2
2103	4516	2
2103	4666	2
2103	4846	2
2103	5020	2
2103	5026	2
2104	2494	2
2104	2769	2
2108	2120	2
2108	2584	2
2108	2697	2
2108	3102	2
2108	3291	2
2108	4129	2
2112	2113	2
2112	2445	2
2112	2754	2
2112	2759	2
2112	2997	2
2112	3181	2
2112	3324	2
2112	4753	2
2123	3148	2
2135	3148	2
2145	2146	2
2145	2263	2
2145	2426	2
2145	2438	2
2145	3192	2
2145	3196	2
2145	4452	2
2152	2153	2
2152	2230	2
2152	2231	2
2152	2233	2
2152	2441	2
2152	2446	2
2152	3112	2
2152	3313	2
2152	3350	2
2152	3496	2
2152	3548	2
2152	3572	2
2152	3892	2
2152	4449	2
2152	4640	2
2152	4967	2
2175	2494	2
2175	2769	2
2188	2189	2
2188	2639	2
2188	2843	2
2188	2972	2
2188	3057	2
2188	3070	2
2188	3327	2
2188	3379	2
2188	3483	2
2188	3493	2
2188	3500	2
2188	3659	2
2188	3676	2
2188	3738	2
2188	4008	2
2188	4256	2
2192	2503	2
2198	2494	2
2198	2769	2
2205	2851	2
2211	2212	2
2211	2217	2
2211	2224	2
2211	2234	2
2211	2251	2
2211	2274	2
2211	2287	2
2211	2343	2
2211	2485	2
2211	2537	2
2211	2553	2
2211	2583	2
2211	2687	2
2211	2694	2
2211	2704	2
2211	2706	2
2211	2708	2
2211	2720	2
2211	2721	2
2211	2736	2
2211	2756	2
2211	2766	2
2211	2916	2
2211	2933	2
2211	2938	2
2211	2949	2
2211	3010	2
2211	3024	2
2211	3160	2
2211	3169	2
2211	3252	2
2211	3262	2
2211	3304	2
2211	3339	2
2211	3344	2
2211	3345	2
2211	3424	2
2211	3555	2
2211	3562	2
2211	3563	2
2211	3681	2
2211	3912	2
2211	3947	2
2211	3957	2
2211	3965	2
2211	3970	2
2211	4099	2
2211	4101	2
2211	4115	2
2211	4307	2
2211	4337	2
2211	4358	2
2211	4739	2
2211	4873	2
2211	4883	2
2211	5017	2
2211	5053	2
2220	3297	2
2226	2248	2
2228	2229	2
2228	4131	2
2244	3148	2
2248	2249	2
2248	2442	2
2248	3712	2
2248	3948	2
2248	4281	2
2248	4361	2
2248	4732	2
2248	4880	2
2252	2253	2
2252	2530	2
2252	2791	2
2255	2256	2
2255	2300	2
2255	2353	2
2255	3232	2
2255	3275	2
2255	3896	2
2255	4909	2
2255	5068	2
2260	2261	2
2260	2276	2
2260	2339	2
2260	2795	2
2260	2875	2
2260	3126	2
2260	3168	2
2260	3170	2
2260	3311	2
2260	3411	2
2260	3455	2
2260	3529	2
2260	3552	2
2260	3689	2
2260	3894	2
2260	3920	2
2260	4193	2
2260	4409	2
2263	3488	2
2274	3363	2
2299	2300	2
2299	3018	2
2301	2302	2
2301	2303	2
2301	2313	2
2301	2314	2
2301	2315	2
2301	2317	2
2301	2319	2
2301	2359	2
2301	2360	2
2301	2378	2
2301	2381	2
2301	2540	2
2301	2542	2
2301	2584	2
2301	2587	2
2301	2604	2
2301	2799	2
2301	3005	2
2301	3006	2
2301	3162	2
2310	2518	2
2315	2367	2
2317	2367	2
2324	2898	2
2329	2330	2
2329	2901	2
2329	3579	2
2329	3803	2
2329	4148	2
2329	4149	2
2329	4422	2
2329	4529	2
2329	4688	2
2329	4862	2
2365	2366	2
2365	2384	2
2365	2386	2
2365	4153	2
2367	2368	2
2367	2969	2
2367	3946	2
2367	4398	2
2404	3488	2
2416	3488	2
2430	2431	2
2430	2947	2
2434	3973	2
2444	2477	2
2477	2478	2
2477	3105	2
2477	3159	2
2477	3580	2
2477	3788	2
2477	3816	2
2477	3893	2
2477	4892	2
2477	4958	2
2477	5035	2
2494	3731	2
2494	3733	2
2494	3740	2
2494	3745	2
2494	3756	2
2494	3904	2
2494	4898	2
2503	2757	2
2503	4894	2
2503	4932	2
2503	5076	2
2557	2558	2
2557	4895	2
2557	5038	2
2602	4128	2
2616	2617	2
2616	3593	2
2616	3655	2
2616	4808	2
2649	3416	2
2649	4183	2
2649	4784	2
2669	3653	2
2669	3654	2
2669	3837	2
2669	4282	2
2691	2692	2
2691	3195	2
2691	4217	2
2691	4232	2
2737	2738	2
2737	3288	2
2737	3417	2
2737	3609	2
2737	3661	2
2737	3698	2
2737	3796	2
2737	3797	2
2737	3951	2
2737	3960	2
2737	4550	2
2737	4599	2
2737	4605	2
2737	4922	2
2737	5070	2
2769	3094	2
2769	3740	2
2769	3745	2
2769	3756	2
2769	4311	2
2769	4332	2
2771	2987	2
2771	4252	2
2780	2832	2
2820	2821	2
2826	2827	2
2826	4565	2
2826	4771	2
2851	2852	2
2851	3042	2
2851	4059	2
2851	4764	2
2898	2899	2
2898	3092	2
2898	3167	2
2898	3342	2
2898	3587	2
2898	4034	2
2898	4073	2
2898	4441	2
2898	4455	2
2898	4597	2
2898	4817	2
2898	4900	2
2898	5062	2
2940	2941	2
2949	4923	2
3000	3001	2
3000	3754	2
3014	3015	2
3014	3295	2
3014	3449	2
3014	3878	2
3014	4085	2
3014	4257	2
3014	4293	2
3025	3026	2
3025	4250	2
3025	5023	2
3043	3248	2
3132	3488	2
3148	3316	2
3148	3667	2
3148	3928	2
3148	4340	2
3148	4341	2
3148	5005	2
3152	3488	2
3153	3488	2
3247	3248	2
3248	3249	2
3248	3457	2
3248	3482	2
3248	3628	2
3248	4199	2
3248	4915	2
3363	3364	2
3363	3519	2
3363	3828	2
3363	4176	2
3363	4556	2
3363	5028	2
3412	4333	2
3488	4354	2
3655	4140	2
3733	3881	2
3834	3835	2
3916	3917	2
3973	4585	2
4104	4105	2
4104	4607	2
4112	4113	2
4122	4123	2
4122	4305	2
4140	4141	2
4174	4175	2
4260	4261	2
4260	4459	2
4296	4297	2
4326	4327	2
4326	4725	2
4330	4331	2
4330	4766	2
4352	4353	2
4352	5069	2
4377	4378	2
4377	4382	2
4419	4420	2
4504	4505	2
4588	4589	2
4673	4674	2
4747	4748	2
4903	4904	2
4923	4926	2
