246	+	80	1982
247	+	81	2238
257	+	98	2267
258	+	98	2354
273	+	116	836
278	+	116	1525
280	+	117	1944
281	+	118	1944
344	+	158	1857
449	+	183	2236
459	+	190	2266
465	+	192	209
502	+	209	2295
503	+	209	2303
504	+	209	2306
592	+	244	2201
615	+	285	1400
638	+	313	1982
640	+	315	1982
735	+	393	1944
757	+	417	787
900	+	491	1857
930	+	523	1525
947	+	548	2201
948	+	551	601
982	+	594	1982
987	+	601	1734
988	+	601	2248
989	+	601	2276
990	+	601	2277
991	+	601	2279
992	+	601	2280
993	+	601	2281
994	+	601	2297
995	+	601	2299
996	+	601	2338
997	+	601	2339
998	+	601	2341
999	+	601	2347
1000	+	601	2348
1705	+	685	1944
1768	+	697	787
1769	+	697	1125
1770	+	697	2247
1771	+	697	2302
1772	+	697	2352
1780	+	699	1351
1781	+	699	1400
1783	+	699	1497
1786	+	699	2027
1817	+	715	1086
1818	+	715	1233
1829	+	720	1671
1830	+	720	1944
1852	+	731	1525
1892	+	763	1527
1893	+	763	1944
1903	+	787	2254
1904	+	787	2284
1905	+	787	2318
1906	+	787	2343
1911	+	790	1351
1917	+	802	1857
1918	+	804	2269
1965	+	827	1525
1966	+	827	1527
1979	+	835	1859
1980	+	835	1982
1981	+	835	2237
1983	+	836	973
1984	+	836	1107
1986	+	836	1250
1987	+	836	1390
1988	+	836	1466
1989	+	836	1508
1990	+	836	1542
1991	+	836	1605
1992	+	836	1650
1993	+	836	1652
1994	+	836	1653
1995	+	836	1663
1996	+	836	1677
1998	+	836	1759
1999	+	836	1832
2000	+	836	2271
2001	+	836	2312
2002	+	836	2336
2003	+	836	2357
2015	+	859	1527
2016	+	859	1857
2017	+	859	2237
2054	+	906	2237
2065	+	930	1944
2080	+	957	1089
2082	+	957	1786
2083	+	965	2265
2103	+	1002	1982
2110	+	1011	1525
2115	+	1027	1982
2120	+	1055	1944
2121	+	1058	2049
2124	+	1082	2282
2159	+	1086	1982
2160	+	1086	2237
2236	+	1116	1525
2248	+	1146	1527
2251	+	1156	1525
2258	+	1181	1525
2259	+	1183	1525
2310	+	1198	2238
2320	+	1223	2269
2334	+	1259	2237
2337	+	1271	2238
2339	+	1274	1671
2445	+	1351	1352
2446	+	1351	1438
2447	+	1351	1493
2448	+	1351	1509
2449	+	1351	1510
2450	+	1351	1528
2451	+	1351	1606
2452	+	1351	1680
2453	+	1351	2268
2454	+	1351	2294
2455	+	1351	2351
2524	+	1397	1527
2527	+	1400	1528
2529	+	1400	2264
2530	+	1400	2296
2546	+	1418	1527
2547	+	1419	1671
2586	+	1426	1944
2771	+	1497	1606
2772	+	1497	2324
2779	+	1525	1534
2780	+	1525	1535
2781	+	1525	1539
2782	+	1525	1585
2783	+	1525	1669
2784	+	1525	1786
2785	+	1525	1831
2786	+	1525	2051
2787	+	1525	2149
2788	+	1525	2219
2789	+	1525	2224
2790	+	1525	2275
2791	+	1525	2298
2792	+	1525	2326
2793	+	1527	1563
2794	+	1527	1630
2795	+	1527	1662
2796	+	1527	1840
2797	+	1527	1950
2798	+	1527	2212
2799	+	1527	2235
2800	+	1527	2257
2801	+	1527	2301
2803	+	1533	1944
2816	+	1622	1671
2819	+	1634	1671
2828	+	1671	2124
2829	+	1671	2262
2830	+	1671	2270
2831	+	1671	2286
2832	+	1671	2320
2896	+	1694	1982
3002	+	1735	1857
3014	+	1738	2238
3041	+	1757	1857
3042	+	1757	1982
3049	+	1768	1857
3050	+	1768	1944
3055	+	1792	2237
3059	+	1817	1982
3060	+	1817	2237
3068	+	1851	2237
3070	+	1856	1982
3071	+	1857	1878
3072	+	1857	1916
3073	+	1857	1919
3074	+	1857	1944
3075	+	1857	1949
3076	+	1857	1980
3077	+	1857	2027
3078	+	1857	2032
3079	+	1857	2034
3080	+	1857	2040
3081	+	1857	2049
3082	+	1857	2054
3083	+	1857	2120
3084	+	1857	2136
3085	+	1857	2162
3086	+	1857	2194
3087	+	1857	2230
3088	+	1857	2231
3089	+	1857	2234
3090	+	1857	2239
3091	+	1857	2243
3092	+	1857	2244
3093	+	1857	2250
3094	+	1857	2253
3095	+	1857	2258
3096	+	1857	2260
3097	+	1857	2261
3098	+	1857	2272
3099	+	1857	2289
3100	+	1857	2292
3101	+	1857	2293
3102	+	1857	2300
3103	+	1857	2308
3104	+	1857	2317
3105	+	1857	2319
3106	+	1857	2321
3107	+	1857	2325
3108	+	1857	2327
3109	+	1857	2328
3110	+	1857	2337
3111	+	1857	2345
3112	+	1857	2346
3113	+	1857	2349
3114	+	1857	2355
3115	+	1857	2356
3116	+	1859	1957
3117	+	1859	1982
3118	+	1870	1944
3119	+	1876	2238
3120	+	1881	1982
3131	+	1929	2238
3132	+	1944	1957
3133	+	1944	2040
3134	+	1944	2232
3135	+	1944	2233
3136	+	1944	2240
3137	+	1944	2245
3138	+	1944	2252
3139	+	1944	2255
3140	+	1944	2259
3141	+	1944	2278
3142	+	1944	2285
3143	+	1944	2290
3144	+	1944	2291
3145	+	1944	2304
3146	+	1944	2309
3147	+	1944	2311
3148	+	1944	2314
3149	+	1944	2323
3150	+	1944	2340
3151	+	1944	2342
3152	+	1944	2344
3153	+	1945	1982
3167	+	1982	2083
3168	+	1982	2192
3169	+	1982	2249
3170	+	1982	2251
3171	+	1982	2330
3172	+	1984	2027
3178	+	2027	2049
3179	+	2027	2124
3180	+	2027	2214
3181	+	2027	2255
3184	+	2049	2329
3187	+	2083	2237
3190	+	2201	2310
3191	+	2201	2313
3192	+	2237	2273
3193	+	2237	2274
3194	+	2237	2305
3195	+	2237	2315
3196	+	2238	2246
3197	+	2238	2256
3198	+	2238	2263
3199	+	2238	2283
3200	+	2238	2287
3201	+	2238	2288
3202	+	2238	2307
3203	+	2238	2316
3204	+	2238	2333
3205	+	2238	2350
3206	+	2241	2242
3207	+	2266	2322
3208	+	2282	2353
3209	+	2331	2332
3210	+	2334	2335
