196	+	55	66
197	+	56	66
204	+	62	2500
218	+	66	86
219	+	66	126
221	+	66	1004
222	+	66	1058
223	+	66	2430
224	+	66	2455
225	+	66	2577
226	+	66	2682
258	+	80	2217
261	+	82	2681
262	+	83	2149
273	+	99	2149
297	+	119	2149
316	+	131	2652
317	+	132	2652
362	+	158	1233
394	+	160	1137
407	+	163	1372
450	+	173	1109
535	+	216	1372
603	+	228	239
607	+	234	529
609	+	234	2286
619	+	245	1173
621	+	245	1387
622	+	245	1650
623	+	245	2414
644	+	280	1233
651	+	297	2469
652	+	298	1372
696	+	322	1011
703	+	324	2409
719	+	336	1132
721	+	337	1372
740	+	354	1372
742	+	356	534
743	+	357	2377
746	+	360	534
775	+	382	2391
804	+	424	2409
910	+	455	534
924	+	461	554
945	+	487	534
949	+	494	554
951	+	497	534
953	+	499	554
958	+	508	554
960	+	510	554
963	+	512	534
966	+	516	534
984	+	524	534
985	+	525	534
986	+	526	534
990	+	529	2579
994	+	533	534
995	+	534	560
996	+	534	566
997	+	534	574
998	+	534	586
999	+	534	593
1000	+	534	2589
1002	+	535	2582
1003	+	537	554
1011	+	542	554
1013	+	548	1372
1020	+	554	576
1021	+	554	583
1022	+	554	588
1023	+	554	596
1024	+	554	2425
1025	+	554	2436
1026	+	554	2454
1027	+	554	2458
1028	+	554	2543
1029	+	554	2550
1030	+	554	2551
1031	+	554	2624
1062	+	594	1233
1064	+	594	2004
1065	+	594	2161
1066	+	594	2176
1067	+	595	1372
1086	+	602	615
1091	+	606	2377
1096	+	613	615
1097	+	615	2184
1098	+	615	2365
1099	+	615	2384
1100	+	615	2395
1101	+	615	2398
1102	+	615	2415
1103	+	615	2506
1104	+	615	2573
1105	+	615	2635
1106	+	615	2657
1107	+	615	2658
1108	+	615	2686
1109	+	617	2176
1110	+	617	2377
1655	+	639	2149
1704	+	648	1109
1705	+	648	2004
1726	+	660	1193
1728	+	660	1518
1730	+	660	1888
1731	+	660	2057
1732	+	660	2435
1733	+	660	2466
1734	+	660	2527
1735	+	660	2560
1739	+	667	1658
1742	+	670	1953
1746	+	673	2459
1820	+	684	1134
1821	+	684	1658
1898	+	699	1233
1901	+	699	1479
1951	+	720	2149
1953	+	725	1134
2008	+	749	908
2012	+	758	1134
2013	+	758	1658
2015	+	762	1658
2019	+	763	1688
2021	+	763	2165
2022	+	763	2257
2023	+	763	2463
2024	+	763	2600
2025	+	763	2637
2026	+	763	2669
2027	+	763	2685
2029	+	765	2375
2031	+	771	2369
2048	+	790	1479
2053	+	796	1233
2054	+	798	1134
2055	+	798	1658
2060	+	807	1132
2104	+	822	1109
2106	+	822	1721
2107	+	827	1109
2112	+	830	2149
2121	+	835	1233
2125	+	835	1757
2128	+	835	2004
2129	+	835	2161
2130	+	835	2176
2157	+	843	1061
2158	+	847	1268
2163	+	852	1109
2166	+	854	2569
2167	+	859	1109
2178	+	864	1109
2182	+	877	1132
2192	+	887	2149
2193	+	891	2149
2214	+	907	1109
2215	+	908	1050
2216	+	908	2475
2217	+	908	2629
2220	+	914	1109
2226	+	918	1132
2228	+	923	1109
2230	+	924	1134
2231	+	924	1658
2237	+	939	1134
2238	+	939	1658
2244	+	952	1953
2254	+	961	1109
2255	+	963	1109
2257	+	967	1658
2258	+	967	2459
2259	+	969	1658
2262	+	973	1061
2265	+	979	2437
2266	+	980	1109
2267	+	982	1134
2281	+	991	1658
2284	+	1002	1137
2286	+	1002	2095
2289	+	1009	1233
2290	+	1011	1140
2291	+	1011	1243
2294	+	1011	1340
2295	+	1011	1390
2296	+	1011	1413
2300	+	1011	1535
2301	+	1011	1585
2302	+	1011	1630
2303	+	1011	1702
2304	+	1011	1987
2305	+	1011	2604
2306	+	1015	1233
2309	+	1021	1061
2311	+	1023	1156
2312	+	1023	2149
2313	+	1024	1134
2315	+	1027	1757
2320	+	1039	1233
2321	+	1039	2176
2322	+	1045	1156
2323	+	1049	1233
2327	+	1059	1109
2328	+	1061	1413
2329	+	1061	2578
2331	+	1073	1109
2333	+	1079	1109
2365	+	1085	1953
2370	+	1086	1757
2372	+	1086	2004
2373	+	1086	2161
2374	+	1086	2176
2377	+	1092	1132
2378	+	1100	2149
2379	+	1103	1233
2416	+	1109	1116
2417	+	1109	1218
2418	+	1109	1231
2419	+	1109	1233
2420	+	1109	1263
2422	+	1109	2170
2423	+	1109	2326
2424	+	1109	2374
2425	+	1109	2411
2426	+	1109	2412
2427	+	1109	2432
2428	+	1109	2474
2429	+	1109	2484
2430	+	1109	2519
2431	+	1109	2606
2432	+	1109	2679
2476	+	1128	1233
2477	+	1132	1601
2478	+	1132	1639
2479	+	1132	2368
2480	+	1132	2390
2481	+	1132	2525
2482	+	1132	2548
2483	+	1132	2610
2484	+	1132	2616
2485	+	1132	2673
2487	+	1134	1192
2488	+	1134	1201
2489	+	1134	1260
2490	+	1134	1273
2491	+	1134	1658
2492	+	1134	1803
2493	+	1134	2424
2495	+	1137	1252
2496	+	1137	1272
2497	+	1137	1584
2498	+	1137	2388
2499	+	1137	2443
2500	+	1137	2613
2502	+	1138	2389
2505	+	1143	1786
2511	+	1156	1669
2512	+	1156	1786
2513	+	1156	2465
2515	+	1166	1268
2522	+	1181	1786
2572	+	1196	1606
2576	+	1201	1658
2577	+	1202	2176
2589	+	1228	2149
2591	+	1231	2375
2593	+	1233	1387
2594	+	1233	1416
2595	+	1233	1423
2596	+	1233	1586
2597	+	1233	1700
2598	+	1233	1742
2599	+	1233	1773
2600	+	1233	1778
2601	+	1233	1851
2602	+	1233	1932
2603	+	1233	2004
2604	+	1233	2081
2605	+	1233	2117
2606	+	1233	2161
2607	+	1233	2176
2608	+	1233	2190
2609	+	1233	2202
2610	+	1233	2264
2611	+	1233	2329
2612	+	1233	2372
2613	+	1233	2373
2614	+	1233	2393
2615	+	1233	2400
2616	+	1233	2402
2617	+	1233	2407
2618	+	1233	2420
2619	+	1233	2429
2620	+	1233	2467
2621	+	1233	2468
2622	+	1233	2471
2623	+	1233	2472
2624	+	1233	2473
2625	+	1233	2485
2626	+	1233	2487
2627	+	1233	2488
2628	+	1233	2498
2629	+	1233	2502
2630	+	1233	2510
2631	+	1233	2515
2632	+	1233	2516
2633	+	1233	2521
2634	+	1233	2526
2635	+	1233	2533
2636	+	1233	2544
2637	+	1233	2545
2638	+	1233	2549
2639	+	1233	2555
2640	+	1233	2591
2641	+	1233	2593
2642	+	1233	2594
2643	+	1233	2595
2644	+	1233	2612
2645	+	1233	2646
2646	+	1233	2654
2647	+	1233	2655
2648	+	1233	2688
2649	+	1233	2689
2661	+	1261	1658
2662	+	1268	2401
2663	+	1268	2446
2664	+	1268	2461
2665	+	1268	2462
2666	+	1268	2529
2667	+	1268	2531
2668	+	1268	2561
2669	+	1268	2572
2670	+	1268	2615
2671	+	1268	2644
2672	+	1268	2661
2673	+	1268	2663
2674	+	1268	2665
2679	+	1272	1757
2680	+	1273	1658
2684	+	1276	2095
2702	+	1321	2505
2708	+	1325	1326
2709	+	1326	2645
2788	+	1348	1434
2790	+	1348	2437
2793	+	1350	1500
2853	+	1372	1432
2855	+	1372	2419
2856	+	1372	2476
2857	+	1372	2614
2877	+	1397	1426
2940	+	1426	1505
2941	+	1426	1617
2942	+	1426	1923
2944	+	1426	1993
2945	+	1426	2161
2946	+	1426	2342
2947	+	1426	2360
2948	+	1426	2396
2949	+	1426	2450
2950	+	1426	2547
2951	+	1426	2586
2952	+	1426	2632
2953	+	1426	2660
2958	+	1434	1959
2959	+	1434	1990
2960	+	1434	2007
2961	+	1434	2133
2962	+	1434	2283
2986	+	1442	1643
3004	+	1450	2413
3011	+	1461	1841
3114	+	1476	2413
3122	+	1479	1528
3143	+	1488	1566
3151	+	1499	2505
3156	+	1517	1573
3184	+	1539	1786
3186	+	1551	2363
3191	+	1559	1566
3192	+	1566	1667
3193	+	1566	2479
3196	+	1570	2544
3197	+	1571	1606
3198	+	1573	2452
3199	+	1584	2095
3203	+	1606	2438
3204	+	1606	2489
3205	+	1606	2583
3212	+	1634	2270
3213	+	1634	2286
3222	+	1664	2330
3223	+	1669	1786
3224	+	1669	2149
3225	+	1669	2150
3294	+	1693	1841
3326	+	1696	1757
3337	+	1700	2176
3382	+	1720	1841
3383	+	1721	1729
3384	+	1721	1748
3385	+	1721	1844
3386	+	1721	2062
3387	+	1721	2217
3396	+	1730	1841
3424	+	1748	2004
3433	+	1750	2363
3451	+	1755	1841
3452	+	1757	1830
3454	+	1757	1878
3455	+	1757	1881
3456	+	1757	1919
3457	+	1757	1945
3459	+	1757	1998
3460	+	1757	2034
3461	+	1757	2083
3462	+	1757	2195
3463	+	1757	2251
3464	+	1757	2272
3465	+	1757	2330
3466	+	1757	2421
3467	+	1757	2447
3468	+	1757	2532
3469	+	1757	2570
3470	+	1757	2588
3471	+	1757	2592
3482	+	1776	1841
3483	+	1778	2176
3485	+	1786	1831
3486	+	1786	2051
3487	+	1786	2149
3488	+	1786	2219
3494	+	1816	2176
3498	+	1823	1953
3499	+	1824	2398
3503	+	1834	2405
3507	+	1841	1877
3508	+	1841	1940
3509	+	1841	2000
3510	+	1841	2076
3511	+	1841	2119
3512	+	1841	2134
3513	+	1841	2371
3514	+	1841	2387
3515	+	1841	2426
3516	+	1841	2451
3517	+	1841	2486
3518	+	1841	2576
3519	+	1841	2603
3520	+	1841	2619
3521	+	1841	2659
3522	+	1844	2004
3523	+	1844	2375
3524	+	1849	2375
3589	+	1929	2565
3590	+	1932	2176
3591	+	1936	2149
3592	+	1941	2150
3616	+	1953	2378
3617	+	1953	2539
3629	+	1974	2391
3639	+	1998	2330
3640	+	2003	2037
3641	+	2003	2095
3642	+	2003	2439
3643	+	2003	2690
3644	+	2004	2161
3645	+	2004	2176
3646	+	2004	2202
3647	+	2004	2533
3648	+	2004	2675
3649	+	2004	2691
3652	+	2015	2217
3654	+	2020	2381
3659	+	2037	2095
3662	+	2048	2452
3667	+	2083	2330
3668	+	2095	2664
3669	+	2111	2505
3670	+	2117	2176
3671	+	2123	2149
3673	+	2133	2437
3674	+	2145	2398
3675	+	2149	2174
3676	+	2149	2220
3677	+	2149	2495
3678	+	2149	2496
3679	+	2149	2507
3680	+	2149	2535
3681	+	2149	2559
3682	+	2149	2651
3683	+	2149	2656
3684	+	2149	2671
3685	+	2155	2469
3686	+	2157	2478
3687	+	2161	2176
3688	+	2161	2202
3689	+	2161	2375
3690	+	2174	2405
3691	+	2176	2202
3692	+	2176	2372
3693	+	2176	2375
3694	+	2176	2471
3695	+	2176	2472
3696	+	2176	2485
3697	+	2176	2498
3698	+	2176	2515
3699	+	2176	2544
3700	+	2176	2564
3701	+	2176	2630
3702	+	2176	2638
3703	+	2178	2363
3704	+	2184	2437
3706	+	2189	2563
3707	+	2189	2636
3710	+	2217	2522
3726	+	2249	2330
3728	+	2268	2622
3729	+	2270	2286
3730	+	2270	2397
3731	+	2270	2571
3732	+	2270	2575
3733	+	2270	2584
3734	+	2270	2590
3736	+	2286	2397
3737	+	2286	2408
3738	+	2286	2571
3739	+	2286	2575
3740	+	2286	2584
3741	+	2286	2590
3742	+	2286	2627
3743	+	2286	2631
3744	+	2286	2662
3745	+	2303	2409
3746	+	2311	2405
3747	+	2330	2464
3748	+	2330	2504
3749	+	2330	2580
3750	+	2330	2621
3753	+	2346	2377
3754	+	2354	2568
3755	+	2358	2359
3756	+	2358	2394
3757	+	2358	2416
3758	+	2358	2497
3759	+	2358	2554
3760	+	2358	2558
3761	+	2358	2585
3762	+	2358	2643
3763	+	2358	2666
3764	+	2361	2362
3765	+	2363	2364
3766	+	2363	2413
3767	+	2363	2449
3768	+	2363	2480
3769	+	2363	2481
3770	+	2363	2483
3771	+	2363	2494
3772	+	2363	2501
3773	+	2363	2536
3774	+	2363	2562
3775	+	2363	2649
3776	+	2363	2650
3777	+	2366	2367
3778	+	2369	2370
3779	+	2369	2448
3780	+	2369	2524
3781	+	2369	2605
3782	+	2369	2611
3783	+	2369	2617
3784	+	2375	2376
3785	+	2375	2386
3786	+	2375	2477
3787	+	2377	2385
3788	+	2377	2423
3789	+	2377	2442
3790	+	2377	2444
3791	+	2377	2445
3792	+	2377	2482
3793	+	2377	2508
3794	+	2377	2509
3795	+	2377	2514
3796	+	2377	2520
3797	+	2377	2557
3798	+	2377	2564
3799	+	2377	2587
3800	+	2377	2588
3801	+	2377	2596
3802	+	2377	2597
3803	+	2377	2607
3804	+	2377	2608
3805	+	2377	2623
3806	+	2377	2628
3807	+	2377	2639
3808	+	2377	2676
3809	+	2377	2680
3810	+	2379	2380
3811	+	2379	2556
3812	+	2379	2633
3813	+	2379	2634
3814	+	2382	2383
3815	+	2382	2695
3816	+	2383	2625
3817	+	2384	2398
3818	+	2391	2392
3819	+	2391	2406
3820	+	2391	2667
3821	+	2391	2687
3822	+	2398	2399
3823	+	2398	2422
3824	+	2398	2528
3825	+	2398	2573
3826	+	2403	2404
3827	+	2403	2534
3828	+	2403	2683
3829	+	2405	2678
3830	+	2409	2410
3831	+	2409	2546
3832	+	2409	2672
3833	+	2409	2677
3834	+	2413	2431
3835	+	2413	2513
3836	+	2413	2581
3837	+	2413	2626
3838	+	2413	2640
3839	+	2417	2418
3840	+	2417	2517
3841	+	2417	2518
3842	+	2417	2694
3843	+	2427	2428
3844	+	2427	2530
3845	+	2433	2434
3846	+	2440	2441
3847	+	2440	2523
3848	+	2440	2537
3849	+	2440	2538
3850	+	2440	2668
3851	+	2452	2453
3852	+	2452	2460
3853	+	2452	2552
3854	+	2452	2553
3855	+	2452	2574
3856	+	2452	2609
3857	+	2456	2457
3858	+	2459	2618
3859	+	2469	2470
3860	+	2469	2490
3861	+	2469	2493
3862	+	2469	2499
3863	+	2469	2503
3864	+	2469	2648
3865	+	2469	2674
3866	+	2491	2492
3867	+	2505	2620
3868	+	2511	2512
3869	+	2540	2541
3870	+	2540	2542
3871	+	2566	2567
3872	+	2566	2670
3873	+	2598	2599
3874	+	2601	2602
3875	+	2625	2647
3876	+	2625	2684
3877	+	2641	2642
3878	+	2652	2653
3879	+	2692	2693
