8	+	3	1785
52	+	16	26
99	+	26	30
100	+	26	38
101	+	26	41
102	+	26	158
103	+	26	408
104	+	26	435
105	+	26	2422
106	+	26	2639
107	+	26	2734
108	+	26	2838
109	+	26	2849
110	+	26	2896
159	+	46	122
244	+	68	1273
274	+	80	2202
283	+	90	122
284	+	91	113
298	+	105	113
299	+	105	122
301	+	111	1323
302	+	113	117
303	+	113	118
304	+	113	140
306	+	113	780
309	+	113	1622
310	+	113	1636
311	+	113	1796
312	+	113	1916
313	+	113	2054
314	+	113	2948
315	+	113	2950
317	+	116	439
321	+	116	699
334	+	122	139
335	+	122	149
336	+	122	2727
337	+	122	2950
338	+	122	2978
339	+	122	3040
359	+	132	2700
376	+	145	2700
380	+	154	933
381	+	154	934
406	+	157	439
407	+	157	933
408	+	157	934
409	+	157	2192
444	+	160	1276
510	+	176	2699
511	+	178	392
587	+	213	2709
650	+	225	1765
651	+	225	1787
661	+	229	594
665	+	234	1124
669	+	238	439
674	+	242	2192
684	+	248	1321
686	+	254	447
695	+	260	2055
696	+	262	392
697	+	264	1321
706	+	271	933
707	+	271	934
710	+	279	2709
714	+	285	2080
715	+	285	2296
716	+	285	2545
717	+	285	2706
718	+	285	2708
719	+	285	2768
720	+	285	2789
721	+	285	2992
737	+	305	439
742	+	306	1348
744	+	306	3007
749	+	313	1817
752	+	315	1817
755	+	316	1107
794	+	329	909
811	+	343	2709
814	+	348	933
815	+	348	934
862	+	390	933
863	+	390	2192
864	+	392	1743
865	+	392	1842
866	+	392	2778
867	+	392	2889
868	+	392	3046
875	+	406	2709
889	+	413	1875
894	+	417	2891
896	+	420	439
897	+	421	447
902	+	426	439
954	+	439	440
955	+	439	442
956	+	439	447
957	+	439	469
958	+	439	470
959	+	439	506
960	+	439	518
961	+	439	540
962	+	439	553
963	+	439	568
964	+	439	577
965	+	439	578
967	+	439	682
968	+	439	999
969	+	439	1448
970	+	439	1547
971	+	439	1820
972	+	439	1973
973	+	439	2508
974	+	439	2730
975	+	439	2732
976	+	439	2764
977	+	439	2776
978	+	439	2790
979	+	439	2791
980	+	439	2792
981	+	439	2797
982	+	439	2866
983	+	439	2906
984	+	439	2949
985	+	439	2993
986	+	439	3000
987	+	439	3050
1015	+	447	501
1016	+	447	539
1017	+	447	541
1018	+	447	573
1019	+	447	581
1020	+	447	584
1022	+	447	620
1025	+	447	719
1026	+	447	793
1027	+	447	828
1028	+	447	961
1030	+	447	1189
1031	+	447	1210
1032	+	447	1416
1033	+	447	1536
1034	+	447	2292
1035	+	447	2429
1036	+	447	2484
1037	+	447	2757
1038	+	447	2802
1039	+	447	2803
1040	+	447	2804
1041	+	447	2821
1042	+	447	2824
1043	+	447	2865
1044	+	447	2967
1045	+	447	2988
1046	+	447	2991
1047	+	447	3012
1048	+	447	3058
1071	+	454	2699
1073	+	455	2698
1074	+	455	2699
1089	+	461	2729
1092	+	467	1387
1093	+	467	2698
1095	+	468	2698
1096	+	468	2699
1100	+	475	2192
1109	+	481	933
1110	+	481	2192
1119	+	492	2192
1121	+	493	1017
1125	+	494	2729
1126	+	496	933
1127	+	496	2192
1129	+	497	2709
1133	+	506	2192
1138	+	508	2698
1139	+	508	2699
1142	+	510	2698
1143	+	510	2699
1146	+	511	2909
1148	+	512	2698
1149	+	512	2699
1153	+	516	2698
1154	+	516	2699
1155	+	518	2192
1174	+	524	2202
1175	+	524	2709
1177	+	525	2698
1178	+	525	2699
1180	+	526	2699
1207	+	542	2729
1215	+	552	2698
1216	+	552	2699
1217	+	553	2192
1234	+	560	2698
1235	+	560	2699
1236	+	561	575
1243	+	563	1107
1244	+	563	2579
1246	+	565	600
1247	+	573	933
1248	+	573	934
1249	+	574	2698
1250	+	574	2699
1251	+	575	2952
1252	+	575	2954
1255	+	583	2729
1256	+	584	933
1257	+	584	934
1273	+	588	2729
1274	+	589	933
1275	+	589	2192
1276	+	592	933
1277	+	592	2192
1278	+	593	2698
1279	+	593	2699
1281	+	594	720
1283	+	594	835
1284	+	594	1027
1287	+	594	1998
1291	+	594	2202
1292	+	594	2373
1293	+	594	2857
1294	+	594	2986
1297	+	598	933
1419	+	620	2696
1887	+	640	933
1889	+	640	2192
1933	+	642	1273
1934	+	645	758
1938	+	648	963
1956	+	656	1244
1957	+	658	1785
1976	+	667	758
1977	+	667	1273
1979	+	668	1273
1981	+	669	2192
2000	+	678	1273
2062	+	684	758
2064	+	684	1244
2065	+	684	1273
2067	+	685	1323
2069	+	685	1860
2071	+	690	1273
2129	+	694	1086
2131	+	695	1785
2141	+	698	758
2145	+	699	790
2147	+	699	829
2148	+	699	852
2149	+	699	859
2151	+	699	1086
2156	+	699	1352
2158	+	699	1404
2159	+	699	1444
2163	+	699	1511
2164	+	699	1528
2167	+	699	1567
2168	+	699	1589
2169	+	699	1591
2170	+	699	1592
2171	+	699	1682
2173	+	699	2178
2174	+	699	2202
2175	+	699	2255
2176	+	699	2545
2177	+	699	2696
2178	+	699	2706
2179	+	699	2708
2180	+	699	2787
2181	+	699	2935
2182	+	699	2959
2186	+	701	1086
2214	+	711	1273
2215	+	714	2202
2225	+	720	1274
2232	+	722	1273
2254	+	731	933
2257	+	731	2170
2258	+	732	758
2289	+	745	1273
2297	+	758	798
2298	+	758	842
2299	+	758	855
2300	+	758	924
2301	+	758	939
2302	+	758	971
2303	+	758	994
2304	+	758	1026
2305	+	758	1042
2306	+	758	1063
2308	+	758	1201
2309	+	758	1247
2310	+	758	1261
2311	+	758	1343
2313	+	758	1672
2314	+	758	1730
2315	+	758	1741
2316	+	758	1755
2317	+	758	1803
2318	+	758	2207
2319	+	758	2424
2320	+	758	2784
2321	+	758	2785
2322	+	758	2890
2323	+	758	2921
2324	+	758	2942
2325	+	758	2972
2326	+	758	2981
2327	+	758	3021
2328	+	758	3038
2329	+	758	3062
2330	+	758	3063
2332	+	762	1273
2347	+	765	933
2349	+	768	1273
2358	+	780	1272
2369	+	790	1404
2372	+	790	2111
2373	+	790	2919
2379	+	798	1244
2380	+	798	1273
2383	+	801	933
2384	+	801	934
2385	+	802	1817
2426	+	810	2192
2434	+	817	1273
2435	+	822	934
2444	+	829	2202
2445	+	829	2545
2446	+	829	2706
2455	+	832	2501
2457	+	835	1086
2459	+	835	1276
2464	+	835	1817
2466	+	835	1957
2471	+	835	2202
2473	+	835	2739
2474	+	835	2961
2497	+	838	2192
2505	+	850	2192
2507	+	852	934
2513	+	855	1244
2514	+	855	1272
2515	+	855	1273
2516	+	858	933
2517	+	858	934
2518	+	859	933
2519	+	859	963
2520	+	859	1086
2526	+	859	1875
2527	+	859	2192
2534	+	864	963
2537	+	871	933
2542	+	878	933
2543	+	878	934
2546	+	879	1273
2548	+	880	933
2549	+	881	1273
2555	+	887	1785
2575	+	894	1785
2576	+	896	934
2578	+	898	2192
2579	+	900	933
2580	+	900	934
2583	+	907	934
2588	+	909	934
2589	+	909	1252
2590	+	909	2042
2593	+	914	933
2594	+	914	934
2602	+	923	934
2607	+	924	1273
2609	+	926	2479
2610	+	927	1273
2613	+	931	933
2614	+	931	934
2616	+	933	934
2617	+	933	950
2618	+	933	956
2619	+	933	1001
2620	+	933	1073
2621	+	933	1103
2622	+	933	1140
2623	+	933	1161
2624	+	933	1162
2625	+	933	1213
2626	+	933	1650
2627	+	933	1656
2628	+	933	1674
2629	+	933	1830
2630	+	933	1849
2631	+	933	1866
2632	+	933	1892
2633	+	933	2152
2634	+	933	2224
2635	+	933	2251
2636	+	933	2312
2637	+	933	2466
2638	+	933	2539
2639	+	933	2703
2640	+	933	2704
2641	+	933	2712
2642	+	933	2722
2643	+	933	2724
2644	+	933	2728
2645	+	933	2776
2646	+	933	2790
2647	+	933	2796
2648	+	933	2807
2649	+	933	2810
2650	+	933	2812
2651	+	933	2813
2652	+	933	2816
2653	+	933	2827
2654	+	933	2879
2655	+	933	2880
2656	+	933	2904
2657	+	933	2907
2658	+	933	2908
2659	+	933	2918
2660	+	933	2944
2661	+	933	2946
2662	+	933	2974
2663	+	933	2979
2664	+	933	2995
2665	+	933	3011
2666	+	933	3023
2667	+	933	3025
2668	+	933	3028
2669	+	933	3047
2670	+	933	3061
2671	+	933	3064
2672	+	933	3068
2673	+	933	3069
2674	+	934	956
2675	+	934	1073
2676	+	934	1103
2677	+	934	1116
2678	+	934	1161
2679	+	934	1263
2680	+	934	1278
2681	+	934	1576
2682	+	934	1674
2683	+	934	1699
2684	+	934	1783
2685	+	934	2001
2687	+	934	2042
2688	+	934	2062
2689	+	934	2158
2690	+	934	2539
2691	+	934	2679
2692	+	934	2712
2693	+	934	2728
2694	+	934	2807
2695	+	934	2812
2696	+	934	2827
2697	+	934	2936
2698	+	935	1321
2701	+	939	1273
2708	+	952	1785
2716	+	955	3031
2722	+	963	2374
2723	+	963	2411
2724	+	963	2412
2725	+	963	2432
2727	+	966	1259
2728	+	967	1273
2731	+	968	1273
2732	+	969	1273
2737	+	976	2709
2753	+	984	1957
2757	+	991	1244
2758	+	991	1273
2760	+	993	1276
2761	+	994	1273
2765	+	1002	1276
2795	+	1027	1086
2798	+	1027	1817
2800	+	1027	2202
2802	+	1030	1244
2803	+	1030	1273
2806	+	1038	1273
2809	+	1039	2709
2810	+	1040	1273
2815	+	1058	1321
2818	+	1060	1321
2822	+	1066	1273
2823	+	1067	2192
2824	+	1068	1323
2826	+	1075	1323
2859	+	1084	1957
2862	+	1086	1107
2865	+	1086	1538
2866	+	1086	1617
2867	+	1086	1650
2868	+	1086	1663
2870	+	1086	1739
2873	+	1086	1759
2874	+	1086	1817
2875	+	1086	1851
2876	+	1086	1897
2877	+	1086	1945
2880	+	1086	2036
2881	+	1086	2148
2882	+	1086	2154
2885	+	1086	2202
2887	+	1086	2274
2888	+	1086	2368
2889	+	1086	2373
2890	+	1086	2714
2891	+	1086	2738
2892	+	1086	2783
2893	+	1086	2860
2894	+	1086	2905
2895	+	1086	3029
2897	+	1089	1785
2899	+	1097	2192
2900	+	1098	1528
2905	+	1103	1875
2939	+	1107	2767
2998	+	1120	1273
3031	+	1143	1785
3033	+	1145	1273
3034	+	1145	1321
3037	+	1147	1273
3039	+	1153	2709
3050	+	1173	2873
3051	+	1177	2192
3053	+	1181	1259
3103	+	1192	1244
3104	+	1192	1273
3107	+	1193	1888
3114	+	1202	1272
3116	+	1205	1321
3193	+	1244	1273
3194	+	1244	2754
3195	+	1244	2921
3198	+	1246	1474
3201	+	1254	1957
3202	+	1254	2111
3206	+	1259	2691
3207	+	1261	1273
3209	+	1267	1323
3226	+	1272	1353
3227	+	1272	1373
3228	+	1272	1584
3229	+	1272	1635
3230	+	1272	1636
3231	+	1272	1646
3234	+	1272	2388
3235	+	1272	2420
3236	+	1272	2443
3237	+	1272	2948
3238	+	1273	1375
3239	+	1273	1384
3240	+	1273	1597
3242	+	1273	2743
3243	+	1273	2754
3244	+	1273	2837
3245	+	1273	2864
3247	+	1274	1870
3248	+	1274	2736
3249	+	1274	2855
3251	+	1276	1584
3254	+	1276	2613
3269	+	1306	2202
3273	+	1321	1397
3275	+	1321	2610
3276	+	1321	2719
3277	+	1321	2758
3278	+	1321	2806
3279	+	1321	2869
3280	+	1321	2964
3281	+	1321	2987
3282	+	1321	2997
3283	+	1321	3035
3284	+	1323	3057
3372	+	1348	1959
3373	+	1348	1990
3374	+	1348	2007
3375	+	1348	2133
3391	+	1352	1404
3392	+	1352	2111
3408	+	1355	1767
3447	+	1374	1403
3449	+	1374	2759
3451	+	1379	2255
3452	+	1379	2696
3453	+	1379	2709
3469	+	1387	1987
3470	+	1387	2832
3482	+	1403	1430
3483	+	1403	1549
3484	+	1403	1558
3485	+	1403	1583
3486	+	1403	1616
3487	+	1403	1629
3488	+	1403	1642
3489	+	1403	1659
3490	+	1403	1661
3491	+	1403	1834
3492	+	1403	2344
3493	+	1403	2603
3494	+	1403	2659
3495	+	1403	2702
3496	+	1403	2759
3497	+	1403	2760
3498	+	1403	2775
3499	+	1403	2777
3500	+	1403	2926
3501	+	1403	2947
3502	+	1403	2983
3503	+	1403	3044
3504	+	1404	1509
3505	+	1404	2834
3518	+	1412	2709
3521	+	1417	2759
3615	+	1444	2264
3616	+	1444	2545
3617	+	1444	2706
3618	+	1444	2708
3634	+	1454	1785
3635	+	1456	2192
3640	+	1461	2759
3742	+	1474	2740
3743	+	1474	2826
3754	+	1483	2759
3786	+	1511	2545
3787	+	1511	2706
3792	+	1518	1888
3793	+	1518	2202
3794	+	1520	2706
3795	+	1520	2709
3821	+	1528	2980
3823	+	1534	1957
3831	+	1558	2759
3833	+	1561	2709
3841	+	1576	2192
3842	+	1579	2255
3843	+	1579	2709
3845	+	1589	2192
3846	+	1589	2255
3847	+	1591	2255
3848	+	1592	2255
3849	+	1592	2709
3857	+	1610	2202
3858	+	1612	2759
3869	+	1642	2759
3870	+	1645	2909
3872	+	1649	2862
3873	+	1649	3073
3877	+	1652	1785
3879	+	1661	1785
3880	+	1661	1875
3881	+	1664	2192
3883	+	1665	2192
3892	+	1673	2709
3893	+	1677	1817
3894	+	1678	2909
3895	+	1682	2255
4004	+	1707	1957
4077	+	1735	1875
4090	+	1739	1817
4091	+	1739	2192
4092	+	1742	2192
4104	+	1750	2501
4144	+	1761	1817
4154	+	1774	1817
4158	+	1784	1875
4159	+	1785	1821
4164	+	1788	1817
4165	+	1789	1817
4172	+	1817	1896
4173	+	1817	1912
4175	+	1817	1992
4176	+	1817	1994
4177	+	1817	2008
4178	+	1817	2017
4179	+	1817	2022
4180	+	1817	2045
4181	+	1817	2103
4182	+	1817	2171
4184	+	1817	2713
4185	+	1817	2733
4186	+	1817	2808
4187	+	1817	2809
4188	+	1817	2811
4189	+	1817	2916
4190	+	1817	2937
4191	+	1817	3071
4193	+	1820	2192
4221	+	1850	3022
4223	+	1852	2202
4225	+	1855	2264
4226	+	1855	2545
4227	+	1855	2706
4228	+	1855	2708
4277	+	1860	2127
4278	+	1860	2702
4279	+	1860	2711
4280	+	1860	2793
4281	+	1860	2859
4282	+	1860	2897
4283	+	1860	2898
4284	+	1860	2912
4285	+	1860	2913
4286	+	1860	2920
4287	+	1860	2931
4288	+	1860	2932
4289	+	1860	2933
4290	+	1860	2934
4291	+	1860	2971
4292	+	1860	3008
4293	+	1860	3009
4295	+	1875	1919
4296	+	1875	2162
4297	+	1875	2194
4298	+	1875	2214
4299	+	1875	2311
4300	+	1875	2325
4301	+	1875	2337
4302	+	1875	2635
4303	+	1875	2675
4304	+	1875	2720
4305	+	1875	2723
4306	+	1875	2774
4307	+	1875	2805
4308	+	1875	2814
4309	+	1875	2884
4310	+	1875	2930
4311	+	1875	2943
4312	+	1875	2960
4313	+	1875	2998
4314	+	1875	3045
4315	+	1875	3052
4317	+	1878	2202
4319	+	1881	2202
4324	+	1888	1912
4325	+	1888	2171
4326	+	1888	2435
4327	+	1888	2527
4328	+	1888	3053
4335	+	1923	2182
4336	+	1924	2863
4339	+	1929	2917
4342	+	1938	2192
4369	+	1956	1957
4370	+	1957	2215
4382	+	1968	2202
4393	+	1991	2696
4394	+	1998	2202
4396	+	2000	2759
4407	+	2008	2202
4409	+	2011	2867
4410	+	2011	2888
4415	+	2026	2255
4416	+	2026	2696
4421	+	2036	2202
4427	+	2066	2909
4430	+	2080	2202
4431	+	2080	2545
4432	+	2080	2706
4433	+	2080	2708
4434	+	2082	2192
4435	+	2083	2202
4439	+	2101	2739
4441	+	2111	2756
4446	+	2137	2202
4448	+	2146	2709
4459	+	2153	2709
4465	+	2167	2709
4466	+	2168	2192
4468	+	2175	2709
4482	+	2178	2501
4487	+	2192	2202
4488	+	2192	2249
4489	+	2192	2485
4490	+	2192	2621
4491	+	2192	2713
4492	+	2192	2733
4493	+	2192	2737
4494	+	2192	2741
4495	+	2192	2753
4496	+	2192	2755
4497	+	2192	2771
4498	+	2192	2800
4499	+	2192	2822
4500	+	2192	2823
4501	+	2192	2875
4502	+	2192	2885
4503	+	2192	2892
4504	+	2192	2893
4505	+	2192	2918
4506	+	2192	2939
4507	+	2192	2940
4508	+	2192	2941
4509	+	2192	2946
4510	+	2192	2957
4511	+	2192	3005
4512	+	2192	3018
4513	+	2192	3026
4514	+	2192	3032
4515	+	2192	3037
4516	+	2192	3039
4517	+	2192	3051
4518	+	2192	3054
4519	+	2192	3059
4520	+	2192	3060
4521	+	2192	3070
4522	+	2195	2202
4525	+	2202	2296
4526	+	2202	2356
4527	+	2202	2368
4528	+	2202	2447
4529	+	2202	2487
4530	+	2202	2488
4531	+	2202	2521
4532	+	2202	2544
4533	+	2202	2545
4534	+	2202	2588
4535	+	2202	2592
4536	+	2202	2654
4537	+	2202	2706
4538	+	2202	2708
4539	+	2202	2714
4540	+	2202	2719
4541	+	2202	2721
4542	+	2202	2738
4543	+	2202	2742
4544	+	2202	2749
4545	+	2202	2794
4546	+	2202	2795
4547	+	2202	2798
4548	+	2202	2811
4549	+	2202	2846
4550	+	2202	2853
4551	+	2202	2917
4552	+	2202	2951
4553	+	2202	2953
4554	+	2202	2985
4555	+	2202	3004
4556	+	2202	3017
4557	+	2202	3019
4558	+	2202	3034
4559	+	2202	3043
4560	+	2203	2709
4578	+	2257	2283
4579	+	2264	2545
4580	+	2264	2738
4581	+	2264	2768
4582	+	2264	2789
4583	+	2264	2820
4585	+	2267	2840
4586	+	2267	3013
4588	+	2268	2765
4596	+	2283	2833
4597	+	2283	2989
4607	+	2296	2545
4608	+	2296	2706
4609	+	2296	2708
4610	+	2297	2769
4613	+	2325	2765
4621	+	2351	2709
4623	+	2357	2705
4647	+	2368	2828
4687	+	2383	2684
4701	+	2407	2698
4702	+	2407	2699
4731	+	2457	2698
4732	+	2457	2699
4741	+	2479	2799
4743	+	2501	2770
4744	+	2501	2825
4749	+	2545	2706
4750	+	2545	2708
4751	+	2545	2725
4752	+	2545	2738
4753	+	2545	2768
4754	+	2545	2789
4755	+	2545	2798
4756	+	2545	2820
4765	+	2653	2700
4766	+	2684	2780
4768	+	2696	2697
4769	+	2698	2746
4770	+	2698	2747
4771	+	2698	2870
4772	+	2698	2881
4773	+	2698	2886
4774	+	2698	2895
4775	+	2698	2910
4776	+	2698	2924
4777	+	2698	2927
4778	+	2698	2928
4779	+	2698	2929
4780	+	2698	2976
4781	+	2699	2746
4782	+	2699	2747
4783	+	2699	2786
4784	+	2699	2854
4785	+	2699	2881
4786	+	2699	2886
4787	+	2699	2895
4788	+	2699	2910
4789	+	2699	2911
4790	+	2699	2914
4791	+	2699	2915
4792	+	2699	2924
4793	+	2699	2927
4794	+	2699	2928
4795	+	2699	2929
4796	+	2699	2976
4797	+	2699	3016
4798	+	2699	3041
4799	+	2699	3065
4800	+	2700	2701
4801	+	2700	2745
4802	+	2700	2839
4803	+	2700	2925
4804	+	2700	2977
4805	+	2700	2990
4806	+	2700	2996
4807	+	2700	3024
4808	+	2706	2707
4809	+	2706	2708
4810	+	2706	2725
4811	+	2706	2738
4812	+	2706	2768
4813	+	2706	2789
4814	+	2706	2820
4815	+	2706	2861
4816	+	2706	3014
4817	+	2708	2738
4818	+	2708	2768
4819	+	2708	2789
4820	+	2708	2820
4821	+	2709	2710
4822	+	2709	2726
4823	+	2709	2731
4824	+	2709	2735
4825	+	2709	2737
4826	+	2709	2744
4827	+	2709	2748
4828	+	2709	2750
4829	+	2709	2763
4830	+	2709	2772
4831	+	2709	2773
4832	+	2709	2779
4833	+	2709	2817
4834	+	2709	2818
4835	+	2709	2819
4836	+	2709	2835
4837	+	2709	2836
4838	+	2709	2840
4839	+	2709	2841
4840	+	2709	2843
4841	+	2709	2850
4842	+	2709	2851
4843	+	2709	2852
4844	+	2709	2856
4845	+	2709	2868
4846	+	2709	2882
4847	+	2709	2883
4848	+	2709	2887
4849	+	2709	2915
4850	+	2709	2945
4851	+	2709	2955
4852	+	2709	2956
4853	+	2709	2958
4854	+	2709	2959
4855	+	2709	2966
4856	+	2709	2968
4857	+	2709	2969
4858	+	2709	2970
4859	+	2709	2975
4860	+	2709	2984
4861	+	2709	2999
4862	+	2709	3006
4863	+	2709	3013
4864	+	2709	3036
4865	+	2709	3042
4866	+	2709	3055
4867	+	2709	3056
4868	+	2709	3067
4869	+	2715	2716
4870	+	2715	2788
4871	+	2717	2718
4872	+	2717	2815
4873	+	2717	2894
4874	+	2739	3015
4875	+	2751	2752
4876	+	2751	3072
4877	+	2759	2760
4878	+	2761	2762
4879	+	2761	2982
4880	+	2761	3010
4881	+	2765	2766
4882	+	2765	2801
4883	+	2765	2938
4884	+	2765	2973
4885	+	2765	3027
4886	+	2769	2842
4887	+	2781	2782
4888	+	2828	2829
4889	+	2829	2900
4890	+	2830	2831
4891	+	2830	3020
4892	+	2830	3030
4893	+	2844	2845
4894	+	2847	2848
4895	+	2847	2878
4896	+	2847	2899
4897	+	2847	2994
4898	+	2847	3033
4899	+	2847	3049
4900	+	2858	2859
4901	+	2871	2872
4902	+	2871	2874
4903	+	2871	2965
4904	+	2876	2877
4905	+	2900	2901
4906	+	2902	2903
4907	+	2922	2923
4908	+	2922	3066
4909	+	2936	3048
4910	+	2962	2963
4911	+	2962	3001
4912	+	3002	3003
