244	+	68	684
253	+	74	684
304	+	111	1499
305	+	111	2368
306	+	111	3119
326	+	116	684
329	+	116	810
330	+	116	814
338	+	116	2933
361	+	125	2897
381	+	142	684
452	+	160	1002
513	+	173	1374
514	+	173	1642
523	+	176	814
549	+	190	3103
691	+	242	3080
701	+	247	1313
715	+	264	1002
745	+	296	3076
747	+	297	3076
760	+	306	329
768	+	308	1313
817	+	329	823
818	+	329	900
820	+	329	1252
821	+	329	1746
822	+	329	1793
823	+	329	1807
824	+	329	1824
825	+	329	1892
826	+	329	2001
827	+	329	2042
828	+	329	2069
829	+	329	2121
830	+	329	2158
831	+	329	2190
832	+	329	2199
833	+	329	3168
834	+	329	3224
835	+	329	3252
873	+	365	2693
901	+	376	2693
931	+	413	1002
938	+	417	1246
1033	+	441	2913
1034	+	441	3080
1144	+	470	814
1159	+	482	3301
1167	+	491	685
1196	+	511	1643
1202	+	513	2106
1298	+	564	3242
1299	+	564	3243
1330	+	591	3080
1381	+	614	3221
1476	+	621	2311
1527	+	628	684
1991	+	642	742
1992	+	642	994
1998	+	648	814
2002	+	649	814
2003	+	650	3221
2039	+	665	684
2040	+	667	684
2048	+	670	1374
2049	+	670	1642
2068	+	679	810
2129	+	684	688
2130	+	684	690
2131	+	684	706
2132	+	684	711
2133	+	684	712
2134	+	684	722
2135	+	684	735
2137	+	684	745
2139	+	684	761
2140	+	684	762
2141	+	684	771
2142	+	684	774
2143	+	684	776
2144	+	684	777
2145	+	684	781
2146	+	684	782
2147	+	684	784
2148	+	684	796
2149	+	684	798
2150	+	684	815
2151	+	684	816
2152	+	684	842
2153	+	684	855
2154	+	684	863
2155	+	684	870
2156	+	684	881
2157	+	684	920
2158	+	684	938
2159	+	684	946
2160	+	684	949
2161	+	684	968
2162	+	684	969
2163	+	684	977
2164	+	684	979
2165	+	684	980
2166	+	684	991
2167	+	684	994
2168	+	684	1001
2169	+	684	1005
2170	+	684	1012
2171	+	684	1013
2172	+	684	1026
2173	+	684	1031
2174	+	684	1037
2175	+	684	1038
2176	+	684	1040
2177	+	684	1041
2178	+	684	1046
2179	+	684	1054
2180	+	684	1056
2181	+	684	1058
2182	+	684	1060
2183	+	684	1066
2184	+	684	1069
2185	+	684	1071
2186	+	684	1074
2187	+	684	1078
2188	+	684	1087
2189	+	684	1094
2190	+	684	1095
2191	+	684	1099
2192	+	684	1112
2193	+	684	1130
2195	+	684	1147
2196	+	684	1164
2197	+	684	1167
2198	+	684	1174
2199	+	684	1187
2200	+	684	1205
2201	+	684	1209
2202	+	684	1211
2203	+	684	1229
2204	+	684	1230
2205	+	684	1236
2207	+	684	1261
2208	+	684	1266
2210	+	684	1290
2211	+	684	1294
2212	+	684	1300
2213	+	684	1301
2214	+	684	1306
2215	+	684	1317
2216	+	684	1319
2217	+	684	1375
2218	+	684	1384
2219	+	684	1597
2221	+	684	2024
2222	+	684	2743
2223	+	684	2803
2224	+	684	2837
2225	+	684	2921
2226	+	684	2972
2227	+	684	3021
2228	+	684	3078
2229	+	684	3089
2230	+	684	3090
2231	+	684	3093
2232	+	684	3099
2233	+	684	3100
2234	+	684	3123
2235	+	684	3124
2236	+	684	3125
2237	+	684	3126
2238	+	684	3148
2239	+	684	3149
2240	+	684	3150
2241	+	684	3160
2242	+	684	3165
2243	+	684	3174
2244	+	684	3185
2245	+	684	3186
2246	+	684	3191
2247	+	684	3193
2248	+	684	3200
2249	+	684	3213
2250	+	684	3214
2251	+	684	3215
2252	+	684	3227
2253	+	684	3239
2254	+	684	3247
2255	+	684	3259
2256	+	684	3273
2257	+	684	3275
2258	+	684	3281
2259	+	684	3284
2260	+	684	3286
2261	+	684	3287
2262	+	685	720
2263	+	685	1060
2266	+	685	1499
2269	+	685	2252
2270	+	685	2309
2271	+	685	2329
2272	+	685	2856
2273	+	685	2897
2274	+	685	2912
2275	+	685	3036
2276	+	685	3105
2277	+	685	3107
2278	+	685	3119
2279	+	685	3178
2280	+	685	3188
2281	+	685	3203
2282	+	685	3206
2283	+	685	3253
2285	+	690	2141
2286	+	690	2579
2345	+	694	2055
2427	+	706	814
2446	+	720	1499
2450	+	720	3103
2478	+	735	1642
2479	+	735	2141
2480	+	735	2579
2554	+	761	2141
2555	+	761	2579
2577	+	774	2141
2578	+	774	2579
2579	+	777	2579
2602	+	793	2913
2606	+	798	994
2654	+	810	850
2655	+	810	859
2656	+	810	895
2657	+	810	1045
2659	+	810	1572
2660	+	810	1602
2661	+	810	1664
2662	+	810	1742
2663	+	810	1904
2664	+	810	1966
2665	+	810	2082
2666	+	810	2143
2668	+	810	2224
2669	+	810	2298
2670	+	810	3032
2671	+	810	3051
2672	+	810	3054
2673	+	810	3070
2674	+	810	3111
2675	+	810	3127
2676	+	810	3194
2684	+	814	859
2685	+	814	935
2686	+	814	1024
2687	+	814	1174
2688	+	814	1557
2689	+	814	1872
2690	+	814	2092
2691	+	814	3157
2692	+	814	3229
2693	+	814	3278
2717	+	835	1002
2730	+	835	2055
2775	+	855	1002
2790	+	859	2055
2793	+	859	3114
2795	+	861	2913
2803	+	866	2913
2818	+	887	986
2825	+	888	2311
2844	+	894	986
2852	+	906	1002
2853	+	906	2055
2874	+	920	2141
2875	+	920	2579
2883	+	926	1250
2888	+	930	2311
2892	+	931	1224
2893	+	931	2311
2984	+	952	986
2999	+	958	1499
3012	+	968	2141
3013	+	968	2579
3039	+	986	3232
3040	+	986	3288
3041	+	986	3300
3049	+	1002	1027
3052	+	1002	1577
3053	+	1002	1802
3054	+	1002	1829
3055	+	1002	1945
3057	+	1002	1998
3058	+	1002	2093
3060	+	1002	2171
3061	+	1002	2592
3062	+	1002	2783
3063	+	1002	2921
3064	+	1002	2936
3065	+	1002	2951
3066	+	1002	3082
3067	+	1002	3164
3068	+	1002	3173
3069	+	1002	3267
3094	+	1022	2897
3095	+	1022	3080
3104	+	1027	2055
3116	+	1040	2579
3117	+	1044	2311
3135	+	1078	2897
3210	+	1102	2016
3211	+	1102	3113
3212	+	1102	3145
3310	+	1120	2579
3315	+	1128	3114
3358	+	1164	1642
3359	+	1164	2141
3360	+	1164	2579
3363	+	1166	3139
3365	+	1169	2913
3371	+	1180	2913
3376	+	1182	2141
3377	+	1182	2579
3436	+	1202	1635
3438	+	1202	2897
3441	+	1207	2913
3450	+	1222	3102
3452	+	1224	2114
3453	+	1224	2214
3454	+	1224	2245
3455	+	1224	2311
3456	+	1224	2723
3457	+	1224	3135
3458	+	1224	3234
3464	+	1232	2913
3532	+	1246	2284
3534	+	1251	2913
3595	+	1289	2913
3607	+	1310	2913
3609	+	1311	2913
3610	+	1313	2242
3611	+	1313	3238
3612	+	1313	3270
3613	+	1313	3272
3614	+	1313	3295
3616	+	1314	2913
3638	+	1331	2268
3639	+	1331	3250
3640	+	1331	3305
3642	+	1334	3268
3728	+	1350	2897
3773	+	1364	2055
3799	+	1374	1558
3800	+	1374	1583
3801	+	1374	1612
3802	+	1374	1629
3803	+	1374	1642
3804	+	1374	1659
3805	+	1374	1661
3806	+	1374	1838
3807	+	1374	1923
3808	+	1374	1941
3809	+	1374	2016
3810	+	1374	2606
3812	+	1374	2760
3813	+	1374	2775
3814	+	1374	3087
3815	+	1374	3161
3816	+	1374	3207
3817	+	1374	3236
3875	+	1405	2311
3889	+	1413	2141
3890	+	1413	2579
3970	+	1438	1493
3971	+	1438	2351
3972	+	1438	2959
4118	+	1475	1635
4158	+	1499	1809
4159	+	1499	1822
4160	+	1499	2368
4161	+	1499	2504
4163	+	1499	2525
4164	+	1499	2637
4165	+	1499	3109
4166	+	1499	3143
4167	+	1499	3152
4168	+	1499	3205
4169	+	1499	3231
4170	+	1499	3257
4171	+	1499	3258
4173	+	1503	1643
4174	+	1504	2055
4214	+	1537	3119
4233	+	1577	1580
4234	+	1577	2443
4237	+	1583	1642
4256	+	1629	1642
4258	+	1634	1635
4262	+	1635	1636
4264	+	1635	2443
4265	+	1635	2948
4268	+	1640	2579
4269	+	1642	1659
4270	+	1642	1661
4271	+	1642	1838
4272	+	1642	1861
4273	+	1642	1923
4274	+	1642	2606
4276	+	1642	3044
4277	+	1642	3087
4278	+	1642	3104
4279	+	1642	3181
4280	+	1642	3187
4281	+	1644	3117
4291	+	1660	1989
4292	+	1660	3147
4298	+	1665	2913
4302	+	1669	3251
4478	+	1729	2055
4508	+	1739	2055
4513	+	1748	2055
4542	+	1756	2897
4619	+	1829	2055
4621	+	1835	2141
4622	+	1835	2579
4623	+	1835	2913
4718	+	1869	2579
4765	+	1931	2913
4767	+	1936	2055
4769	+	1936	2933
4772	+	1943	2913
4851	+	2037	2055
4853	+	2041	2055
4858	+	2055	2065
4859	+	2055	2305
4860	+	2055	3088
4861	+	2055	3132
4862	+	2055	3153
4863	+	2055	3170
4864	+	2055	3176
4865	+	2055	3179
4866	+	2055	3182
4867	+	2055	3196
4868	+	2055	3202
4869	+	2055	3208
4870	+	2055	3230
4871	+	2055	3249
4872	+	2055	3254
4873	+	2055	3264
4874	+	2055	3276
4875	+	2055	3289
4876	+	2055	3291
4877	+	2055	3292
4878	+	2061	2897
4890	+	2092	2913
4893	+	2106	2110
4894	+	2106	2297
4895	+	2106	3216
4896	+	2109	2933
4899	+	2114	2311
4902	+	2123	3218
4906	+	2141	3100
4907	+	2141	3158
4983	+	2194	3103
5023	+	2213	2933
5025	+	2220	2933
5042	+	2249	3080
5054	+	2268	2933
5055	+	2268	3119
5074	+	2287	2897
5075	+	2294	3119
5082	+	2311	2443
5083	+	2311	2723
5084	+	2311	3001
5085	+	2311	3135
5086	+	2311	3140
5087	+	2311	3172
5088	+	2311	3233
5089	+	2311	3234
5090	+	2311	3293
5098	+	2343	3169
5099	+	2343	3175
5100	+	2343	3204
5101	+	2343	3246
5103	+	2347	3141
5130	+	2368	2525
5132	+	2368	3210
5192	+	2410	3119
5227	+	2475	2629
5232	+	2503	3076
5247	+	2579	3100
5250	+	2621	3080
5254	+	2645	3080
5257	+	2655	2933
5260	+	2695	3244
5367	+	2723	2897
5375	+	2763	3274
5383	+	2820	3080
5396	+	2854	3119
5402	+	2897	2912
5403	+	2897	2932
5404	+	2897	2933
5405	+	2897	3022
5406	+	2897	3096
5407	+	2897	3097
5408	+	2897	3112
5409	+	2897	3118
5410	+	2897	3119
5411	+	2897	3128
5412	+	2897	3129
5413	+	2897	3145
5414	+	2897	3209
5415	+	2897	3248
5416	+	2897	3266
5419	+	2912	2913
5420	+	2912	2932
5421	+	2912	3119
5422	+	2912	3277
5423	+	2913	2971
5424	+	2913	3080
5425	+	2913	3083
5426	+	2913	3119
5427	+	2913	3122
5428	+	2913	3130
5429	+	2913	3180
5430	+	2913	3226
5431	+	2913	3237
5432	+	2913	3279
5435	+	2932	3019
5436	+	2932	3086
5437	+	2932	3098
5438	+	2932	3101
5439	+	2932	3108
5440	+	2932	3119
5441	+	2932	3121
5442	+	2932	3137
5443	+	2932	3138
5444	+	2932	3188
5445	+	2932	3198
5446	+	2932	3201
5447	+	2932	3222
5448	+	2932	3225
5449	+	2932	3228
5450	+	2932	3262
5451	+	2932	3304
5452	+	2933	3055
5453	+	2933	3116
5454	+	2933	3119
5455	+	2933	3151
5456	+	2933	3163
5457	+	2933	3166
5458	+	2933	3189
5459	+	2933	3192
5460	+	2933	3195
5461	+	2933	3197
5462	+	2933	3211
5463	+	2933	3217
5464	+	2933	3219
5465	+	2933	3240
5466	+	2933	3241
5467	+	2933	3271
5468	+	2933	3277
5469	+	2933	3290
5470	+	2933	3294
5471	+	2933	3296
5472	+	2933	3297
5473	+	2933	3303
5477	+	2971	3119
5478	+	2986	3119
5480	+	3074	3075
5481	+	3074	3079
5482	+	3074	3255
5483	+	3076	3077
5484	+	3076	3184
5485	+	3080	3081
5486	+	3080	3083
5487	+	3080	3106
5488	+	3080	3122
5489	+	3080	3130
5490	+	3080	3131
5491	+	3080	3146
5492	+	3080	3167
5493	+	3080	3180
5494	+	3080	3220
5495	+	3080	3223
5496	+	3080	3226
5497	+	3080	3306
5498	+	3084	3085
5499	+	3084	3144
5500	+	3084	3155
5501	+	3085	3133
5502	+	3091	3092
5503	+	3091	3136
5504	+	3091	3162
5505	+	3091	3171
5506	+	3091	3283
5507	+	3091	3285
5508	+	3091	3308
5509	+	3094	3095
5510	+	3103	3109
5511	+	3103	3120
5512	+	3105	3119
5513	+	3109	3110
5514	+	3109	3209
5515	+	3114	3115
5516	+	3119	3142
5517	+	3119	3156
5518	+	3119	3159
5519	+	3119	3177
5520	+	3119	3198
5521	+	3119	3199
5522	+	3119	3256
5523	+	3119	3263
5524	+	3119	3265
5525	+	3119	3269
5526	+	3119	3280
5527	+	3119	3282
5528	+	3119	3299
5529	+	3119	3302
5530	+	3133	3134
5531	+	3133	3183
5532	+	3133	3212
5533	+	3133	3235
5534	+	3133	3298
5535	+	3133	3307
5536	+	3141	3190
5537	+	3154	3155
5538	+	3218	3219
5539	+	3218	3277
5540	+	3244	3245
5541	+	3260	3261
