51	+	15	42
100	+	25	702
137	+	36	1832
138	+	36	3309
139	+	37	2273
140	+	37	2305
141	+	37	2315
143	+	42	246
144	+	42	1588
145	+	42	3439
221	+	54	55
222	+	55	56
224	+	55	82
225	+	55	86
226	+	55	89
227	+	55	126
228	+	55	611
229	+	55	711
230	+	55	938
231	+	55	991
232	+	55	1004
233	+	55	1058
234	+	55	1819
235	+	55	1846
236	+	55	2430
237	+	55	2455
238	+	55	2577
239	+	55	2602
240	+	55	2682
241	+	55	3390
242	+	55	3506
244	+	56	126
245	+	56	1004
246	+	56	1819
247	+	56	3367
286	+	71	1855
331	+	99	3330
376	+	116	3022
377	+	116	3248
381	+	119	3330
461	+	157	2249
567	+	176	3485
591	+	190	2322
600	+	193	702
734	+	242	1515
738	+	244	702
749	+	248	3468
752	+	254	2249
775	+	271	2249
807	+	302	3468
824	+	314	2058
828	+	315	2058
926	+	366	3348
927	+	368	3309
956	+	380	3339
994	+	417	2284
999	+	421	2249
1009	+	433	3333
1192	+	459	3401
1196	+	464	2249
1209	+	475	2249
1220	+	481	2249
1232	+	492	2249
1241	+	496	2249
1246	+	503	751
1247	+	503	3479
1250	+	506	2249
1253	+	507	1239
1271	+	514	2249
1321	+	538	2249
1325	+	541	1239
1334	+	549	1239
1341	+	553	1239
1381	+	579	3248
1407	+	592	2249
1457	+	614	3318
1554	+	622	829
1556	+	624	1832
1557	+	624	3309
1977	+	634	2058
2024	+	639	3330
2085	+	650	3318
2131	+	670	1629
2429	+	694	2447
2488	+	702	1007
2489	+	702	1214
2491	+	702	1842
2492	+	702	1847
2493	+	702	2098
2494	+	702	2155
2495	+	702	2181
2496	+	702	3528
2524	+	714	2058
2544	+	721	3372
2568	+	731	1183
2573	+	735	1629
2612	+	749	2629
2792	+	819	3339
2802	+	829	1408
2803	+	829	1511
2804	+	829	1855
2805	+	829	2195
2809	+	829	2887
2810	+	829	3316
2811	+	829	3338
2812	+	829	3377
2813	+	829	3379
2814	+	829	3380
2815	+	829	3386
2816	+	829	3398
2817	+	829	3434
2818	+	829	3440
2819	+	829	3515
2821	+	830	3330
2830	+	833	3361
2846	+	835	2058
2901	+	859	1183
2922	+	871	1183
2923	+	871	1629
2926	+	875	2249
2937	+	882	3372
3122	+	961	1183
3242	+	1050	2629
3257	+	1075	3248
3341	+	1105	1183
3468	+	1140	3339
3469	+	1141	3393
3479	+	1152	3310
3486	+	1164	1629
3508	+	1183	1866
3509	+	1183	2326
3510	+	1183	2804
3511	+	1183	3229
3512	+	1183	3429
3513	+	1183	3519
3516	+	1184	1533
3517	+	1184	1534
3518	+	1184	1535
3519	+	1184	1572
3520	+	1184	1585
3521	+	1184	1602
3522	+	1184	1630
3523	+	1184	1934
3524	+	1184	2091
3525	+	1184	2465
3526	+	1184	3229
3585	+	1202	3248
3606	+	1225	1239
3673	+	1239	1933
3674	+	1239	1967
3675	+	1239	2024
3676	+	1239	3181
3677	+	1239	3428
3678	+	1239	3448
3679	+	1239	3481
3680	+	1239	3503
3681	+	1239	3539
3753	+	1302	2058
3793	+	1325	3494
3875	+	1346	3339
3924	+	1357	1832
3925	+	1357	3309
3928	+	1360	3499
3985	+	1380	3499
4038	+	1405	1487
4039	+	1405	1638
4159	+	1444	2738
4168	+	1446	2084
4324	+	1492	3248
4325	+	1493	2750
4326	+	1494	1832
4327	+	1494	3309
4344	+	1501	2621
4353	+	1515	1766
4354	+	1515	1843
4355	+	1515	1849
4356	+	1515	2018
4357	+	1515	3277
4358	+	1515	3502
4394	+	1538	2058
4411	+	1571	1680
4418	+	1580	2443
4439	+	1629	1661
4440	+	1629	1838
4441	+	1629	1861
4442	+	1629	2016
4443	+	1629	2775
4444	+	1629	3087
4445	+	1629	3104
4446	+	1629	3157
4447	+	1629	3161
4448	+	1629	3187
4449	+	1629	3207
4450	+	1629	3236
4456	+	1634	2726
4490	+	1663	3250
4507	+	1680	2438
4662	+	1720	2387
4708	+	1739	2249
4742	+	1756	3022
4743	+	1756	3248
4775	+	1773	2249
4793	+	1816	2058
4817	+	1820	2249
4824	+	1832	1882
4825	+	1832	3004
4826	+	1832	3101
4827	+	1832	3228
4828	+	1832	3314
4829	+	1832	3315
4830	+	1832	3336
4831	+	1832	3345
4832	+	1832	3350
4833	+	1832	3353
4834	+	1832	3355
4835	+	1832	3357
4836	+	1832	3358
4837	+	1832	3360
4838	+	1832	3363
4839	+	1832	3368
4840	+	1832	3387
4841	+	1832	3391
4842	+	1832	3394
4843	+	1832	3409
4844	+	1832	3422
4845	+	1832	3426
4846	+	1832	3444
4847	+	1832	3445
4848	+	1832	3455
4849	+	1832	3456
4850	+	1832	3457
4851	+	1832	3490
4852	+	1832	3493
4855	+	1835	2249
4887	+	1855	2820
4888	+	1855	3163
4889	+	1855	3323
4890	+	1855	3337
4891	+	1855	3354
4892	+	1855	3363
4893	+	1855	3513
4959	+	1861	3339
4984	+	1877	2387
4986	+	1880	2859
4989	+	1882	3309
5015	+	1936	3083
5083	+	2008	3309
5125	+	2058	2083
5126	+	2058	2274
5127	+	2058	2439
5128	+	2058	2794
5129	+	2058	2798
5130	+	2058	3088
5131	+	2058	3396
5132	+	2058	3507
5134	+	2061	3248
5137	+	2068	2726
5138	+	2075	2249
5141	+	2080	2296
5145	+	2080	2738
5150	+	2084	2719
5151	+	2084	2918
5152	+	2084	3438
5153	+	2084	3508
5167	+	2123	3219
5210	+	2187	2750
5251	+	2195	2447
5289	+	2203	2351
5310	+	2249	2604
5311	+	2249	2722
5312	+	2249	2724
5313	+	2249	2733
5314	+	2249	2776
5315	+	2249	2918
5316	+	2249	2937
5318	+	2249	3312
5319	+	2249	3341
5320	+	2249	3381
5321	+	2249	3383
5322	+	2249	3395
5323	+	2249	3397
5324	+	2249	3412
5325	+	2249	3413
5326	+	2249	3416
5327	+	2249	3417
5328	+	2249	3418
5329	+	2249	3419
5330	+	2249	3425
5331	+	2249	3428
5332	+	2249	3458
5333	+	2249	3474
5334	+	2249	3497
5335	+	2249	3509
5336	+	2249	3512
5337	+	2249	3538
5374	+	2296	2738
5401	+	2351	2854
5402	+	2351	2895
5403	+	2351	3432
5404	+	2351	3482
5478	+	2397	2859
5486	+	2404	2683
5512	+	2447	3337
5513	+	2447	3478
5531	+	2473	3309
5540	+	2535	3330
5551	+	2548	2750
5562	+	2645	3083
5566	+	2671	3330
5567	+	2683	3326
5568	+	2683	3344
5569	+	2683	3349
5570	+	2683	3447
5571	+	2683	3492
5572	+	2683	3518
5573	+	2683	3524
5683	+	2718	3348
5684	+	2719	2750
5686	+	2725	2750
5687	+	2726	3101
5688	+	2726	3331
5689	+	2726	3400
5690	+	2726	3450
5691	+	2735	2750
5693	+	2750	2887
5694	+	2750	2975
5695	+	2750	2984
5696	+	2750	3327
5697	+	2750	3328
5698	+	2750	3332
5699	+	2750	3335
5700	+	2750	3352
5701	+	2750	3441
5702	+	2750	3461
5703	+	2750	3522
5704	+	2750	3523
5719	+	2782	3330
5720	+	2793	3393
5722	+	2820	3316
5735	+	2853	3248
5738	+	2859	2898
5739	+	2859	2931
5740	+	2859	2934
5741	+	2859	3136
5742	+	2859	3162
5743	+	2859	3313
5744	+	2859	3399
5745	+	2859	3454
5746	+	2859	3470
5747	+	2859	3488
5752	+	2887	3309
5829	+	2980	3389
5832	+	3004	3309
5833	+	3008	3393
5834	+	3022	3222
5835	+	3022	3248
5836	+	3022	3322
5837	+	3022	3346
5838	+	3022	3404
5839	+	3022	3408
5840	+	3022	3420
5841	+	3022	3423
5842	+	3022	3442
5843	+	3022	3464
5844	+	3029	3489
5863	+	3083	3146
5864	+	3083	3180
5865	+	3083	3226
5866	+	3083	3487
5879	+	3097	3248
5880	+	3098	3304
5881	+	3101	3304
5882	+	3101	3309
5886	+	3108	3304
5904	+	3122	3309
5905	+	3128	3248
5906	+	3129	3248
5913	+	3138	3304
5916	+	3173	3248
5917	+	3189	3219
5918	+	3193	3309
5919	+	3195	3219
5920	+	3198	3304
5921	+	3199	3304
5922	+	3201	3304
5925	+	3219	3277
5926	+	3219	3296
5927	+	3219	3329
5928	+	3219	3415
5929	+	3219	3446
5930	+	3219	3455
5931	+	3219	3532
5932	+	3219	3533
5933	+	3222	3248
5934	+	3222	3304
5935	+	3228	3304
5936	+	3228	3309
5937	+	3229	3516
5938	+	3240	3356
5940	+	3248	3321
5941	+	3248	3322
5942	+	3248	3324
5943	+	3248	3325
5944	+	3248	3402
5945	+	3248	3403
5946	+	3248	3404
5947	+	3248	3406
5948	+	3248	3408
5949	+	3248	3410
5950	+	3248	3414
5951	+	3248	3415
5952	+	3248	3420
5953	+	3248	3423
5954	+	3248	3442
5955	+	3248	3455
5956	+	3248	3464
5957	+	3250	3359
5958	+	3250	3407
5959	+	3250	3453
5961	+	3262	3304
5962	+	3271	3316
5963	+	3281	3309
5964	+	3304	3376
5965	+	3304	3384
5966	+	3304	3385
5967	+	3304	3409
5968	+	3304	3463
5969	+	3304	3483
5970	+	3304	3486
5971	+	3304	3491
5972	+	3304	3498
5973	+	3304	3514
5974	+	3304	3521
5975	+	3304	3527
5976	+	3309	3314
5977	+	3309	3315
5978	+	3309	3336
5979	+	3309	3345
5980	+	3309	3347
5981	+	3309	3350
5982	+	3309	3351
5983	+	3309	3353
5984	+	3309	3355
5985	+	3309	3357
5986	+	3309	3358
5987	+	3309	3360
5988	+	3309	3363
5989	+	3309	3368
5990	+	3309	3382
5991	+	3309	3387
5992	+	3309	3391
5993	+	3309	3394
5994	+	3309	3409
5995	+	3309	3422
5996	+	3309	3426
5997	+	3309	3438
5998	+	3309	3444
5999	+	3309	3445
6000	+	3309	3456
6001	+	3309	3457
6002	+	3309	3462
6003	+	3309	3465
6004	+	3309	3477
6005	+	3309	3480
6006	+	3309	3490
6007	+	3309	3493
6008	+	3309	3537
6009	+	3310	3311
6010	+	3310	3388
6011	+	3310	3449
6012	+	3310	3452
6013	+	3310	3501
6014	+	3310	3505
6015	+	3310	3520
6016	+	3316	3317
6017	+	3316	3336
6018	+	3316	3340
6019	+	3316	3484
6020	+	3318	3369
6021	+	3319	3320
6022	+	3319	3443
6023	+	3319	3466
6024	+	3319	3471
6025	+	3333	3334
6026	+	3333	3366
6027	+	3333	3427
6028	+	3333	3472
6029	+	3334	3392
6030	+	3339	3378
6031	+	3342	3343
6032	+	3342	3469
6033	+	3342	3496
6034	+	3348	3349
6035	+	3348	3518
6036	+	3356	3495
6037	+	3361	3362
6038	+	3364	3365
6039	+	3364	3473
6040	+	3370	3371
6041	+	3370	3433
6042	+	3370	3475
6043	+	3370	3504
6044	+	3370	3510
6045	+	3370	3517
6046	+	3372	3373
6047	+	3372	3405
6048	+	3372	3430
6049	+	3372	3529
6050	+	3372	3536
6051	+	3374	3375
6052	+	3374	3411
6053	+	3374	3424
6054	+	3374	3435
6055	+	3374	3531
6056	+	3392	3421
6057	+	3392	3451
6058	+	3401	3431
6059	+	3401	3534
6060	+	3414	3468
6061	+	3436	3437
6062	+	3459	3460
6063	+	3459	3476
6064	+	3459	3530
6065	+	3466	3467
6066	+	3485	3511
6067	+	3499	3500
6068	+	3499	3535
6069	+	3525	3526
