56	+	20	366
144	+	38	366
172	+	46	139
173	+	46	140
252	+	57	139
253	+	57	140
287	+	69	139
312	+	77	139
313	+	77	140
316	+	79	139
317	+	79	140
330	+	85	150
332	+	88	150
335	+	90	139
337	+	91	139
338	+	91	140
344	+	97	143
345	+	97	183
346	+	97	364
347	+	97	3679
359	+	105	139
360	+	105	140
361	+	106	139
362	+	106	140
368	+	112	3540
403	+	117	139
404	+	117	140
406	+	118	139
407	+	118	140
430	+	125	139
431	+	125	140
441	+	132	3600
447	+	139	149
449	+	139	602
450	+	139	613
451	+	139	868
452	+	139	1471
453	+	139	1487
454	+	139	1495
455	+	139	1636
456	+	139	1638
457	+	139	1654
460	+	139	2194
461	+	139	2287
462	+	139	2320
463	+	139	2365
464	+	139	2415
465	+	139	2948
466	+	139	2950
467	+	139	2978
468	+	139	3040
469	+	139	3129
470	+	139	3565
471	+	139	3702
472	+	139	3728
473	+	139	3736
474	+	139	3864
475	+	139	3865
476	+	139	3902
477	+	139	3918
479	+	140	1487
480	+	140	1495
481	+	140	1636
482	+	140	1638
483	+	140	2948
484	+	140	2950
485	+	140	3040
486	+	140	3702
487	+	140	3809
498	+	149	3566
499	+	150	319
500	+	150	1644
501	+	150	3679
503	+	151	581
534	+	157	1161
568	+	160	669
608	+	166	3615
629	+	173	370
631	+	173	1039
640	+	176	302
642	+	176	420
650	+	178	3581
699	+	204	3581
700	+	204	3630
812	+	235	3581
813	+	235	3630
818	+	241	242
819	+	241	1161
820	+	241	1402
821	+	241	1843
822	+	241	2018
823	+	241	3567
824	+	241	3690
825	+	241	3701
826	+	241	3839
827	+	241	4037
828	+	242	421
829	+	242	475
830	+	242	514
833	+	242	720
834	+	242	903
835	+	242	1045
836	+	242	1059
837	+	242	1073
838	+	242	1161
839	+	242	1200
840	+	242	1242
841	+	242	1258
842	+	242	1309
844	+	242	1533
845	+	242	1537
846	+	242	1691
847	+	242	1835
848	+	242	1843
849	+	242	1870
850	+	242	1934
851	+	242	1938
852	+	242	2018
853	+	242	2029
854	+	242	2046
856	+	242	2298
857	+	242	2304
858	+	242	2580
859	+	242	2621
860	+	242	2722
861	+	242	2893
862	+	242	2971
863	+	242	3039
864	+	242	3051
866	+	242	3106
867	+	242	3122
868	+	242	3199
869	+	242	3251
870	+	242	3281
871	+	242	3412
872	+	242	3553
873	+	242	3560
874	+	242	3567
875	+	242	3585
876	+	242	3622
877	+	242	3635
878	+	242	3648
879	+	242	3655
880	+	242	3675
881	+	242	3676
882	+	242	3677
883	+	242	3684
884	+	242	3690
885	+	242	3701
886	+	242	3724
887	+	242	3762
888	+	242	3788
889	+	242	3815
890	+	242	3819
891	+	242	3823
892	+	242	3841
893	+	242	3931
894	+	242	3948
895	+	242	4005
896	+	242	4019
897	+	242	4033
898	+	243	3581
899	+	243	3630
913	+	250	420
924	+	259	3543
928	+	262	3581
929	+	262	3630
930	+	263	3581
931	+	263	3630
946	+	274	965
950	+	280	2702
991	+	309	3589
992	+	310	2045
993	+	310	3540
998	+	313	2045
1003	+	315	2045
1007	+	316	1202
1075	+	339	670
1079	+	341	490
1080	+	341	3597
1106	+	366	3344
1108	+	366	3349
1112	+	370	461
1114	+	370	620
1115	+	370	670
1116	+	370	1039
1117	+	370	1729
1118	+	370	1748
1119	+	370	2606
1149	+	385	2259
1150	+	385	3610
1151	+	385	3678
1152	+	385	3841
1153	+	385	3851
1167	+	398	1413
1191	+	417	3453
1194	+	420	544
1195	+	420	568
1196	+	420	585
1197	+	420	1547
1198	+	420	2944
1199	+	420	2993
1200	+	420	3425
1201	+	420	4038
1209	+	427	3540
1212	+	429	3581
1216	+	436	3593
1298	+	441	581
1362	+	448	3540
1408	+	467	586
1409	+	467	1039
1412	+	468	586
1416	+	468	3203
1423	+	476	581
1432	+	480	485
1434	+	481	1161
1444	+	485	3860
1459	+	496	2621
1464	+	499	586
1465	+	500	578
1471	+	507	581
1497	+	518	578
1519	+	524	2882
1544	+	538	581
1546	+	539	581
1556	+	543	3282
1560	+	549	581
1586	+	560	1039
1589	+	560	2882
1590	+	560	3203
1604	+	566	2882
1605	+	566	3203
1613	+	577	578
1614	+	578	590
1615	+	578	682
1616	+	578	956
1617	+	578	1653
1618	+	578	1656
1619	+	578	2036
1620	+	578	2104
1621	+	578	2346
1622	+	578	2349
1623	+	578	2385
1624	+	578	2423
1625	+	578	2442
1626	+	578	2445
1627	+	578	2508
1628	+	578	2597
1629	+	578	2608
1630	+	578	2623
1631	+	578	2764
1632	+	578	2904
1633	+	578	2946
1634	+	578	2979
1635	+	578	3000
1636	+	578	3569
1637	+	578	3570
1638	+	578	3626
1639	+	578	3641
1640	+	578	3642
1641	+	578	3643
1642	+	578	3646
1643	+	578	3647
1644	+	578	3649
1645	+	578	3686
1646	+	578	3727
1647	+	578	3772
1648	+	578	3782
1649	+	578	3796
1650	+	578	3820
1651	+	578	3831
1652	+	578	3867
1653	+	578	3891
1654	+	578	3894
1655	+	578	3895
1656	+	578	3916
1657	+	578	3917
1658	+	578	3919
1659	+	578	3926
1660	+	578	3927
1661	+	578	3933
1662	+	578	3957
1663	+	578	3963
1664	+	578	4006
1667	+	581	590
1668	+	581	1096
1669	+	581	1204
1670	+	581	1536
1671	+	581	1567
1672	+	581	3197
1673	+	581	3237
1674	+	581	3279
1675	+	581	3378
1676	+	581	3562
1677	+	581	3668
1678	+	581	3681
1679	+	581	3899
1680	+	581	3932
1681	+	581	4014
1685	+	586	3808
1686	+	586	3904
1711	+	593	2882
1731	+	599	3801
1759	+	613	2263
1854	+	620	1039
1857	+	620	3432
1858	+	620	3726
2384	+	646	2373
2387	+	648	649
2388	+	648	706
2389	+	648	792
2391	+	648	878
2392	+	648	935
2395	+	648	1174
2397	+	648	2691
2398	+	648	3667
2399	+	648	3855
2400	+	648	3866
2401	+	648	3913
2402	+	648	3980
2404	+	649	3855
2440	+	661	3432
2449	+	669	898
2450	+	669	1154
2453	+	669	2275
2454	+	669	2323
2455	+	669	2464
2456	+	669	3135
2457	+	669	3773
2458	+	669	3797
2459	+	669	3818
2460	+	669	3838
2461	+	669	3903
2462	+	670	766
2467	+	670	1861
2468	+	670	1920
2470	+	670	2539
2471	+	670	3044
2472	+	670	3229
2532	+	682	1161
2828	+	701	3937
2865	+	714	2045
2911	+	731	1401
2950	+	743	2702
2952	+	746	1413
2958	+	750	3653
2997	+	761	1413
2998	+	761	1869
3016	+	764	1770
3017	+	764	2697
3024	+	774	1413
3025	+	774	1869
3034	+	780	1202
3043	+	790	1039
3053	+	792	2691
3068	+	802	2045
3069	+	802	2811
3072	+	806	3602
3150	+	818	3638
3151	+	819	1413
3153	+	820	3653
3191	+	832	2697
3192	+	832	3542
3194	+	833	3362
3195	+	833	3608
3196	+	834	2702
3208	+	835	1945
3220	+	835	3591
3243	+	837	2697
3252	+	849	2763
3281	+	859	3540
3288	+	864	961
3291	+	864	1116
3295	+	871	1161
3297	+	871	1401
3321	+	887	3602
3479	+	941	962
3500	+	962	965
3501	+	962	3633
3507	+	965	1307
3509	+	965	4039
3522	+	973	2621
3523	+	973	3564
3524	+	976	2697
3526	+	976	2763
3530	+	979	2697
3550	+	990	3540
3555	+	993	3540
3599	+	1012	1869
3605	+	1022	1792
3615	+	1027	1945
3626	+	1039	1352
3627	+	1039	1409
3628	+	1039	1416
3629	+	1039	1555
3630	+	1039	1849
3631	+	1039	1949
3633	+	1039	2203
3635	+	1039	2995
3636	+	1039	3432
3637	+	1039	3599
3638	+	1039	3614
3639	+	1039	3634
3640	+	1039	3683
3641	+	1039	3713
3642	+	1039	3908
3643	+	1039	3989
3658	+	1062	3660
3659	+	1063	3282
3741	+	1097	3039
3743	+	1098	3716
3788	+	1108	3602
3846	+	1118	3282
3848	+	1120	1869
3855	+	1131	3567
3873	+	1135	3660
3884	+	1140	1413
3897	+	1153	2697
3904	+	1161	1664
3905	+	1161	1820
3906	+	1161	2764
3907	+	1161	2776
3908	+	1161	2875
3909	+	1161	3599
3921	+	1172	3602
4000	+	1193	2045
4001	+	1193	3540
4010	+	1202	2116
4012	+	1202	2443
4015	+	1202	3783
4016	+	1204	3540
4113	+	1242	3039
4124	+	1253	2373
4151	+	1271	2263
4182	+	1277	3602
4188	+	1300	2702
4264	+	1336	3540
4266	+	1338	1770
4300	+	1340	1413
4311	+	1344	1413
4312	+	1344	1869
4342	+	1352	2065
4344	+	1352	2882
4345	+	1353	3540
4381	+	1364	2065
4384	+	1365	3540
4394	+	1367	1741
4395	+	1367	1826
4408	+	1373	3540
4431	+	1379	2026
4455	+	1396	2026
4464	+	1401	1585
4465	+	1401	1843
4466	+	1401	3659
4468	+	1402	1533
4509	+	1412	2852
4511	+	1413	1640
4512	+	1413	1702
4513	+	1413	1835
4514	+	1413	1869
4515	+	1413	1930
4518	+	1413	3947
4520	+	1414	3542
4521	+	1416	2045
4522	+	1416	2811
4634	+	1448	2143
4753	+	1475	3923
4756	+	1476	3540
4786	+	1487	1756
4789	+	1490	2065
4798	+	1495	1756
4819	+	1505	3566
4834	+	1518	2045
4836	+	1518	3540
4840	+	1523	3432
4869	+	1537	3716
4874	+	1551	2852
4878	+	1555	3432
4883	+	1561	2852
4891	+	1571	2195
4896	+	1579	2026
4900	+	1581	3540
4903	+	1584	3540
4904	+	1585	2143
4912	+	1596	2342
4914	+	1601	2065
4915	+	1605	1945
4916	+	1605	3540
4924	+	1618	3540
4946	+	1634	3540
4953	+	1639	2212
4954	+	1640	1869
4982	+	1661	2342
4983	+	1661	2702
4987	+	1664	2621
4988	+	1664	3685
4989	+	1665	2065
5003	+	1677	3540
5004	+	1677	3589
5007	+	1682	2026
5072	+	1692	2621
5073	+	1692	3685
5118	+	1702	1869
5120	+	1705	3197
5209	+	1738	2263
5211	+	1739	2045
5215	+	1739	2811
5248	+	1756	2061
5251	+	1756	3129
5253	+	1756	3346
5276	+	1761	3540
5284	+	1770	2861
5285	+	1770	3174
5286	+	1770	3666
5287	+	1770	3719
5288	+	1770	3767
5289	+	1770	4016
5290	+	1770	4017
5291	+	1770	4031
5309	+	1792	2305
5310	+	1792	3949
5313	+	1802	1945
5314	+	1811	3540
5346	+	1829	1945
5381	+	1835	2621
5383	+	1835	3039
5384	+	1835	3685
5403	+	1843	2702
5404	+	1843	3039
5407	+	1847	3849
5410	+	1851	2065
5491	+	1869	1930
5516	+	1876	2263
5518	+	1878	1945
5520	+	1879	3540
5522	+	1881	1945
5525	+	1881	3540
5526	+	1882	3282
5537	+	1898	2212
5539	+	1905	3674
5540	+	1906	3593
5546	+	1912	2045
5547	+	1912	3540
5549	+	1923	3589
5551	+	1928	1945
5553	+	1929	2263
5558	+	1934	2621
5559	+	1934	3685
5564	+	1936	3282
5566	+	1938	3039
5567	+	1938	3282
5569	+	1942	3540
5593	+	1945	1998
5594	+	1945	2050
5595	+	1945	2083
5596	+	1945	2148
5597	+	1945	2421
5598	+	1945	2570
5599	+	1945	2588
5600	+	1945	2592
5601	+	1945	2742
5602	+	1945	2846
5603	+	1945	2951
5604	+	1945	3019
5605	+	1945	3164
5606	+	1945	3267
5607	+	1945	3379
5608	+	1945	3489
5609	+	1945	3578
5610	+	1945	3670
5611	+	1945	3771
5612	+	1945	3830
5616	+	1954	3540
5631	+	1970	3602
5640	+	1984	2691
5644	+	1992	3540
5645	+	1995	2195
5646	+	1995	3660
5647	+	1997	2088
5668	+	2017	3540
5669	+	2018	3567
5672	+	2022	3540
5675	+	2026	4009
5680	+	2028	3540
5681	+	2029	3039
5686	+	2043	3540
5689	+	2045	2075
5690	+	2045	2087
5691	+	2045	2171
5692	+	2045	2420
5693	+	2045	2510
5694	+	2045	2516
5695	+	2045	2733
5696	+	2045	2809
5697	+	2045	2810
5698	+	2045	2811
5699	+	2045	2918
5700	+	2045	3047
5701	+	2045	3071
5702	+	2045	3341
5703	+	2045	3596
5704	+	2045	3656
5705	+	2045	3658
5706	+	2045	3753
5707	+	2045	3785
5708	+	2045	3786
5709	+	2045	3898
5710	+	2045	4000
5711	+	2045	4029
5734	+	2057	3540
5745	+	2065	2967
5746	+	2065	3130
5747	+	2065	3170
5748	+	2065	3276
5749	+	2065	3289
5750	+	2065	3463
5751	+	2065	3557
5752	+	2065	3651
5753	+	2065	3731
5754	+	2065	3992
5755	+	2065	4010
5761	+	2079	3540
5776	+	2088	3567
5777	+	2091	3685
5781	+	2102	3540
5782	+	2104	3540
5792	+	2123	3039
5798	+	2140	3540
5801	+	2143	2224
5802	+	2143	2723
5803	+	2143	3140
5804	+	2143	3280
5805	+	2143	3336
5806	+	2143	3575
5807	+	2143	3629
5808	+	2143	3682
5809	+	2143	3688
5810	+	2143	3825
5811	+	2143	3870
5812	+	2143	3940
5826	+	2154	3540
5828	+	2155	3549
5830	+	2160	2852
5834	+	2164	3282
5836	+	2167	2852
5838	+	2169	3540
5855	+	2178	3197
5856	+	2178	3282
5862	+	2191	3540
5901	+	2195	2808
5941	+	2212	4023
5960	+	2242	3272
5961	+	2242	3905
5962	+	2246	2263
5992	+	2252	3203
5993	+	2254	2318
5994	+	2254	3558
5995	+	2254	3871
5996	+	2256	2263
5998	+	2257	3567
5999	+	2263	2287
6000	+	2263	2288
6001	+	2263	2307
6002	+	2263	2316
6003	+	2263	2333
6004	+	2263	2350
6005	+	2263	4044
6018	+	2268	3305
6025	+	2271	3542
6026	+	2273	3593
6047	+	2305	3593
6048	+	2309	3203
6059	+	2315	3593
6112	+	2373	2393
6113	+	2373	2472
6114	+	2373	2549
6115	+	2373	2595
6116	+	2373	2646
6117	+	2373	3455
6118	+	2373	3586
6158	+	2397	2702
6185	+	2420	2811
6186	+	2420	3540
6189	+	2428	2530
6190	+	2428	3705
6191	+	2431	3540
6210	+	2465	3039
6220	+	2478	3540
6222	+	2490	3581
6223	+	2490	3630
6225	+	2492	2811
6226	+	2497	3602
6232	+	2516	2811
6233	+	2522	3579
6235	+	2536	2852
6247	+	2554	3712
6248	+	2558	3602
6249	+	2563	3743
6250	+	2563	3784
6251	+	2563	3939
6254	+	2578	3564
6256	+	2594	3540
6257	+	2596	3540
6259	+	2599	3758
6261	+	2602	3674
6262	+	2613	3540
6264	+	2621	3560
6265	+	2621	3655
6266	+	2621	3685
6267	+	2621	3688
6270	+	2632	3566
6271	+	2635	3540
6273	+	2643	3602
6279	+	2659	3104
6280	+	2660	3566
6281	+	2669	3567
6291	+	2685	3567
6292	+	2691	3667
6293	+	2691	3855
6294	+	2691	3936
6295	+	2691	3942
6296	+	2691	3980
6300	+	2697	2945
6301	+	2697	3006
6302	+	2697	3089
6303	+	2697	3148
6304	+	2697	3231
6305	+	2697	3547
6306	+	2697	3607
6307	+	2697	3620
6308	+	2697	3625
6309	+	2697	3628
6310	+	2697	3640
6311	+	2697	3669
6312	+	2697	3680
6313	+	2697	3793
6314	+	2697	3824
6315	+	2697	3844
6316	+	2697	3906
6317	+	2697	3911
6318	+	2697	3944
6319	+	2697	3981
6359	+	2702	2898
6360	+	2702	2967
6361	+	2702	2971
6362	+	2702	3008
6363	+	2702	3130
6364	+	2702	3159
6365	+	2702	3355
6366	+	2702	3404
6367	+	2702	3568
6368	+	2702	3580
6369	+	2702	3583
6370	+	2702	3620
6371	+	2702	3621
6372	+	2702	3636
6373	+	2702	3657
6374	+	2702	3691
6375	+	2702	3710
6376	+	2702	3742
6377	+	2702	3798
6378	+	2702	4018
6455	+	2744	2852
6481	+	2771	3282
6482	+	2772	2852
6483	+	2774	3542
6484	+	2779	2852
6487	+	2788	3761
6489	+	2796	2811
6490	+	2809	2811
6491	+	2809	3540
6492	+	2811	2918
6493	+	2811	3047
6494	+	2811	3071
6495	+	2811	3652
6496	+	2811	3658
6497	+	2811	3662
6498	+	2811	3664
6499	+	2811	3753
6500	+	2811	3854
6501	+	2811	3864
6502	+	2811	3935
6503	+	2811	3958
6504	+	2817	2852
6505	+	2818	2852
6506	+	2819	2852
6509	+	2823	3540
6510	+	2824	3540
6523	+	2852	2945
6524	+	2852	2955
6525	+	2852	2984
6526	+	2852	3006
6527	+	2852	3036
6528	+	2852	3158
6529	+	2852	3550
6530	+	2852	3556
6531	+	2852	3559
6532	+	2852	3561
6533	+	2852	3725
6534	+	2852	3869
6535	+	2852	3873
6536	+	2852	3893
6539	+	2856	3203
6551	+	2870	3615
6556	+	2882	3203
6557	+	2882	3868
6558	+	2882	3882
6559	+	2882	3938
6560	+	2883	2959
6561	+	2883	3382
6562	+	2883	3508
6563	+	2883	3768
6565	+	2893	3282
6581	+	2898	3540
6584	+	2904	3540
6640	+	2934	3540
6642	+	2937	3540
6643	+	2953	3540
6644	+	2957	3282
6647	+	2967	3282
6648	+	2971	3039
6650	+	2973	3305
6651	+	2979	3540
6654	+	2986	3592
6657	+	3006	3542
6659	+	3009	3540
6670	+	3028	3591
6672	+	3036	3566
6673	+	3039	3111
6674	+	3039	3174
6675	+	3039	3282
6676	+	3039	3412
6677	+	3039	3584
6678	+	3039	3611
6679	+	3039	3622
6680	+	3039	3690
6681	+	3039	3815
6682	+	3039	3903
6683	+	3039	3907
6684	+	3044	3104
6685	+	3053	3540
6686	+	3059	3282
6687	+	3070	3540
6688	+	3071	3540
6707	+	3081	3540
6724	+	3096	3566
6727	+	3101	3108
6730	+	3102	3976
6731	+	3102	3993
6734	+	3104	3187
6736	+	3105	3203
6737	+	3106	3197
6738	+	3107	3432
6739	+	3108	3188
6740	+	3108	3198
6741	+	3108	3201
6742	+	3108	3222
6746	+	3112	3566
6765	+	3132	3593
6772	+	3134	3320
6773	+	3136	3592
6775	+	3138	3579
6777	+	3151	3282
6779	+	3162	3765
6780	+	3166	3540
6781	+	3168	3579
6782	+	3170	3593
6784	+	3174	3282
6785	+	3178	3203
6786	+	3183	3630
6787	+	3188	3203
6788	+	3188	3282
6792	+	3196	3593
6793	+	3197	3241
6794	+	3197	3775
6795	+	3197	3879
6796	+	3197	3928
6797	+	3198	3282
6799	+	3198	3579
6802	+	3202	3593
6803	+	3203	3614
6816	+	3227	3540
6839	+	3249	3593
6843	+	3254	3593
6845	+	3262	3282
6847	+	3266	3566
6849	+	3276	3593
6850	+	3280	3282
6851	+	3281	3282
6853	+	3282	3336
6854	+	3282	3353
6855	+	3282	3363
6856	+	3282	3465
6857	+	3282	3486
6858	+	3282	3490
6859	+	3282	3491
6860	+	3282	3537
6861	+	3282	3548
6862	+	3282	3553
6863	+	3282	3563
6864	+	3282	3571
6865	+	3282	3574
6866	+	3282	3575
6867	+	3282	3579
6868	+	3282	3584
6869	+	3282	3629
6870	+	3282	3684
6871	+	3282	3718
6872	+	3282	3720
6873	+	3282	3769
6874	+	3282	3813
6875	+	3282	3816
6876	+	3282	3817
6877	+	3282	3825
6878	+	3282	3826
6879	+	3282	3828
6880	+	3282	3834
6881	+	3282	3847
6882	+	3282	3848
6883	+	3282	3870
6884	+	3282	3928
6885	+	3282	3940
6886	+	3282	3941
6887	+	3282	3990
6888	+	3282	4042
6889	+	3282	4045
6890	+	3283	3765
6891	+	3292	3593
6892	+	3303	3591
6905	+	3305	3787
6906	+	3305	3861
6907	+	3305	3909
6908	+	3305	3914
6909	+	3305	4012
6910	+	3305	4021
6951	+	3313	3399
6961	+	3320	3765
6974	+	3359	3453
6976	+	3362	3540
6990	+	3373	3529
6996	+	3385	3592
6999	+	3400	3540
7003	+	3423	3592
7004	+	3432	3521
7005	+	3432	3605
7006	+	3432	3713
7007	+	3432	3768
7008	+	3432	3892
7014	+	3482	3542
7015	+	3483	3579
7016	+	3484	3540
7018	+	3488	3540
7021	+	3508	3615
7023	+	3527	3579
7024	+	3540	3541
7025	+	3540	3576
7026	+	3540	3582
7027	+	3540	3603
7028	+	3540	3604
7029	+	3540	3609
7030	+	3540	3641
7031	+	3540	3644
7032	+	3540	3652
7033	+	3540	3658
7034	+	3540	3661
7035	+	3540	3662
7036	+	3540	3663
7037	+	3540	3664
7038	+	3540	3673
7039	+	3540	3689
7040	+	3540	3697
7041	+	3540	3698
7042	+	3540	3699
7043	+	3540	3700
7044	+	3540	3715
7045	+	3540	3717
7046	+	3540	3721
7047	+	3540	3722
7048	+	3540	3732
7049	+	3540	3733
7050	+	3540	3735
7051	+	3540	3737
7052	+	3540	3738
7053	+	3540	3739
7054	+	3540	3744
7055	+	3540	3745
7056	+	3540	3746
7057	+	3540	3750
7058	+	3540	3751
7059	+	3540	3753
7060	+	3540	3754
7061	+	3540	3755
7062	+	3540	3756
7063	+	3540	3757
7064	+	3540	3776
7065	+	3540	3781
7066	+	3540	3782
7067	+	3540	3795
7068	+	3540	3802
7069	+	3540	3803
7070	+	3540	3807
7071	+	3540	3810
7072	+	3540	3811
7073	+	3540	3812
7074	+	3540	3821
7075	+	3540	3822
7076	+	3540	3840
7077	+	3540	3842
7078	+	3540	3852
7079	+	3540	3853
7080	+	3540	3857
7081	+	3540	3858
7082	+	3540	3859
7083	+	3540	3862
7084	+	3540	3863
7085	+	3540	3874
7086	+	3540	3875
7087	+	3540	3876
7088	+	3540	3878
7089	+	3540	3885
7090	+	3540	3886
7091	+	3540	3887
7092	+	3540	3898
7093	+	3540	3912
7094	+	3540	3915
7095	+	3540	3920
7096	+	3540	3924
7097	+	3540	3925
7098	+	3540	3933
7099	+	3540	3934
7100	+	3540	3951
7101	+	3540	3953
7102	+	3540	3959
7103	+	3540	3960
7104	+	3540	3961
7105	+	3540	3962
7106	+	3540	3966
7107	+	3540	3967
7108	+	3540	3968
7109	+	3540	3969
7110	+	3540	3970
7111	+	3540	3973
7112	+	3540	3974
7113	+	3540	3975
7114	+	3540	3977
7115	+	3540	3978
7116	+	3540	3979
7117	+	3540	3982
7118	+	3540	3983
7119	+	3540	3985
7120	+	3540	3986
7121	+	3540	3987
7122	+	3540	3997
7123	+	3540	3998
7124	+	3540	3999
7125	+	3540	4001
7126	+	3540	4002
7127	+	3540	4003
7128	+	3540	4004
7129	+	3540	4013
7130	+	3540	4015
7131	+	3540	4022
7132	+	3540	4024
7133	+	3540	4026
7134	+	3540	4027
7135	+	3540	4028
7136	+	3540	4030
7137	+	3540	4032
7138	+	3540	4036
7139	+	3540	4040
7140	+	3540	4041
7141	+	3542	3577
7142	+	3542	3645
7143	+	3542	3669
7144	+	3542	3687
7145	+	3542	3766
7146	+	3542	3901
7147	+	3543	3637
7148	+	3543	3965
7149	+	3544	3545
7150	+	3544	3546
7151	+	3551	3552
7152	+	3551	3665
7153	+	3551	3790
7154	+	3554	3555
7155	+	3554	3612
7156	+	3554	3613
7157	+	3554	3665
7158	+	3554	3694
7159	+	3554	3711
7160	+	3554	3714
7161	+	3554	3790
7162	+	3554	3806
7163	+	3554	3827
7164	+	3554	3856
7165	+	3554	3945
7166	+	3554	3972
7167	+	3554	3984
7168	+	3554	4007
7169	+	3560	3685
7170	+	3566	3709
7171	+	3566	3889
7172	+	3566	3988
7173	+	3567	3622
7174	+	3572	3573
7175	+	3572	3740
7176	+	3579	3580
7177	+	3579	3632
7178	+	3579	3639
7179	+	3579	3651
7180	+	3579	3734
7181	+	3579	3883
7182	+	3579	3896
7183	+	3579	3897
7184	+	3579	3921
7185	+	3579	4011
7186	+	3581	3598
7187	+	3581	3630
7188	+	3581	3631
7189	+	3587	3588
7190	+	3587	3890
7191	+	3589	3590
7192	+	3589	4020
7193	+	3591	3656
7194	+	3591	3723
7195	+	3592	3778
7196	+	3592	3789
7197	+	3592	3814
7198	+	3593	3594
7199	+	3593	3595
7200	+	3593	3606
7201	+	3593	3623
7202	+	3593	3627
7203	+	3593	3708
7204	+	3593	3792
7205	+	3593	3837
7206	+	3593	3843
7207	+	3593	3900
7208	+	3593	3996
7209	+	3593	4008
7210	+	3598	3630
7211	+	3600	3601
7212	+	3600	3638
7213	+	3600	3729
7214	+	3600	3770
7215	+	3600	3804
7216	+	3600	3805
7217	+	3600	3884
7218	+	3601	3638
7219	+	3602	3617
7220	+	3602	3650
7221	+	3602	3730
7222	+	3602	3800
7223	+	3602	3836
7224	+	3615	3616
7225	+	3615	3747
7226	+	3615	3791
7227	+	3618	3619
7228	+	3618	3624
7229	+	3630	3631
7230	+	3638	3729
7231	+	3638	3752
7232	+	3638	3770
7233	+	3638	3804
7234	+	3638	3805
7235	+	3638	3884
7236	+	3653	3654
7237	+	3653	3777
7238	+	3653	3872
7239	+	3655	3685
7240	+	3671	3672
7241	+	3674	3799
7242	+	3674	3922
7243	+	3674	3943
7244	+	3685	3688
7245	+	3685	3760
7246	+	3692	3693
7247	+	3692	3888
7248	+	3695	3696
7249	+	3703	3704
7250	+	3703	3877
7251	+	3706	3707
7252	+	3706	3829
7253	+	3712	3794
7254	+	3712	3910
7255	+	3716	3946
7256	+	3716	3991
7257	+	3732	3880
7258	+	3740	3741
7259	+	3748	3749
7260	+	3758	3759
7261	+	3758	3835
7262	+	3763	3764
7263	+	3763	3930
7264	+	3765	3774
7265	+	3779	3780
7266	+	3832	3833
7267	+	3832	4025
7268	+	3832	4043
7269	+	3845	3846
7270	+	3845	3929
7271	+	3849	3850
7272	+	3880	3881
7273	+	3880	3950
7274	+	3880	3952
7275	+	3880	3971
7276	+	3881	3964
7277	+	3954	3955
7278	+	3954	3956
7279	+	3955	3956
7280	+	3994	3995
7281	+	4034	4035
