8	+	3	1089
55	+	17	1089
288	+	68	771
347	+	95	107
368	+	111	764
371	+	111	1904
406	+	116	2104
623	+	168	4067
644	+	173	2606
645	+	173	4095
932	+	256	682
990	+	304	4192
1005	+	310	2104
1007	+	310	3939
1013	+	313	2104
1014	+	313	4242
1021	+	315	2104
1022	+	315	4242
1085	+	332	4067
1103	+	343	2104
1119	+	355	4067
1175	+	387	1124
1184	+	394	467
1190	+	397	1713
1192	+	399	4138
1205	+	411	682
1242	+	436	2305
1244	+	436	3939
1395	+	451	682
1414	+	454	467
1415	+	454	468
1417	+	455	468
1431	+	458	467
1432	+	458	468
1442	+	467	497
1443	+	467	505
1444	+	467	510
1445	+	467	524
1446	+	467	525
1447	+	467	526
1448	+	467	560
1449	+	467	566
1451	+	467	591
1452	+	467	593
1453	+	467	620
1454	+	467	661
1455	+	467	790
1456	+	467	824
1457	+	467	849
1459	+	467	1352
1461	+	467	1393
1462	+	467	1409
1463	+	467	1481
1464	+	467	1509
1465	+	467	1555
1466	+	467	1571
1467	+	467	1610
1468	+	467	1849
1469	+	467	1858
1470	+	467	1879
1471	+	467	1949
1472	+	467	1987
1473	+	467	2125
1474	+	467	2166
1475	+	467	2472
1476	+	467	2485
1478	+	467	2737
1479	+	467	2746
1480	+	467	2773
1481	+	467	2786
1482	+	467	2808
1483	+	467	2850
1484	+	467	2853
1485	+	467	2856
1486	+	467	2881
1487	+	467	2910
1488	+	467	2911
1489	+	467	2914
1490	+	467	2915
1491	+	467	2927
1492	+	467	2953
1493	+	467	3614
1494	+	467	3616
1495	+	467	3876
1496	+	467	3908
1497	+	467	3977
1498	+	467	4019
1499	+	467	4084
1500	+	467	4147
1501	+	467	4249
1502	+	467	4252
1503	+	467	4289
1504	+	467	4313
1505	+	467	4331
1506	+	467	4383
1507	+	467	4390
1508	+	467	4391
1509	+	467	4392
1510	+	467	4430
1511	+	468	497
1512	+	468	499
1513	+	468	508
1514	+	468	510
1515	+	468	512
1516	+	468	516
1517	+	468	524
1518	+	468	525
1519	+	468	526
1520	+	468	560
1521	+	468	566
1522	+	468	574
1524	+	468	593
1526	+	468	1393
1527	+	468	1613
1528	+	468	1849
1529	+	468	1851
1530	+	468	2309
1533	+	468	2737
1534	+	468	2786
1535	+	468	2854
1536	+	468	2856
1537	+	468	2881
1538	+	468	2886
1539	+	468	2895
1540	+	468	2910
1541	+	468	2914
1542	+	468	2915
1543	+	468	2927
1544	+	468	3016
1545	+	468	3041
1546	+	468	3065
1548	+	468	3521
1549	+	468	3614
1550	+	468	3641
1551	+	468	3713
1552	+	468	3868
1553	+	468	3882
1554	+	468	3904
1555	+	468	4152
1556	+	468	4199
1565	+	476	682
1588	+	491	822
1604	+	497	2968
1605	+	497	2970
1617	+	507	682
1690	+	538	682
1707	+	549	682
1712	+	552	682
1716	+	552	4110
1717	+	553	682
1816	+	580	682
1856	+	590	682
1859	+	592	2104
1904	+	604	4049
1907	+	606	2104
1929	+	617	2104
2015	+	620	4095
2016	+	621	1904
2581	+	658	1089
2600	+	662	1904
2603	+	664	771
2605	+	665	771
2694	+	682	744
2695	+	682	752
2696	+	682	790
2697	+	682	792
2698	+	682	828
2699	+	682	859
2700	+	682	863
2701	+	682	878
2702	+	682	886
2703	+	682	938
2704	+	682	950
2705	+	682	990
2706	+	682	1001
2707	+	682	1003
2708	+	682	1024
2709	+	682	1103
2711	+	682	1168
2712	+	682	1189
2713	+	682	1213
2714	+	682	1225
2715	+	682	1229
2716	+	682	1444
2718	+	682	1516
2719	+	682	1556
2720	+	682	1567
2721	+	682	1590
2722	+	682	1650
2723	+	682	1653
2724	+	682	1661
2725	+	682	1759
2726	+	682	1830
2727	+	682	1981
2728	+	682	2082
2729	+	682	2120
2730	+	682	2130
2731	+	682	2135
2732	+	682	2148
2733	+	682	2152
2734	+	682	2179
2735	+	682	2224
2736	+	682	2245
2737	+	682	2253
2738	+	682	2258
2739	+	682	2312
2740	+	682	2442
2741	+	682	2445
2742	+	682	2557
2743	+	682	2583
2744	+	682	2587
2745	+	682	2608
2746	+	682	2675
2747	+	682	2724
2748	+	682	2757
2749	+	682	2764
2750	+	682	2777
2751	+	682	2800
2752	+	682	2810
2753	+	682	2875
2754	+	682	2904
2755	+	682	2907
2756	+	682	2993
2757	+	682	3025
2758	+	682	3026
2759	+	682	3032
2760	+	682	3054
2761	+	682	3061
2762	+	682	3069
2763	+	682	3111
2764	+	682	3458
2765	+	682	3519
2766	+	682	3569
2767	+	682	3641
2768	+	682	3643
2769	+	682	3681
2770	+	682	3686
2771	+	682	3697
2772	+	682	3720
2773	+	682	3772
2774	+	682	3855
2775	+	682	3927
2776	+	682	3936
2777	+	682	4004
2778	+	682	4030
2779	+	682	4046
2780	+	682	4048
2781	+	682	4052
2782	+	682	4053
2783	+	682	4054
2784	+	682	4093
2785	+	682	4096
2786	+	682	4099
2787	+	682	4102
2788	+	682	4103
2789	+	682	4108
2790	+	682	4109
2791	+	682	4111
2792	+	682	4112
2793	+	682	4116
2794	+	682	4117
2795	+	682	4119
2796	+	682	4121
2797	+	682	4122
2798	+	682	4124
2799	+	682	4125
2800	+	682	4126
2801	+	682	4127
2802	+	682	4128
2803	+	682	4129
2804	+	682	4131
2805	+	682	4133
2806	+	682	4136
2807	+	682	4149
2808	+	682	4150
2809	+	682	4163
2810	+	682	4181
2811	+	682	4191
2812	+	682	4195
2813	+	682	4196
2814	+	682	4197
2815	+	682	4206
2816	+	682	4213
2817	+	682	4214
2818	+	682	4217
2819	+	682	4227
2820	+	682	4228
2821	+	682	4230
2822	+	682	4231
2823	+	682	4233
2824	+	682	4234
2825	+	682	4236
2826	+	682	4243
2827	+	682	4257
2828	+	682	4270
2829	+	682	4274
2830	+	682	4276
2831	+	682	4283
2832	+	682	4288
2833	+	682	4306
2834	+	682	4309
2835	+	682	4322
2836	+	682	4323
2837	+	682	4324
2838	+	682	4325
2839	+	682	4326
2840	+	682	4333
2841	+	682	4334
2842	+	682	4338
2843	+	682	4339
2844	+	682	4340
2845	+	682	4354
2846	+	682	4377
2847	+	682	4378
2848	+	682	4381
2849	+	682	4385
2850	+	682	4386
2851	+	682	4396
2852	+	682	4400
2853	+	682	4401
2854	+	682	4409
2855	+	682	4410
2856	+	682	4413
2857	+	682	4414
2858	+	682	4422
2859	+	682	4423
2860	+	682	4426
2861	+	682	4427
2862	+	682	4428
2863	+	682	4429
2864	+	682	4433
2865	+	682	4434
3039	+	688	771
3040	+	688	4095
3104	+	695	1089
3200	+	713	771
3223	+	722	771
3251	+	731	1585
3289	+	745	771
3354	+	764	838
3355	+	764	849
3356	+	764	948
3357	+	764	976
3358	+	764	1055
3359	+	764	1481
3362	+	764	1805
3363	+	764	1977
3364	+	764	2620
3366	+	764	3168
3367	+	764	3628
3368	+	764	3669
3369	+	764	3844
3370	+	764	3941
3371	+	764	3944
3372	+	764	3981
3373	+	764	4017
3374	+	764	4042
3375	+	764	4057
3376	+	764	4098
3377	+	764	4110
3378	+	764	4118
3379	+	764	4120
3380	+	764	4140
3381	+	764	4198
3382	+	764	4201
3383	+	764	4282
3384	+	764	4388
3385	+	764	4448
3390	+	771	776
3391	+	771	797
3392	+	771	863
3393	+	771	889
3394	+	771	945
3395	+	771	958
3396	+	771	960
3397	+	771	1005
3398	+	771	1025
3399	+	771	1037
3400	+	771	1046
3401	+	771	1066
3402	+	771	1072
3403	+	771	1078
3404	+	771	1112
3405	+	771	1130
3406	+	771	1147
3407	+	771	1195
3408	+	771	1205
3409	+	771	1208
3410	+	771	1229
3411	+	771	1234
3412	+	771	1280
3413	+	771	1293
3414	+	771	1303
3415	+	771	1308
3416	+	771	1317
3417	+	771	1319
3418	+	771	1446
3419	+	771	2187
3420	+	771	2223
3422	+	771	2617
3423	+	771	2754
3424	+	771	3090
3425	+	771	3099
3426	+	771	3239
3427	+	771	3286
3428	+	771	4061
3429	+	771	4063
3430	+	771	4072
3431	+	771	4083
3432	+	771	4087
3433	+	771	4089
3434	+	771	4090
3435	+	771	4091
3436	+	771	4130
3437	+	771	4146
3438	+	771	4153
3439	+	771	4160
3440	+	771	4179
3441	+	771	4188
3442	+	771	4215
3443	+	771	4216
3444	+	771	4218
3445	+	771	4232
3446	+	771	4235
3447	+	771	4294
3448	+	771	4303
3449	+	771	4308
3450	+	771	4317
3451	+	771	4319
3452	+	771	4320
3453	+	771	4327
3454	+	771	4335
3455	+	771	4336
3456	+	771	4337
3457	+	771	4352
3458	+	771	4357
3459	+	771	4358
3460	+	771	4359
3461	+	771	4361
3462	+	771	4364
3463	+	771	4366
3464	+	771	4367
3465	+	771	4372
3466	+	771	4373
3467	+	771	4384
3468	+	771	4389
3469	+	771	4394
3470	+	771	4395
3471	+	771	4399
3472	+	771	4411
3473	+	771	4421
3474	+	771	4438
3475	+	771	4439
3476	+	771	4447
3477	+	771	4450
3492	+	783	2024
3511	+	793	4047
3528	+	806	1089
3532	+	807	4097
3533	+	808	3939
3614	+	822	852
3615	+	822	859
3616	+	822	907
3617	+	822	914
3618	+	822	923
3620	+	822	961
3621	+	822	1015
3622	+	822	1059
3623	+	822	1073
3624	+	822	1079
3625	+	822	1103
3627	+	822	1231
3628	+	822	1263
3629	+	822	1278
3631	+	822	1624
3632	+	822	1648
3633	+	822	1674
3634	+	822	1699
3636	+	822	1747
3637	+	822	1783
3638	+	822	1808
3639	+	822	2062
3640	+	822	2083
3641	+	822	2211
3642	+	822	2261
3643	+	822	2474
3644	+	822	2742
3645	+	822	2936
3646	+	822	3127
3647	+	822	4126
3648	+	822	4148
3649	+	822	4201
3650	+	822	4207
3651	+	822	4343
3652	+	822	4346
3657	+	828	4047
3716	+	835	3088
3740	+	837	2259
3742	+	837	4060
3743	+	837	4115
3744	+	838	1904
3750	+	846	3944
3754	+	849	1666
3755	+	849	1904
3756	+	849	2329
3758	+	849	3944
3759	+	850	1904
3772	+	857	4113
3792	+	861	4047
3803	+	866	4047
3823	+	884	1133
3824	+	885	1089
3825	+	885	1108
3828	+	887	1089
3836	+	888	1904
3838	+	891	1089
3858	+	894	1089
3991	+	937	1089
3999	+	948	1666
4002	+	952	1108
4031	+	966	1666
4032	+	966	1904
4049	+	976	3944
4073	+	990	2104
4144	+	1028	2024
4173	+	1048	3944
4175	+	1049	1904
4178	+	1055	1904
4231	+	1085	3187
4266	+	1088	2259
4267	+	1088	2605
4268	+	1089	1108
4269	+	1089	1143
4270	+	1089	1277
4273	+	1089	1821
4274	+	1089	1970
4275	+	1089	4154
4276	+	1089	4356
4278	+	1096	3167
4279	+	1096	4047
4384	+	1116	1585
4440	+	1153	3944
4461	+	1169	3167
4464	+	1172	1585
4470	+	1180	4047
4546	+	1193	2104
4550	+	1196	4060
4554	+	1200	3167
4564	+	1204	2104
4569	+	1212	3167
4594	+	1232	4047
4666	+	1243	3187
4737	+	1287	4113
4741	+	1289	3167
4754	+	1309	1666
4755	+	1309	1904
4756	+	1309	2329
4759	+	1310	4047
4789	+	1327	4290
4790	+	1327	4291
4824	+	1336	2104
4934	+	1360	4115
5017	+	1390	1713
5142	+	1428	4194
5143	+	1429	4070
5205	+	1453	1550
5321	+	1476	2104
5386	+	1505	2995
5403	+	1518	2104
5406	+	1518	3939
5407	+	1519	4161
5438	+	1534	1585
5440	+	1535	1585
5441	+	1536	4047
5447	+	1550	2287
5448	+	1550	3198
5449	+	1550	3299
5450	+	1550	4151
5451	+	1550	4176
5452	+	1550	4193
5453	+	1550	4279
5454	+	1550	4332
5472	+	1571	1666
5474	+	1571	1904
5476	+	1572	1585
5477	+	1572	3187
5486	+	1581	2104
5491	+	1585	1602
5493	+	1585	2465
5501	+	1596	1666
5502	+	1596	1904
5505	+	1598	2104
5507	+	1602	3187
5536	+	1634	2104
5541	+	1634	4113
5569	+	1650	2104
5588	+	1666	1779
5589	+	1666	2097
5590	+	1666	2175
5591	+	1666	2291
5592	+	1666	2329
5593	+	1666	2402
5594	+	1666	3944
5595	+	1666	4057
5596	+	1666	4141
5597	+	1666	4144
5598	+	1666	4175
5599	+	1666	4198
5600	+	1666	4238
5601	+	1666	4293
5602	+	1666	4316
5771	+	1713	4040
5772	+	1713	4345
5773	+	1713	4404
5795	+	1729	4095
5828	+	1739	2104
5892	+	1761	2104
5896	+	1763	2144
5902	+	1769	2104
5916	+	1777	3271
5918	+	1778	4110
5919	+	1779	1904
5920	+	1779	2329
5937	+	1807	1904
5938	+	1811	2104
5967	+	1823	3187
5974	+	1830	2104
6004	+	1834	1923
6016	+	1837	2295
6017	+	1840	4247
6120	+	1861	3187
6151	+	1879	2104
6156	+	1881	2104
6170	+	1895	4047
6172	+	1899	2104
6173	+	1899	3939
6175	+	1904	2097
6176	+	1904	2228
6177	+	1904	2291
6178	+	1904	2329
6179	+	1904	2402
6180	+	1904	3127
6181	+	1904	3234
6182	+	1904	4057
6183	+	1904	4141
6184	+	1904	4175
6185	+	1904	4238
6186	+	1904	4314
6188	+	1906	2305
6196	+	1912	2104
6198	+	1923	1980
6200	+	1923	2291
6202	+	1923	4408
6204	+	1924	4138
6298	+	1992	2104
6328	+	2024	2602
6329	+	2024	4079
6330	+	2024	4202
6338	+	2028	2104
6345	+	2043	2104
6373	+	2048	4067
6395	+	2057	2104
6407	+	2062	2606
6422	+	2075	2104
6425	+	2079	2104
6445	+	2097	2329
6447	+	2102	2104
6449	+	2104	2137
6450	+	2104	2140
6451	+	2104	2169
6452	+	2104	2171
6453	+	2104	2191
6454	+	2104	2262
6455	+	2104	2420
6456	+	2104	2431
6457	+	2104	2588
6458	+	2104	2594
6459	+	2104	2596
6460	+	2104	2607
6461	+	2104	2630
6462	+	2104	2638
6463	+	2104	2823
6464	+	2104	2824
6465	+	2104	2860
6466	+	2104	2904
6467	+	2104	2918
6468	+	2104	2937
6469	+	2104	2979
6470	+	2104	3009
6471	+	2104	3023
6472	+	2104	3070
6473	+	2104	3166
6474	+	2104	3211
6475	+	2104	3227
6476	+	2104	3341
6477	+	2104	3362
6478	+	2104	3400
6479	+	2104	3419
6480	+	2104	3425
6481	+	2104	3484
6483	+	2104	3541
6484	+	2104	3576
6485	+	2104	3604
6486	+	2104	3609
6487	+	2104	3641
6488	+	2104	3652
6489	+	2104	3656
6490	+	2104	3658
6491	+	2104	3661
6492	+	2104	3662
6493	+	2104	3663
6494	+	2104	3664
6495	+	2104	3698
6496	+	2104	3721
6497	+	2104	3722
6498	+	2104	3732
6499	+	2104	3733
6500	+	2104	3735
6501	+	2104	3737
6502	+	2104	3739
6503	+	2104	3744
6504	+	2104	3745
6505	+	2104	3746
6506	+	2104	3751
6507	+	2104	3754
6508	+	2104	3755
6509	+	2104	3756
6510	+	2104	3757
6511	+	2104	3776
6512	+	2104	3782
6513	+	2104	3802
6514	+	2104	3803
6515	+	2104	3811
6516	+	2104	3812
6517	+	2104	3821
6518	+	2104	3822
6519	+	2104	3840
6520	+	2104	3842
6521	+	2104	3852
6522	+	2104	3853
6523	+	2104	3858
6524	+	2104	3862
6525	+	2104	3863
6526	+	2104	3874
6527	+	2104	3876
6528	+	2104	3878
6529	+	2104	3886
6530	+	2104	3891
6531	+	2104	3895
6532	+	2104	3898
6533	+	2104	3907
6534	+	2104	3912
6535	+	2104	3915
6536	+	2104	3924
6537	+	2104	3933
6538	+	2104	3934
6539	+	2104	3951
6540	+	2104	3959
6541	+	2104	3966
6542	+	2104	3967
6543	+	2104	3968
6544	+	2104	3970
6545	+	2104	3974
6546	+	2104	3977
6547	+	2104	3985
6548	+	2104	3986
6549	+	2104	3987
6550	+	2104	3998
6551	+	2104	4001
6552	+	2104	4003
6553	+	2104	4013
6554	+	2104	4015
6555	+	2104	4026
6556	+	2104	4027
6557	+	2104	4028
6558	+	2104	4029
6559	+	2104	4032
6560	+	2104	4041
6561	+	2104	4074
6562	+	2104	4075
6563	+	2104	4157
6564	+	2104	4158
6565	+	2104	4164
6566	+	2104	4174
6567	+	2104	4180
6568	+	2104	4208
6569	+	2104	4209
6570	+	2104	4243
6571	+	2104	4244
6572	+	2104	4259
6573	+	2104	4260
6574	+	2104	4265
6575	+	2104	4266
6576	+	2104	4267
6577	+	2104	4268
6578	+	2104	4271
6579	+	2104	4272
6580	+	2104	4276
6581	+	2104	4277
6582	+	2104	4278
6583	+	2104	4287
6584	+	2104	4297
6585	+	2104	4300
6586	+	2104	4307
6587	+	2104	4315
6588	+	2104	4329
6589	+	2104	4339
6590	+	2104	4347
6591	+	2104	4351
6592	+	2104	4371
6593	+	2104	4397
6594	+	2104	4402
6595	+	2104	4418
6596	+	2104	4420
6612	+	2138	3939
6628	+	2144	3804
6629	+	2144	4085
6630	+	2144	4159
6631	+	2144	4261
6632	+	2144	4263
6633	+	2144	4264
6634	+	2144	4281
6635	+	2144	4370
6636	+	2144	4379
6664	+	2175	2259
6666	+	2175	4115
6789	+	2246	4065
6826	+	2259	2548
6827	+	2259	2605
6828	+	2259	2887
6829	+	2259	3101
6830	+	2259	3225
6831	+	2259	3355
6832	+	2259	3376
6833	+	2259	3462
6834	+	2259	3465
6835	+	2259	3610
6836	+	2259	3640
6837	+	2259	3678
6838	+	2259	3743
6839	+	2259	4060
6840	+	2259	4061
6841	+	2259	4062
6842	+	2259	4101
6843	+	2259	4106
6844	+	2259	4115
6845	+	2259	4145
6846	+	2259	4147
6847	+	2259	4153
6848	+	2259	4160
6849	+	2259	4162
6850	+	2259	4167
6851	+	2259	4172
6852	+	2259	4183
6853	+	2259	4186
6854	+	2259	4219
6855	+	2259	4237
6856	+	2259	4239
6857	+	2259	4245
6858	+	2259	4254
6859	+	2259	4255
6860	+	2259	4310
6861	+	2259	4328
6862	+	2259	4330
6863	+	2259	4355
6864	+	2259	4416
6865	+	2259	4432
6866	+	2259	4441
6895	+	2273	4071
6896	+	2274	3088
6910	+	2291	2329
6912	+	2295	2306
6913	+	2295	3460
6914	+	2295	3530
6915	+	2295	4055
6916	+	2295	4076
6917	+	2295	4220
6918	+	2295	4222
6919	+	2295	4225
6920	+	2295	4256
6921	+	2295	4273
6922	+	2295	4298
6923	+	2295	4305
6924	+	2295	4374
6931	+	2305	2315
6933	+	2305	3708
6934	+	2305	3900
6935	+	2305	4169
6936	+	2305	4200
6949	+	2315	4071
6951	+	2329	3234
6952	+	2329	3844
6953	+	2329	4241
6954	+	2329	4314
6955	+	2329	4442
7055	+	2397	4113
7064	+	2404	3524
7103	+	2453	4067
7116	+	2472	4110
7131	+	2515	4110
7134	+	2530	4068
7137	+	2539	3187
7149	+	2548	4060
7150	+	2553	4067
7158	+	2574	4067
7167	+	2605	3225
7168	+	2605	3376
7169	+	2605	3610
7170	+	2605	4062
7171	+	2605	4106
7172	+	2605	4162
7173	+	2605	4173
7174	+	2605	4183
7175	+	2605	4237
7176	+	2605	4239
7177	+	2605	4255
7178	+	2606	4095
7193	+	2645	3167
7372	+	2737	4115
7408	+	2794	3088
7410	+	2798	3088
7411	+	2808	3939
7432	+	2823	3939
7439	+	2840	4070
7490	+	2895	3494
7507	+	2899	3505
7508	+	2899	4059
7509	+	2899	4073
7510	+	2899	4092
7511	+	2899	4187
7512	+	2899	4189
7513	+	2899	4203
7514	+	2899	4211
7515	+	2899	4212
7516	+	2899	4250
7517	+	2899	4286
7518	+	2899	4353
7522	+	2911	4056
7523	+	2911	4115
7587	+	2968	4064
7588	+	2968	4170
7589	+	2969	3056
7590	+	2969	4210
7591	+	2969	4292
7592	+	2969	4296
7593	+	2969	4363
7601	+	2986	4113
7602	+	2994	4059
7603	+	2995	4192
7604	+	2995	4365
7605	+	2996	4070
7610	+	3008	4113
7636	+	3042	4115
7639	+	3055	4115
7670	+	3088	3396
7671	+	3088	3507
7672	+	3088	4058
7673	+	3088	4094
7674	+	3088	4221
7675	+	3088	4258
7697	+	3106	3167
7726	+	3131	3167
7739	+	3147	4204
7744	+	3166	3939
7745	+	3167	3560
7746	+	3167	4123
7747	+	3167	4137
7748	+	3167	4246
7749	+	3167	4251
7750	+	3167	4301
7751	+	3167	4380
7752	+	3167	4415
7753	+	3167	4436
7754	+	3167	4437
7763	+	3188	4060
7779	+	3217	4110
7795	+	3228	4113
7822	+	3261	4138
7825	+	3263	3271
7828	+	3271	4362
7871	+	3287	4115
7873	+	3292	4071
7944	+	3326	3524
7956	+	3349	3524
7957	+	3349	4132
7958	+	3353	4113
7959	+	3354	4115
7961	+	3357	4056
7962	+	3357	4115
7985	+	3376	4060
7989	+	3394	4113
7995	+	3426	4115
8002	+	3447	3524
8006	+	3462	4060
8013	+	3490	4113
8014	+	3492	3524
8015	+	3495	3619
8016	+	3495	4295
8017	+	3495	4312
8018	+	3495	4344
8022	+	3518	4132
8023	+	3524	4142
8153	+	3547	3944
8239	+	3640	3944
8248	+	3680	3944
8264	+	3743	4056
8265	+	3743	4060
8266	+	3743	4115
8273	+	3768	4192
8275	+	3780	4080
8276	+	3811	4104
8277	+	3824	3944
8284	+	3852	3939
8285	+	3878	3939
8291	+	3939	3946
8292	+	3939	3969
8293	+	3939	3985
8294	+	3939	4002
8295	+	3939	4284
8296	+	3939	4368
8297	+	3939	4369
8298	+	3939	4387
8299	+	3939	4398
8300	+	3939	4403
8301	+	3939	4405
8302	+	3939	4407
8303	+	3939	4417
8304	+	3939	4444
8305	+	3939	4446
8306	+	3944	4113
8307	+	3944	4140
8312	+	3996	4071
8313	+	4019	4060
8315	+	4049	4082
8316	+	4049	4341
8317	+	4050	4051
8318	+	4050	4088
8319	+	4050	4445
8320	+	4060	4061
8321	+	4060	4062
8322	+	4060	4091
8323	+	4060	4106
8324	+	4060	4107
8325	+	4060	4171
8326	+	4060	4184
8327	+	4060	4186
8328	+	4060	4239
8329	+	4060	4245
8330	+	4060	4249
8331	+	4060	4310
8332	+	4065	4066
8333	+	4065	4229
8334	+	4065	4360
8335	+	4067	4253
8336	+	4067	4285
8337	+	4068	4069
8338	+	4068	4086
8339	+	4068	4143
8340	+	4068	4155
8341	+	4068	4156
8342	+	4068	4318
8343	+	4070	4321
8344	+	4070	4406
8345	+	4070	4419
8346	+	4077	4078
8347	+	4077	4185
8348	+	4077	4382
8349	+	4077	4393
8350	+	4080	4081
8351	+	4080	4226
8352	+	4080	4269
8353	+	4100	4101
8354	+	4104	4105
8355	+	4104	4280
8356	+	4104	4443
8357	+	4113	4114
8358	+	4113	4190
8359	+	4113	4348
8360	+	4114	4168
8361	+	4115	4240
8362	+	4115	4262
8363	+	4115	4275
8364	+	4115	4304
8365	+	4115	4440
8366	+	4134	4135
8367	+	4138	4139
8368	+	4165	4166
8369	+	4168	4182
8370	+	4168	4311
8371	+	4168	4431
8372	+	4168	4449
8373	+	4177	4178
8374	+	4204	4205
8375	+	4204	4299
8376	+	4204	4412
8377	+	4223	4224
8378	+	4223	4435
8379	+	4242	4248
8380	+	4242	4302
8381	+	4242	4342
8382	+	4349	4350
8383	+	4375	4376
8384	+	4424	4425
