8	+	3	885
10	+	3	1652
57	+	17	885
59	+	17	1652
302	+	73	1652
336	+	83	99
360	+	99	119
361	+	99	639
362	+	99	830
363	+	99	1023
365	+	99	2507
366	+	99	2535
367	+	99	2671
382	+	111	948
388	+	111	4141
513	+	142	4456
521	+	149	1240
522	+	149	2727
523	+	149	3176
525	+	149	3775
526	+	149	3988
527	+	149	4542
528	+	149	4584
529	+	149	4693
535	+	151	1096
536	+	152	3004
563	+	157	238
564	+	157	271
566	+	157	348
567	+	157	363
568	+	157	390
570	+	157	464
571	+	157	475
572	+	157	481
573	+	157	492
574	+	157	496
575	+	157	506
576	+	157	589
577	+	157	640
578	+	157	835
579	+	157	871
580	+	157	886
581	+	157	893
585	+	157	1177
586	+	157	1213
587	+	157	1242
588	+	157	1456
589	+	157	1576
590	+	157	1698
591	+	157	1820
592	+	157	1920
593	+	157	2168
596	+	157	2274
597	+	157	2539
598	+	157	2724
599	+	157	2741
600	+	157	2753
601	+	157	2764
602	+	157	2771
603	+	157	2823
604	+	157	2875
605	+	157	2880
606	+	157	2885
607	+	157	2892
608	+	157	2941
609	+	157	2944
610	+	157	2946
611	+	157	2957
612	+	157	3026
613	+	157	3059
614	+	157	3060
615	+	157	3127
616	+	157	3425
617	+	157	3497
618	+	157	3599
619	+	157	3634
620	+	157	3649
621	+	157	3655
622	+	157	3933
623	+	157	4325
624	+	157	4346
625	+	157	4465
626	+	157	4471
627	+	157	4477
628	+	157	4529
629	+	157	4592
630	+	157	4598
631	+	157	4612
632	+	157	4613
633	+	157	4627
634	+	157	4629
635	+	157	4650
636	+	157	4651
637	+	157	4652
638	+	157	4656
639	+	157	4708
727	+	171	4387
756	+	176	4456
757	+	176	4515
771	+	183	264
921	+	235	243
922	+	235	262
923	+	235	263
924	+	235	273
926	+	235	429
928	+	235	3598
930	+	235	3631
1050	+	264	405
1051	+	264	413
1054	+	264	1802
1055	+	264	2420
1056	+	264	2951
1057	+	264	3173
1058	+	264	3854
1059	+	264	3958
1060	+	264	4057
1061	+	264	4274
1062	+	264	4451
1063	+	264	4526
1064	+	264	4605
1065	+	264	4620
1066	+	264	4687
1122	+	307	1830
1123	+	307	2630
1124	+	307	2638
1125	+	307	4356
1140	+	313	2742
1149	+	315	2742
1455	+	441	1096
1458	+	441	3106
1547	+	454	2927
1552	+	455	2927
1566	+	458	2927
1692	+	471	1459
1700	+	476	1096
1744	+	499	2927
1755	+	507	1096
1761	+	508	2927
1773	+	512	2927
1781	+	516	2927
1808	+	525	2927
1832	+	538	1096
1850	+	549	1096
1855	+	551	2338
1860	+	552	2927
1863	+	553	1096
1886	+	560	2927
1903	+	567	2927
1908	+	574	2927
2006	+	590	1096
2007	+	590	4475
2016	+	593	2927
2037	+	599	4675
2038	+	599	4677
2039	+	599	4678
2057	+	602	2415
2065	+	607	4532
2072	+	613	2415
2176	+	621	4141
2624	+	636	952
2741	+	658	885
2762	+	662	4141
2766	+	664	1078
2769	+	665	1078
2774	+	667	4079
2816	+	677	1452
2817	+	678	948
2820	+	679	2018
3207	+	686	1078
3209	+	688	1078
3392	+	720	4467
3395	+	722	1078
3419	+	731	1116
3427	+	734	1078
3428	+	734	4467
3433	+	736	1078
3434	+	736	4467
3465	+	741	1078
3468	+	745	1078
3515	+	759	4460
3668	+	779	4467
3672	+	782	1078
3675	+	783	4079
3676	+	784	4456
3695	+	793	3012
3699	+	796	1078
3701	+	797	1078
3702	+	797	3106
3703	+	797	4467
3798	+	815	4467
3799	+	817	1078
3845	+	827	1116
3907	+	835	2742
3910	+	835	3377
3950	+	849	2291
3954	+	849	4141
3968	+	855	4456
3969	+	856	4456
3977	+	859	1116
3989	+	860	977
3990	+	860	1078
4025	+	885	891
4026	+	885	952
4030	+	885	1821
4031	+	885	2559
4032	+	885	4356
4033	+	885	4540
4034	+	887	952
4040	+	887	1652
4045	+	887	4460
4048	+	888	4141
4070	+	894	1652
4113	+	928	4467
4204	+	936	977
4205	+	936	1078
4208	+	938	1078
4214	+	942	1128
4215	+	943	1078
4216	+	944	1078
4217	+	945	1078
4218	+	945	4467
4220	+	948	1145
4221	+	948	1199
4222	+	948	1571
4224	+	948	1977
4225	+	948	3110
4226	+	948	3231
4227	+	948	4057
4228	+	948	4098
4229	+	948	4118
4230	+	948	4120
4231	+	948	4175
4232	+	948	4198
4233	+	948	4282
4234	+	948	4316
4235	+	948	4388
4236	+	948	4448
4237	+	948	4537
4238	+	948	4577
4239	+	948	4614
4240	+	948	4630
4241	+	948	4636
4242	+	948	4722
4246	+	952	1143
4251	+	952	3232
4252	+	952	3288
4253	+	952	3300
4254	+	952	4536
4258	+	954	1623
4267	+	960	1078
4268	+	960	3106
4269	+	960	4467
4271	+	961	1116
4286	+	966	4141
4304	+	977	995
4305	+	977	1005
4306	+	977	1006
4307	+	977	1121
4308	+	977	1149
4309	+	977	1288
4310	+	977	4144
4311	+	977	4327
4312	+	977	4480
4313	+	977	4562
4314	+	977	4575
4315	+	977	4589
4320	+	979	2971
4321	+	979	3701
4322	+	979	4456
4336	+	984	4467
4348	+	991	4467
4352	+	995	1078
4376	+	1003	4079
4378	+	1005	1078
4379	+	1005	4467
4410	+	1025	3106
4421	+	1028	4079
4424	+	1030	4456
4427	+	1036	1078
4428	+	1036	4467
4451	+	1040	4467
4454	+	1046	1078
4462	+	1056	3841
4463	+	1057	4467
4466	+	1058	4467
4469	+	1060	4456
4478	+	1072	1078
4479	+	1072	4467
4481	+	1073	4456
4484	+	1078	1112
4485	+	1078	1113
4486	+	1078	1119
4487	+	1078	1121
4488	+	1078	1147
4489	+	1078	1169
4490	+	1078	1205
4491	+	1078	1208
4492	+	1078	1229
4493	+	1078	1234
4494	+	1078	1236
4495	+	1078	1280
4496	+	1078	1286
4497	+	1078	1293
4498	+	1078	1294
4499	+	1078	1303
4500	+	1078	1315
4501	+	1078	1446
4503	+	1078	2113
4504	+	1078	2223
4506	+	1078	3090
4507	+	1078	3126
4508	+	1078	3160
4509	+	1078	3185
4510	+	1078	3191
4511	+	1078	3239
4512	+	1078	3256
4513	+	1078	3275
4514	+	1078	3535
4515	+	1078	3571
4516	+	1078	3607
4517	+	1078	4061
4518	+	1078	4063
4519	+	1078	4087
4520	+	1078	4153
4521	+	1078	4216
4522	+	1078	4232
4523	+	1078	4317
4524	+	1078	4327
4525	+	1078	4336
4526	+	1078	4337
4527	+	1078	4357
4528	+	1078	4359
4529	+	1078	4372
4530	+	1078	4394
4531	+	1078	4399
4532	+	1078	4421
4533	+	1078	4439
4534	+	1078	4441
4535	+	1078	4450
4536	+	1078	4452
4537	+	1078	4453
4538	+	1078	4454
4539	+	1078	4458
4540	+	1078	4467
4541	+	1078	4480
4542	+	1078	4481
4543	+	1078	4483
4544	+	1078	4484
4545	+	1078	4494
4546	+	1078	4506
4547	+	1078	4512
4548	+	1078	4513
4549	+	1078	4514
4550	+	1078	4550
4551	+	1078	4557
4552	+	1078	4561
4553	+	1078	4564
4554	+	1078	4566
4555	+	1078	4569
4556	+	1078	4576
4557	+	1078	4581
4558	+	1078	4582
4559	+	1078	4589
4560	+	1078	4619
4561	+	1078	4621
4562	+	1078	4633
4563	+	1078	4635
4564	+	1078	4640
4565	+	1078	4643
4566	+	1078	4654
4567	+	1078	4655
4568	+	1078	4666
4569	+	1078	4681
4570	+	1078	4682
4571	+	1078	4688
4572	+	1078	4692
4573	+	1078	4694
4574	+	1078	4714
4575	+	1078	4728
4576	+	1078	4731
4658	+	1096	1204
4659	+	1096	1536
4660	+	1096	3106
4662	+	1096	3237
4663	+	1096	3448
4664	+	1096	3562
4665	+	1096	3668
4666	+	1096	3899
4668	+	1096	4683
4671	+	1098	1338
4673	+	1098	1618
4674	+	1098	2834
4675	+	1098	2869
4676	+	1098	3099
4677	+	1098	3163
4679	+	1098	4083
4680	+	1098	4487
4681	+	1098	4495
4682	+	1098	4547
4683	+	1098	4565
4684	+	1098	4599
4685	+	1098	4625
4686	+	1098	4632
4687	+	1098	4712
4789	+	1116	2374
4790	+	1116	2411
4791	+	1116	2412
4792	+	1116	2432
4796	+	1118	3317
4797	+	1119	4467
4801	+	1122	4475
4806	+	1128	1586
4807	+	1128	2472
4808	+	1128	2510
4809	+	1128	2595
4874	+	1167	4456
4878	+	1169	4467
4882	+	1172	1652
4972	+	1200	2971
5011	+	1231	3217
5085	+	1242	4460
5095	+	1249	4456
5108	+	1261	4079
5159	+	1280	4467
5186	+	1312	4456
5194	+	1315	4467
5254	+	1338	3991
5317	+	1350	2018
5319	+	1350	2971
5320	+	1350	3701
5321	+	1350	4456
5373	+	1364	1665
5444	+	1386	3055
5451	+	1390	4141
5633	+	1446	4467
5640	+	1452	4609
5646	+	1459	3176
5647	+	1459	4541
5648	+	1459	4720
5654	+	1462	2742
5772	+	1482	1623
5824	+	1502	1623
5828	+	1504	3992
5829	+	1505	1617
5835	+	1511	3377
5887	+	1537	2971
5890	+	1537	3991
5892	+	1539	1619
5910	+	1558	1616
5915	+	1565	1623
5918	+	1567	4475
5933	+	1578	4603
5953	+	1596	1618
5956	+	1596	2097
5960	+	1598	2742
5962	+	1601	3992
5972	+	1616	1661
5973	+	1617	4542
5975	+	1618	2742
5979	+	1622	2415
5999	+	1634	2571
6026	+	1646	4466
6036	+	1652	1821
6037	+	1652	3489
6038	+	1652	3785
6039	+	1652	4356
6040	+	1652	4536
6041	+	1652	4540
6042	+	1652	4590
6045	+	1661	1664
6051	+	1664	1934
6052	+	1664	2091
6055	+	1664	2580
6057	+	1664	3381
6058	+	1664	3560
6060	+	1664	3688
6064	+	1665	3557
6065	+	1665	3992
6162	+	1692	3560
6165	+	1693	4460
6208	+	1699	2742
6209	+	1699	4475
6279	+	1730	4460
6295	+	1735	4466
6309	+	1738	2640
6349	+	1755	4460
6402	+	1776	4460
6407	+	1779	2291
6410	+	1783	4475
6424	+	1799	3106
6430	+	1814	4460
6503	+	1835	3560
6525	+	1843	2018
6527	+	1843	2971
6529	+	1843	3701
6617	+	1865	4460
6618	+	1865	4467
6650	+	1880	2742
6656	+	1881	2742
6669	+	1895	1943
6671	+	1895	4489
6698	+	1912	2742
6700	+	1919	4466
6721	+	1936	3217
6726	+	1940	4460
6727	+	1940	4467
6774	+	1948	4475
6775	+	1952	3377
6786	+	1960	4467
6795	+	1972	3992
6798	+	1981	2710
6807	+	1988	2062
6808	+	1988	2244
6809	+	1988	2293
6810	+	1988	2328
6811	+	1988	3865
6812	+	1988	4501
6813	+	1989	3377
6842	+	2018	2164
6843	+	2018	2971
6845	+	2018	3690
6846	+	2018	3724
6847	+	2018	3839
6848	+	2018	4037
6849	+	2018	4530
6850	+	2018	4531
6872	+	2043	2742
6899	+	2046	2971
6900	+	2046	3701
6924	+	2056	2971
6925	+	2056	3701
6938	+	2061	4683
6940	+	2062	4501
6955	+	2068	2958
6956	+	2068	2984
6957	+	2068	4556
6960	+	2076	4460
6974	+	2083	2742
6980	+	2091	3560
6984	+	2097	2291
7137	+	2105	3377
7144	+	2113	4467
7147	+	2119	4460
7148	+	2119	4467
7150	+	2123	2971
7156	+	2134	4460
7157	+	2134	4467
7160	+	2139	2742
7201	+	2155	4456
7207	+	2162	4466
7208	+	2164	2971
7210	+	2164	3701
7214	+	2168	4475
7216	+	2171	2742
7237	+	2178	3928
7240	+	2187	4467
7280	+	2194	2415
7324	+	2203	3042
7325	+	2203	3055
7326	+	2206	4460
7327	+	2207	4460
7332	+	2220	3217
7350	+	2243	2742
7351	+	2244	4501
7461	+	2280	2338
7462	+	2281	2338
7466	+	2285	4460
7478	+	2291	4057
7498	+	2299	2338
7519	+	2325	2720
7521	+	2325	2814
7522	+	2325	2884
7523	+	2325	4462
7524	+	2325	4499
7525	+	2325	4502
7526	+	2325	4521
7527	+	2325	4563
7528	+	2325	4626
7529	+	2325	4649
7541	+	2338	2339
7542	+	2338	2348
7543	+	2338	2537
7544	+	2338	4464
7545	+	2338	4637
7546	+	2338	4706
7547	+	2338	4735
7635	+	2388	3377
7640	+	2392	4460
7641	+	2397	2571
7657	+	2407	2927
7668	+	2415	2657
7669	+	2415	2658
7670	+	2415	3902
7671	+	2415	4624
7672	+	2415	4659
7673	+	2415	4680
7674	+	2415	4697
7675	+	2415	4701
7688	+	2439	3377
7696	+	2451	4460
7707	+	2457	2927
7709	+	2462	2572
7718	+	2470	4567
7719	+	2472	4079
7737	+	2519	2971
7738	+	2519	3701
7759	+	2561	2572
7765	+	2571	2584
7766	+	2571	2590
7767	+	2571	3008
7768	+	2571	3583
7769	+	2571	4488
7770	+	2571	4543
7771	+	2571	4552
7772	+	2572	2602
7773	+	2572	2615
7774	+	2572	2665
7775	+	2572	4664
7776	+	2572	4673
7780	+	2588	2742
7787	+	2602	3890
7801	+	2620	4456
7811	+	2638	4362
7812	+	2638	4570
7813	+	2640	4470
7814	+	2640	4671
7820	+	2646	3377
7824	+	2655	3217
7825	+	2655	3317
7828	+	2667	4460
7830	+	2670	3056
7989	+	2710	3106
7990	+	2710	3503
7998	+	2720	4462
8006	+	2735	3841
8009	+	2741	4475
8010	+	2742	2860
8011	+	2742	3071
8012	+	2742	3166
8013	+	2742	3652
8014	+	2742	3661
8015	+	2742	3662
8016	+	2742	3746
8017	+	2742	3812
8018	+	2742	3822
8019	+	2742	3891
8020	+	2742	3970
8021	+	2742	4244
8022	+	2742	4420
8023	+	2742	4527
8024	+	2742	4543
8025	+	2742	4672
8026	+	2742	4724
8028	+	2746	2927
8029	+	2747	2927
8044	+	2756	4734
8055	+	2768	4475
8058	+	2771	4475
8064	+	2786	2927
8066	+	2789	4475
8099	+	2835	3056
8136	+	2870	2927
8142	+	2881	2927
8151	+	2886	2927
8153	+	2893	2971
8187	+	2910	2927
8204	+	2915	2927
8205	+	2921	4456
8208	+	2924	2927
8209	+	2927	2928
8210	+	2927	2929
8211	+	2927	3016
8212	+	2927	3641
8213	+	2927	3808
8214	+	2927	3904
8257	+	2940	4475
8258	+	2941	4475
8259	+	2952	3024
8260	+	2952	4459
8261	+	2952	4496
8262	+	2952	4658
8265	+	2957	4475
8266	+	2959	3042
8267	+	2959	3055
8270	+	2964	3841
8271	+	2967	3217
8281	+	2971	3105
8283	+	2971	3130
8284	+	2971	3299
8285	+	2971	3412
8286	+	2971	3487
8287	+	2971	3701
8288	+	2971	3724
8289	+	2971	3819
8290	+	2971	4151
8291	+	2971	4490
8292	+	2971	4508
8293	+	2971	4530
8294	+	2971	4531
8295	+	2971	4533
8296	+	2971	4534
8337	+	3042	3055
8338	+	3042	3151
8339	+	3042	3225
8340	+	3042	3357
8341	+	3042	3382
8342	+	3042	3426
8344	+	3042	4275
8345	+	3042	4362
8346	+	3042	4548
8347	+	3042	4587
8350	+	3055	3357
8351	+	3055	3426
8353	+	3055	4275
8354	+	3055	4362
8355	+	3055	4539
8356	+	3055	4548
8357	+	3055	4555
8358	+	3055	4587
8359	+	3056	3742
8360	+	3056	4101
8361	+	3056	4727
8363	+	3059	4475
8408	+	3097	3222
8423	+	3106	3237
8424	+	3106	3428
8425	+	3106	3487
8426	+	3106	3879
8427	+	3106	4014
8428	+	3106	4352
8429	+	3106	4505
8430	+	3106	4670
8431	+	3106	4713
8432	+	3106	4729
8433	+	3107	3217
8442	+	3110	4456
8443	+	3110	4467
8446	+	3116	4456
8461	+	3122	3217
8463	+	3124	4467
8475	+	3135	4460
8479	+	3140	4475
8482	+	3151	3217
8484	+	3151	4362
8502	+	3174	3217
8504	+	3174	3317
8505	+	3174	4362
8508	+	3185	4467
8510	+	3188	3217
8514	+	3191	4467
8522	+	3198	3217
8530	+	3217	3277
8531	+	3217	3303
8532	+	3217	3317
8533	+	3217	3336
8534	+	3217	3340
8535	+	3217	3409
8536	+	3217	3486
8537	+	3217	3491
8538	+	3217	3493
8539	+	3217	3548
8540	+	3217	3571
8541	+	3217	3629
8542	+	3217	3816
8543	+	3217	3825
8544	+	3217	3828
8545	+	3217	3838
8546	+	3217	3847
8547	+	3217	3940
8548	+	3217	3941
8549	+	3217	3990
8550	+	3217	4042
8552	+	3217	4362
8553	+	3217	4474
8554	+	3217	4558
8555	+	3217	4631
8556	+	3217	4668
8557	+	3217	4717
8570	+	3222	3322
8571	+	3222	3346
8572	+	3222	3385
8573	+	3222	3402
8574	+	3222	3403
8575	+	3222	3404
8576	+	3222	3414
8577	+	3222	3423
8578	+	3222	3442
8579	+	3222	3778
8580	+	3222	4611
8663	+	3296	4524
8723	+	3313	3377
8725	+	3314	4507
8730	+	3317	3336
8731	+	3317	3340
8732	+	3317	3409
8733	+	3317	3486
8734	+	3317	3493
8735	+	3317	3548
8736	+	3317	3629
8737	+	3317	3825
8738	+	3317	3940
8739	+	3317	3990
8740	+	3317	4275
8741	+	3317	4362
8742	+	3317	4474
8743	+	3317	4555
8750	+	3323	3357
8751	+	3323	4436
8759	+	3340	4362
8772	+	3357	4362
8778	+	3368	3701
8797	+	3377	3380
8798	+	3377	3398
8799	+	3377	3440
8800	+	3377	3953
8801	+	3377	4528
8802	+	3377	4639
8803	+	3377	4691
8804	+	3377	4703
8805	+	3377	4705
8813	+	3412	3701
8817	+	3426	4362
8825	+	3455	4524
8831	+	3477	3841
8838	+	3490	4456
8998	+	3560	3760
8999	+	3560	4606
9004	+	3571	4467
9020	+	3586	4467
9023	+	3588	3890
9043	+	3597	4461
9063	+	3623	4467
9076	+	3669	3841
9081	+	3678	3841
9088	+	3701	3710
9089	+	3701	3819
9090	+	3701	4490
9091	+	3701	4508
9092	+	3701	4509
9093	+	3701	4531
9094	+	3701	4533
9103	+	3720	4475
9104	+	3729	4469
9106	+	3732	4475
9108	+	3743	3841
9119	+	3778	4461
9122	+	3780	4269
9128	+	3841	4310
9129	+	3841	4485
9130	+	3841	4490
9131	+	3841	4509
9132	+	3841	4586
9133	+	3841	4684
9134	+	3841	4690
9145	+	3887	4475
9146	+	3907	4362
9147	+	3928	4186
9148	+	3928	4245
9169	+	3961	4507
9170	+	3970	4475
9171	+	3983	4472
9172	+	3991	4432
9173	+	3992	4695
9176	+	4003	4456
9196	+	4061	4456
9197	+	4063	4456
9212	+	4072	4456
9217	+	4079	4455
9218	+	4079	4503
9219	+	4079	4676
9220	+	4079	4707
9224	+	4087	4456
9225	+	4087	4467
9239	+	4116	4475
9242	+	4141	4238
9243	+	4159	4469
9253	+	4205	4467
9256	+	4226	4269
9260	+	4249	4456
9261	+	4261	4469
9262	+	4263	4469
9263	+	4264	4469
9264	+	4267	4362
9265	+	4275	4362
9266	+	4281	4469
9267	+	4283	4475
9268	+	4317	4456
9269	+	4336	4467
9271	+	4352	4467
9272	+	4354	4475
9273	+	4358	4467
9274	+	4359	4467
9275	+	4362	4474
9276	+	4362	4548
9277	+	4362	4555
9278	+	4367	4456
9279	+	4370	4469
9281	+	4379	4469
9282	+	4386	4475
9283	+	4387	4554
9284	+	4387	4579
9285	+	4387	4644
9286	+	4387	4721
9287	+	4399	4467
9288	+	4401	4475
9290	+	4452	4467
9291	+	4453	4467
9292	+	4456	4457
9293	+	4456	4516
9294	+	4456	4622
9295	+	4456	4628
9296	+	4456	4653
9297	+	4456	4657
9298	+	4456	4660
9299	+	4456	4679
9300	+	4456	4685
9301	+	4456	4686
9302	+	4456	4702
9303	+	4456	4732
9304	+	4456	4733
9305	+	4460	4546
9306	+	4460	4559
9307	+	4460	4566
9308	+	4460	4574
9309	+	4460	4600
9310	+	4460	4618
9311	+	4460	4663
9312	+	4460	4669
9313	+	4460	4725
9314	+	4461	4493
9315	+	4461	4696
9316	+	4461	4723
9317	+	4461	4730
9318	+	4462	4463
9319	+	4462	4486
9320	+	4462	4497
9321	+	4462	4510
9322	+	4462	4517
9323	+	4462	4521
9324	+	4462	4572
9325	+	4462	4594
9326	+	4462	4595
9327	+	4462	4716
9328	+	4466	4549
9329	+	4467	4468
9330	+	4467	4479
9331	+	4467	4480
9332	+	4467	4481
9333	+	4467	4482
9334	+	4467	4491
9335	+	4467	4500
9336	+	4467	4504
9337	+	4467	4506
9338	+	4467	4511
9339	+	4467	4514
9340	+	4467	4518
9341	+	4467	4535
9342	+	4467	4551
9343	+	4467	4566
9344	+	4467	4574
9345	+	4467	4583
9346	+	4467	4585
9347	+	4467	4589
9348	+	4467	4596
9349	+	4467	4597
9350	+	4467	4602
9351	+	4467	4608
9352	+	4467	4615
9353	+	4467	4616
9354	+	4467	4623
9355	+	4467	4634
9356	+	4467	4638
9357	+	4467	4642
9358	+	4467	4645
9359	+	4467	4648
9360	+	4467	4660
9361	+	4467	4666
9362	+	4467	4667
9363	+	4467	4674
9364	+	4467	4679
9365	+	4467	4689
9366	+	4467	4711
9367	+	4467	4714
9368	+	4467	4715
9369	+	4469	4478
9370	+	4469	4498
9371	+	4469	4591
9372	+	4469	4641
9373	+	4469	4665
9374	+	4469	4704
9375	+	4472	4473
9376	+	4472	4573
9377	+	4475	4476
9378	+	4475	4492
9379	+	4475	4613
9380	+	4515	4538
9381	+	4519	4520
9382	+	4519	4610
9383	+	4522	4523
9384	+	4522	4617
9385	+	4524	4525
9386	+	4524	4593
9387	+	4532	4568
9388	+	4532	4578
9389	+	4532	4580
9390	+	4532	4588
9391	+	4532	4601
9392	+	4532	4607
9393	+	4532	4700
9394	+	4544	4545
9395	+	4544	4553
9396	+	4544	4560
9397	+	4570	4571
9398	+	4570	4726
9399	+	4603	4604
9400	+	4646	4647
9401	+	4661	4662
9402	+	4698	4699
9403	+	4709	4710
9404	+	4718	4719
