8	+	3	695
56	+	15	246
64	+	20	38
65	+	20	365
67	+	20	376
68	+	20	3492
157	+	38	941
184	+	46	117
266	+	57	117
289	+	65	282
304	+	68	3239
312	+	71	3004
314	+	72	686
356	+	89	3239
357	+	89	4740
361	+	91	117
362	+	91	118
367	+	91	3293
368	+	91	4348
393	+	104	4814
395	+	105	117
409	+	111	3168
411	+	111	4282
412	+	111	4448
414	+	112	3924
429	+	115	727
432	+	116	442
433	+	116	476
448	+	116	1536
454	+	116	4354
457	+	117	1495
458	+	117	1636
459	+	117	1638
461	+	117	2948
462	+	117	2978
463	+	117	3001
464	+	117	3129
465	+	117	4190
499	+	132	145
500	+	132	1897
504	+	132	4917
505	+	132	5099
562	+	145	2996
578	+	151	828
580	+	151	1615
781	+	173	961
787	+	173	1861
789	+	173	3087
795	+	175	378
796	+	176	244
857	+	197	918
858	+	197	4846
955	+	223	394
1068	+	243	263
1069	+	243	429
1072	+	243	3631
1077	+	244	4402
1083	+	247	308
1090	+	250	440
1092	+	254	1536
1105	+	261	4814
1106	+	262	311
1140	+	273	311
1143	+	277	3376
1148	+	282	330
1149	+	282	5100
1162	+	292	311
1179	+	303	4813
1188	+	306	1579
1203	+	311	337
1205	+	311	504
1206	+	311	509
1207	+	311	545
1208	+	311	3643
1209	+	311	3772
1210	+	311	4270
1211	+	311	4805
1220	+	314	3396
1229	+	315	4672
1312	+	343	4932
1334	+	363	476
1335	+	363	762
1354	+	372	378
1386	+	386	4813
1396	+	393	2252
1404	+	397	4345
1405	+	397	4980
1407	+	399	3396
1542	+	440	469
1543	+	440	540
1544	+	440	544
1545	+	440	1547
1546	+	440	1657
1547	+	440	2730
1548	+	440	2792
1549	+	440	2866
1550	+	440	2904
1551	+	440	2946
1552	+	440	2993
1553	+	440	3616
1554	+	440	3641
1555	+	440	3643
1556	+	440	3772
1557	+	440	3796
1558	+	440	3820
1559	+	440	3907
1560	+	440	3933
1561	+	440	4738
1562	+	440	4973
1563	+	440	5074
1564	+	440	5170
1565	+	441	462
1566	+	441	538
1567	+	441	543
1569	+	441	590
1571	+	441	1504
1572	+	441	1938
1573	+	441	1981
1574	+	441	2893
1578	+	441	3237
1579	+	441	3240
1580	+	441	3241
1581	+	441	3279
1582	+	441	3428
1583	+	441	3487
1584	+	441	3537
1585	+	441	3668
1586	+	441	4014
1587	+	441	4336
1588	+	441	4807
1589	+	442	476
1590	+	442	539
1591	+	442	549
1592	+	442	573
1594	+	442	828
1595	+	442	1225
1596	+	442	1536
1597	+	442	1556
1598	+	442	2292
1599	+	442	2865
1600	+	442	3737
1601	+	442	4821
1602	+	442	4965
1603	+	442	5146
1715	+	461	1149
1835	+	469	4753
1841	+	473	3004
1844	+	476	573
1846	+	476	584
1850	+	476	1225
1851	+	476	1933
1878	+	492	4354
1885	+	495	4759
1894	+	497	4736
1899	+	499	3580
1901	+	501	828
1905	+	505	827
1906	+	505	1012
1907	+	505	1140
1908	+	505	1340
1909	+	505	1344
1910	+	505	1345
1911	+	505	1346
1912	+	505	1393
1913	+	505	1416
1914	+	505	1840
1915	+	505	1966
1916	+	505	2257
1917	+	505	2485
1918	+	505	2533
1921	+	506	4753
1953	+	516	4383
1956	+	518	4753
1986	+	528	4305
2003	+	537	1149
2011	+	539	828
2012	+	540	4753
2021	+	543	828
2028	+	549	828
2031	+	549	1536
2036	+	551	3004
2037	+	551	5033
2048	+	553	2597
2049	+	553	4283
2050	+	553	4354
2073	+	560	4383
2090	+	568	4753
2091	+	569	4753
2092	+	572	4753
2093	+	573	828
2096	+	573	1225
2097	+	573	1536
2175	+	584	828
2178	+	584	1225
2179	+	584	1615
2199	+	589	1871
2202	+	590	828
2206	+	591	3428
2207	+	591	4900
2208	+	591	5071
2257	+	602	2287
2273	+	613	2287
2378	+	621	3168
2385	+	624	4736
2805	+	634	1538
2905	+	643	4384
2906	+	644	747
2907	+	644	3239
2908	+	644	4740
2949	+	655	3239
2951	+	658	695
2970	+	661	801
2975	+	662	4448
2980	+	664	3239
2981	+	664	4740
2983	+	665	686
2984	+	665	747
2987	+	665	3239
2988	+	665	4384
2989	+	666	3239
2992	+	667	1261
3024	+	673	762
3035	+	675	897
3040	+	677	4609
3045	+	679	2685
3432	+	686	745
3433	+	686	921
3434	+	686	938
3436	+	686	1205
3439	+	688	3239
3441	+	690	761
3502	+	693	2113
3506	+	695	887
3507	+	695	894
3509	+	695	1143
3604	+	709	2685
3605	+	710	3239
3608	+	713	3239
3609	+	714	835
3612	+	714	2083
3631	+	720	2252
3634	+	721	3239
3636	+	721	4384
3637	+	722	747
3641	+	722	3239
3642	+	722	4740
3664	+	731	801
3674	+	732	1261
3675	+	734	747
3677	+	734	3239
3679	+	735	761
3684	+	736	747
3686	+	736	3239
3715	+	739	2597
3720	+	741	3239
3721	+	741	4384
3722	+	741	4740
3727	+	745	3239
3729	+	747	815
3730	+	747	817
3731	+	747	883
3732	+	747	890
3733	+	747	904
3734	+	747	917
3735	+	747	921
3736	+	747	938
3737	+	747	944
3738	+	747	992
3739	+	747	1005
3740	+	747	1031
3741	+	747	1072
3742	+	747	1208
3743	+	747	1237
3744	+	747	1303
3745	+	747	1315
3746	+	747	2754
3747	+	747	3090
3748	+	747	4179
3749	+	747	4216
3750	+	747	4327
3751	+	747	4358
3752	+	747	4372
3753	+	747	4384
3754	+	747	4438
3755	+	747	4439
3756	+	747	4458
3757	+	747	4506
3758	+	747	4514
3759	+	747	4589
3760	+	747	4608
3761	+	747	4633
3762	+	747	4645
3763	+	747	4740
3764	+	747	4745
3765	+	747	4840
3766	+	747	4858
3767	+	747	4910
3768	+	747	4941
3769	+	747	4979
3770	+	747	5061
3771	+	747	5121
3772	+	747	5184
3773	+	747	5203
3819	+	761	774
3820	+	761	777
3821	+	761	798
3822	+	761	855
3823	+	761	920
3824	+	761	938
3825	+	761	968
3826	+	761	991
3827	+	761	1040
3828	+	761	1041
3829	+	761	1069
3830	+	761	1120
3831	+	761	1164
3832	+	761	1182
3833	+	761	1248
3834	+	761	1322
3836	+	761	1835
3840	+	761	2921
3841	+	761	3099
3842	+	761	3100
3843	+	761	5181
3844	+	762	821
3845	+	762	925
3847	+	762	1397
3848	+	762	1622
3850	+	762	3021
3851	+	762	4707
3852	+	762	4859
3853	+	762	4925
3898	+	765	801
3901	+	768	1261
3993	+	773	3239
3994	+	773	4384
3995	+	773	4740
4000	+	775	2252
4001	+	776	1261
4002	+	776	3239
4009	+	779	4480
4013	+	781	4144
4015	+	782	3239
4016	+	782	4740
4038	+	792	3936
4039	+	793	1536
4056	+	801	871
4057	+	801	878
4058	+	801	880
4059	+	801	900
4060	+	801	931
4063	+	801	950
4064	+	801	956
4065	+	801	1000
4066	+	801	1001
4067	+	801	1029
4068	+	801	1162
4069	+	801	1163
4070	+	801	1592
4071	+	801	1650
4072	+	801	1816
4073	+	801	1849
4074	+	801	1866
4075	+	801	1892
4076	+	801	1924
4077	+	801	1926
4078	+	801	2158
4079	+	801	2224
4080	+	801	2251
4081	+	801	2326
4082	+	801	2703
4083	+	801	2704
4084	+	801	2712
4085	+	801	2722
4086	+	801	2728
4087	+	801	2810
4088	+	801	2812
4089	+	801	2827
4090	+	801	2904
4091	+	801	2974
4092	+	801	3011
4093	+	801	3064
4094	+	801	3519
4095	+	801	4090
4096	+	801	4268
4097	+	801	4958
4098	+	801	5162
4099	+	801	5226
4100	+	802	1193
4101	+	802	1416
4102	+	802	1518
4106	+	802	2713
4107	+	802	2733
4109	+	802	3898
4110	+	802	4029
4193	+	815	3239
4197	+	817	3239
4198	+	817	4384
4199	+	817	4740
4243	+	823	2042
4249	+	828	859
4250	+	828	1536
4251	+	828	1556
4252	+	828	2224
4253	+	828	2757
4254	+	828	3237
4255	+	828	3648
4256	+	828	3737
4258	+	828	4821
4319	+	835	3208
4353	+	842	2112
4361	+	849	2252
4394	+	859	1536
4401	+	859	3208
4432	+	878	2597
4433	+	878	3936
4440	+	882	4384
4454	+	887	1143
4467	+	890	3239
4468	+	890	4740
4494	+	897	919
4495	+	897	1019
4496	+	897	1065
4497	+	897	1090
4498	+	897	1296
4499	+	897	4051
4500	+	897	4856
4504	+	900	3854
4505	+	903	1309
4528	+	917	3239
4532	+	921	3239
4533	+	921	4740
4542	+	926	1667
4544	+	927	1261
4546	+	928	1261
4551	+	930	3168
4642	+	936	3239
4643	+	936	4384
4644	+	936	4740
4648	+	938	2113
4649	+	938	3239
4650	+	938	4740
4656	+	941	3633
4657	+	941	5131
4659	+	942	1936
4660	+	942	2722
4662	+	943	3239
4663	+	943	4384
4664	+	943	4740
4666	+	944	3239
4667	+	944	4740
4670	+	945	4480
4695	+	950	2597
4696	+	950	4765
4723	+	960	3239
4750	+	970	3239
4751	+	970	4740
4755	+	973	1225
4802	+	990	2597
4808	+	992	3239
4813	+	995	3239
4816	+	1000	1536
4817	+	1001	2597
4842	+	1005	2113
4843	+	1005	3239
4844	+	1005	4144
4845	+	1005	4384
4847	+	1005	4481
4848	+	1005	4679
4849	+	1005	4740
4850	+	1005	4911
4851	+	1006	1149
4852	+	1006	3239
4853	+	1006	4480
4855	+	1008	1143
4873	+	1012	1340
4874	+	1012	1345
4876	+	1013	3769
4877	+	1013	4448
4884	+	1022	2001
4887	+	1022	3949
4891	+	1024	4765
4904	+	1029	2597
4908	+	1031	3239
4911	+	1035	4833
4914	+	1037	4384
4941	+	1046	4384
4953	+	1058	2252
4954	+	1058	4144
4956	+	1058	4480
4958	+	1059	1309
4959	+	1059	2252
4965	+	1062	4736
4969	+	1066	3239
4972	+	1068	4448
4974	+	1072	3239
4975	+	1072	4384
4977	+	1072	4740
4982	+	1077	4970
5077	+	1080	2113
5146	+	1087	4144
5149	+	1088	3376
5288	+	1112	3239
5289	+	1112	4740
5290	+	1113	3239
5291	+	1113	4740
5293	+	1115	1950
5294	+	1115	4990
5309	+	1122	4354
5312	+	1123	2113
5313	+	1125	2247
5322	+	1130	3239
5352	+	1140	1340
5353	+	1140	1345
5354	+	1140	1346
5359	+	1143	1172
5360	+	1143	1277
5361	+	1143	1738
5362	+	1143	1767
5365	+	1143	1970
5366	+	1143	1972
5367	+	1143	2246
5368	+	1143	2256
5369	+	1143	2643
5370	+	1143	2771
5371	+	1143	2867
5372	+	1143	2940
5373	+	1143	3198
5374	+	1143	3229
5375	+	1143	3794
5376	+	1143	3826
5382	+	1147	3239
5383	+	1149	1285
5384	+	1149	1905
5385	+	1149	3239
5386	+	1149	4480
5387	+	1149	4483
5388	+	1149	4562
5389	+	1149	4589
5390	+	1149	4666
5391	+	1149	5233
5394	+	1152	3388
5416	+	1166	4959
5418	+	1168	4283
5420	+	1169	2113
5430	+	1177	1871
5432	+	1179	3239
5433	+	1179	4384
5463	+	1186	4348
5507	+	1189	4283
5522	+	1200	1309
5534	+	1204	1536
5537	+	1204	4759
5539	+	1205	2252
5540	+	1205	3239
5541	+	1205	4740
5544	+	1208	4384
5545	+	1208	4480
5546	+	1208	4740
5547	+	1209	3239
5548	+	1210	2597
5549	+	1211	2252
5550	+	1211	4144
5551	+	1211	4384
5557	+	1217	1538
5558	+	1218	1309
5575	+	1229	3239
5576	+	1229	4384
5640	+	1236	3239
5641	+	1236	4740
5642	+	1237	3239
5666	+	1249	2113
5670	+	1252	2042
5677	+	1257	3168
5682	+	1261	1803
5684	+	1261	4480
5685	+	1261	4489
5686	+	1261	4494
5687	+	1261	4504
5688	+	1261	4581
5689	+	1261	4635
5690	+	1261	4762
5691	+	1261	4832
5692	+	1261	4858
5693	+	1261	4933
5694	+	1261	5199
5695	+	1266	4384
5696	+	1266	4514
5697	+	1266	4589
5698	+	1266	4679
5750	+	1286	2113
5751	+	1286	3239
5758	+	1290	4144
5759	+	1290	4740
5760	+	1292	2113
5761	+	1295	3239
5762	+	1295	4740
5764	+	1302	1538
5765	+	1302	1871
5767	+	1303	3239
5768	+	1303	4384
5769	+	1303	4740
5780	+	1306	4144
5781	+	1308	3166
5784	+	1309	1938
5785	+	1309	2051
5786	+	1309	2097
5788	+	1309	2402
5789	+	1309	2656
5790	+	1309	3675
5791	+	1309	4005
5792	+	1309	4447
5793	+	1309	4809
5794	+	1309	4824
5795	+	1309	4851
5796	+	1309	4907
5797	+	1309	4919
5798	+	1309	4986
5799	+	1309	5011
5800	+	1309	5085
5801	+	1309	5143
5815	+	1315	3239
5817	+	1315	4679
5818	+	1317	3239
5819	+	1317	4740
5820	+	1318	3239
5821	+	1319	3239
5915	+	1340	1344
5916	+	1340	1345
5917	+	1340	1346
5920	+	1340	1987
5932	+	1345	1346
5933	+	1345	1416
5936	+	1345	1840
5937	+	1345	1987
5938	+	1345	2257
5939	+	1345	2485
5941	+	1346	2485
5955	+	1350	1579
5976	+	1352	4776
6037	+	1371	5105
6043	+	1373	3166
6067	+	1379	1579
6088	+	1386	3357
6096	+	1390	4345
6139	+	1406	1579
6164	+	1416	1423
6171	+	1421	1489
6172	+	1421	1540
6175	+	1423	1639
6176	+	1423	2646
6229	+	1430	2947
6273	+	1444	2597
6286	+	1446	2113
6288	+	1446	4740
6311	+	1466	1667
6461	+	1494	3166
6484	+	1503	4872
6491	+	1508	1542
6509	+	1518	3166
6546	+	1536	1556
6547	+	1536	1966
6548	+	1536	2224
6549	+	1536	2234
6550	+	1536	2245
6551	+	1536	2292
6552	+	1536	2308
6553	+	1536	2802
6554	+	1536	2821
6555	+	1536	2865
6556	+	1536	2991
6557	+	1536	3058
6558	+	1536	3418
6559	+	1536	3419
6560	+	1536	3737
6561	+	1536	3899
6563	+	1536	4191
6564	+	1536	4265
6565	+	1536	4428
6566	+	1536	4821
6567	+	1536	4834
6568	+	1536	4867
6569	+	1536	4965
6570	+	1536	4987
6571	+	1536	5146
6572	+	1536	5239
6575	+	1537	3580
6578	+	1538	1816
6580	+	1538	3198
6583	+	1542	1598
6584	+	1542	1605
6585	+	1542	1653
6586	+	1542	1711
6587	+	1542	1881
6588	+	1542	2075
6589	+	1542	2337
6590	+	1542	2796
6591	+	1542	3047
6592	+	1542	3484
6593	+	1542	3541
6594	+	1542	3576
6595	+	1542	3658
6596	+	1542	3812
6597	+	1542	3822
6598	+	1542	3966
6599	+	1542	3985
6600	+	1542	3997
6601	+	1542	3998
6602	+	1542	4001
6603	+	1542	4360
6604	+	1542	4741
6605	+	1542	4794
6606	+	1542	4808
6607	+	1542	4876
6608	+	1542	4882
6609	+	1542	4891
6610	+	1542	4929
6611	+	1542	5008
6612	+	1542	5047
6613	+	1542	5102
6614	+	1542	5192
6615	+	1542	5247
6617	+	1547	4753
6618	+	1549	2926
6629	+	1552	5212
6634	+	1555	3580
6635	+	1557	1615
6640	+	1559	1667
6642	+	1561	2818
6647	+	1567	4354
6657	+	1571	2252
6658	+	1571	3166
6663	+	1576	2679
6667	+	1579	1589
6668	+	1579	1591
6669	+	1579	1682
6670	+	1579	1993
6674	+	1579	3107
6675	+	1579	4009
6692	+	1595	5165
6701	+	1598	3166
6712	+	1611	4144
6713	+	1611	4384
6714	+	1611	4679
6716	+	1613	2597
6721	+	1618	3166
6723	+	1618	4921
6726	+	1622	2287
6749	+	1634	3293
6774	+	1645	2541
6776	+	1645	4850
6777	+	1645	4861
6795	+	1653	2597
6802	+	1661	2533
6804	+	1661	2947
6836	+	1667	2336
6966	+	1699	4672
6968	+	1700	3166
6973	+	1709	2113
7020	+	1715	1996
7021	+	1716	4200
7022	+	1716	4329
7023	+	1717	2112
7024	+	1719	2113
7027	+	1720	2486
7033	+	1722	4872
7037	+	1724	4286
7038	+	1724	4747
7039	+	1724	4953
7040	+	1724	4984
7041	+	1724	4985
7042	+	1724	5041
7043	+	1724	5059
7044	+	1725	2113
7045	+	1726	3166
7084	+	1738	2287
7093	+	1739	4769
7125	+	1754	4759
7155	+	1760	1829
7156	+	1760	2627
7157	+	1760	3164
7158	+	1760	3380
7159	+	1760	4875
7160	+	1760	5092
7189	+	1778	3166
7195	+	1783	4354
7198	+	1784	3293
7205	+	1788	3166
7211	+	1793	2042
7215	+	1801	2597
7247	+	1820	4354
7248	+	1821	4817
7249	+	1822	1871
7252	+	1824	2042
7260	+	1830	2597
7304	+	1838	1871
7305	+	1839	3166
7327	+	1843	4754
7394	+	1858	2947
7416	+	1863	2112
7422	+	1870	2252
7423	+	1871	1872
7424	+	1871	1984
7425	+	1871	2230
7426	+	1871	2234
7427	+	1871	2243
7428	+	1871	2390
7429	+	1871	2637
7430	+	1871	2658
7431	+	1871	2686
7432	+	1871	2723
7433	+	1871	2930
7434	+	1871	3140
7435	+	1871	3661
7436	+	1871	3898
7437	+	1871	4001
7438	+	1871	4346
7439	+	1871	4651
7440	+	1871	4739
7441	+	1871	4792
7442	+	1871	4812
7443	+	1871	4866
7444	+	1871	4942
7445	+	1871	4946
7446	+	1871	4995
7447	+	1871	5040
7448	+	1871	5063
7449	+	1872	2930
7450	+	1874	4833
7474	+	1876	2287
7476	+	1877	2486
7483	+	1880	3092
7484	+	1880	3162
7485	+	1880	3283
7486	+	1880	3285
7504	+	1893	4759
7510	+	1899	3362
7537	+	1916	4672
7538	+	1918	3734
7550	+	1929	2287
7555	+	1932	3166
7558	+	1934	3688
7563	+	1936	3166
7564	+	1936	3208
7618	+	1948	2947
7619	+	1948	3166
7620	+	1948	4354
7626	+	1954	4759
7642	+	1968	2947
7643	+	1968	3166
7647	+	1977	3168
7648	+	1977	4282
7649	+	1977	4448
7659	+	1984	3166
7673	+	1995	3168
7675	+	1995	4736
7676	+	1996	2052
7677	+	1996	5159
7692	+	2005	3376
7694	+	2008	3166
7696	+	2008	3769
7698	+	2010	4756
7729	+	2034	4672
7731	+	2036	2597
7734	+	2040	4672
7735	+	2040	4759
7737	+	2042	2069
7738	+	2042	3252
7742	+	2043	4672
7805	+	2059	4763
7828	+	2071	2112
7829	+	2074	4863
7836	+	2079	4872
7844	+	2082	2764
7853	+	2087	3166
7854	+	2088	2685
7856	+	2089	4759
7859	+	2091	3688
8019	+	2108	3166
8023	+	2112	4827
8024	+	2112	4841
8025	+	2112	4898
8026	+	2112	4920
8027	+	2112	5211
8028	+	2113	4144
8029	+	2113	4172
8031	+	2113	4514
8032	+	2113	4535
8033	+	2113	4566
8034	+	2113	4585
8035	+	2113	4589
8036	+	2113	4688
8037	+	2113	4844
8038	+	2113	4862
8039	+	2113	4868
8040	+	2113	4873
8041	+	2113	4926
8042	+	2113	4988
8043	+	2113	4993
8044	+	2113	4999
8045	+	2113	5001
8046	+	2113	5004
8047	+	2113	5006
8048	+	2113	5007
8049	+	2113	5029
8050	+	2113	5039
8051	+	2113	5089
8052	+	2113	5111
8053	+	2113	5112
8054	+	2113	5125
8055	+	2113	5127
8056	+	2113	5128
8057	+	2113	5191
8058	+	2113	5219
8059	+	2113	5235
8060	+	2113	5240
8061	+	2113	5243
8064	+	2117	3166
8067	+	2121	3168
8068	+	2121	3201
8075	+	2130	2596
8076	+	2130	2597
8077	+	2130	3609
8081	+	2135	4354
8082	+	2136	2287
8084	+	2137	2597
8085	+	2138	3362
8091	+	2142	2597
8115	+	2148	2597
8116	+	2148	4004
8130	+	2155	2470
8142	+	2164	4754
8145	+	2167	3709
8147	+	2168	4354
8172	+	2178	4736
8176	+	2187	4736
8177	+	2187	4740
8222	+	2196	2597
8223	+	2199	4736
8265	+	2203	3357
8267	+	2206	4740
8268	+	2207	4178
8270	+	2209	2947
8273	+	2214	3293
8275	+	2218	2947
8276	+	2218	3166
8279	+	2221	3166
8280	+	2223	4740
8281	+	2230	2930
8282	+	2230	2947
8297	+	2240	4759
8302	+	2243	2930
8303	+	2243	4672
8305	+	2245	2947
8306	+	2245	4759
8307	+	2245	5031
8309	+	2246	2287
8311	+	2247	2352
8312	+	2247	4770
8313	+	2247	4799
8343	+	2251	4765
8344	+	2252	2304
8345	+	2252	2504
8346	+	2252	2658
8348	+	2252	3206
8349	+	2252	4057
8350	+	2252	4175
8351	+	2252	4977
8352	+	2252	5011
8357	+	2256	2287
8359	+	2257	2685
8417	+	2268	2294
8420	+	2268	2801
8423	+	2268	3177
8425	+	2268	3909
8426	+	2268	4012
8427	+	2268	4795
8428	+	2268	4897
8429	+	2268	4927
8430	+	2268	4982
8440	+	2274	2597
8442	+	2274	4354
8443	+	2278	2685
8449	+	2285	3293
8460	+	2287	2307
8461	+	2287	2316
8462	+	2287	2333
8463	+	2287	2350
8465	+	2287	2978
8466	+	2287	4044
8467	+	2287	5083
8468	+	2287	5122
8471	+	2294	2721
8492	+	2300	2597
8511	+	2312	2597
8512	+	2313	4837
8513	+	2314	4759
8516	+	2319	4759
8539	+	2336	3709
8540	+	2337	2930
8541	+	2337	4672
8554	+	2346	2597
8555	+	2346	4004
8557	+	2347	4813
8558	+	2349	2597
8635	+	2380	2556
8655	+	2401	4806
8660	+	2404	3492
8676	+	2414	4383
8690	+	2420	3166
8692	+	2420	4759
8693	+	2423	2597
8694	+	2426	2486
8701	+	2434	4913
8708	+	2442	2597
8709	+	2444	2597
8710	+	2445	2597
8727	+	2463	2685
8736	+	2470	2490
8737	+	2470	2493
8738	+	2470	2499
8739	+	2470	2648
8741	+	2470	4748
8742	+	2470	4751
8743	+	2470	4775
8744	+	2470	5000
8745	+	2470	5046
8746	+	2470	5082
8747	+	2470	5155
8748	+	2470	5189
8749	+	2471	3166
8756	+	2482	2597
8762	+	2498	3166
8767	+	2506	3168
8769	+	2515	3166
8775	+	2522	3580
8776	+	2522	3734
8778	+	2530	4069
8779	+	2530	4155
8780	+	2530	4318
8783	+	2537	4746
8784	+	2538	4746
8800	+	2555	3166
8801	+	2556	2633
8802	+	2556	2634
8803	+	2556	4824
8804	+	2556	4851
8805	+	2556	4986
8806	+	2556	5084
8807	+	2556	5143
8808	+	2556	5186
8809	+	2556	5190
8832	+	2583	2597
8833	+	2587	2597
8835	+	2593	2947
8837	+	2596	2608
8838	+	2596	2613
8839	+	2596	3023
8841	+	2596	3609
8842	+	2596	3859
8843	+	2596	3895
8844	+	2596	3951
8845	+	2596	3970
8846	+	2596	4743
8847	+	2596	4909
8848	+	2596	4962
8849	+	2596	5081
8850	+	2597	2608
8851	+	2597	2676
8852	+	2597	2680
8853	+	2597	2703
8854	+	2597	2724
8855	+	2597	2777
8856	+	2597	2800
8857	+	2597	2816
8858	+	2597	2875
8859	+	2597	2907
8860	+	2597	3000
8861	+	2597	3023
8862	+	2597	3028
8863	+	2597	3032
8864	+	2597	3458
8865	+	2597	3503
8866	+	2597	3569
8867	+	2597	3626
8868	+	2597	3641
8869	+	2597	3643
8870	+	2597	3647
8871	+	2597	3681
8872	+	2597	3686
8873	+	2597	3867
8874	+	2597	3881
8875	+	2597	3891
8876	+	2597	3895
8877	+	2597	3899
8878	+	2597	3913
8879	+	2597	3916
8880	+	2597	3917
8881	+	2597	3919
8882	+	2597	3926
8883	+	2597	3927
8884	+	2597	3957
8885	+	2597	3963
8886	+	2597	4006
8887	+	2597	4053
8888	+	2597	4102
8889	+	2597	4108
8890	+	2597	4111
8891	+	2597	4116
8892	+	2597	4117
8893	+	2597	4119
8894	+	2597	4127
8895	+	2597	4150
8896	+	2597	4181
8897	+	2597	4206
8898	+	2597	4227
8899	+	2597	4228
8900	+	2597	4230
8901	+	2597	4233
8902	+	2597	4234
8903	+	2597	4257
8904	+	2597	4266
8905	+	2597	4268
8906	+	2597	4270
8907	+	2597	4271
8908	+	2597	4274
8909	+	2597	4309
8910	+	2597	4322
8911	+	2597	4323
8912	+	2597	4326
8913	+	2597	4333
8914	+	2597	4340
8915	+	2597	4377
8916	+	2597	4378
8917	+	2597	4385
8918	+	2597	4400
8919	+	2597	4409
8920	+	2597	4410
8921	+	2597	4414
8922	+	2597	4426
8923	+	2597	4428
8924	+	2597	4433
8925	+	2597	4434
8926	+	2597	4656
8927	+	2597	4743
8928	+	2597	4761
8929	+	2597	4782
8930	+	2597	4853
8931	+	2597	4855
8932	+	2597	4857
8933	+	2597	4877
8934	+	2597	4878
8935	+	2597	4880
8936	+	2597	4892
8937	+	2597	4893
8938	+	2597	4903
8939	+	2597	4905
8940	+	2597	4938
8941	+	2597	4939
8942	+	2597	4940
8943	+	2597	4944
8944	+	2597	4948
8945	+	2597	4950
8946	+	2597	4951
8947	+	2597	4952
8948	+	2597	4955
8949	+	2597	4956
8950	+	2597	4957
8951	+	2597	4960
8952	+	2597	4967
8953	+	2597	4983
8954	+	2597	4997
8955	+	2597	4998
8956	+	2597	5003
8957	+	2597	5005
8958	+	2597	5018
8959	+	2597	5023
8960	+	2597	5068
8961	+	2597	5072
8962	+	2597	5073
8963	+	2597	5080
8964	+	2597	5091
8965	+	2597	5123
8966	+	2597	5134
8967	+	2597	5141
8968	+	2597	5145
8969	+	2597	5149
8970	+	2597	5187
8971	+	2597	5195
8972	+	2597	5196
8973	+	2597	5197
8974	+	2597	5198
8975	+	2597	5204
8976	+	2597	5205
8977	+	2597	5207
8978	+	2597	5208
8979	+	2597	5209
8980	+	2597	5210
8981	+	2597	5215
8982	+	2597	5217
8983	+	2597	5221
8984	+	2597	5248
8985	+	2597	5250
9003	+	2607	3166
9004	+	2612	3166
9006	+	2617	3239
9007	+	2620	3168
9008	+	2620	4282
9009	+	2620	4448
9018	+	2630	2930
9019	+	2630	2947
9020	+	2630	3166
9023	+	2637	2685
9024	+	2638	2930
9025	+	2638	2947
9032	+	2644	4806
9033	+	2644	4949
9040	+	2654	3166
9042	+	2655	3166
9045	+	2658	2930
9048	+	2665	4949
9050	+	2669	2685
9054	+	2675	3166
9055	+	2675	3936
9056	+	2679	4859
9057	+	2679	4888
9058	+	2679	4958
9067	+	2685	3145
9069	+	2685	4485
9070	+	2685	4849
9071	+	2685	5135
9072	+	2685	5177
9073	+	2685	5194
9074	+	2686	2930
9075	+	2686	2947
9076	+	2688	3166
9077	+	2688	4921
9145	+	2701	2996
9166	+	2705	4970
9176	+	2707	4384
9239	+	2721	2749
9240	+	2721	3043
9241	+	2721	4795
9242	+	2721	4982
9244	+	2724	2764
9245	+	2724	4283
9255	+	2741	4354
9274	+	2743	3239
9292	+	2754	3239
9293	+	2754	4740
9300	+	2764	2800
9301	+	2764	3000
9302	+	2764	3111
9303	+	2764	4149
9304	+	2764	4283
9305	+	2764	4409
9306	+	2764	5009
9312	+	2768	4354
9319	+	2776	4283
9320	+	2777	2930
9321	+	2777	2947
9327	+	2789	4354
9333	+	2798	3396
9337	+	2810	2930
9350	+	2817	2819
9353	+	2818	3158
9354	+	2818	4947
9355	+	2818	5213
9357	+	2819	2984
9369	+	2839	2996
9394	+	2854	4776
9395	+	2854	4968
9397	+	2856	4383
9409	+	2861	4384
9430	+	2895	4776
9465	+	2911	4289
9491	+	2930	3661
9492	+	2930	3898
9493	+	2930	4001
9494	+	2930	4739
9495	+	2930	4792
9496	+	2930	4812
9497	+	2930	4866
9498	+	2930	4946
9499	+	2930	5040
9500	+	2930	5063
9501	+	2930	5228
9544	+	2937	4769
9545	+	2940	4354
9547	+	2941	4354
9549	+	2944	4753
9550	+	2947	3045
9551	+	2947	3166
9552	+	2947	3233
9553	+	2947	3898
9554	+	2947	4231
9555	+	2947	4267
9556	+	2947	4272
9557	+	2947	4549
9558	+	2947	4739
9559	+	2947	4798
9560	+	2947	4812
9561	+	2947	4864
9562	+	2947	4866
9563	+	2947	4894
9564	+	2947	4994
9565	+	2947	4996
9566	+	2947	5002
9567	+	2947	5014
9568	+	2947	5028
9569	+	2947	5040
9570	+	2947	5050
9571	+	2947	5055
9572	+	2947	5063
9573	+	2947	5090
9574	+	2947	5147
9575	+	2947	5161
9576	+	2951	3346
9583	+	2957	4354
9585	+	2958	4556
9588	+	2959	3357
9592	+	2966	4814
9595	+	2967	3734
9621	+	2973	3914
9624	+	2982	3168
9625	+	2984	4556
9629	+	2993	4753
9633	+	2996	3024
9635	+	2996	4799
9636	+	2996	4845
9637	+	2996	5120
9638	+	3000	4354
9641	+	3004	3391
9642	+	3004	4383
9643	+	3004	4974
9644	+	3004	5104
9645	+	3004	5176
9660	+	3023	3609
9661	+	3026	4354
9662	+	3026	4765
9703	+	3059	4354
9706	+	3070	4759
9741	+	3090	3239
9742	+	3090	4740
9750	+	3093	3239
9755	+	3097	3346
9756	+	3097	4776
9768	+	3105	4754
9792	+	3111	3936
9796	+	3118	3168
9811	+	3120	3208
9812	+	3121	4330
9813	+	3121	4874
9814	+	3121	5173
9817	+	3124	4144
9819	+	3124	4968
9822	+	3130	3201
9823	+	3130	3580
9824	+	3130	3734
9840	+	3142	3580
9841	+	3147	4187
9847	+	3160	3239
9849	+	3162	4348
9850	+	3166	3211
9851	+	3166	3290
9852	+	3166	3368
9853	+	3166	3502
9855	+	3166	3576
9856	+	3166	3755
9857	+	3166	3852
9858	+	3166	3875
9859	+	3166	3887
9860	+	3166	3932
9861	+	3166	3935
9863	+	3166	3962
9864	+	3166	3977
9865	+	3166	3979
9866	+	3166	4017
9867	+	3166	4631
9868	+	3166	4793
9869	+	3166	4848
9870	+	3166	4884
9871	+	3166	5065
9872	+	3166	5117
9873	+	3166	5167
9874	+	3166	5168
9885	+	3168	3198
9886	+	3168	3201
9888	+	3168	3815
9889	+	3168	3844
9890	+	3168	4011
9891	+	3168	4045
9892	+	3168	4057
9893	+	3168	4098
9894	+	3168	4118
9895	+	3168	4120
9896	+	3168	4140
9897	+	3168	4198
9898	+	3168	4201
9899	+	3168	4388
9900	+	3168	4448
9901	+	3168	4537
9902	+	3168	4636
9903	+	3168	4971
9904	+	3168	5138
9908	+	3174	3239
9912	+	3177	3914
9915	+	3185	3239
9917	+	3186	4144
9918	+	3186	4384
9924	+	3190	4820
9925	+	3190	5030
9934	+	3198	3201
9939	+	3198	3580
9940	+	3198	3734
9941	+	3198	4736
9943	+	3199	3580
9944	+	3201	3265
9946	+	3201	3321
9947	+	3201	3463
9948	+	3201	3483
9949	+	3201	3514
9950	+	3201	3521
9951	+	3201	3527
9952	+	3201	3580
9953	+	3201	3651
9954	+	3201	3731
9955	+	3201	3734
9956	+	3201	3883
9957	+	3201	3897
9958	+	3201	4011
9959	+	3201	4176
9960	+	3201	4301
9961	+	3201	4742
9962	+	3201	4758
9963	+	3201	4881
9964	+	3201	5015
9965	+	3201	5056
9966	+	3201	5138
9969	+	3208	3249
9970	+	3208	4025
9971	+	3215	4384
10028	+	3231	4384
10029	+	3231	4448
10030	+	3239	3259
10031	+	3239	3275
10032	+	3239	3286
10033	+	3239	3571
10034	+	3239	3607
10035	+	3239	4072
10036	+	3239	4089
10037	+	3239	4146
10038	+	3239	4179
10039	+	3239	4188
10040	+	3239	4215
10041	+	3239	4216
10042	+	3239	4218
10043	+	3239	4235
10044	+	3239	4294
10045	+	3239	4308
10046	+	3239	4337
10047	+	3239	4357
10048	+	3239	4364
10049	+	3239	4367
10050	+	3239	4372
10051	+	3239	4373
10052	+	3239	4394
10053	+	3239	4395
10054	+	3239	4399
10055	+	3239	4411
10056	+	3239	4439
10057	+	3239	4447
10058	+	3239	4457
10059	+	3239	4458
10060	+	3239	4487
10061	+	3239	4506
10062	+	3239	4557
10063	+	3239	4569
10064	+	3239	4576
10065	+	3239	4582
10066	+	3239	4589
10067	+	3239	4599
10068	+	3239	4632
10069	+	3239	4633
10070	+	3239	4635
10071	+	3239	4638
10072	+	3239	4666
10073	+	3239	4674
10074	+	3239	4688
10075	+	3239	4694
10076	+	3239	4712
10077	+	3239	4714
10078	+	3239	4731
10079	+	3239	4740
10080	+	3239	4745
10081	+	3239	4780
10082	+	3239	4781
10083	+	3239	4789
10084	+	3239	4797
10085	+	3239	4800
10086	+	3239	4803
10087	+	3239	4839
10088	+	3239	4840
10089	+	3239	4858
10090	+	3239	4870
10091	+	3239	4871
10092	+	3239	4873
10093	+	3239	4885
10094	+	3239	4890
10095	+	3239	4906
10096	+	3239	4918
10097	+	3239	4954
10098	+	3239	4979
10099	+	3239	5021
10100	+	3239	5022
10101	+	3239	5035
10102	+	3239	5062
10103	+	3239	5097
10104	+	3239	5113
10105	+	3239	5114
10106	+	3239	5132
10107	+	3239	5133
10108	+	3239	5139
10109	+	3239	5148
10110	+	3239	5152
10111	+	3239	5157
10112	+	3239	5175
10113	+	3239	5191
10114	+	3239	5246
10115	+	3240	3315
10145	+	3263	3734
10149	+	3275	4384
10150	+	3275	4740
10196	+	3293	4854
10197	+	3293	5019
10198	+	3293	5124
10199	+	3294	3315
10201	+	3302	4289
10202	+	3302	4736
10262	+	3311	3388
10263	+	3311	4746
10267	+	3315	3345
10268	+	3315	3394
10269	+	3315	3457
10294	+	3321	3734
10295	+	3322	3346
10298	+	3326	3492
10307	+	3340	4921
10311	+	3346	3402
10312	+	3346	3403
10313	+	3346	3404
10314	+	3346	3408
10315	+	3346	3423
10316	+	3346	3442
10317	+	3346	4620
10318	+	3346	4969
10319	+	3346	5156
10326	+	3355	4736
10328	+	3357	3426
10332	+	3357	4539
10333	+	3357	4555
10334	+	3357	4587
10338	+	3362	3608
10341	+	3365	4872
10343	+	3368	3854
10362	+	3376	4216
10363	+	3376	4255
10364	+	3376	4310
10365	+	3376	4740
10366	+	3376	4825
10367	+	3376	4904
10368	+	3376	5057
10369	+	3376	5153
10370	+	3376	5216
10380	+	3382	4289
10382	+	3388	3441
10383	+	3388	3501
10384	+	3388	3520
10385	+	3388	5010
10386	+	3388	5038
10390	+	3396	4058
10391	+	3396	4094
10397	+	3422	4144
10398	+	3422	4384
10400	+	3425	4753
10403	+	3429	3936
10410	+	3444	4736
10411	+	3447	3492
10414	+	3458	4354
10419	+	3463	3580
10420	+	3463	3734
10422	+	3469	3496
10423	+	3476	4970
10425	+	3477	4282
10428	+	3483	3734
10431	+	3486	3580
10436	+	3492	4142
10441	+	3497	4354
10444	+	3501	4746
10445	+	3501	4801
10446	+	3503	4283
10448	+	3514	3580
10450	+	3520	4746
10451	+	3521	3580
10455	+	3527	3580
10602	+	3557	4736
10610	+	3571	4144
10612	+	3571	4480
10613	+	3571	4740
10616	+	3574	3769
10627	+	3580	3620
10628	+	3580	3632
10629	+	3580	3651
10630	+	3580	3734
10631	+	3580	3816
10632	+	3580	3883
10633	+	3580	3896
10634	+	3580	3897
10635	+	3580	3921
10636	+	3580	4332
10637	+	3580	4758
10638	+	3580	4771
10639	+	3580	4787
10640	+	3580	4879
10641	+	3580	4881
10642	+	3580	4883
10643	+	3580	4964
10644	+	3580	5017
10645	+	3580	5048
10649	+	3586	4384
10688	+	3606	4934
10689	+	3607	4740
10690	+	3609	3859
10691	+	3609	3951
10692	+	3609	3969
10693	+	3609	3970
10694	+	3609	4743
10695	+	3609	4909
10696	+	3609	4962
10697	+	3609	5081
10698	+	3612	4772
10706	+	3634	4354
10713	+	3639	3734
10719	+	3658	4672
10720	+	3661	4672
10727	+	3678	4289
10729	+	3681	4354
10730	+	3682	4759
10735	+	3694	4772
10737	+	3696	5144
10738	+	3700	4672
10748	+	3704	4814
10751	+	3709	3889
10752	+	3709	5013
10753	+	3709	5151
10754	+	3711	4772
10759	+	3720	4354
10763	+	3732	4354
10765	+	3734	3816
10766	+	3734	3883
10767	+	3734	4011
10768	+	3734	4279
10769	+	3734	4301
10770	+	3734	4742
10771	+	3734	4758
10772	+	3734	4771
10773	+	3734	4964
10774	+	3734	5015
10775	+	3734	5056
10776	+	3737	4759
10777	+	3739	4769
10783	+	3743	4736
10784	+	3746	4672
10792	+	3769	3848
10793	+	3769	3941
10794	+	3769	4448
10795	+	3769	5076
10796	+	3771	4200
10800	+	3780	4081
10802	+	3780	5237
10803	+	3780	5238
10804	+	3787	3914
10805	+	3802	4759
10807	+	3811	4749
10808	+	3812	4672
10822	+	3847	4736
10825	+	3854	3958
10826	+	3854	4605
10827	+	3855	3936
10828	+	3863	4672
10829	+	3864	4769
10830	+	3877	4814
10838	+	3891	4970
10840	+	3909	3914
10841	+	3913	4004
10842	+	3914	4869
10843	+	3914	4897
10844	+	3914	4927
10845	+	3914	4976
10846	+	3914	4981
10847	+	3914	4982
10848	+	3914	4992
10851	+	3929	4837
10852	+	3936	4274
10853	+	3938	4354
10876	+	3979	4921
10882	+	4001	4672
10884	+	4004	4054
10885	+	4004	4413
10886	+	4008	4934
10888	+	4019	4289
10890	+	4042	4448
10896	+	4057	4282
10897	+	4057	4448
10911	+	4061	4740
10939	+	4084	4289
10940	+	4084	4384
10943	+	4087	4740
10944	+	4091	4144
10945	+	4096	4970
10946	+	4098	4282
10947	+	4098	4448
10949	+	4103	4765
10953	+	4105	4749
10954	+	4112	4759
10964	+	4116	4354
10966	+	4118	4282
10967	+	4120	4282
10968	+	4120	4448
10972	+	4144	4514
10973	+	4144	4589
10974	+	4144	4608
10975	+	4144	4666
10976	+	4144	4714
10977	+	4144	4816
10978	+	4144	4899
10979	+	4144	4926
10980	+	4144	4930
10981	+	4144	5022
10982	+	4144	5029
10983	+	4144	5032
10984	+	4144	5066
10985	+	4144	5089
10986	+	4144	5094
10987	+	4144	5096
10988	+	4144	5182
10989	+	4144	5188
10990	+	4153	4384
10997	+	4172	4384
10999	+	4178	4827
11000	+	4179	4384
11001	+	4182	4765
11002	+	4187	4203
11003	+	4187	4353
11004	+	4187	5172
11005	+	4187	5232
11006	+	4198	4282
11007	+	4198	4448
11008	+	4200	4392
11013	+	4215	4740
11014	+	4216	4289
11015	+	4216	4384
11016	+	4216	4740
11017	+	4218	4740
11021	+	4228	4765
11022	+	4232	4740
11023	+	4235	4740
11027	+	4248	4354
11028	+	4249	4289
11036	+	4282	4388
11037	+	4282	4448
11039	+	4286	5041
11040	+	4289	4313
11041	+	4289	4391
11042	+	4289	4430
11043	+	4289	4819
11044	+	4289	4823
11045	+	4289	4865
11046	+	4289	4963
11047	+	4294	4740
11048	+	4302	4354
11049	+	4310	4736
11050	+	4317	4384
11052	+	4317	4740
11053	+	4327	4384
11054	+	4327	4480
11055	+	4327	4740
11056	+	4329	4796
11057	+	4329	5251
11059	+	4336	4480
11060	+	4342	4354
11061	+	4345	4404
11063	+	4351	4756
11065	+	4354	4386
11066	+	4354	4401
11067	+	4354	4423
11069	+	4354	4613
11070	+	4354	4629
11071	+	4354	4744
11072	+	4354	4889
11073	+	4354	4891
11074	+	4354	4975
11076	+	4358	4740
11078	+	4359	4740
11084	+	4372	4740
11087	+	4384	4447
11088	+	4384	4458
11089	+	4384	4484
11090	+	4384	4506
11091	+	4384	4512
11092	+	4384	4589
11093	+	4384	4621
11094	+	4384	4633
11095	+	4384	4636
11096	+	4384	4640
11097	+	4384	4642
11098	+	4384	4645
11099	+	4384	4666
11100	+	4384	4667
11101	+	4384	4686
11102	+	4384	4689
11103	+	4384	4745
11104	+	4384	4781
11105	+	4384	4804
11106	+	4384	4816
11107	+	4384	4828
11108	+	4384	4829
11109	+	4384	4835
11110	+	4384	4840
11111	+	4384	4858
11112	+	4384	4899
11113	+	4384	4902
11114	+	4384	4908
11115	+	4384	4912
11116	+	4384	4916
11117	+	4384	4930
11118	+	4384	4931
11119	+	4384	4941
11120	+	4384	5045
11121	+	4384	5103
11122	+	4384	5109
11123	+	4384	5110
11124	+	4384	5121
11125	+	4384	5125
11126	+	4384	5127
11127	+	4384	5150
11128	+	4384	5160
11129	+	4384	5163
11130	+	4384	5169
11131	+	4384	5224
11132	+	4384	5229
11138	+	4388	4448
11139	+	4398	4752
11141	+	4399	4740
11143	+	4405	4749
11144	+	4416	4679
11145	+	4418	4752
11146	+	4420	4672
11147	+	4420	4749
11148	+	4421	4740
11149	+	4422	4970
11151	+	4429	4759
11152	+	4432	4736
11153	+	4439	4740
11154	+	4443	4749
11155	+	4448	4490
11156	+	4448	4636
11157	+	4448	5231
11159	+	4452	4679
11174	+	4458	4740
11247	+	4474	4736
11251	+	4480	4511
11252	+	4480	4581
11253	+	4480	4589
11254	+	4480	4666
11255	+	4481	4491
11256	+	4481	4500
11257	+	4481	4589
11258	+	4481	4615
11259	+	4481	4689
11260	+	4481	5178
11261	+	4506	4679
11262	+	4506	4740
11263	+	4510	4521
11264	+	4510	4572
11265	+	4510	4768
11266	+	4510	4815
11267	+	4510	4945
11268	+	4510	4989
11269	+	4514	4679
11271	+	4516	4736
11274	+	4521	4572
11279	+	4527	4672
11287	+	4535	4679
11288	+	4540	4817
11292	+	4545	5025
11293	+	4557	4740
11294	+	4564	4911
11297	+	4571	4949
11298	+	4572	4768
11299	+	4572	4945
11300	+	4572	4989
11301	+	4576	4740
11302	+	4582	4740
11303	+	4583	4679
11304	+	4589	4679
11305	+	4589	4740
11306	+	4596	4679
11307	+	4599	4740
11308	+	4601	4913
11310	+	4608	4679
11311	+	4632	4740
11312	+	4633	4740
11313	+	4635	4740
11314	+	4645	4679
11315	+	4645	4740
11317	+	4660	4679
11319	+	4667	4679
11320	+	4667	4921
11321	+	4668	4736
11322	+	4672	4887
11323	+	4679	4816
11324	+	4679	4842
11325	+	4679	4862
11326	+	4679	4916
11327	+	4679	4931
11328	+	4679	5067
11329	+	4688	4740
11330	+	4689	4911
11331	+	4694	4740
11333	+	4700	4913
11335	+	4714	4740
11337	+	4725	5098
11338	+	4726	4949
11339	+	4736	4737
11340	+	4736	4760
11341	+	4736	4767
11342	+	4736	4825
11343	+	4736	4852
11344	+	4736	4966
11345	+	4736	5043
11346	+	4736	5077
11347	+	4736	5108
11348	+	4740	4745
11349	+	4740	4780
11350	+	4740	4781
11351	+	4740	4789
11352	+	4740	4839
11353	+	4740	4870
11354	+	4740	4871
11355	+	4740	4873
11356	+	4740	4890
11357	+	4740	4906
11358	+	4740	4979
11359	+	4740	5035
11360	+	4740	5113
11361	+	4746	4802
11362	+	4749	4750
11363	+	4749	4796
11364	+	4749	4886
11365	+	4749	4928
11366	+	4749	5012
11367	+	4749	5027
11368	+	4749	5119
11369	+	4749	5154
11370	+	4749	5166
11371	+	4749	5171
11372	+	4749	5179
11373	+	4749	5183
11374	+	4751	4837
11375	+	4752	5234
11376	+	4753	5095
11377	+	4754	4755
11378	+	4756	4757
11379	+	4756	5193
11380	+	4759	4792
11381	+	4759	4860
11382	+	4759	5016
11383	+	4759	5225
11384	+	4759	5230
11385	+	4759	5236
11386	+	4763	4764
11387	+	4763	5126
11388	+	4765	4766
11389	+	4765	4826
11390	+	4765	4836
11391	+	4765	4843
11392	+	4765	4958
11393	+	4765	4967
11394	+	4765	5080
11395	+	4765	5134
11396	+	4769	4901
11397	+	4772	4773
11398	+	4772	4774
11399	+	4772	4961
11400	+	4772	5093
11401	+	4776	4777
11402	+	4776	4810
11403	+	4776	4811
11404	+	4776	5060
11405	+	4776	5222
11406	+	4776	5245
11407	+	4778	4779
11408	+	4778	4788
11409	+	4783	4784
11410	+	4783	4922
11411	+	4783	5079
11412	+	4785	4786
11413	+	4785	5116
11414	+	4785	5214
11415	+	4786	4949
11416	+	4790	4791
11417	+	4790	5078
11418	+	4790	5244
11419	+	4806	4949
11420	+	4806	5158
11421	+	4813	4822
11422	+	4813	5051
11423	+	4814	4815
11424	+	4814	4847
11425	+	4814	5140
11426	+	4817	4818
11427	+	4820	5030
11428	+	4820	5107
11429	+	4820	5220
11430	+	4830	4831
11431	+	4830	4937
11432	+	4830	5180
11433	+	4831	4937
11434	+	4833	4943
11435	+	4833	5115
11436	+	4833	5136
11437	+	4833	5206
11438	+	4833	5223
11439	+	4837	4838
11440	+	4837	4972
11441	+	4837	5020
11442	+	4837	5075
11443	+	4837	5164
11444	+	4843	4968
11445	+	4872	5087
11446	+	4878	4970
11447	+	4895	4896
11448	+	4895	4978
11449	+	4895	5058
11450	+	4895	5249
11451	+	4911	5142
11452	+	4913	4914
11453	+	4913	4915
11454	+	4913	5024
11455	+	4913	5200
11456	+	4913	5218
11457	+	4923	4924
11458	+	4923	5174
11459	+	4935	4936
11460	+	4935	4991
11461	+	4935	5026
11462	+	4935	5088
11463	+	4935	5137
11464	+	4938	4970
11465	+	4952	4970
11466	+	4970	5023
11467	+	4970	5052
11468	+	4970	5073
11469	+	4970	5086
11470	+	4980	5101
11471	+	4980	5227
11472	+	5025	5118
11473	+	5033	5034
11474	+	5033	5049
11475	+	5036	5037
11476	+	5036	5042
11477	+	5036	5044
11478	+	5036	5185
11479	+	5041	5059
11480	+	5041	5064
11481	+	5053	5054
11482	+	5053	5106
11483	+	5069	5070
11484	+	5129	5130
11485	+	5201	5202
11486	+	5241	5242
