36	+	45	46
37	+	45	57
38	+	45	69
39	+	45	77
40	+	45	79
41	+	45	81
42	+	45	90
43	+	45	91
44	+	45	95
45	+	45	102
46	+	45	105
47	+	45	106
48	+	45	107
49	+	45	113
50	+	45	117
51	+	45	118
52	+	45	122
53	+	45	125
54	+	45	138
55	+	45	139
56	+	45	140
57	+	45	149
58	+	45	151
59	+	47	48
60	+	47	146
61	+	49	50
62	+	49	100
63	+	49	101
64	+	51	52
65	+	51	62
66	+	51	63
67	+	51	73
68	+	51	75
69	+	51	76
70	+	51	80
71	+	51	85
72	+	51	87
73	+	51	88
74	+	51	92
75	+	51	96
76	+	51	97
77	+	51	111
78	+	51	112
79	+	51	115
80	+	51	116
81	+	51	123
82	+	51	133
83	+	51	139
84	+	51	143
85	+	51	144
86	+	51	150
87	+	51	153
88	+	53	54
89	+	53	55
90	+	53	56
91	+	53	66
92	+	53	67
93	+	53	68
94	+	53	72
95	+	53	74
96	+	53	78
97	+	53	82
98	+	53	84
99	+	53	86
100	+	53	89
101	+	53	109
102	+	53	124
103	+	53	126
104	+	53	127
105	+	53	128
106	+	53	142
107	+	53	155
108	+	58	59
109	+	58	98
110	+	60	61
111	+	60	108
112	+	64	65
113	+	64	83
114	+	64	99
115	+	64	119
116	+	64	131
117	+	64	132
118	+	64	134
119	+	64	136
120	+	64	137
121	+	64	141
122	+	64	145
123	+	70	71
124	+	70	110
125	+	70	135
126	+	70	148
127	+	70	152
128	+	93	94
129	+	93	147
130	+	103	104
131	+	103	114
132	+	103	154
133	+	120	121
134	+	129	130
