92	+	17	4540
93	+	17	4590
306	+	46	69
319	+	46	1636
320	+	46	1638
321	+	46	3040
443	+	65	5100
461	+	68	855
463	+	68	991
466	+	68	1597
467	+	68	2921
474	+	69	1654
496	+	73	7401
501	+	74	1066
508	+	75	92
509	+	75	143
573	+	83	2507
574	+	83	2535
585	+	86	991
586	+	86	1597
632	+	94	147
705	+	111	1175
706	+	111	1177
707	+	111	1199
724	+	111	3931
738	+	111	5231
740	+	111	6275
741	+	111	6366
742	+	111	6984
760	+	114	7373
768	+	116	507
775	+	116	678
784	+	116	863
796	+	116	1362
804	+	116	2123
806	+	116	2321
824	+	116	3533
826	+	116	4093
838	+	116	4732
842	+	116	5148
906	+	125	3040
909	+	127	991
911	+	127	1597
980	+	143	183
1022	+	151	1557
1272	+	171	990
1274	+	171	2588
1276	+	171	3840
1278	+	171	4554
1279	+	171	4639
1280	+	171	6827
1281	+	171	6858
1349	+	183	6360
1397	+	198	383
1398	+	198	3479
1484	+	215	3061
1485	+	215	4365
1566	+	229	390
1567	+	229	463
1573	+	229	2676
1574	+	229	2680
1575	+	229	2857
1576	+	229	3161
1581	+	229	4652
1582	+	229	4656
1587	+	230	230
1588	+	230	411
1589	+	230	878
1590	+	230	2557
1592	+	230	3867
1593	+	230	4048
1594	+	230	4096
1595	+	230	4102
1596	+	230	4103
1597	+	230	4116
1598	+	230	4119
1599	+	230	4136
1600	+	230	4234
1603	+	230	4853
1604	+	230	4855
1607	+	230	5209
1608	+	230	5217
1609	+	230	5221
1610	+	230	5886
1611	+	230	6293
1612	+	230	6317
1762	+	248	678
1776	+	249	4652
1781	+	250	305
1787	+	251	402
1801	+	254	1175
1802	+	254	1177
1807	+	254	1966
1818	+	254	5962
1819	+	254	6086
1829	+	256	4977
1834	+	259	5282
1835	+	259	6644
1836	+	259	7339
1837	+	259	7427
1893	+	270	2676
1894	+	270	2680
1895	+	270	2857
1896	+	270	4656
1897	+	270	6767
1955	+	277	7286
2052	+	303	5051
2057	+	305	353
2060	+	305	500
2061	+	305	518
2064	+	305	3634
2066	+	305	4038
2067	+	305	5170
2188	+	314	2794
2189	+	314	2798
2192	+	314	4094
2193	+	314	7425
2255	+	320	4371
2256	+	320	5547
2266	+	322	5547
2378	+	336	424
2405	+	343	4684
2408	+	343	5967
2418	+	347	2303
2447	+	353	518
2450	+	353	1155
2451	+	353	2730
2453	+	353	3820
2454	+	353	4805
2455	+	353	6188
2456	+	353	6934
2457	+	353	6999
2458	+	353	7017
2460	+	353	7157
2461	+	353	7251
2476	+	357	2676
2477	+	357	2680
2478	+	357	2857
2480	+	357	4656
2481	+	357	6767
2518	+	368	679
2522	+	368	3150
2527	+	368	3351
2528	+	368	4490
2588	+	383	3479
2602	+	390	2857
2603	+	390	2880
2604	+	390	4465
2607	+	390	4650
2608	+	390	4656
2617	+	393	4505
2618	+	393	4977
2662	+	397	1813
2663	+	397	2473
2664	+	397	4040
2666	+	397	4404
2686	+	402	6020
2688	+	402	6900
2692	+	403	3428
2693	+	403	4505
2694	+	403	4977
2699	+	404	3428
2701	+	404	4505
2702	+	404	4977
2713	+	408	617
2714	+	408	993
2716	+	408	2588
2734	+	411	4234
2738	+	411	4505
2741	+	411	4977
2745	+	412	1196
2812	+	427	3400
2814	+	427	3807
2844	+	429	3598
2845	+	429	3631
3018	+	443	4805
3098	+	448	6630
3105	+	451	519
3114	+	451	1716
3120	+	451	2875
3122	+	451	2939
3126	+	451	3772
3127	+	451	3782
3129	+	451	4130
3142	+	451	5546
3144	+	451	5626
3147	+	451	5806
3148	+	451	5884
3327	+	460	547
3328	+	460	576
3330	+	460	596
3335	+	461	547
3337	+	461	576
3351	+	462	1504
3353	+	462	2967
3355	+	463	592
3357	+	463	2857
3360	+	463	4652
3362	+	463	4861
3372	+	464	1966
3375	+	464	2776
3383	+	464	3425
3384	+	464	3497
3386	+	464	4592
3536	+	474	546
3616	+	489	1847
3618	+	489	5046
3738	+	495	4228
3744	+	495	5217
3804	+	500	4805
3869	+	507	1343
3870	+	507	3058
3871	+	507	4386
3872	+	507	4441
3874	+	507	5671
3875	+	507	6220
3902	+	509	4805
3940	+	514	910
3942	+	514	1691
3945	+	514	2857
3946	+	514	3251
3960	+	516	3616
3965	+	518	545
3974	+	519	2326
3981	+	519	5806
4082	+	537	547
4084	+	537	576
4087	+	537	596
4114	+	539	1557
4126	+	542	547
4128	+	542	576
4131	+	542	596
4164	+	545	547
4166	+	545	570
4169	+	545	4612
4170	+	545	5905
4171	+	546	1578
4173	+	547	567
4174	+	547	570
4175	+	547	618
4176	+	547	775
4177	+	547	1905
4178	+	547	4612
4179	+	548	595
4184	+	548	5659
4210	+	550	4305
4398	+	571	5512
4432	+	576	596
4433	+	576	618
4434	+	576	775
4436	+	576	1905
4645	+	588	596
4688	+	590	4958
4696	+	592	875
4705	+	592	2857
4706	+	592	2918
4714	+	592	4652
4715	+	592	4656
4748	+	596	775
4751	+	596	1905
4761	+	598	2032
4814	+	604	4700
4817	+	604	6132
4845	+	611	5365
4848	+	612	2929
4894	+	617	1584
4898	+	617	2385
4899	+	617	2388
4903	+	617	2612
4905	+	617	5117
4906	+	617	6581
5058	+	624	5077
5548	+	637	991
5549	+	637	1597
5644	+	644	1046
5648	+	644	4216
5654	+	645	3038
5659	+	646	5967
6005	+	678	788
6006	+	678	872
6013	+	678	1145
6014	+	678	1160
6016	+	678	2806
6017	+	678	4577
6018	+	679	725
6025	+	679	982
6026	+	679	987
6030	+	679	2257
6031	+	679	2463
6033	+	679	3089
6034	+	679	3148
6035	+	679	3150
6038	+	679	3351
6039	+	679	4490
6040	+	679	4586
6463	+	689	4732
6472	+	690	991
6475	+	690	1597
6534	+	693	1196
6546	+	693	6759
6566	+	698	842
6619	+	701	3367
6621	+	701	3438
6628	+	701	5484
6631	+	701	5967
6633	+	701	6216
6634	+	701	6221
6639	+	701	6615
6640	+	701	6616
6683	+	706	1174
6684	+	706	1375
6685	+	706	1384
6686	+	706	1597
6689	+	706	4490
6690	+	706	4807
6693	+	706	5489
6694	+	706	5707
6695	+	706	6321
6696	+	706	6465
6697	+	706	6782
6703	+	709	725
6706	+	709	982
6707	+	709	2463
6711	+	709	3193
6713	+	709	3351
6714	+	709	4490
6715	+	709	4586
6717	+	709	5489
6719	+	709	5926
6720	+	709	6984
6721	+	709	6995
6733	+	711	991
6736	+	711	1597
6739	+	711	5429
6756	+	713	3160
6765	+	713	5148
6806	+	720	5365
6818	+	721	3529
6829	+	721	5756
6835	+	722	991
6840	+	722	1597
6857	+	722	4873
6865	+	724	7004
6873	+	725	4490
6876	+	727	7407
6932	+	732	2942
6933	+	732	2972
6934	+	733	2942
6935	+	733	7357
6937	+	734	815
6939	+	734	992
6956	+	736	815
6961	+	736	4235
7034	+	741	4930
7035	+	741	4931
7039	+	741	5341
7042	+	741	6097
7160	+	750	770
7162	+	750	1264
7164	+	750	4693
7166	+	750	6105
7167	+	751	3479
7332	+	765	3064
7344	+	768	1672
7348	+	769	3438
7350	+	769	4365
7355	+	769	6615
7356	+	769	6616
7359	+	770	6105
7493	+	775	5967
7494	+	775	6615
7495	+	775	6616
7539	+	781	991
7544	+	781	5472
7550	+	782	991
7555	+	782	1597
7561	+	782	4731
7565	+	782	5148
7795	+	798	991
7807	+	799	1082
7809	+	800	1114
7949	+	813	5381
7960	+	815	917
7961	+	815	921
7963	+	815	970
7964	+	815	992
7965	+	815	1031
7966	+	815	1237
7972	+	816	4483
7980	+	817	2187
7984	+	817	4072
7999	+	817	4871
8000	+	817	5585
8009	+	820	1264
8078	+	824	4505
8080	+	825	959
8081	+	825	1080
8082	+	825	1114
8083	+	825	5001
8175	+	835	906
8176	+	835	974
8177	+	835	990
8181	+	835	1197
8188	+	835	1712
8189	+	835	1735
8196	+	835	1852
8198	+	835	1878
8199	+	835	1881
8200	+	835	1929
8202	+	835	1942
8210	+	835	2075
8217	+	835	2714
8220	+	835	2749
8221	+	835	2794
8222	+	835	2795
8223	+	835	2798
8226	+	835	2987
8227	+	835	3014
8230	+	835	3163
8231	+	835	3196
8232	+	835	3202
8235	+	835	3337
8237	+	835	3461
8238	+	835	3489
8241	+	835	4227
8242	+	835	4236
8243	+	835	4443
8249	+	835	5579
8251	+	835	5709
8252	+	835	6025
8253	+	835	6862
8254	+	835	7391
8255	+	835	7395
8294	+	838	1175
8295	+	838	1177
8296	+	838	1199
8299	+	838	1972
8322	+	842	2424
8333	+	846	2123
8482	+	852	3161
8488	+	855	968
8489	+	855	991
8494	+	855	1597
8495	+	855	1849
8496	+	855	2921
8499	+	855	5390
8501	+	856	2664
8506	+	856	5421
8509	+	856	6458
8510	+	857	975
8514	+	857	3205
8515	+	857	3583
8517	+	857	4543
8519	+	857	5019
8520	+	857	7033
8665	+	860	4411
8667	+	861	866
8668	+	861	1180
8669	+	861	1232
8674	+	861	2741
8677	+	861	3279
8689	+	863	3093
8702	+	866	1057
8705	+	866	1180
8707	+	866	1232
8717	+	866	4479
8718	+	866	4483
8719	+	866	4616
8721	+	866	4800
8723	+	866	5127
8729	+	867	875
8730	+	867	3512
8731	+	867	3683
8733	+	867	6403
8736	+	870	4366
8737	+	870	5262
8738	+	870	5472
8740	+	870	5873
8742	+	871	931
8745	+	871	1105
8749	+	871	1189
8754	+	871	1866
8758	+	871	2323
8759	+	871	2326
8760	+	871	2804
8761	+	871	2974
8762	+	871	2988
8764	+	871	3229
8766	+	871	3429
8768	+	871	3599
8769	+	871	3659
8770	+	871	3713
8771	+	871	3903
8773	+	871	5009
8774	+	871	5303
8776	+	871	6153
8778	+	872	910
8797	+	875	3512
8798	+	875	3683
8800	+	875	6403
8802	+	876	1175
8803	+	876	1177
8804	+	876	1199
8807	+	876	6086
8809	+	876	6377
8844	+	878	4958
8848	+	878	6767
8859	+	880	2326
8862	+	881	991
8864	+	881	1597
8869	+	882	3529
8882	+	883	4871
8988	+	890	4871
8989	+	890	4941
9180	+	901	3149
9182	+	901	6615
9183	+	901	6616
9186	+	903	910
9189	+	903	1175
9190	+	903	1177
9194	+	903	1877
9199	+	903	3251
9201	+	903	5419
9203	+	903	5833
9205	+	903	5962
9207	+	904	992
9210	+	904	6207
9211	+	904	6958
9214	+	905	4505
9215	+	905	4977
9225	+	906	4875
9228	+	907	1099
9241	+	910	951
9242	+	910	1045
9243	+	910	1097
9245	+	910	1175
9246	+	910	1177
9248	+	910	1218
9250	+	910	1242
9251	+	910	1920
9252	+	910	2047
9253	+	910	2323
9255	+	910	3251
9256	+	910	3538
9257	+	910	3622
9258	+	910	3797
9259	+	910	3903
9260	+	910	3947
9261	+	910	4702
9262	+	910	4987
9263	+	910	5419
9265	+	910	5625
9266	+	910	5907
9268	+	910	6130
9269	+	910	6133
9270	+	910	6162
9271	+	910	6227
9273	+	910	6334
9274	+	910	6432
9295	+	917	992
9305	+	920	991
9306	+	920	1597
9336	+	927	1672
9337	+	927	2972
9363	+	930	1175
9364	+	930	1199
9368	+	930	3839
9374	+	931	1177
9376	+	931	1877
9378	+	931	3839
9382	+	931	6377
9851	+	951	1175
9852	+	951	1177
9856	+	951	3140
9857	+	951	3251
9862	+	951	5910
9864	+	951	6377
9865	+	951	7225
9916	+	959	1114
9962	+	968	991
9967	+	968	2921
10003	+	970	1507
10010	+	970	4930
10011	+	970	4931
10024	+	974	1906
10148	+	981	1136
10155	+	981	6886
10173	+	984	1956
10175	+	984	2326
10178	+	984	4634
10192	+	988	4485
10193	+	988	4490
10199	+	990	1136
10203	+	990	1896
10204	+	990	1899
10213	+	990	2979
10214	+	990	3047
10218	+	990	3569
10223	+	990	3689
10237	+	990	4102
10238	+	990	4230
10239	+	990	4234
10240	+	990	4284
10242	+	990	4338
10243	+	990	4340
10244	+	990	4365
10261	+	990	5005
10262	+	990	5047
10264	+	990	5091
10266	+	990	5141
10269	+	990	5215
10270	+	990	5217
10276	+	990	5394
10279	+	990	5559
10280	+	990	5561
10282	+	990	5613
10284	+	990	5766
10285	+	990	5769
10289	+	990	5938
10290	+	990	6274
10294	+	991	1037
10295	+	991	1038
10296	+	991	1040
10300	+	991	1190
10301	+	991	1195
10302	+	991	1229
10303	+	991	1236
10306	+	991	1375
10307	+	991	1384
10308	+	991	1446
10309	+	991	1597
10311	+	991	2187
10312	+	991	2231
10313	+	991	2743
10314	+	991	2744
10315	+	991	2921
10316	+	991	3069
10317	+	991	3078
10320	+	991	3437
10321	+	991	4109
10322	+	991	4366
10324	+	991	4551
10327	+	991	4731
10328	+	991	4797
10329	+	991	5097
10331	+	991	5175
10332	+	991	5191
10333	+	991	5239
10335	+	991	5624
10336	+	991	5804
10337	+	991	6047
10338	+	991	6290
10339	+	991	6527
10340	+	991	6715
10341	+	991	6785
10342	+	991	6994
10343	+	991	7230
10344	+	991	7352
10345	+	991	7377
10346	+	991	7420
10347	+	992	1031
10350	+	992	1237
10352	+	992	1446
10353	+	992	2187
10363	+	993	1584
10364	+	993	1942
10365	+	993	1968
10366	+	993	2184
10367	+	993	2388
10368	+	993	2588
10370	+	993	2612
10374	+	993	4208
10375	+	993	5117
10381	+	995	1446
10382	+	995	2187
10388	+	996	4505
10389	+	996	4977
10391	+	996	6982
10415	+	1000	3429
10537	+	1009	1175
10538	+	1009	1199
10544	+	1009	5231
10616	+	1020	1175
10617	+	1020	1177
10618	+	1020	1199
10738	+	1031	3160
10745	+	1035	4943
10758	+	1037	1597
10768	+	1037	4731
10777	+	1038	1597
10799	+	1040	1597
10809	+	1042	1063
10810	+	1042	1073
10811	+	1042	1235
10812	+	1042	1803
10813	+	1042	2890
10819	+	1042	5571
10830	+	1044	1175
10831	+	1044	1177
10832	+	1044	1199
10833	+	1044	1877
10836	+	1044	3172
10837	+	1044	3251
10839	+	1044	5419
10841	+	1044	5833
10843	+	1044	6377
10846	+	1045	1175
10847	+	1045	1177
10852	+	1045	3251
10854	+	1045	5419
10855	+	1045	5833
10857	+	1045	5962
10861	+	1046	1130
10862	+	1046	1196
10863	+	1046	1229
10864	+	1046	2754
10865	+	1046	3028
10870	+	1046	4600
10872	+	1046	4781
10875	+	1046	5542
10876	+	1046	5573
10881	+	1047	3047
10887	+	1047	5008
10888	+	1047	5047
10889	+	1047	5769
10891	+	1047	5938
10892	+	1047	6057
10895	+	1048	1972
10906	+	1048	5387
10908	+	1049	1175
10909	+	1049	1199
10914	+	1049	1972
10931	+	1054	3160
10938	+	1055	1175
10939	+	1055	1199
10948	+	1056	2972
10954	+	1056	5997
10955	+	1056	6411
10961	+	1057	2134
10972	+	1057	4616
10977	+	1057	4930
10978	+	1057	4931
11085	+	1066	2921
11104	+	1068	1175
11105	+	1068	1199
11115	+	1068	6984
11128	+	1071	4494
11135	+	1071	4731
11136	+	1071	5006
11144	+	1071	6176
11145	+	1071	7064
11157	+	1072	2105
11180	+	1072	4931
11184	+	1072	5341
11186	+	1072	5756
11190	+	1073	1278
11205	+	1075	1175
11207	+	1075	1877
11214	+	1075	5231
11217	+	1075	6086
11229	+	1077	5073
11326	+	1080	1114
11333	+	1080	4988
11334	+	1080	4999
11335	+	1080	5001
11336	+	1080	5004
11337	+	1080	5006
11338	+	1080	5089
11339	+	1080	5112
11343	+	1080	6200
11344	+	1082	1093
11436	+	1088	4162
11438	+	1088	4237
11439	+	1088	4239
11455	+	1094	1557
11456	+	1094	2257
11457	+	1094	2463
11458	+	1094	3584
11460	+	1094	6984
11481	+	1097	3251
11508	+	1099	5229
11511	+	1099	5874
11512	+	1099	6446
11516	+	1100	2507
11517	+	1100	2603
11588	+	1105	2326
11716	+	1114	1298
11825	+	1129	4650
11829	+	1130	1921
11834	+	1130	4958
11836	+	1130	7358
11850	+	1133	1969
11865	+	1136	3662
11868	+	1136	5495
11869	+	1136	5544
11870	+	1136	5697
11871	+	1136	5773
11874	+	1136	6858
11875	+	1136	7041
12008	+	1155	7251
12019	+	1160	3584
12020	+	1160	6984
12167	+	1172	1931
12172	+	1175	1177
12173	+	1175	1199
12175	+	1175	1257
12176	+	1175	1533
12178	+	1175	1877
12180	+	1175	2047
12183	+	1175	2275
12184	+	1175	2323
12185	+	1175	2464
12188	+	1175	3194
12189	+	1175	3251
12190	+	1175	3690
12191	+	1175	3797
12192	+	1175	3818
12193	+	1175	3903
12194	+	1175	3947
12195	+	1175	3948
12196	+	1175	4140
12197	+	1175	4687
12198	+	1175	4809
12199	+	1175	4987
12200	+	1175	5419
12201	+	1175	5527
12203	+	1175	5625
12204	+	1175	5715
12205	+	1175	5833
12206	+	1175	5907
12208	+	1175	5962
12209	+	1175	6086
12210	+	1175	6100
12211	+	1175	6133
12212	+	1175	6162
12213	+	1175	6194
12214	+	1175	6227
12216	+	1175	6334
12217	+	1175	6432
12218	+	1175	6559
12219	+	1175	6742
12220	+	1175	7019
12221	+	1175	7184
12222	+	1175	7225
12223	+	1177	1199
12224	+	1177	1257
12226	+	1177	1877
12227	+	1177	2047
12229	+	1177	2275
12230	+	1177	2323
12232	+	1177	3194
12233	+	1177	3251
12234	+	1177	3797
12235	+	1177	3818
12236	+	1177	3903
12237	+	1177	3948
12238	+	1177	4140
12239	+	1177	4687
12240	+	1177	4987
12242	+	1177	5419
12244	+	1177	5625
12245	+	1177	5715
12246	+	1177	5833
12247	+	1177	5907
12249	+	1177	5962
12250	+	1177	6100
12251	+	1177	6133
12252	+	1177	6162
12253	+	1177	6227
12254	+	1177	6230
12256	+	1177	6377
12257	+	1177	6432
12258	+	1177	7019
12259	+	1177	7184
12260	+	1177	7225
12319	+	1186	1636
12320	+	1186	1638
12325	+	1186	5695
12326	+	1186	5805
12327	+	1186	6116
12378	+	1189	1213
12379	+	1189	1866
12381	+	1189	3429
12387	+	1190	5365
12388	+	1191	5962
12390	+	1191	6377
12394	+	1192	5910
12491	+	1194	6615
12492	+	1194	6616
12493	+	1195	1597
12498	+	1196	1215
12499	+	1196	1229
12504	+	1196	4441
12505	+	1196	4483
12506	+	1196	4648
12507	+	1196	4674
12509	+	1196	4800
12512	+	1196	4988
12523	+	1199	1257
12524	+	1199	1446
12525	+	1199	1718
12528	+	1199	3931
12533	+	1199	5231
12535	+	1199	5625
12536	+	1199	6275
12537	+	1199	6366
12538	+	1199	6984
12657	+	1201	2972
12925	+	1213	2949
12931	+	1213	4629
12932	+	1213	4652
12933	+	1213	4656
12935	+	1213	4987
12936	+	1213	5009
12962	+	1218	3251
12965	+	1218	5910
12992	+	1229	4215
13004	+	1229	5821
13100	+	1234	3160
13104	+	1234	4494
13107	+	1234	4731
13112	+	1235	3438
13114	+	1235	5967
13115	+	1235	6615
13116	+	1235	6616
13118	+	1236	1597
13124	+	1236	5148
13142	+	1240	2727
13144	+	1240	4693
13145	+	1240	6050
13147	+	1242	1691
13148	+	1242	1877
13153	+	1242	3251
13223	+	1252	2069
13247	+	1256	2916
13252	+	1258	1691
13274	+	1262	7251
13279	+	1264	7346
13281	+	1265	6795
13282	+	1265	6937
13283	+	1265	7308
13303	+	1269	6615
13304	+	1269	6616
13309	+	1271	2307
13349	+	1278	1674
13350	+	1278	1699
13352	+	1278	2229
13354	+	1278	4126
13355	+	1278	4343
13356	+	1278	5248
13566	+	1302	1816
13570	+	1302	2879
13571	+	1302	3068
13572	+	1302	3236
13954	+	1336	1418
13961	+	1336	4365
13967	+	1336	5869
14055	+	1350	2232
14056	+	1350	2755
14059	+	1350	3018
14063	+	1350	3690
14067	+	1350	4755
14068	+	1350	5489
14069	+	1350	5926
14083	+	1352	1409
14095	+	1352	3713
14098	+	1352	4099
14103	+	1352	4587
14105	+	1352	6949
14238	+	1360	1380
14241	+	1360	3438
14257	+	1362	2134
14259	+	1362	3099
14271	+	1362	4616
14409	+	1375	1597
14413	+	1375	4490
14462	+	1380	4301
14467	+	1383	5514
14469	+	1384	1597
14473	+	1384	4490
14506	+	1391	1593
14520	+	1395	7004
14572	+	1409	1523
14573	+	1409	1555
14574	+	1409	1637
14575	+	1409	1647
14582	+	1410	1703
14583	+	1410	1804
14589	+	1410	5709
14590	+	1410	6390
14652	+	1417	2760
14653	+	1418	1518
14655	+	1418	1540
14656	+	1418	1600
14657	+	1418	2075
14658	+	1418	2288
14659	+	1418	3081
14662	+	1418	3663
14663	+	1418	3699
14664	+	1418	3810
14665	+	1418	3821
14668	+	1418	4365
14671	+	1418	5846
14673	+	1418	5961
14674	+	1418	6409
14800	+	1444	2777
14801	+	1444	2789
14804	+	1444	2979
14805	+	1444	3503
14806	+	1444	3569
14813	+	1444	4031
14814	+	1444	4099
14816	+	1444	4228
14821	+	1444	4344
14829	+	1444	4884
14834	+	1444	5217
14835	+	1444	5221
14837	+	1444	6019
14838	+	1444	6146
14853	+	1446	2758
14857	+	1446	3438
14862	+	1446	4215
14863	+	1446	4216
14864	+	1446	4235
14865	+	1446	4254
14879	+	1446	4685
14881	+	1446	4762
14882	+	1446	4870
14883	+	1446	5035
14884	+	1446	5246
14887	+	1446	5347
14893	+	1446	6616
14894	+	1446	6795
14918	+	1450	1476
14928	+	1454	5282
14929	+	1454	6795
14930	+	1454	6937
14931	+	1454	7308
14968	+	1457	1490
15146	+	1476	2626
15209	+	1482	1565
15213	+	1484	2942
15214	+	1484	3038
15245	+	1490	1514
15246	+	1490	1607
15248	+	1490	3073
15266	+	1493	6615
15267	+	1493	6616
15314	+	1498	3673
15315	+	1498	4036
15316	+	1498	7154
15347	+	1504	1972
15358	+	1504	5387
15374	+	1507	5665
15446	+	1518	1711
15451	+	1518	1896
15452	+	1518	1899
15453	+	1518	1906
15454	+	1518	1935
15465	+	1518	2588
15471	+	1518	2979
15478	+	1518	3488
15483	+	1518	3689
15491	+	1518	3782
15493	+	1518	3935
15512	+	1518	4284
15513	+	1518	4365
15535	+	1518	5394
15541	+	1518	5559
15542	+	1518	5613
15544	+	1518	5641
15545	+	1518	5758
15555	+	1518	6511
15566	+	1523	1647
15567	+	1523	2153
15569	+	1523	2737
15628	+	1533	1691
15630	+	1533	5833
15635	+	1534	1866
15636	+	1534	1956
15638	+	1534	2326
15709	+	1540	6679
15765	+	1552	6195
15774	+	1556	4821
15779	+	1557	4849
15802	+	1564	2857
15803	+	1564	2880
15808	+	1564	4650
15809	+	1564	4656
15813	+	1565	2414
15860	+	1571	6275
15863	+	1572	1602
15868	+	1573	7178
15869	+	1573	7310
15870	+	1574	2949
15872	+	1574	7426
15874	+	1576	2604
15878	+	1576	4465
15881	+	1576	4650
15884	+	1578	1593
15885	+	1578	3479
15906	+	1584	1732
15909	+	1584	1968
15914	+	1584	2555
15920	+	1584	3140
15921	+	1584	3400
15928	+	1584	4875
15929	+	1584	4884
15932	+	1584	5357
15939	+	1586	2472
15941	+	1586	3713
15942	+	1586	5273
15943	+	1586	5547
16004	+	1593	5887
16005	+	1593	5905
16006	+	1593	6582
16007	+	1593	7068
16016	+	1597	2743
16017	+	1597	2921
16018	+	1597	3069
16020	+	1597	3437
16022	+	1597	5191
16025	+	1597	6785
16026	+	1597	7230
16027	+	1597	7352
16028	+	1597	7420
16110	+	1600	4228
16124	+	1605	1711
16125	+	1605	1881
16127	+	1605	3047
16134	+	1605	5008
16135	+	1605	5047
16136	+	1605	6039
16146	+	1610	3839
16163	+	1612	6854
16164	+	1613	1655
16166	+	1613	7133
16190	+	1620	3708
16193	+	1620	5012
16219	+	1627	7004
16220	+	1628	7004
16239	+	1634	1732
16250	+	1634	2588
16259	+	1634	3400
16266	+	1634	4488
16269	+	1634	5124
16272	+	1634	5805
16274	+	1634	6105
16279	+	1636	1638
16280	+	1636	1654
16281	+	1636	1916
16282	+	1636	2054
16285	+	1636	2948
16286	+	1636	3040
16287	+	1636	3129
16291	+	1638	1654
16294	+	1638	2948
16295	+	1638	2950
16296	+	1638	3129
16319	+	1646	1732
16320	+	1646	1735
16322	+	1646	1968
16329	+	1646	4884
16330	+	1646	5444
16334	+	1647	3766
16342	+	1648	1916
16343	+	1648	2054
16398	+	1654	2950
16400	+	1654	5695
16402	+	1655	6219
16480	+	1668	1956
16482	+	1668	4505
16483	+	1668	4977
16495	+	1672	2053
16499	+	1673	2222
16501	+	1673	2999
16508	+	1677	2103
16519	+	1677	4284
16527	+	1677	5536
16530	+	1677	6511
16532	+	1678	2066
16536	+	1679	4031
16605	+	1691	1920
16607	+	1691	2029
16609	+	1691	3538
16641	+	1694	2719
16653	+	1694	4639
16660	+	1694	5626
16663	+	1694	6472
16720	+	1699	1916
16721	+	1699	2054
16724	+	1699	3047
16733	+	1699	5008
16734	+	1699	5047
16736	+	1699	7130
16770	+	1703	4130
16778	+	1706	3150
16788	+	1707	2395
16792	+	1707	6008
16793	+	1708	1716
16794	+	1708	1735
16800	+	1708	6795
16870	+	1711	1879
16871	+	1711	1881
16872	+	1711	1998
16874	+	1711	2075
16877	+	1711	2421
16878	+	1711	2796
16879	+	1711	3047
16884	+	1711	3812
16885	+	1711	3822
16890	+	1711	4882
16891	+	1711	4929
16892	+	1711	5192
16895	+	1712	1906
16898	+	1712	2762
16904	+	1712	6330
16919	+	1716	1889
16920	+	1716	1906
16922	+	1716	3664
16931	+	1716	5544
16932	+	1716	5626
16933	+	1716	5709
16934	+	1716	5806
16935	+	1716	5884
16936	+	1716	6084
16937	+	1716	6448
16938	+	1716	6472
16940	+	1716	6886
16980	+	1722	2079
16983	+	1722	2979
17000	+	1722	5055
17002	+	1722	5817
17003	+	1722	5837
17006	+	1722	6332
17071	+	1730	2942
17080	+	1732	1968
17081	+	1732	2108
17084	+	1732	2372
17085	+	1732	2399
17086	+	1732	2471
17090	+	1732	2555
17093	+	1732	2612
17098	+	1732	5117
17107	+	1734	4637
17112	+	1735	1914
17113	+	1735	1919
17118	+	1735	2162
17119	+	1735	2239
17120	+	1735	2317
17124	+	1735	2939
17126	+	1735	4075
17130	+	1735	4639
17132	+	1735	7337
17145	+	1737	4031
17217	+	1741	2942
17221	+	1742	1972
17227	+	1742	3931
17230	+	1742	6275
17260	+	1748	3599
17272	+	1750	3438
17275	+	1750	4684
17386	+	1761	2043
17389	+	1761	2588
17391	+	1761	3776
17392	+	1761	3842
17393	+	1761	4015
17394	+	1761	4639
17414	+	1768	1916
17416	+	1768	2040
17417	+	1768	2054
17419	+	1768	2317
17421	+	1769	1916
17424	+	1769	3488
17440	+	1773	1889
17454	+	1773	6795
17455	+	1773	6937
17457	+	1774	1896
17460	+	1774	5769
17461	+	1774	5938
17462	+	1774	6016
17463	+	1774	6057
17464	+	1774	6511
17548	+	1781	4505
17550	+	1781	4977
17552	+	1781	6982
17621	+	1789	1896
17630	+	1789	5613
17633	+	1789	5869
17650	+	1799	4505
17652	+	1799	7249
17677	+	1803	2942
17678	+	1803	2972
17683	+	1803	5304
17772	+	1816	2646
17774	+	1816	5748
17829	+	1821	4356
17830	+	1821	4540
17842	+	1823	5365
17855	+	1826	7330
17856	+	1826	7331
17963	+	1833	4485
17970	+	1834	2603
17972	+	1834	2775
17974	+	1834	3161
17975	+	1834	3236
17976	+	1834	6707
17977	+	1834	6787
18014	+	1837	1894
18067	+	1845	2181
18076	+	1847	2310
18078	+	1847	5000
18079	+	1847	6523
18080	+	1847	7293
18081	+	1847	7353
18308	+	1866	2326
18309	+	1866	3229
18312	+	1866	3429
18313	+	1866	3599
18314	+	1866	5009
18386	+	1877	2123
18387	+	1877	2275
18388	+	1877	2323
18389	+	1877	2371
18394	+	1877	2576
18395	+	1877	2619
18396	+	1877	2645
18398	+	1877	3797
18399	+	1877	3903
18400	+	1877	5419
18402	+	1877	5833
18404	+	1877	5962
18405	+	1877	6133
18406	+	1877	6162
18407	+	1877	6194
18408	+	1877	6227
18410	+	1877	6432
18411	+	1877	7147
18412	+	1877	7150
18413	+	1878	1881
18418	+	1879	1881
18419	+	1879	2017
18425	+	1879	2421
18430	+	1879	3822
18442	+	1879	4886
18443	+	1879	5192
18448	+	1879	6061
18456	+	1881	1928
18459	+	1881	1998
18460	+	1881	2050
18461	+	1881	2075
18467	+	1881	2421
18469	+	1881	2796
18475	+	1881	3822
18477	+	1881	3907
18483	+	1881	5047
18484	+	1881	5192
18487	+	1881	5932
18488	+	1881	5959
18489	+	1881	6061
18508	+	1889	2719
18510	+	1889	4174
18511	+	1889	5016
18513	+	1889	6084
18519	+	1890	4355
18520	+	1890	4505
18521	+	1890	4977
18525	+	1890	6982
18610	+	1893	2240
18624	+	1893	5817
18625	+	1893	5837
18632	+	1896	2075
18633	+	1896	5385
18634	+	1896	5613
18636	+	1896	5869
18638	+	1897	2979
18670	+	1899	5287
18673	+	1899	5394
18676	+	1899	5504
18677	+	1899	5508
18678	+	1899	5561
18682	+	1899	5945
18683	+	1899	6274
18686	+	1902	5365
18706	+	1905	6615
18707	+	1905	6616
18709	+	1906	2057
18714	+	1906	2466
18718	+	1906	3900
18719	+	1906	5306
18720	+	1906	5445
18722	+	1906	5579
18724	+	1906	5933
18725	+	1906	6330
18735	+	1912	2240
18736	+	1912	2690
18738	+	1912	3400
18741	+	1912	5167
18743	+	1912	5640
18747	+	1913	3766
18748	+	1913	4031
18749	+	1913	4099
18750	+	1913	4505
18751	+	1913	4977
18752	+	1913	5016
18757	+	1914	4505
18758	+	1914	5769
18759	+	1914	5938
18760	+	1914	6057
18762	+	1916	2040
18763	+	1916	2054
18764	+	1916	2116
18765	+	1916	2230
18766	+	1916	2250
18768	+	1916	2293
18769	+	1916	2317
18770	+	1916	2327
18771	+	1916	2328
18772	+	1916	4128
18775	+	1916	6268
18776	+	1918	2410
18777	+	1918	2967
18779	+	1918	3142
18780	+	1918	3198
18781	+	1918	3199
18782	+	1918	3321
18783	+	1918	3514
18789	+	1918	3731
18791	+	1918	3921
18792	+	1918	4151
18795	+	1918	4332
18796	+	1918	4474
18800	+	1918	4964
18801	+	1918	5056
18802	+	1918	5138
18804	+	1918	5272
18805	+	1918	5305
18806	+	1918	5344
18807	+	1918	6307
18808	+	1918	7260
18823	+	1920	3251
18825	+	1921	7358
18853	+	1927	2395
18866	+	1928	5192
18910	+	1935	2075
18918	+	1935	5126
18920	+	1935	5561
18923	+	1935	5945
19186	+	1956	2736
19187	+	1956	5783
19253	+	1966	2292
19255	+	1966	4965
19265	+	1968	2108
19268	+	1968	2372
19269	+	1968	2399
19271	+	1968	2471
19275	+	1968	2555
19278	+	1968	2612
19281	+	1968	3140
19290	+	1968	5117
19295	+	1970	4154
19297	+	1971	2707
19298	+	1971	5769
19299	+	1971	5914
19300	+	1971	5938
19301	+	1971	6057
19302	+	1972	2410
19303	+	1972	2741
19304	+	1972	2755
19305	+	1972	2771
19308	+	1972	2940
19309	+	1972	3018
19313	+	1972	3127
19322	+	1972	4613
19323	+	1972	5387
19325	+	1972	6211
19326	+	1972	6891
19346	+	1975	3796
19515	+	1998	2317
19518	+	1998	2588
19560	+	2010	2916
19562	+	2010	5193
19564	+	2010	6713
19565	+	2010	7014
19596	+	2017	2979
19597	+	2017	3211
19604	+	2017	4284
19664	+	2032	2075
19666	+	2032	2532
19671	+	2032	5047
19673	+	2032	7268
19761	+	2037	4875
19762	+	2040	2136
19766	+	2040	2293
19767	+	2040	2317
19768	+	2040	2327
19769	+	2040	2328
19774	+	2040	5122
19783	+	2043	2588
19787	+	2043	3700
19791	+	2043	7130
19820	+	2047	3251
19835	+	2050	5047
19836	+	2050	5769
19837	+	2050	5938
19838	+	2050	6057
19845	+	2054	2116
19846	+	2054	2230
19847	+	2054	2250
19849	+	2054	2293
19850	+	2054	2317
19851	+	2054	2327
19852	+	2054	2328
19853	+	2054	4128
19854	+	2054	6268
19875	+	2056	2123
19927	+	2064	6866
19928	+	2064	7363
19950	+	2072	5819
19951	+	2072	6050
19967	+	2075	2916
19968	+	2075	2918
19969	+	2075	2979
19970	+	2075	3047
19976	+	2075	3488
19981	+	2075	3689
19984	+	2075	3810
20003	+	2075	4339
20004	+	2075	4365
20010	+	2075	4565
20017	+	2075	4884
20022	+	2075	5047
20027	+	2075	5394
20030	+	2075	5536
20032	+	2075	5613
20038	+	2075	5746
20040	+	2075	5769
20042	+	2075	5817
20047	+	2075	5869
20049	+	2075	5938
20050	+	2075	5959
20052	+	2075	6057
20054	+	2075	6108
20056	+	2075	6274
20057	+	2075	6332
20058	+	2075	6679
20060	+	2075	7046
20071	+	2079	2635
20072	+	2079	2979
20073	+	2079	3365
20087	+	2079	4946
20091	+	2079	5050
20092	+	2079	5055
20096	+	2079	5764
20097	+	2079	5817
20100	+	2079	6189
20177	+	2089	2240
20188	+	2089	4339
20197	+	2089	6332
20307	+	2103	2979
20317	+	2103	5528
20318	+	2103	5529
20320	+	2103	5693
20322	+	2103	5764
20324	+	2103	6141
20474	+	2105	4393
20475	+	2105	5127
20484	+	2108	2319
20489	+	2108	2555
20501	+	2108	4884
20560	+	2115	5769
20561	+	2115	5938
20562	+	2115	6057
20564	+	2116	6764
20732	+	2123	2502
20745	+	2123	3675
20748	+	2123	5011
20749	+	2123	5387
20753	+	2123	6275
20754	+	2123	6299
20755	+	2123	6366
20756	+	2124	4977
20761	+	2125	5769
20766	+	2129	3172
20768	+	2129	5910
20819	+	2131	5769
20820	+	2131	5938
20821	+	2131	6016
20822	+	2131	6057
20823	+	2131	6511
20833	+	2134	4988
20843	+	2135	2789
20849	+	2136	2317
21022	+	2142	3708
21121	+	2152	3569
21123	+	2152	3782
21150	+	2155	2181
21171	+	2162	2317
21268	+	2172	5811
21270	+	2172	5878
21271	+	2172	6294
21272	+	2172	6295
21273	+	2172	6308
21274	+	2172	6562
21366	+	2187	3367
21367	+	2187	3409
21368	+	2187	3438
21369	+	2187	3445
21370	+	2187	3547
21372	+	2187	3610
21374	+	2187	3680
21378	+	2187	4215
21379	+	2187	4216
21380	+	2187	4218
21382	+	2187	4235
21385	+	2187	4254
21401	+	2187	4684
21402	+	2187	4685
21406	+	2187	4870
21407	+	2187	4930
21409	+	2187	5035
21413	+	2187	5510
21417	+	2187	5967
21418	+	2187	6166
21421	+	2187	6514
21423	+	2187	6795
21509	+	2197	2240
21510	+	2197	2319
21513	+	2197	2918
21514	+	2197	2979
21517	+	2197	4112
21530	+	2197	4946
21535	+	2197	5411
21536	+	2197	5622
21538	+	2197	5764
21540	+	2197	5817
21541	+	2197	5837
21544	+	2197	6332
21545	+	2197	6679
21712	+	2221	2555
21719	+	2221	5357
21720	+	2222	5805
21765	+	2230	2317
21777	+	2231	5967
21778	+	2232	2257
21780	+	2232	2290
21781	+	2232	2463
21782	+	2232	4490
21788	+	2234	3429
21816	+	2239	5865
21817	+	2239	5899
21818	+	2240	2314
21819	+	2240	2319
21820	+	2240	3140
21824	+	2240	4792
21867	+	2246	2307
21908	+	2251	4103
21910	+	2251	4333
21911	+	2251	4338
21915	+	2251	5047
21950	+	2257	2463
21955	+	2257	4849
21956	+	2257	5135
21958	+	2257	5489
21959	+	2257	5997
22010	+	2261	2317
22012	+	2261	7431
22092	+	2275	3172
22094	+	2275	5419
22096	+	2275	5833
22097	+	2275	5962
22098	+	2275	6377
22158	+	2288	4365
22165	+	2288	5488
22166	+	2288	5758
22173	+	2290	3193
22180	+	2293	2317
22186	+	2294	4897
22209	+	2299	4637
22211	+	2299	4735
22262	+	2301	2326
22263	+	2301	4634
22267	+	2303	2410
22269	+	2303	2672
22280	+	2306	3530
22284	+	2306	4305
22286	+	2306	7052
22290	+	2307	2350
22291	+	2307	3822
22323	+	2313	5046
22325	+	2313	5155
22328	+	2313	6222
22360	+	2317	2327
22361	+	2317	2328
22363	+	2317	2720
22366	+	2318	5106
22370	+	2319	4792
22372	+	2319	6946
22376	+	2321	3058
22380	+	2323	3839
22383	+	2323	5419
22386	+	2323	5833
22389	+	2323	5962
22390	+	2323	6086
22392	+	2323	6377
22393	+	2323	7225
22405	+	2326	2790
22406	+	2326	2804
22407	+	2326	2988
22408	+	2326	3229
22409	+	2326	3429
22411	+	2326	5009
22413	+	2326	6226
22460	+	2339	4637
22462	+	2339	4735
22625	+	2354	7001
22686	+	2371	2576
22687	+	2371	2619
22744	+	2380	4610
22746	+	2380	5085
22754	+	2384	2573
22759	+	2385	2676
22760	+	2385	2680
22761	+	2385	2857
22762	+	2385	4656
22772	+	2388	3400
22774	+	2388	4875
22776	+	2388	5769
22784	+	2392	2667
22792	+	2393	6795
22793	+	2393	6937
22795	+	2395	2395
22804	+	2395	6008
22805	+	2395	6390
22827	+	2399	2555
22894	+	2410	3921
22975	+	2421	5192
22978	+	2422	2528
22979	+	2422	5847
23097	+	2439	4977
23109	+	2441	6765
23113	+	2442	3569
23122	+	2442	4230
23123	+	2442	4233
23126	+	2442	4338
23127	+	2442	4340
23139	+	2442	5005
23140	+	2442	5091
23142	+	2442	5141
23152	+	2445	2979
23153	+	2445	3569
23164	+	2445	4230
23165	+	2445	4233
23168	+	2445	4338
23169	+	2445	4340
23183	+	2445	5005
23184	+	2445	5091
23186	+	2445	5141
23187	+	2445	5217
23188	+	2445	5221
23192	+	2448	4587
23195	+	2448	6225
23260	+	2463	4490
23262	+	2463	4849
23263	+	2463	5135
23264	+	2463	5489
23265	+	2464	3172
23266	+	2464	5419
23267	+	2464	5833
23268	+	2464	5962
23270	+	2464	7225
23295	+	2466	2588
23299	+	2466	3488
23322	+	2466	6511
23324	+	2467	2549
23328	+	2467	4031
23329	+	2468	2549
23333	+	2468	4031
23335	+	2468	6366
23365	+	2472	2914
23366	+	2472	2915
23370	+	2472	4129
23410	+	2482	4230
23411	+	2482	5141
23488	+	2492	3664
23490	+	2492	4027
23492	+	2492	5012
23494	+	2492	5581
23495	+	2492	5698
23496	+	2492	5769
23497	+	2492	5800
23498	+	2492	5801
23501	+	2492	6040
23503	+	2492	6298
23504	+	2492	6448
23505	+	2492	6656
23506	+	2492	6955
23507	+	2492	7087
23517	+	2495	2507
23520	+	2495	6597
23562	+	2500	3679
23565	+	2502	2549
23573	+	2502	3931
23576	+	2502	4031
23579	+	2502	5011
23582	+	2502	6275
23583	+	2502	6366
23599	+	2506	2646
23605	+	2506	7231
23606	+	2506	7354
23607	+	2507	2651
23747	+	2524	3547
23748	+	2524	3610
23749	+	2524	3680
23750	+	2524	4215
23752	+	2524	4685
23754	+	2524	5510
23755	+	2524	6166
23757	+	2524	6514
23759	+	2525	7330
23774	+	2532	5047
23775	+	2535	2603
23781	+	2536	7302
23793	+	2538	6765
23803	+	2541	2542
23804	+	2541	7300
23805	+	2542	7300
23822	+	2548	3438
23828	+	2548	4684
23830	+	2548	5967
23834	+	2549	4031
23835	+	2549	7086
23841	+	2554	3794
23842	+	2554	3800
23843	+	2554	3910
23844	+	2554	6648
23846	+	2554	7328
23847	+	2555	2612
23854	+	2555	5117
23855	+	2555	6001
23876	+	2557	5748
23883	+	2560	2588
23885	+	2560	3149
23894	+	2561	5860
23913	+	2570	3489
23914	+	2570	6309
23936	+	2575	3009
23938	+	2575	3583
23940	+	2575	4488
23941	+	2575	4543
23944	+	2575	7144
23963	+	2585	7309
23972	+	2588	2612
23975	+	2588	3014
23976	+	2588	3026
23978	+	2588	3700
23979	+	2588	3776
23980	+	2588	3811
23981	+	2588	3842
23983	+	2588	3957
23985	+	2588	4015
23986	+	2588	4040
23989	+	2588	4639
23990	+	2588	5117
23993	+	2588	5488
23994	+	2588	5581
23996	+	2588	5884
23997	+	2588	5936
23998	+	2588	6042
23999	+	2588	6180
24000	+	2588	6267
24068	+	2592	3766
24070	+	2592	5016
24398	+	2603	2775
24400	+	2603	3161
24402	+	2603	6787
24405	+	2604	2875
24416	+	2604	5536
24548	+	2610	2758
24550	+	2610	3438
24558	+	2611	3438
24560	+	2611	3680
24561	+	2611	4215
24580	+	2612	5357
24592	+	2614	6468
24593	+	2614	7386
24603	+	2617	3367
24604	+	2617	3438
24605	+	2617	3547
24606	+	2617	3610
24608	+	2617	3680
24609	+	2617	4215
24610	+	2617	4218
24612	+	2617	4685
24613	+	2617	5035
24615	+	2617	5510
24617	+	2617	6166
24620	+	2617	6514
24645	+	2623	2676
24646	+	2623	2680
24647	+	2623	2857
24649	+	2623	4656
24650	+	2623	6767
24653	+	2628	2979
24716	+	2635	3700
24717	+	2635	3717
24788	+	2645	3226
24789	+	2645	7357
24791	+	2646	4151
24819	+	2656	5962
24854	+	2664	4977
24897	+	2676	2680
24898	+	2676	2949
24903	+	2676	4656
24907	+	2676	6575
24908	+	2676	6622
24913	+	2680	2880
24914	+	2680	2949
24917	+	2680	4656
24918	+	2680	4861
24921	+	2680	5983
24922	+	2680	6575
24923	+	2680	6622
24969	+	2690	5737
25059	+	2703	3064
25064	+	2703	4733
25076	+	2704	6431
25089	+	2707	4031
25092	+	2707	5224
25093	+	2707	5899
25164	+	2714	3267
25168	+	2716	7047
25181	+	2719	2758
25183	+	2719	3438
25186	+	2719	4684
25190	+	2719	5967
25230	+	2725	3434
25231	+	2725	3438
25234	+	2725	4684
25237	+	2725	5769
25238	+	2725	5938
25239	+	2725	5967
25241	+	2725	6057
25243	+	2725	6615
25244	+	2725	6616
25249	+	2727	4693
25260	+	2732	4505
25271	+	2735	3438
25276	+	2735	4684
25278	+	2735	5967
25281	+	2736	4505
25282	+	2736	4977
25299	+	2741	5387
25327	+	2745	7173
25331	+	2746	5512
25334	+	2747	3616
25337	+	2747	5512
25356	+	2752	5950
25360	+	2752	7253
25361	+	2752	7281
25362	+	2752	7343
25363	+	2753	2857
25364	+	2753	2875
25372	+	2753	4652
25379	+	2754	4494
25381	+	2754	4648
25382	+	2754	4731
25385	+	2754	4941
25394	+	2755	3690
25398	+	2755	5387
25407	+	2758	2869
25409	+	2758	2987
25410	+	2758	2997
25411	+	2758	3328
25412	+	2758	3438
25413	+	2758	3522
25414	+	2758	4084
25416	+	2758	4979
25417	+	2758	5153
25418	+	2758	5873
25426	+	2762	5911
25427	+	2762	6845
25428	+	2762	6846
25442	+	2766	2801
25445	+	2768	2789
25446	+	2768	4344
25449	+	2768	4884
25468	+	2771	5387
25471	+	2775	3161
25474	+	2776	3429
25483	+	2777	4048
25484	+	2777	4096
25485	+	2777	4103
25488	+	2777	4231
25495	+	2777	4482
25501	+	2777	5209
25502	+	2777	5215
25505	+	2777	6929
25508	+	2779	2956
25509	+	2779	3367
25510	+	2779	3547
25511	+	2779	3610
25512	+	2779	3680
25514	+	2779	4215
25516	+	2779	5035
25518	+	2779	5510
25520	+	2779	6514
25532	+	2789	4344
25535	+	2789	4884
25555	+	2793	2898
25558	+	2793	5124
25560	+	2793	5805
25562	+	2794	2798
25567	+	2794	4094
25569	+	2794	4221
25570	+	2794	5068
25573	+	2796	3047
25580	+	2796	5008
25581	+	2796	5047
25584	+	2796	5908
25625	+	2803	3149
25627	+	2804	4958
25729	+	2821	5419
25827	+	2831	3020
25946	+	2854	5695
25951	+	2857	2880
25952	+	2857	3236
25956	+	2857	4465
25957	+	2857	4629
25958	+	2857	4650
25959	+	2857	4651
25960	+	2857	4652
25961	+	2857	4656
25963	+	2857	4861
25964	+	2857	5983
25965	+	2857	6023
25966	+	2857	6575
25993	+	2864	2942
26014	+	2869	3438
26015	+	2869	4599
26016	+	2869	4625
26022	+	2869	6615
26023	+	2869	6616
26038	+	2875	2918
26041	+	2875	3005
26042	+	2875	3026
26046	+	2875	3569
26049	+	2875	4236
26055	+	2875	4333
26056	+	2875	4338
26062	+	2875	6187
26070	+	2879	4958
26071	+	2880	3161
26075	+	2880	4650
26076	+	2880	4652
26077	+	2880	4656
26081	+	2881	5547
26111	+	2887	3438
26119	+	2887	5967
26212	+	2898	3008
26213	+	2898	3198
26409	+	2914	5512
26412	+	2915	3616
26413	+	2915	5547
26414	+	2916	3061
26415	+	2916	5102
26418	+	2916	5883
26419	+	2916	6349
26420	+	2916	6679
26421	+	2918	2979
26422	+	2918	3005
26423	+	2918	3026
26424	+	2918	3061
26427	+	2918	3649
26430	+	2918	4133
26434	+	2918	4174
26443	+	2918	5373
26444	+	2918	5546
26445	+	2918	5565
26446	+	2918	5622
26448	+	2918	5817
26449	+	2918	5883
26450	+	2918	6187
26451	+	2918	6946
26460	+	2924	2929
26462	+	2924	6820
26476	+	2928	5547
26477	+	2929	5547
26544	+	2935	7297
26570	+	2939	4505
26571	+	2939	4977
26573	+	2939	5806
26587	+	2940	5387
26597	+	2942	3063
26598	+	2942	7408
26599	+	2942	7419
26651	+	2948	3040
26653	+	2949	3014
26658	+	2949	3782
26660	+	2949	4371
26662	+	2949	5512
26664	+	2950	3040
26665	+	2950	3129
26667	+	2950	3809
26668	+	2950	7436
26693	+	2955	3036
26699	+	2956	2999
26700	+	2956	3067
26701	+	2956	7304
26702	+	2956	7320
26718	+	2958	3036
26725	+	2959	4587
26726	+	2959	5364
26727	+	2959	6333
26728	+	2959	6892
26734	+	2963	6391
26735	+	2963	6466
26740	+	2964	6377
26745	+	2967	3198
26749	+	2967	3299
26761	+	2967	4958
26762	+	2967	4964
26763	+	2967	5272
26764	+	2967	5305
26765	+	2967	6307
26790	+	2972	3021
26804	+	2972	5415
26806	+	2972	5713
26807	+	2972	6038
26814	+	2974	4371
26817	+	2974	6403
26818	+	2975	3438
26820	+	2975	4684
26826	+	2978	3040
26828	+	2979	3365
26829	+	2979	3488
26831	+	2979	3664
26833	+	2979	3802
26834	+	2979	3810
26837	+	2979	3912
26846	+	2979	4174
26847	+	2979	4209
26856	+	2979	4300
26858	+	2979	4339
26859	+	2979	4368
26860	+	2979	4393
26866	+	2979	4443
26869	+	2979	4792
26871	+	2979	4909
26874	+	2979	4962
26877	+	2979	5047
26879	+	2979	5141
26881	+	2979	5204
26882	+	2979	5209
26884	+	2979	5277
26885	+	2979	5356
26886	+	2979	5411
26887	+	2979	5541
26888	+	2979	5565
26889	+	2979	5594
26891	+	2979	5614
26892	+	2979	5622
26894	+	2979	5672
26895	+	2979	5746
26896	+	2979	5773
26899	+	2979	5831
26901	+	2979	5883
26902	+	2979	6057
26903	+	2979	6164
26904	+	2979	6189
26906	+	2979	6448
26907	+	2979	6473
26943	+	2987	3438
26944	+	2987	5928
26952	+	2991	4093
26959	+	2991	6795
26960	+	2991	6937
26983	+	2997	3438
27018	+	3005	3061
27019	+	3005	3569
27028	+	3005	5883
27034	+	3008	3092
27039	+	3008	3803
27043	+	3009	3092
27046	+	3009	4488
27047	+	3009	5444
27048	+	3009	6106
27049	+	3009	6107
27050	+	3009	6259
27068	+	3014	5433
27070	+	3016	3616
27075	+	3018	3690
27079	+	3018	5387
27084	+	3020	6763
27114	+	3023	4236
27127	+	3025	3429
27128	+	3025	4227
27130	+	3025	4333
27133	+	3026	3061
27135	+	3026	3428
27136	+	3026	3569
27137	+	3026	4103
27139	+	3026	4505
27141	+	3026	4977
27142	+	3026	5883
27144	+	3028	3569
27216	+	3035	6377
27220	+	3036	3669
27228	+	3036	7283
27229	+	3036	7351
27249	+	3038	4561
27251	+	3038	5960
27252	+	3038	6158
27253	+	3038	6263
27254	+	3038	7405
27266	+	3040	3565
27269	+	3040	3918
27272	+	3041	5512
27293	+	3047	3644
27294	+	3047	3652
27295	+	3047	3812
27296	+	3047	3822
27297	+	3047	3925
27304	+	3047	4876
27305	+	3047	4882
27306	+	3047	4958
27307	+	3047	5008
27308	+	3047	5047
27310	+	3047	5356
27311	+	3047	5560
27312	+	3047	5672
27313	+	3047	5764
27315	+	3047	6486
27316	+	3047	6837
27357	+	3058	3429
27399	+	3061	4116
27400	+	3061	4133
27403	+	3061	4174
27410	+	3061	4792
27414	+	3061	5008
27416	+	3061	5317
27417	+	3061	5546
27418	+	3061	5565
27419	+	3061	5622
27421	+	3061	5817
27422	+	3061	5883
27423	+	3061	6187
27424	+	3061	6188
27425	+	3061	6946
27426	+	3061	7112
27428	+	3063	6795
27429	+	3063	6937
27430	+	3063	7357
27436	+	3068	4958
27500	+	3081	3689
27501	+	3081	3699
27503	+	3081	3810
27505	+	3081	4365
27507	+	3081	5536
27522	+	3085	3631
27534	+	3089	3148
27535	+	3089	3150
27536	+	3089	3669
27538	+	3089	4490
27546	+	3090	4186
27547	+	3090	4216
27549	+	3090	4254
27556	+	3090	4941
27566	+	3092	3136
27567	+	3092	3285
27599	+	3098	3409
27607	+	3099	3680
27610	+	3099	4599
27615	+	3099	5148
27847	+	3127	5387
27879	+	3132	3196
27880	+	3132	3202
27882	+	3132	3249
27883	+	3132	3254
27884	+	3132	3276
27886	+	3132	3594
27887	+	3132	3595
27888	+	3132	3708
27889	+	3132	3837
27900	+	3136	3283
27901	+	3136	3285
27906	+	3136	3803
27908	+	3136	6106
27909	+	3136	6107
27910	+	3136	6259
27918	+	3140	4365
27924	+	3142	3533
27927	+	3142	3921
27931	+	3142	6500
27940	+	3144	3631
27967	+	3148	3669
27968	+	3148	3793
27970	+	3148	5550
27972	+	3149	3440
27973	+	3149	4997
27974	+	3149	5195
27975	+	3149	5481
27977	+	3149	6650
27978	+	3149	6824
27979	+	3149	6833
27980	+	3149	6973
27981	+	3149	6994
27982	+	3149	7005
27986	+	3150	3793
27987	+	3150	4490
27988	+	3150	4586
27990	+	3150	5926
27995	+	3152	3839
27999	+	3152	6377
28013	+	3160	3535
28014	+	3160	4483
28017	+	3160	5404
28018	+	3160	6097
28020	+	3161	3236
28021	+	3161	3347
28022	+	3161	3570
28026	+	3161	4629
28029	+	3161	6787
28113	+	3172	3903
28114	+	3172	4140
28115	+	3172	4166
28116	+	3172	4687
28117	+	3172	5625
28118	+	3172	5833
28119	+	3172	6100
28120	+	3172	6432
28121	+	3172	6742
28122	+	3172	7019
28123	+	3172	7341
28195	+	3177	4897
28210	+	3181	3569
28211	+	3181	4505
28329	+	3188	5469
28418	+	3193	3347
28419	+	3193	3351
28420	+	3193	4490
28426	+	3193	5550
28427	+	3194	5419
28428	+	3194	5833
28430	+	3194	5962
28436	+	3196	3202
28438	+	3196	3249
28439	+	3196	3276
28442	+	3196	3594
28443	+	3196	3595
28446	+	3196	3708
28448	+	3196	3900
28477	+	3198	3921
28497	+	3198	5813
28499	+	3198	6032
28503	+	3198	6915
28505	+	3198	7249
28519	+	3200	4731
28520	+	3200	5148
28552	+	3202	3900
28555	+	3205	3210
28569	+	3210	6984
28573	+	3211	4886
28578	+	3212	3631
28641	+	3220	7296
28665	+	3226	6795
28708	+	3231	3438
28731	+	3236	4656
28867	+	3249	3708
28873	+	3251	3622
28874	+	3251	3797
28875	+	3251	3903
28876	+	3251	3947
28877	+	3251	4987
28878	+	3251	5625
28879	+	3251	5833
28880	+	3251	5907
28882	+	3251	6100
28883	+	3251	6133
28884	+	3251	6162
28885	+	3251	6227
28887	+	3251	6334
28888	+	3251	6432
28890	+	3253	5469
28896	+	3254	3708
28968	+	3259	4871
28973	+	3259	5148
29015	+	3267	3830
29118	+	3276	3708
29127	+	3278	4505
29199	+	3283	3285
29200	+	3283	3385
29201	+	3283	3583
29203	+	3283	3789
29204	+	3283	4543
29208	+	3285	3470
29233	+	3290	3932
29265	+	3299	3921
29283	+	3302	7064
29374	+	3307	3598
29375	+	3307	3631
29432	+	3313	3353
29435	+	3313	3445
29474	+	3321	3921
29481	+	3322	3385
29501	+	3327	3438
29506	+	3327	4684
29508	+	3327	5967
29511	+	3328	3438
29515	+	3328	4684
29517	+	3328	5967
29539	+	3332	3438
29541	+	3332	5967
29552	+	3335	6615
29553	+	3335	6616
29601	+	3347	3351
29606	+	3347	5011
29620	+	3349	6195
29627	+	3351	4490
29628	+	3351	5926
29629	+	3351	5997
29630	+	3352	3367
29631	+	3352	3438
29632	+	3352	3547
29633	+	3352	3610
29635	+	3352	3680
29638	+	3352	4215
29639	+	3352	4216
29640	+	3352	4218
29642	+	3352	4254
29646	+	3352	4684
29647	+	3352	4685
29648	+	3352	4870
29649	+	3352	5035
29651	+	3352	5510
29652	+	3352	5967
29653	+	3352	6166
29656	+	3352	6514
29660	+	3353	3409
29661	+	3353	3444
29672	+	3353	5647
29728	+	3366	3472
29729	+	3367	3547
29730	+	3367	3559
29731	+	3367	3610
29732	+	3367	3680
29733	+	3367	4091
29734	+	3367	4173
29735	+	3367	4188
29736	+	3367	4215
29737	+	3367	4218
29738	+	3367	4294
29739	+	3367	4457
29740	+	3367	4557
29741	+	3367	4685
29742	+	3367	4780
29743	+	3367	4839
29744	+	3367	4870
29745	+	3367	5035
29747	+	3367	5468
29748	+	3367	5510
29749	+	3367	5585
29750	+	3367	5593
29751	+	3367	5853
29752	+	3367	6026
29753	+	3367	6166
29757	+	3367	6469
29758	+	3367	6514
29759	+	3367	6962
29760	+	3367	6963
29761	+	3367	7406
29886	+	3385	5444
29887	+	3385	6106
29888	+	3385	6259
29896	+	3387	3409
29897	+	3387	3445
29935	+	3400	3807
29938	+	3400	5192
29941	+	3400	6471
29993	+	3409	3444
29994	+	3409	3445
29997	+	3409	3493
30005	+	3409	4668
30008	+	3409	4966
30009	+	3409	5077
30010	+	3409	5108
30012	+	3409	5897
30090	+	3428	3762
30091	+	3428	4014
30092	+	3428	4131
30094	+	3428	4505
30096	+	3428	4729
30099	+	3428	5071
30101	+	3428	7241
30102	+	3428	7439
30120	+	3434	4027
30130	+	3438	3440
30131	+	3438	3461
30132	+	3438	3465
30133	+	3438	3522
30134	+	3438	3523
30136	+	3438	4084
30137	+	3438	4162
30139	+	3438	4188
30140	+	3438	4237
30142	+	3438	4313
30143	+	3438	4684
30144	+	3438	4819
30145	+	3438	4966
30146	+	3438	4979
30147	+	3438	5057
30148	+	3438	5108
30149	+	3438	5153
30152	+	3438	5470
30153	+	3438	5754
30154	+	3438	5835
30155	+	3438	5874
30156	+	3438	5956
30157	+	3438	5967
30159	+	3438	6047
30165	+	3441	5318
30173	+	3444	3493
30177	+	3444	4301
30179	+	3444	4355
30180	+	3444	4668
30185	+	3444	7294
30188	+	3445	4966
30189	+	3445	5108
30190	+	3445	5585
30213	+	3455	3533
30219	+	3455	6500
30220	+	3455	6854
30232	+	3460	3530
30236	+	3460	4305
30237	+	3460	7369
30241	+	3462	3547
30243	+	3462	4215
30257	+	3463	3921
30276	+	3470	3803
30279	+	3470	6106
30280	+	3470	6107
30284	+	3472	7301
30313	+	3479	5619
30314	+	3479	6468
30315	+	3479	7386
30316	+	3479	7440
30417	+	3488	3583
30419	+	3488	3934
30420	+	3488	4028
30424	+	3488	4368
30426	+	3488	4543
30427	+	3488	6111
30429	+	3489	6309
30452	+	3493	7294
30462	+	3500	7004
30539	+	3503	7130
30560	+	3514	3921
30576	+	3520	5318
30587	+	3522	4684
30589	+	3522	5967
30592	+	3522	6615
30593	+	3522	6616
30624	+	3529	3536
30626	+	3530	4055
30627	+	3530	4076
30631	+	3530	4256
30633	+	3530	4305
30634	+	3530	4374
30635	+	3530	7016
30641	+	3533	4593
30643	+	3533	5330
30644	+	3533	5909
30646	+	3533	6500
30647	+	3533	6854
30652	+	3536	6624
30797	+	3547	3559
30798	+	3547	3610
30799	+	3547	3680
30801	+	3547	4091
30802	+	3547	4188
30803	+	3547	4215
30804	+	3547	4218
30805	+	3547	4294
30806	+	3547	4328
30807	+	3547	4457
30809	+	3547	4557
30810	+	3547	4619
30811	+	3547	4685
30812	+	3547	4839
30813	+	3547	4947
30814	+	3547	5035
30816	+	3547	5510
30817	+	3547	5582
30818	+	3547	5583
30819	+	3547	5585
30820	+	3547	5593
30821	+	3547	5822
30822	+	3547	5853
30823	+	3547	5957
30824	+	3547	6166
30826	+	3547	6277
30828	+	3547	6514
30829	+	3547	7011
30876	+	3559	3610
30877	+	3559	3680
30880	+	3559	4215
30884	+	3559	6514
30908	+	3565	3918
30914	+	3568	3803
30917	+	3569	3646
30927	+	3569	3963
30930	+	3569	4102
30931	+	3569	4125
30932	+	3569	4127
30933	+	3569	4129
30936	+	3569	4195
30937	+	3569	4196
30938	+	3569	4206
30939	+	3569	4213
30940	+	3569	4217
30941	+	3569	4236
30948	+	3569	4288
30949	+	3569	4309
30953	+	3569	4339
30954	+	3569	4340
30955	+	3569	4377
30956	+	3569	4385
30967	+	3569	4853
30982	+	3569	4960
30983	+	3569	4967
30984	+	3569	4983
30985	+	3569	4998
30986	+	3569	5005
30988	+	3569	5072
30990	+	3569	5091
30991	+	3569	5123
30995	+	3569	5221
30996	+	3569	5248
30997	+	3569	5250
30999	+	3569	5456
31005	+	3569	6293
31010	+	3569	6590
31011	+	3569	6729
31012	+	3569	6732
31013	+	3569	6733
31014	+	3569	6797
31015	+	3569	6857
31016	+	3569	6903
31017	+	3569	6967
31018	+	3569	7183
31019	+	3569	7217
31020	+	3570	4656
31123	+	3583	4488
31125	+	3583	5124
31126	+	3584	3815
31127	+	3584	4490
31131	+	3584	5550
31179	+	3590	7291
31198	+	3594	3708
31201	+	3595	3708
31252	+	3598	3631
31253	+	3598	3730
31254	+	3598	6068
31257	+	3599	5181
31285	+	3604	4565
31287	+	3604	6833
31337	+	3610	3680
31338	+	3610	4091
31339	+	3610	4173
31340	+	3610	4188
31341	+	3610	4215
31342	+	3610	4218
31343	+	3610	4294
31344	+	3610	4457
31346	+	3610	4557
31347	+	3610	4685
31348	+	3610	4780
31349	+	3610	4839
31350	+	3610	4870
31351	+	3610	4947
31352	+	3610	5035
31354	+	3610	5468
31355	+	3610	5510
31356	+	3610	5582
31357	+	3610	5583
31358	+	3610	5585
31359	+	3610	5593
31360	+	3610	5754
31361	+	3610	5822
31362	+	3610	5853
31363	+	3610	5957
31364	+	3610	6026
31365	+	3610	6166
31368	+	3610	6514
31369	+	3610	7011
31388	+	3616	3747
31389	+	3616	5074
31390	+	3616	5078
31392	+	3616	5512
31393	+	3616	6121
31395	+	3616	6322
31396	+	3616	6443
31397	+	3616	6490
31398	+	3616	6711
31399	+	3616	6727
31574	+	3631	6648
31575	+	3631	7131
31576	+	3631	7158
31577	+	3631	7165
31578	+	3631	7379
31705	+	3644	5008
31706	+	3644	5047
31710	+	3644	5769
31711	+	3644	5938
31712	+	3644	6057
31714	+	3646	4230
31779	+	3652	5008
31780	+	3652	5047
31787	+	3654	7046
31800	+	3659	5419
31813	+	3662	5769
31814	+	3662	6016
31815	+	3662	6511
31816	+	3663	3689
31823	+	3663	4365
31826	+	3663	5613
31831	+	3663	6314
31833	+	3664	5769
31835	+	3664	5938
31837	+	3664	6057
31848	+	3666	4031
31853	+	3669	3793
31855	+	3669	5020
31867	+	3675	3931
31872	+	3675	6275
31873	+	3676	6275
31882	+	3680	4091
31883	+	3680	4162
31884	+	3680	4173
31885	+	3680	4188
31886	+	3680	4201
31887	+	3680	4215
31888	+	3680	4294
31889	+	3680	4457
31891	+	3680	4557
31892	+	3680	4685
31893	+	3680	4780
31894	+	3680	4839
31895	+	3680	4870
31896	+	3680	4947
31897	+	3680	5035
31899	+	3680	5468
31900	+	3680	5510
31901	+	3680	5582
31902	+	3680	5583
31903	+	3680	5585
31904	+	3680	5593
31905	+	3680	5754
31906	+	3680	5822
31907	+	3680	5853
31908	+	3680	5957
31909	+	3680	6026
31910	+	3680	6166
31911	+	3680	6177
31913	+	3680	6277
31915	+	3680	6514
31917	+	3680	7011
32024	+	3689	3753
32026	+	3689	3810
32030	+	3689	4297
32031	+	3689	4360
32035	+	3689	5126
32036	+	3689	5287
32037	+	3689	5336
32039	+	3689	5613
32043	+	3689	5836
32045	+	3689	6314
32046	+	3689	6834
32047	+	3689	6991
32048	+	3690	3788
32049	+	3690	3839
32050	+	3690	3931
32051	+	3690	4033
32053	+	3690	4613
32055	+	3690	5011
32056	+	3690	5387
32058	+	3690	6086
32059	+	3690	6211
32060	+	3690	6275
32061	+	3690	6377
32062	+	3690	6417
32063	+	3690	6464
32064	+	3690	6559
32105	+	3699	4365
32120	+	3700	4284
32121	+	3700	4365
32125	+	3700	5047
32126	+	3700	5102
32127	+	3700	5192
32129	+	3700	5408
32131	+	3700	5536
32132	+	3700	5559
32133	+	3700	5662
32134	+	3700	5764
32136	+	3700	5999
32137	+	3700	6039
32139	+	3700	6376
32140	+	3700	6486
32155	+	3702	5456
32161	+	3707	7308
32163	+	3708	3900
32166	+	3708	6375
32167	+	3708	6691
32168	+	3708	6752
32169	+	3708	7136
32191	+	3713	3892
32196	+	3715	4030
32203	+	3717	6163
32249	+	3727	5512
32253	+	3729	4159
32429	+	3743	4240
32430	+	3743	4262
32444	+	3743	6615
32445	+	3743	6616
32481	+	3753	3810
32484	+	3753	3935
32491	+	3753	5769
32494	+	3753	5938
32495	+	3753	6016
32496	+	3753	6057
32497	+	3753	6511
32498	+	3753	6834
32580	+	3766	5016
32581	+	3766	5225
32583	+	3766	5543
32586	+	3766	5707
32587	+	3766	5914
32588	+	3766	6165
32610	+	3772	3782
32612	+	3772	4371
32613	+	3772	4805
32617	+	3772	5806
32641	+	3782	4174
32642	+	3782	4371
32643	+	3782	5433
32644	+	3782	5626
32645	+	3782	5806
32646	+	3782	6180
32647	+	3782	6267
32652	+	3785	5769
32653	+	3785	5938
32654	+	3785	6057
32657	+	3786	3935
32664	+	3787	4897
32667	+	3787	5769
32668	+	3788	3931
32670	+	3788	5735
32672	+	3788	6086
32673	+	3788	6130
32674	+	3788	6275
32675	+	3788	6366
32676	+	3788	6559
32677	+	3789	4488
32679	+	3789	5444
32682	+	3790	6980
32689	+	3793	4490
32691	+	3794	7328
32698	+	3796	5170
32700	+	3796	7188
32701	+	3797	3839
32702	+	3797	5419
32703	+	3797	5833
32705	+	3797	5962
32707	+	3797	7225
32709	+	3798	5444
32710	+	3800	7328
32712	+	3802	4112
32715	+	3802	4377
32721	+	3803	4493
32722	+	3803	6482
32734	+	3807	6957
32737	+	3810	3840
32742	+	3810	4670
32746	+	3810	4884
32750	+	3810	5287
32752	+	3810	5336
32753	+	3810	5356
32758	+	3810	5697
32760	+	3810	5831
32761	+	3810	5846
32762	+	3810	5866
32763	+	3810	6274
32769	+	3811	4347
32771	+	3811	5817
32779	+	3812	5008
32780	+	3812	5047
32781	+	3812	5192
32789	+	3814	5444
32792	+	3815	4490
32809	+	3818	5419
32810	+	3818	5833
32811	+	3818	5962
32813	+	3818	7225
32816	+	3820	4805
32819	+	3821	4365
32833	+	3822	5008
32834	+	3822	5047
32891	+	3838	6377
32892	+	3839	3948
32893	+	3839	4140
32894	+	3839	4687
32895	+	3839	4824
32897	+	3839	4986
32898	+	3839	5011
32899	+	3839	5085
32903	+	3839	6086
32906	+	3839	6377
32907	+	3839	6417
32908	+	3839	6432
32909	+	3839	6464
32910	+	3839	6559
32911	+	3839	6848
32912	+	3839	7077
32913	+	3839	7184
32914	+	3839	7225
32916	+	3840	6886
33075	+	3867	4234
33201	+	3881	4882
33203	+	3881	6239
33209	+	3881	7124
33210	+	3881	7325
33211	+	3881	7447
33385	+	3903	5419
33386	+	3903	5833
33387	+	3903	5962
33389	+	3903	7225
33397	+	3907	6679
33404	+	3910	7328
33411	+	3912	5769
33522	+	3918	6977
33568	+	3921	4151
33570	+	3921	4332
33571	+	3921	4593
33575	+	3921	4964
33576	+	3921	5138
33578	+	3921	5272
33580	+	3921	5344
33581	+	3921	6307
33582	+	3921	6587
33583	+	3921	7260
33591	+	3922	6039
33600	+	3925	5008
33601	+	3925	5047
33697	+	3931	4613
33700	+	3931	5011
33701	+	3931	5214
33702	+	3931	5735
33703	+	3931	5951
33705	+	3931	6130
33706	+	3931	6211
33707	+	3931	6275
33708	+	3931	6366
33712	+	3932	5534
33713	+	3932	5614
33715	+	3932	6203
33733	+	3934	5664
33737	+	3935	5373
33740	+	3935	5846
33741	+	3935	6426
33787	+	3945	6162
33804	+	3947	5910
33809	+	3948	5011
33812	+	3948	6377
33845	+	3957	4230
33846	+	3957	4233
33847	+	3957	4340
33854	+	3957	5141
33909	+	3963	4102
33910	+	3963	4230
33911	+	3963	4233
33912	+	3963	4340
33918	+	3963	5005
33920	+	3963	5091
33922	+	3963	5141
33927	+	3965	6512
34092	+	3980	6360
34402	+	4009	7297
34430	+	4019	4084
34440	+	4027	5047
34443	+	4027	5536
34448	+	4027	7248
34450	+	4028	5536
34452	+	4028	5908
34458	+	4029	5769
34459	+	4029	6457
34464	+	4031	4484
34465	+	4031	4621
34466	+	4031	4912
34467	+	4031	7086
34468	+	4031	7100
34469	+	4031	7177
34474	+	4033	6086
34481	+	4036	7066
34508	+	4046	4230
34510	+	4048	4231
34511	+	4048	4234
34548	+	4055	4305
34550	+	4055	7016
34651	+	4069	4155
34652	+	4069	4156
34657	+	4072	4215
34664	+	4072	4930
34665	+	4072	4931
34684	+	4075	5008
34685	+	4075	5016
34686	+	4075	6910
34689	+	4076	4305
34690	+	4076	4374
34708	+	4083	4565
34719	+	4084	4762
34722	+	4084	5304
34725	+	4084	5550
34728	+	4084	6615
34729	+	4084	6616
34730	+	4085	4159
34762	+	4089	4732
34765	+	4089	5148
34772	+	4090	4505
34775	+	4091	4215
34776	+	4091	4218
34779	+	4091	4685
34780	+	4091	4870
34781	+	4091	5035
34783	+	4091	5510
34784	+	4091	6166
34787	+	4091	6514
34797	+	4096	4119
34798	+	4096	4234
34807	+	4096	5210
34808	+	4096	5886
34810	+	4096	7227
34822	+	4099	4214
34825	+	4099	6558
34826	+	4099	6949
34827	+	4099	7272
34830	+	4102	4125
34831	+	4102	4129
34832	+	4102	4196
34833	+	4102	4233
34834	+	4102	4234
34836	+	4102	4340
34844	+	4102	4960
34845	+	4102	4967
34846	+	4102	5005
34849	+	4102	5141
34852	+	4103	4128
34853	+	4103	4234
34856	+	4103	4333
34861	+	4103	4836
34887	+	4108	4230
34888	+	4108	4233
34889	+	4108	4340
34900	+	4108	5005
34903	+	4108	5091
34905	+	4108	5141
34906	+	4108	5145
34915	+	4111	4230
34916	+	4111	4233
34917	+	4111	4340
34925	+	4111	5005
34927	+	4111	5141
34957	+	4116	4228
34958	+	4116	4234
34963	+	4116	4338
34979	+	4116	5217
34980	+	4116	5221
34986	+	4117	5217
35003	+	4119	5141
35004	+	4119	5145
35005	+	4119	5217
35006	+	4119	5221
35036	+	4125	4230
35037	+	4125	4233
35038	+	4125	4340
35040	+	4125	5141
35043	+	4127	4230
35047	+	4127	5141
35051	+	4129	4230
35052	+	4129	4233
35053	+	4129	4340
35056	+	4129	5141
35060	+	4130	5709
35062	+	4131	4505
35065	+	4131	4977
35069	+	4133	4230
35070	+	4133	4338
35083	+	4136	5806
35104	+	4140	5419
35106	+	4140	5833
35107	+	4140	6086
35109	+	4140	6377
35131	+	4146	4954
35133	+	4147	4355
35350	+	4156	6454
35415	+	4159	4263
35416	+	4159	4264
35417	+	4159	4281
35418	+	4159	4370
35420	+	4159	4498
35421	+	4159	4591
35422	+	4159	6847
35513	+	4171	6615
35514	+	4171	6616
35533	+	4173	4215
35535	+	4173	4685
35538	+	4173	5510
35540	+	4173	6166
35542	+	4173	6514
35548	+	4174	4347
35550	+	4174	4684
35557	+	4174	5806
35559	+	4174	5817
35560	+	4174	5837
35563	+	4174	5883
35564	+	4174	6332
35592	+	4181	4230
35598	+	4181	4505
35601	+	4181	4977
35620	+	4184	5954
35621	+	4184	5957
35635	+	4188	4215
35636	+	4188	4218
35638	+	4188	4685
35639	+	4188	5035
35641	+	4188	5510
35643	+	4188	6166
35646	+	4188	6514
35652	+	4195	4230
35653	+	4195	4340
35658	+	4195	5141
35659	+	4196	4230
35664	+	4197	4371
35671	+	4199	5273
35676	+	4202	5910
35695	+	4206	4233
35696	+	4206	4340
35703	+	4206	5005
35705	+	4206	5141
35717	+	4213	4230
35719	+	4215	4216
35720	+	4215	4218
35721	+	4215	4235
35722	+	4215	4294
35723	+	4215	4301
35724	+	4215	4328
35725	+	4215	4411
35726	+	4215	4457
35728	+	4215	4557
35729	+	4215	4619
35730	+	4215	4621
35732	+	4215	4685
35734	+	4215	4780
35735	+	4215	4839
35736	+	4215	4870
35737	+	4215	4947
35738	+	4215	4979
35739	+	4215	5035
35740	+	4215	5260
35742	+	4215	5468
35743	+	4215	5490
35744	+	4215	5510
35745	+	4215	5542
35746	+	4215	5573
35747	+	4215	5582
35748	+	4215	5583
35749	+	4215	5585
35750	+	4215	5593
35751	+	4215	5822
35752	+	4215	5853
35753	+	4215	5873
35754	+	4215	5957
35755	+	4215	6026
35756	+	4215	6166
35757	+	4215	6177
35759	+	4215	6277
35761	+	4215	6514
35762	+	4215	6721
35763	+	4215	7011
35764	+	4216	4254
35766	+	4216	4301
35769	+	4216	4411
35771	+	4216	4557
35772	+	4216	4619
35774	+	4216	4685
35776	+	4216	4870
35777	+	4216	4979
35778	+	4216	5035
35779	+	4216	5153
35781	+	4217	4230
35782	+	4217	4340
35787	+	4217	5141
35788	+	4218	4235
35789	+	4218	4294
35791	+	4218	4457
35793	+	4218	4557
35794	+	4218	4685
35796	+	4218	4780
35797	+	4218	4839
35798	+	4218	4870
35799	+	4218	5035
35801	+	4218	5468
35802	+	4218	5510
35803	+	4218	5583
35804	+	4218	5585
35805	+	4218	5593
35806	+	4218	6026
35809	+	4218	6514
35816	+	4221	4344
35817	+	4221	4884
35835	+	4227	4236
35838	+	4227	4333
35839	+	4227	4338
35862	+	4228	4340
35866	+	4228	4855
35870	+	4228	5208
35871	+	4228	5210
35872	+	4228	5217
35873	+	4228	5221
35876	+	4228	5886
35877	+	4228	6019
35878	+	4228	6293
35879	+	4228	6317
35881	+	4230	4231
35882	+	4230	4233
35883	+	4230	4234
35884	+	4230	4236
35886	+	4230	4306
35887	+	4230	4309
35888	+	4230	4340
35889	+	4230	4377
35890	+	4230	4378
35891	+	4230	4381
35892	+	4230	4385
35895	+	4230	4656
35897	+	4230	4853
35901	+	4230	4909
35906	+	4230	4960
35907	+	4230	4962
35908	+	4230	4998
35909	+	4230	5005
35910	+	4230	5072
35911	+	4230	5081
35912	+	4230	5091
35913	+	4230	5123
35915	+	4230	5141
35916	+	4230	5187
35917	+	4230	5209
35918	+	4230	5250
35920	+	4230	5883
35921	+	4230	6164
35922	+	4230	6188
35923	+	4230	6497
35924	+	4230	6568
35925	+	4230	6583
35926	+	4230	6590
35927	+	4230	6729
35928	+	4230	6732
35929	+	4230	6733
35930	+	4230	6744
35931	+	4230	6745
35932	+	4230	6797
35933	+	4230	6832
35934	+	4230	6857
35935	+	4230	6912
35936	+	4230	6920
35937	+	4230	7036
35938	+	4230	7144
35939	+	4230	7217
35955	+	4231	5187
35956	+	4231	5209
35957	+	4231	5215
35960	+	4231	6929
35986	+	4233	4309
35987	+	4233	4340
35997	+	4233	4960
35998	+	4233	4998
35999	+	4233	5005
36001	+	4233	5072
36003	+	4233	5091
36005	+	4233	5141
36008	+	4233	5209
36009	+	4233	5250
36012	+	4233	6797
36018	+	4234	4853
36019	+	4234	4855
36025	+	4234	5209
36026	+	4234	5217
36027	+	4234	5221
36029	+	4234	5886
36030	+	4234	6293
36031	+	4234	6317
36032	+	4235	4294
36035	+	4235	4780
36038	+	4235	4870
36039	+	4235	5035
36040	+	4235	5468
36044	+	4236	4333
36058	+	4240	4262
36060	+	4240	4304
36132	+	4254	4685
36134	+	4254	5304
36137	+	4254	5510
36139	+	4254	5873
36143	+	4256	4305
36144	+	4256	4374
36145	+	4256	7016
36189	+	4263	4591
36464	+	4280	4285
36469	+	4280	5581
36471	+	4280	6656
36472	+	4280	6725
36473	+	4280	7417
36479	+	4284	5405
36480	+	4284	5406
36482	+	4284	5408
36484	+	4284	5504
36486	+	4284	5508
36487	+	4284	5536
36488	+	4284	5559
36489	+	4284	5867
36490	+	4284	6039
36492	+	4284	6395
36493	+	4284	6909
36494	+	4284	7305
36498	+	4285	5769
36499	+	4285	5938
36500	+	4285	6057
36508	+	4287	6199
36519	+	4290	4291
36522	+	4294	4685
36524	+	4294	4870
36525	+	4294	5035
36526	+	4294	5510
36528	+	4294	6166
36531	+	4294	6514
36545	+	4300	5007
36556	+	4301	4762
36558	+	4301	5304
36563	+	4301	6166
36574	+	4305	4374
36578	+	4307	6105
36583	+	4309	4340
36593	+	4309	5005
36595	+	4309	5141
36614	+	4312	4344
36618	+	4313	6615
36619	+	4313	6616
36741	+	4328	4930
36742	+	4328	4931
36789	+	4338	4656
36790	+	4338	4744
36791	+	4338	4853
36792	+	4338	4855
36795	+	4338	5210
36797	+	4338	5886
36798	+	4338	6317
36802	+	4339	5622
36803	+	4339	5764
36805	+	4340	4385
36809	+	4340	4853
36818	+	4340	4960
36819	+	4340	4998
36820	+	4340	5005
36821	+	4340	5072
36824	+	4340	5141
36826	+	4340	5209
36827	+	4340	5250
36829	+	4340	5883
36830	+	4340	6797
36832	+	4343	4873
36833	+	4344	4917
36856	+	4347	4750
36857	+	4347	5541
36858	+	4347	5769
36860	+	4347	5900
36861	+	4347	6036
36864	+	4347	6749
36865	+	4347	7021
36866	+	4347	7218
36869	+	4351	5193
36870	+	4351	6864
36871	+	4351	6865
36872	+	4351	7342
36895	+	4355	5011
36898	+	4355	6275
36899	+	4356	5817
36936	+	4360	5394
36938	+	4360	5488
36939	+	4360	5758
36940	+	4360	5766
36947	+	4364	5148
36955	+	4365	5285
36957	+	4365	5374
36959	+	4365	5581
36963	+	4365	5945
36965	+	4365	6274
36966	+	4365	6409
36967	+	4366	5472
36983	+	4368	5541
36984	+	4368	5613
36986	+	4368	5869
36988	+	4369	5536
36995	+	4371	4805
36996	+	4371	5433
36997	+	4371	5626
37005	+	4372	4871
37015	+	4373	5967
37016	+	4373	6615
37017	+	4373	6616
37018	+	4374	7016
37028	+	4378	5005
37032	+	4381	4505
37033	+	4381	4977
37034	+	4381	5141
37090	+	4385	5141
37100	+	4389	5805
37101	+	4389	6615
37102	+	4389	6616
37367	+	4411	4685
37369	+	4411	5148
37371	+	4411	6615
37372	+	4411	6616
37552	+	4431	5124
37553	+	4431	7396
37616	+	4441	4483
37617	+	4441	4634
37621	+	4441	4988
37631	+	4443	5936
37679	+	4445	5636
37681	+	4445	7228
37768	+	4455	4503
37785	+	4457	4685
37787	+	4457	5510
37788	+	4457	6166
37791	+	4457	6514
37804	+	4459	4658
37833	+	4464	4637
37835	+	4464	4735
37841	+	4465	4650
37842	+	4465	4656
37898	+	4470	7369
37922	+	4479	4483
37925	+	4479	4616
37928	+	4479	4732
37954	+	4483	4494
37955	+	4483	4616
37957	+	4483	4674
37959	+	4483	4731
37960	+	4483	4800
37961	+	4483	5127
37966	+	4483	5460
37970	+	4483	6176
37971	+	4484	4621
37977	+	4484	7100
37982	+	4487	4599
37983	+	4487	4625
37985	+	4488	4543
37986	+	4488	6826
37987	+	4490	4586
37990	+	4490	5489
37992	+	4490	5926
37993	+	4490	5997
37995	+	4490	6559
37996	+	4490	6995
37999	+	4493	4696
38001	+	4494	4550
38004	+	4494	4731
38005	+	4494	5097
38006	+	4494	5112
38010	+	4494	5349
38012	+	4494	5708
38013	+	4494	5738
38016	+	4494	6306
38017	+	4495	4599
38018	+	4495	4625
38029	+	4499	4563
38039	+	4505	4729
38040	+	4505	4977
38041	+	4505	5071
38042	+	4505	6142
38044	+	4505	6202
38045	+	4505	6203
38046	+	4505	6230
38048	+	4505	6564
38049	+	4505	6836
38050	+	4505	7118
38051	+	4505	7170
38052	+	4505	7171
38053	+	4505	7183
38054	+	4505	7272
38311	+	4535	5148
38312	+	4535	6615
38313	+	4535	6616
38319	+	4538	7373
38320	+	4540	4590
38333	+	4547	4565
38334	+	4547	4599
38335	+	4547	4625
38337	+	4547	5967
38338	+	4547	6615
38339	+	4547	6616
38344	+	4550	4731
38350	+	4557	4870
38351	+	4557	5035
38352	+	4557	5304
38357	+	4557	5510
38359	+	4557	6166
38360	+	4557	6514
38361	+	4557	6950
38362	+	4558	6795
38363	+	4558	6937
38364	+	4558	7308
38366	+	4559	7280
38387	+	4565	5231
38388	+	4565	6398
38389	+	4565	6824
38390	+	4565	6833
38391	+	4565	7005
38392	+	4565	7090
38393	+	4565	7199
38394	+	4565	7200
38520	+	4587	5364
38523	+	4587	5984
38524	+	4587	6225
38525	+	4587	6333
38526	+	4587	6888
38527	+	4588	6458
38576	+	4591	7281
38577	+	4591	7282
38578	+	4591	7445
38581	+	4593	6500
38603	+	4599	4625
38604	+	4599	4712
38612	+	4600	5958
38628	+	4604	5464
38655	+	4610	7394
38658	+	4611	5444
38659	+	4612	7251
38660	+	4613	5011
38661	+	4613	5387
38663	+	4613	6275
38664	+	4613	6366
38672	+	4616	4732
38673	+	4616	4800
38682	+	4616	5490
38685	+	4616	6248
38689	+	4619	4685
38691	+	4619	6514
38700	+	4621	4941
38704	+	4621	5224
38705	+	4621	5341
38707	+	4621	5756
38731	+	4625	4712
38732	+	4625	4731
38735	+	4627	4652
38747	+	4632	6446
38753	+	4634	4781
38754	+	4634	5127
38756	+	4634	6097
38772	+	4637	4735
38774	+	4637	5792
38775	+	4637	5798
38776	+	4637	5976
38778	+	4637	6680
38779	+	4637	6760
38781	+	4638	5007
38790	+	4639	5488
38792	+	4639	6062
38869	+	4650	4656
38871	+	4650	6023
38872	+	4651	4656
38874	+	4652	4656
38915	+	4656	4861
38921	+	4656	5181
38922	+	4656	5983
38924	+	4656	6575
38925	+	4656	6767
38969	+	4658	6525
39022	+	4670	5613
39039	+	4674	5821
39062	+	4682	4732
39066	+	4682	5372
39075	+	4684	4966
39076	+	4684	5108
39077	+	4684	5470
39078	+	4685	4780
39079	+	4685	4839
39080	+	4685	4870
39081	+	4685	4947
39082	+	4685	5035
39084	+	4685	5304
39085	+	4685	5468
39086	+	4685	5510
39087	+	4685	5582
39088	+	4685	5583
39089	+	4685	5593
39090	+	4685	5822
39091	+	4685	5853
39092	+	4685	5873
39094	+	4685	6026
39095	+	4685	6166
39098	+	4685	6950
39099	+	4685	7011
39102	+	4687	5419
39104	+	4687	5833
39106	+	4687	6086
39108	+	4687	6366
39109	+	4687	6377
39124	+	4693	6050
39127	+	4696	4723
39137	+	4700	5979
39191	+	4724	6112
39192	+	4724	6679
39200	+	4729	4977
39204	+	4731	5097
39205	+	4731	5349
39206	+	4731	5738
39208	+	4732	5148
39211	+	4732	5349
39214	+	4732	5466
39217	+	4732	5574
39218	+	4732	5618
39220	+	4732	5818
39224	+	4735	5798
39311	+	4744	5217
39312	+	4744	5221
39313	+	4744	6019
39350	+	4750	5012
39352	+	4750	5769
39353	+	4750	5938
39354	+	4750	6057
39356	+	4750	6471
39371	+	4755	5469
39425	+	4762	5128
39480	+	4780	4870
39482	+	4780	5035
39483	+	4780	5148
39484	+	4780	5510
39485	+	4780	6166
39488	+	4780	6514
39489	+	4780	6615
39490	+	4780	6616
39513	+	4786	6786
39531	+	4792	5047
39534	+	4792	5817
39536	+	4792	5883
39572	+	4800	6176
39573	+	4800	7064
39574	+	4803	4871
39579	+	4804	5163
39582	+	4805	5512
39584	+	4805	5871
39585	+	4805	6121
39586	+	4805	6443
39598	+	4809	5011
39641	+	4819	6615
39642	+	4819	6616
39652	+	4824	5011
39653	+	4824	5085
39656	+	4824	6377
39657	+	4824	7225
39661	+	4826	4958
39690	+	4836	4958
39696	+	4839	4870
39697	+	4839	5035
39699	+	4839	5510
39701	+	4839	6166
39704	+	4839	6514
39745	+	4849	5997
39746	+	4849	6411
39747	+	4851	5011
39749	+	4851	5085
39753	+	4851	6377
39754	+	4851	7225
39758	+	4853	5005
39759	+	4853	5141
39762	+	4853	5217
39770	+	4855	5145
39771	+	4855	5217
39772	+	4855	5221
39773	+	4855	6019
39781	+	4857	5091
39782	+	4857	5141
39785	+	4858	4941
39791	+	4861	6767
39827	+	4870	5035
39830	+	4870	5490
39831	+	4870	5510
39832	+	4870	5585
39833	+	4870	5593
39834	+	4870	6166
39837	+	4870	6514
39838	+	4870	7011
39841	+	4871	5113
39847	+	4873	5007
39848	+	4873	5098
39850	+	4873	6706
39856	+	4875	6351
39859	+	4875	6893
39860	+	4875	7078
39861	+	4876	5008
39862	+	4876	5047
39923	+	4882	5008
39924	+	4882	5047
39931	+	4884	5330
39932	+	4884	6001
39933	+	4884	6142
39940	+	4886	5192
39943	+	4886	5769
39945	+	4886	5900
39946	+	4886	5938
39955	+	4888	4958
40002	+	4897	4992
40003	+	4897	5786
40008	+	4901	6679
40084	+	4912	7349
40103	+	4917	5099
40105	+	4917	5458
40107	+	4917	7038
40108	+	4917	7187
40109	+	4917	7254
40110	+	4917	7273
40111	+	4917	7344
40150	+	4928	6866
40151	+	4928	7323
40152	+	4928	7363
40153	+	4929	5008
40157	+	4930	4931
40165	+	4930	5490
40166	+	4930	5585
40168	+	4930	6248
40169	+	4930	6398
40170	+	4930	6628
40171	+	4930	7199
40172	+	4931	5114
40174	+	4931	5490
40207	+	4936	5088
40281	+	4941	5150
40301	+	4946	5837
40303	+	4946	6679
40305	+	4947	6166
40307	+	4947	6514
40372	+	4953	7312
40373	+	4954	5246
40409	+	4960	5005
40411	+	4960	5091
40413	+	4960	5141
40416	+	4960	5215
40455	+	4977	6203
40456	+	4977	6230
40457	+	4977	6564
40458	+	4977	7170
40459	+	4977	7171
40460	+	4977	7183
40461	+	4977	7272
40472	+	4983	6458
40473	+	4983	6625
40475	+	4986	5011
40477	+	4986	5085
40483	+	4986	6377
40484	+	4986	7225
40485	+	4987	5419
40486	+	4987	5833
40488	+	4987	6377
40489	+	4988	4999
40490	+	4988	5001
40491	+	4988	5004
40492	+	4988	5006
40493	+	4988	5089
40499	+	4988	5642
40502	+	4988	6200
40509	+	4993	5007
40510	+	4993	5112
40514	+	4993	6136
40515	+	4993	7116
40535	+	4998	5005
40537	+	4998	5141
40538	+	4999	5001
40539	+	4999	5089
40543	+	4999	6200
40544	+	5001	5004
40545	+	5001	5089
40546	+	5001	5094
40547	+	5001	5112
40548	+	5001	5128
40549	+	5001	5191
40567	+	5003	5938
40568	+	5004	5089
40570	+	5005	5072
40574	+	5005	5204
40575	+	5005	5209
40576	+	5005	5250
40578	+	5006	5112
40587	+	5006	7371
40594	+	5007	5857
40596	+	5008	5047
40598	+	5008	5560
40599	+	5008	5672
40600	+	5008	5764
40604	+	5008	6486
40605	+	5008	6837
40607	+	5011	5387
40609	+	5011	5735
40612	+	5011	6086
40613	+	5011	6275
40614	+	5011	6464
40615	+	5011	7077
40616	+	5011	7150
40618	+	5012	5698
40619	+	5012	5769
40621	+	5012	5876
40623	+	5012	6298
40624	+	5012	6471
40625	+	5012	6725
40626	+	5012	6752
40628	+	5012	6941
40629	+	5012	6955
40630	+	5012	7021
40632	+	5012	7137
40643	+	5016	5225
40646	+	5016	5622
40647	+	5016	5705
40649	+	5016	5707
40650	+	5016	5764
40652	+	5016	5914
40653	+	5016	6165
40662	+	5019	5124
40705	+	5035	5468
40706	+	5035	5510
40707	+	5035	5583
40708	+	5035	5585
40709	+	5035	5593
40710	+	5035	6166
40713	+	5035	6514
40714	+	5035	7011
40720	+	5038	5318
40747	+	5047	5367
40749	+	5047	5560
40750	+	5047	5672
40751	+	5047	5764
40753	+	5047	5999
40754	+	5047	6486
40755	+	5047	6837
40763	+	5050	5055
40766	+	5050	5664
40767	+	5050	5769
40770	+	5050	5900
40771	+	5050	5938
40772	+	5050	6016
40773	+	5050	6036
40774	+	5050	6511
40776	+	5050	6834
40778	+	5050	7133
40779	+	5050	7288
40788	+	5055	5541
40789	+	5055	5664
40790	+	5055	5764
40791	+	5055	5769
40793	+	5055	5900
40794	+	5055	5938
40795	+	5055	6016
40796	+	5055	6154
40797	+	5055	6511
40799	+	5055	7133
40827	+	5068	5306
40830	+	5071	5141
40833	+	5072	5141
40857	+	5085	5143
40858	+	5087	5819
40865	+	5089	6200
40869	+	5091	5209
40870	+	5091	5250
40880	+	5098	7064
40881	+	5099	7207
40882	+	5100	5963
40904	+	5112	6200
40911	+	5117	7046
40914	+	5119	5769
40915	+	5119	5938
40934	+	5126	5541
40945	+	5127	5642
40975	+	5141	5145
40976	+	5141	5187
40977	+	5141	5204
40978	+	5141	5209
40979	+	5141	5250
40980	+	5141	5883
40981	+	5141	6797
40982	+	5141	7217
40990	+	5145	5209
40991	+	5145	5217
40993	+	5145	6317
41014	+	5148	5489
41022	+	5150	5341
41024	+	5150	5756
41052	+	5160	5224
41056	+	5161	6679
41060	+	5162	5806
41061	+	5162	6016
41062	+	5162	6457
41063	+	5162	6511
41064	+	5163	5341
41140	+	5192	5491
41141	+	5192	5536
41145	+	5192	6486
41154	+	5199	6795
41155	+	5199	6937
41165	+	5208	7130
41166	+	5209	5217
41167	+	5209	5221
41170	+	5209	5883
41172	+	5210	5217
41173	+	5210	5221
41174	+	5210	6019
41176	+	5210	7130
41178	+	5214	6275
41180	+	5215	6928
41181	+	5215	6929
41182	+	5217	5221
41183	+	5217	5248
41184	+	5217	5250
41186	+	5217	5886
41187	+	5217	6019
41188	+	5217	6293
41190	+	5217	6317
41193	+	5218	5979
41206	+	5221	5250
41208	+	5221	5886
41209	+	5221	6019
41210	+	5221	6293
41211	+	5221	6317
41235	+	5224	5691
41259	+	5231	5664
41260	+	5231	7334
41262	+	5232	5613
41299	+	5245	5695
41301	+	5246	7376
41302	+	5246	7392
41306	+	5248	6019
41331	+	5255	7153
41346	+	5258	5774
41362	+	5262	5472
41367	+	5262	6458
41371	+	5263	6008
41427	+	5270	5821
41433	+	5273	5547
41435	+	5273	5989
41448	+	5277	6039
41453	+	5282	6795
41454	+	5282	7289
41455	+	5282	7335
41524	+	5285	5559
41525	+	5285	5561
41526	+	5285	5613
41527	+	5285	5869
41540	+	5287	5561
41543	+	5287	5869
41544	+	5287	6274
41614	+	5300	6488
41643	+	5304	6458
41644	+	5306	5445
41646	+	5306	5933
41647	+	5306	6330
41652	+	5309	6488
41695	+	5318	6447
41785	+	5336	5613
41827	+	5345	5821
41882	+	5365	6456
41883	+	5365	7287
41897	+	5373	5883
41953	+	5383	7153
41965	+	5385	5769
41967	+	5385	5938
41977	+	5387	6086
41978	+	5387	6559
41979	+	5387	6891
41985	+	5392	5641
42005	+	5394	5561
42006	+	5394	5581
42007	+	5394	5613
42009	+	5394	5758
42010	+	5394	5766
42012	+	5394	5869
42013	+	5394	5945
42014	+	5394	6159
42015	+	5394	6274
42045	+	5405	5559
42046	+	5405	5613
42047	+	5406	5769
42048	+	5406	5938
42050	+	5406	6057
42062	+	5408	5559
42069	+	5411	5817
42101	+	5419	5625
42102	+	5419	5715
42103	+	5419	5833
42104	+	5419	5907
42106	+	5419	5962
42108	+	5419	6100
42109	+	5419	6133
42110	+	5419	6162
42111	+	5419	6227
42113	+	5419	6334
42114	+	5419	6432
42115	+	5419	6913
42116	+	5419	7019
42139	+	5433	5936
42141	+	5435	5769
42164	+	5446	5469
42202	+	5458	7038
42206	+	5460	6263
42223	+	5468	5510
42225	+	5468	6166
42228	+	5468	6514
42230	+	5468	6615
42231	+	5468	6616
42235	+	5469	7222
42263	+	5488	5581
42264	+	5488	5769
42266	+	5488	6409
42267	+	5488	6655
42269	+	5489	5997
42270	+	5489	6411
42272	+	5491	5536
42273	+	5491	5559
42287	+	5495	6886
42288	+	5495	7046
42290	+	5496	6759
42294	+	5500	6514
42300	+	5504	5536
42301	+	5504	5559
42303	+	5504	6039
42305	+	5504	6274
42336	+	5508	5536
42337	+	5508	5559
42339	+	5508	6039
42341	+	5508	6274
42347	+	5510	5542
42348	+	5510	5582
42349	+	5510	5583
42350	+	5510	5585
42351	+	5510	5593
42352	+	5510	5822
42353	+	5510	5853
42354	+	5510	6026
42355	+	5510	6166
42358	+	5510	6514
42359	+	5510	7011
42366	+	5512	5887
42367	+	5512	5905
42368	+	5512	6261
42369	+	5512	6443
42370	+	5512	6490
42398	+	5536	5559
42399	+	5536	5662
42400	+	5536	5729
42401	+	5536	5764
42402	+	5536	5836
42403	+	5536	5867
42404	+	5536	5898
42405	+	5536	5995
42406	+	5536	5999
42408	+	5536	6486
42409	+	5536	7414
42421	+	5541	5769
42422	+	5541	5900
42423	+	5541	5938
42424	+	5541	6016
42425	+	5541	6511
42427	+	5541	6834
42433	+	5544	5817
42434	+	5544	5837
42436	+	5544	6332
42437	+	5544	6457
42440	+	5544	6886
42443	+	5547	6203
42444	+	5547	6334
42446	+	5549	6980
42454	+	5559	5613
42455	+	5559	5620
42457	+	5559	5662
42458	+	5559	5867
42459	+	5559	6039
42466	+	5561	5945
42469	+	5561	6274
42476	+	5564	6615
42477	+	5564	6616
42479	+	5565	5817
42480	+	5565	5883
42500	+	5581	5766
42502	+	5581	6056
42503	+	5581	6113
42506	+	5582	6166
42508	+	5582	6514
42509	+	5583	6166
42511	+	5583	6514
42513	+	5585	6166
42516	+	5585	6514
42529	+	5593	6166
42532	+	5593	6514
42533	+	5593	6950
42534	+	5594	5806
42535	+	5594	6457
42537	+	5594	6886
42580	+	5613	5620
42581	+	5613	5697
42585	+	5613	5846
42586	+	5613	5869
42588	+	5613	5945
42592	+	5617	6685
42597	+	5620	5869
42602	+	5621	5695
42605	+	5622	5746
42608	+	5622	5817
42609	+	5622	5837
42612	+	5622	5883
42613	+	5622	6332
42615	+	5622	6679
42618	+	5625	5833
42620	+	5625	6377
42621	+	5626	5806
42653	+	5640	5898
42656	+	5642	7292
42671	+	5651	6679
42677	+	5657	6624
42678	+	5657	6677
42695	+	5662	6039
42697	+	5664	5773
42698	+	5664	5900
42700	+	5664	6016
42701	+	5664	6094
42703	+	5664	6252
42705	+	5664	6511
42706	+	5664	6641
42710	+	5664	7403
42725	+	5672	6016
42726	+	5672	6511
42731	+	5675	6029
42736	+	5677	5690
42769	+	5695	6234
42770	+	5695	6268
42771	+	5695	6269
42772	+	5695	6714
42773	+	5697	5869
42776	+	5697	6886
42777	+	5698	5769
42778	+	5698	5938
42779	+	5698	6057
42794	+	5705	5899
42801	+	5709	6886
42809	+	5715	7153
42810	+	5716	5967
42811	+	5716	6615
42812	+	5716	6616
42832	+	5735	6275
42842	+	5742	5911
42843	+	5742	6370
42844	+	5742	6764
42846	+	5742	6977
42850	+	5746	5764
42864	+	5752	7064
42866	+	5754	6514
42867	+	5754	6615
42868	+	5754	6616
42870	+	5755	6795
42876	+	5758	5766
42878	+	5758	6159
42879	+	5758	6274
42885	+	5764	5806
42886	+	5764	5817
42887	+	5764	5837
42889	+	5764	6016
42890	+	5764	6141
42891	+	5764	6332
42896	+	5769	5837
42897	+	5769	5900
42898	+	5769	5935
42899	+	5769	5938
42900	+	5769	6016
42901	+	5769	6036
42902	+	5769	6057
42904	+	5769	6094
42905	+	5769	6154
42906	+	5769	6412
42907	+	5769	6494
42908	+	5769	6511
42909	+	5769	6635
42911	+	5769	6834
42912	+	5769	6896
42913	+	5769	6909
42914	+	5769	6941
42916	+	5769	7041
42917	+	5769	7087
42918	+	5769	7133
42919	+	5769	7218
42920	+	5769	7290
42921	+	5769	7295
42922	+	5769	7337
42923	+	5769	7338
42924	+	5769	7368
42937	+	5773	6016
42939	+	5773	6511
42969	+	5792	6022
43009	+	5798	6765
43011	+	5800	5938
43017	+	5805	5955
43018	+	5806	5884
43019	+	5806	6084
43020	+	5806	6448
43021	+	5806	6472
43031	+	5813	7204
43032	+	5813	7278
43033	+	5813	7319
43036	+	5817	5837
43039	+	5817	5883
43040	+	5817	6167
43041	+	5817	6189
43042	+	5817	6332
43043	+	5817	6473
43045	+	5819	6050
43047	+	5821	6136
43048	+	5821	6446
43049	+	5822	6166
43051	+	5822	6514
43062	+	5833	5907
43063	+	5833	6100
43064	+	5833	6133
43065	+	5833	6162
43066	+	5833	6227
43068	+	5833	6432
43069	+	5833	7019
43072	+	5835	6615
43073	+	5835	6616
43076	+	5836	6108
43079	+	5837	5938
43080	+	5837	6057
43081	+	5837	6167
43082	+	5837	6189
43083	+	5837	6332
43084	+	5837	6473
43108	+	5846	5883
43124	+	5853	6166
43126	+	5853	6514
43130	+	5857	6570
43131	+	5859	6039
43133	+	5860	6058
43139	+	5867	6039
43160	+	5883	6187
43161	+	5883	6189
43162	+	5883	6472
43164	+	5883	6946
43177	+	5886	6019
43188	+	5900	6016
43189	+	5900	6094
43190	+	5900	6511
43192	+	5900	6834
43196	+	5901	6500
43201	+	5907	6377
43202	+	5908	5959
43203	+	5908	6061
43205	+	5909	6500
43207	+	5911	6764
43237	+	5928	6830
43241	+	5932	5959
43242	+	5933	6330
43244	+	5936	6180
43245	+	5936	6267
43246	+	5938	6016
43247	+	5938	6036
43248	+	5938	6057
43249	+	5938	6094
43250	+	5938	6412
43251	+	5938	6494
43252	+	5938	6511
43254	+	5938	6834
43255	+	5938	6862
43256	+	5938	6896
43257	+	5938	6909
43259	+	5938	7041
43260	+	5938	7133
43261	+	5938	7218
43262	+	5938	7290
43263	+	5938	7295
43264	+	5938	7337
43265	+	5938	7338
43266	+	5938	7368
43270	+	5945	6274
43272	+	5945	6886
43273	+	5946	6216
43274	+	5946	6221
43279	+	5951	6275
43280	+	5951	6366
43294	+	5955	6615
43295	+	5955	6616
43297	+	5956	6615
43298	+	5956	6616
43300	+	5958	6348
43301	+	5958	7307
43302	+	5959	6061
43304	+	5959	7288
43305	+	5962	6100
43306	+	5962	6133
43308	+	5962	6432
43317	+	5967	5972
43318	+	5967	5986
43320	+	5967	6130
43321	+	5967	6615
43322	+	5967	6616
43323	+	5967	6785
43324	+	5967	6995
43325	+	5967	7303
43327	+	5972	6615
43328	+	5972	6616
43332	+	5976	6900
43339	+	5979	6132
43354	+	5986	6615
43355	+	5986	6616
43370	+	5997	6411
43381	+	6008	6125
43389	+	6016	6057
43391	+	6016	6094
43392	+	6016	6323
43393	+	6016	6494
43394	+	6016	6511
43396	+	6016	6834
43397	+	6016	7041
43398	+	6016	7288
43399	+	6016	7338
43400	+	6018	6042
43401	+	6019	6293
43403	+	6019	6317
43405	+	6020	6503
43408	+	6026	6166
43411	+	6026	6514
43412	+	6028	6105
43413	+	6028	6112
43419	+	6032	7319
43420	+	6032	7367
43422	+	6036	6057
43424	+	6036	6471
43435	+	6042	6108
43448	+	6056	7315
43449	+	6056	7443
43451	+	6057	6412
43452	+	6057	6494
43453	+	6057	6511
43455	+	6057	6834
43456	+	6057	7041
43457	+	6057	7133
43458	+	6057	7290
43459	+	6057	7295
43460	+	6057	7337
43461	+	6057	7338
43470	+	6068	7418
43480	+	6084	6886
43481	+	6086	6377
43482	+	6086	6417
43483	+	6086	6464
43484	+	6086	6559
43487	+	6089	7141
43491	+	6094	6511
43496	+	6098	7390
43497	+	6099	6730
43498	+	6099	7400
43499	+	6099	7441
43501	+	6100	6377
43502	+	6102	6487
43503	+	6104	6502
43504	+	6105	7361
43505	+	6105	7444
43506	+	6106	6107
43507	+	6106	6259
43509	+	6106	6493
43510	+	6106	6821
43511	+	6106	7051
43512	+	6106	7064
43514	+	6106	7311
43515	+	6106	7375
43516	+	6107	6259
43518	+	6107	6493
43519	+	6107	6821
43520	+	6107	7051
43521	+	6107	7311
43522	+	6107	7375
43527	+	6112	7361
43529	+	6117	6166
43530	+	6130	6275
43531	+	6130	6366
43532	+	6130	6615
43533	+	6130	6616
43534	+	6132	7399
43536	+	6133	6377
43537	+	6133	7225
43546	+	6138	7220
43573	+	6146	6148
43582	+	6162	6377
43583	+	6162	7296
43589	+	6166	6514
43604	+	6181	7153
43616	+	6194	6377
43617	+	6194	7225
43621	+	6199	6458
43622	+	6199	6625
43625	+	6207	6958
43626	+	6209	6454
43627	+	6209	6685
43628	+	6209	7366
43629	+	6211	6275
43636	+	6216	6221
43637	+	6216	6240
43638	+	6216	7001
43639	+	6216	7279
43642	+	6221	6240
43643	+	6221	7279
43649	+	6227	7296
43664	+	6246	6642
43666	+	6252	6511
43667	+	6259	6493
43668	+	6259	6821
43669	+	6259	7051
43671	+	6259	7311
43672	+	6259	7375
43683	+	6269	6764
43687	+	6272	7137
43695	+	6274	7028
43696	+	6275	6366
43697	+	6276	7302
43699	+	6277	6514
43708	+	6297	7014
43715	+	6307	6500
43720	+	6321	6947
43721	+	6323	6511
43733	+	6332	6473
43735	+	6339	7428
43736	+	6340	6673
43737	+	6340	6771
43741	+	6358	7014
43747	+	6363	7153
43752	+	6370	6764
43754	+	6370	6893
43758	+	6377	6417
43759	+	6377	6432
43760	+	6377	6464
43761	+	6377	6559
43762	+	6377	6816
43763	+	6377	7019
43764	+	6377	7077
43765	+	6377	7147
43766	+	6377	7184
43767	+	6377	7208
43768	+	6377	7225
43771	+	6378	7153
43772	+	6380	7422
43773	+	6389	6980
43775	+	6398	7066
43783	+	6422	7365
43784	+	6432	7225
43796	+	6458	6598
43797	+	6458	6625
43799	+	6458	7275
43800	+	6458	7332
43803	+	6465	6947
43806	+	6471	7021
43817	+	6492	7369
43818	+	6494	6511
43821	+	6503	6900
43829	+	6511	6834
43830	+	6511	7041
43831	+	6511	7338
43832	+	6514	6962
43833	+	6514	6963
43834	+	6514	7011
43840	+	6530	6625
43841	+	6532	6642
43846	+	6544	7302
43866	+	6570	7178
43867	+	6570	7277
43868	+	6570	7310
43886	+	6586	6795
43887	+	6586	6937
43888	+	6586	7308
43902	+	6602	7297
43910	+	6611	6982
43918	+	6615	6616
43919	+	6615	6715
43920	+	6615	6995
43921	+	6615	7117
43922	+	6615	7303
43923	+	6615	7340
43924	+	6615	7378
43925	+	6616	6715
43926	+	6616	6995
43927	+	6616	7008
43928	+	6616	7303
43929	+	6616	7340
43930	+	6616	7378
43931	+	6616	7423
43938	+	6624	6677
43939	+	6624	6783
43940	+	6628	7064
43946	+	6634	6795
43947	+	6634	6937
43948	+	6634	7308
43951	+	6642	6786
43956	+	6648	7328
43966	+	6660	6901
43967	+	6661	6989
43973	+	6668	7312
43976	+	6673	6771
43978	+	6677	6783
43979	+	6679	6946
43980	+	6680	6765
43998	+	6706	7064
44005	+	6714	6916
44017	+	6742	7341
44026	+	6764	6972
44027	+	6764	6977
44032	+	6777	7435
44033	+	6778	6813
44038	+	6786	6952
44047	+	6791	6952
44049	+	6795	6836
44050	+	6795	6937
44051	+	6795	7289
44052	+	6795	7308
44053	+	6795	7324
44054	+	6795	7329
44055	+	6795	7335
44056	+	6795	7402
44068	+	6812	7269
44069	+	6827	6858
44074	+	6864	6865
44075	+	6864	7342
44076	+	6865	7114
44077	+	6865	7342
44078	+	6866	7323
44079	+	6866	7363
44080	+	6866	7437
44081	+	6866	7438
44091	+	6892	7302
44103	+	6935	7393
44104	+	6937	7289
44105	+	6937	7308
44106	+	6937	7324
44107	+	6937	7329
44108	+	6937	7335
44109	+	6937	7402
44113	+	6949	7272
44118	+	6970	7050
44121	+	6982	7431
44125	+	6991	7084
44127	+	7004	7446
44132	+	7017	7251
44151	+	7046	7188
44152	+	7046	7387
44155	+	7050	7354
44156	+	7051	7064
44161	+	7055	7233
44170	+	7064	7375
44178	+	7066	7155
44179	+	7066	7160
44180	+	7066	7199
44181	+	7066	7200
44185	+	7077	7225
44187	+	7089	7092
44199	+	7129	7152
44200	+	7130	7227
44210	+	7178	7276
44211	+	7178	7277
44214	+	7184	7225
44219	+	7201	7334
44220	+	7203	7382
44221	+	7204	7278
44224	+	7224	7306
44225	+	7224	7411
44226	+	7233	7234
44227	+	7233	7247
44228	+	7233	7316
44234	+	7262	7333
44236	+	7271	7418
44238	+	7277	7310
44239	+	7280	7336
44240	+	7280	7364
44241	+	7284	7285
44242	+	7286	7287
44243	+	7289	7308
44244	+	7296	7432
44245	+	7298	7299
44246	+	7299	7404
44247	+	7299	7442
44248	+	7308	7329
44249	+	7313	7314
44250	+	7317	7318
44251	+	7317	7424
44252	+	7321	7322
44253	+	7323	7363
44254	+	7326	7327
44255	+	7326	7374
44256	+	7330	7331
44257	+	7343	7345
44258	+	7347	7348
44259	+	7349	7350
44260	+	7349	7448
44261	+	7355	7356
44262	+	7357	7362
44263	+	7359	7360
44264	+	7370	7371
44265	+	7370	7372
44266	+	7370	7410
44267	+	7370	7421
44268	+	7380	7381
44269	+	7380	7409
44270	+	7381	7409
44271	+	7382	7383
44272	+	7384	7385
44273	+	7388	7389
44274	+	7397	7398
44275	+	7412	7413
44276	+	7415	7416
44277	+	7429	7430
44278	+	7433	7434
