184	+	30	214
185	+	30	268
188	+	30	2075
192	+	30	5491
321	+	46	1186
326	+	46	2948
327	+	46	2978
329	+	46	3129
463	+	68	86
467	+	68	690
473	+	68	920
475	+	68	1037
476	+	68	1038
479	+	68	1375
482	+	68	3069
601	+	86	1190
618	+	89	4372
621	+	89	4789
623	+	89	4954
653	+	94	204
723	+	111	876
726	+	111	1044
727	+	111	1049
728	+	111	1055
729	+	111	1068
730	+	111	1075
786	+	114	4727
787	+	114	5847
788	+	114	6939
792	+	116	254
818	+	116	1072
837	+	116	2234
840	+	116	2802
844	+	116	3058
845	+	116	3093
846	+	116	3099
862	+	116	4089
876	+	116	4821
879	+	116	4965
881	+	116	5096
891	+	116	5404
902	+	116	6044
953	+	127	1190
954	+	127	1236
955	+	127	1375
976	+	137	7394
1064	+	151	590
1073	+	151	3058
1494	+	204	429
1523	+	211	5750
1529	+	213	261
1534	+	214	5999
1536	+	215	1677
1537	+	215	2075
1541	+	215	5545
1542	+	216	443
1543	+	216	500
1547	+	216	6779
1621	+	229	249
1625	+	229	357
1633	+	229	2385
1634	+	229	2623
1639	+	229	3236
1649	+	229	5715
1651	+	229	6622
1832	+	248	4577
1840	+	249	3947
1845	+	249	5255
1846	+	249	5303
1847	+	249	5715
1849	+	249	6334
1850	+	249	6363
1851	+	249	6378
1870	+	254	646
1872	+	254	844
1874	+	254	901
1875	+	254	1000
1876	+	254	1045
1878	+	254	1131
1882	+	254	1191
1884	+	254	1218
1889	+	254	2234
1891	+	254	2292
1892	+	254	2308
1893	+	254	2802
1894	+	254	2821
1896	+	254	2991
1897	+	254	3058
1898	+	254	3279
1903	+	254	3659
1905	+	254	3797
1906	+	254	3899
1907	+	254	3903
1908	+	254	4140
1909	+	254	4191
1911	+	254	4687
1912	+	254	4821
1913	+	254	4834
1914	+	254	4965
1915	+	254	4987
1916	+	254	5239
1921	+	254	6100
1922	+	254	6133
1923	+	254	6153
1925	+	254	6432
1926	+	254	6559
1927	+	254	7019
1928	+	254	7147
1938	+	256	5071
1950	+	261	2449
1995	+	268	435
1996	+	268	2057
1997	+	268	6003
2005	+	270	357
2007	+	270	2385
2008	+	270	2623
2068	+	276	435
2082	+	280	1753
2364	+	320	322
2367	+	320	516
2373	+	320	2915
2374	+	320	2928
2375	+	320	2949
2380	+	320	5715
2388	+	322	1533
2392	+	322	6334
2509	+	336	6244
2530	+	343	2476
2532	+	343	2735
2534	+	343	2911
2535	+	343	2949
2540	+	343	5986
2551	+	347	2672
2553	+	347	7476
2609	+	357	2385
2611	+	357	2623
2615	+	357	3236
2618	+	357	4861
2619	+	357	6575
2623	+	359	6233
2662	+	368	1706
2663	+	368	3089
2670	+	368	3793
2758	+	393	403
2759	+	393	1608
2760	+	393	1890
2762	+	393	2233
2764	+	393	2736
2765	+	393	2853
2766	+	393	2987
2769	+	393	5783
2771	+	393	6499
2772	+	393	7170
2773	+	393	7523
2837	+	400	5071
2841	+	402	5471
2844	+	402	6503
2846	+	403	1781
2847	+	403	1890
2848	+	403	1913
2849	+	403	2439
2850	+	403	2707
2856	+	403	4729
2858	+	403	5071
2861	+	403	6230
2862	+	403	6836
2864	+	404	1890
2865	+	404	1913
2868	+	404	4131
2869	+	404	4381
2872	+	404	4729
2874	+	404	5071
2876	+	404	6230
2892	+	408	2639
2894	+	408	3313
2895	+	408	7034
2896	+	409	434
2909	+	411	1890
2911	+	411	2737
2918	+	411	4729
2923	+	411	5071
2925	+	412	693
2927	+	412	1180
2929	+	412	1215
2932	+	412	3279
2933	+	412	4126
2934	+	412	4343
2935	+	412	4373
2936	+	412	5111
3006	+	427	6957
3037	+	429	7165
3038	+	429	7379
3044	+	433	3366
3046	+	435	2896
3209	+	443	444
3210	+	443	500
3219	+	443	6779
3220	+	444	500
3225	+	444	6779
3302	+	450	4464
3527	+	460	537
3528	+	460	542
3530	+	460	567
3535	+	460	6498
3538	+	461	510
3540	+	461	537
3541	+	461	542
3546	+	461	618
3547	+	461	775
3558	+	461	5605
3559	+	461	6498
3717	+	469	2790
3718	+	469	2949
3719	+	469	3425
3725	+	470	2949
3831	+	489	1578
3936	+	493	7290
3937	+	493	7320
3938	+	493	7467
3957	+	495	2444
3958	+	495	2557
3959	+	495	4116
3963	+	495	4744
3965	+	495	4855
3968	+	495	5210
3971	+	495	6317
3995	+	497	2915
4000	+	497	4474
4032	+	500	1578
4037	+	500	6779
4135	+	510	516
4138	+	510	537
4139	+	510	542
4143	+	510	588
4148	+	510	4199
4159	+	512	516
4163	+	512	574
4166	+	512	2786
4169	+	512	2915
4171	+	512	2928
4174	+	512	4199
4181	+	514	592
4182	+	514	903
4184	+	514	1045
4185	+	514	1097
4193	+	514	3762
4199	+	516	574
4203	+	516	2786
4204	+	516	2881
4207	+	516	2915
4209	+	516	2928
4212	+	516	4199
4215	+	517	590
4216	+	517	3425
4218	+	517	5412
4225	+	518	2949
4226	+	518	3425
4227	+	518	3820
4228	+	518	3831
4232	+	518	5401
4235	+	519	2790
4237	+	519	2949
4242	+	519	5170
4243	+	519	5401
4244	+	519	5433
4347	+	537	542
4350	+	537	567
4354	+	537	588
4356	+	537	618
4357	+	537	775
4363	+	537	2350
4369	+	537	2550
4372	+	537	5328
4373	+	537	6498
4402	+	542	567
4406	+	542	588
4410	+	542	1975
4411	+	542	2187
4416	+	542	5328
4618	+	555	598
4619	+	555	4199
4620	+	555	5388
4621	+	555	5539
4622	+	555	6009
4672	+	567	588
4681	+	571	2914
4682	+	571	2949
4684	+	571	3904
4685	+	571	4199
4686	+	571	5388
4689	+	571	5539
4690	+	571	6490
4721	+	574	2928
4722	+	574	3016
4723	+	574	5539
4923	+	585	2906
4945	+	588	5328
4969	+	590	597
4977	+	590	2732
4980	+	590	3058
4986	+	590	4121
4987	+	590	4124
5006	+	592	2604
5015	+	592	3425
5016	+	592	3538
5061	+	597	7118
5062	+	597	7229
5068	+	598	1706
5073	+	598	2732
5075	+	598	2914
5076	+	598	2949
5078	+	598	3634
5081	+	598	5388
5084	+	598	5539
5157	+	611	1823
5162	+	611	6819
5208	+	616	6269
5227	+	618	2550
5229	+	618	5955
5370	+	624	1750
5372	+	624	2187
5373	+	624	2611
5374	+	624	2617
5375	+	624	2735
5376	+	624	2887
5377	+	624	2975
5378	+	624	3302
5380	+	624	3328
5381	+	624	3352
5384	+	624	4171
5385	+	624	4188
5386	+	624	4239
5388	+	624	4313
5389	+	624	4457
5392	+	624	4819
5394	+	624	5108
5396	+	624	5470
5397	+	624	5716
5398	+	624	5754
5399	+	624	5954
5400	+	624	5998
5884	+	636	663
5891	+	637	1038
5892	+	637	1190
5935	+	640	4651
5983	+	643	3535
5985	+	643	5466
5993	+	644	1229
5997	+	644	4301
6000	+	644	4781
6004	+	645	1706
6008	+	645	5752
6009	+	645	7241
6194	+	663	1600
6789	+	687	1036
6791	+	687	5096
6801	+	688	1179
6824	+	689	5404
6831	+	690	1038
6833	+	690	1192
6834	+	690	1252
6895	+	693	1072
6896	+	693	1180
6905	+	693	5098
6909	+	693	6005
6911	+	693	6706
6982	+	701	2735
6993	+	701	4839
7000	+	701	5972
7001	+	701	5986
7005	+	701	6240
7012	+	701	7406
7013	+	701	7423
7102	+	710	5873
7103	+	710	6026
7109	+	711	1038
7110	+	711	1040
7112	+	711	1190
7113	+	711	1236
7115	+	711	1375
7123	+	712	1073
7125	+	712	1094
7126	+	712	1190
7136	+	713	1037
7137	+	713	1054
7138	+	713	1130
7144	+	713	3259
7146	+	713	4364
7148	+	713	4411
7149	+	713	4535
7151	+	713	4780
7155	+	713	4954
7159	+	713	5496
7160	+	713	7100
7176	+	717	3069
7177	+	717	4109
7210	+	721	1179
7224	+	721	5203
7234	+	722	1066
7239	+	722	1446
7244	+	722	3259
7249	+	722	4372
7250	+	722	4373
7260	+	722	4797
7266	+	722	6005
7269	+	724	1913
7270	+	724	3536
7274	+	725	1073
7276	+	725	1201
7277	+	725	2424
7284	+	725	6552
7287	+	727	1541
7342	+	732	1056
7343	+	732	1201
7346	+	732	1803
7347	+	732	2424
7348	+	732	2785
7351	+	733	2784
7358	+	734	1031
7377	+	736	1031
7438	+	741	1037
7442	+	741	1446
7443	+	741	2187
7451	+	741	4411
7456	+	741	4535
7459	+	741	4780
7460	+	741	4803
7466	+	741	5260
7471	+	741	6248
7597	+	751	7400
7599	+	752	4116
7600	+	752	4117
7605	+	756	1151
7764	+	765	1849
7776	+	768	1073
7783	+	769	2323
7784	+	769	2869
7785	+	769	2997
7789	+	769	5911
7791	+	769	6153
7929	+	775	1058
7930	+	775	1905
7935	+	775	4547
7936	+	775	5716
7937	+	775	5955
7941	+	775	7303
7973	+	779	1234
7977	+	779	5767
7989	+	781	1195
8000	+	782	1038
8001	+	782	1040
8004	+	782	1190
8005	+	782	1236
8008	+	782	1375
8011	+	782	3259
8037	+	785	1054
8072	+	788	872
8075	+	788	1073
8077	+	788	4577
8078	+	788	6519
8079	+	788	6552
8099	+	791	1073
8259	+	798	1038
8260	+	798	1040
8265	+	798	1178
8267	+	798	1190
8276	+	800	1298
8539	+	823	1610
8545	+	824	1190
8547	+	824	1890
8548	+	824	2323
8549	+	824	2911
8550	+	824	3099
8557	+	826	1151
8767	+	838	850
8769	+	838	876
8770	+	838	907
8771	+	838	1048
8772	+	838	1049
8773	+	838	1055
8784	+	838	2741
8785	+	838	2771
8789	+	838	3675
8791	+	838	4613
8810	+	844	2323
8811	+	844	2802
8812	+	844	3797
8813	+	844	4687
8815	+	844	6153
8817	+	844	6432
8818	+	844	7019
8819	+	845	1180
8823	+	846	1048
8824	+	846	1049
8828	+	846	2502
8830	+	846	3675
8949	+	850	1018
8950	+	850	1048
8951	+	850	1049
8952	+	850	1073
8954	+	850	1218
8955	+	850	1504
8956	+	850	1742
8960	+	850	2056
8961	+	850	2093
8963	+	850	2741
8964	+	850	2755
8966	+	850	2940
8967	+	850	3018
8971	+	850	3127
8974	+	850	3823
8981	+	850	4202
8982	+	850	4613
8985	+	850	5735
8986	+	850	6891
8989	+	852	907
8990	+	852	923
8996	+	852	1263
8997	+	852	1444
9006	+	854	4855
9300	+	872	951
9301	+	872	1018
9302	+	872	1073
9304	+	872	1145
9305	+	872	1160
9308	+	872	2806
9310	+	872	3058
9311	+	872	4202
9314	+	872	4702
9315	+	872	4821
9319	+	873	1172
9325	+	873	3815
9334	+	876	930
9335	+	876	1009
9336	+	876	1020
9337	+	876	1044
9338	+	876	1048
9339	+	876	1049
9340	+	876	1055
9341	+	876	1068
9342	+	876	1075
9346	+	876	1257
9347	+	876	2323
9348	+	876	2464
9349	+	876	2755
9350	+	876	3797
9351	+	876	3948
9353	+	876	5625
9358	+	876	6432
9361	+	877	6244
9371	+	878	2152
9373	+	878	2251
9380	+	878	3028
9381	+	878	3068
9402	+	878	6591
9404	+	878	7458
9415	+	880	1849
9418	+	880	2790
9421	+	881	1038
9422	+	881	1190
9424	+	881	1375
9428	+	882	1179
9432	+	882	3536
9440	+	882	5277
9441	+	882	5406
9445	+	883	1375
9449	+	883	5489
9549	+	889	5489
9559	+	890	5278
9748	+	901	2802
9749	+	901	2803
9753	+	901	6153
9759	+	903	1044
9760	+	903	1045
9762	+	903	1075
9763	+	903	1097
9768	+	903	1218
9769	+	903	1242
9772	+	903	1533
9775	+	903	2047
9779	+	903	3194
9782	+	903	3538
9783	+	903	3947
9784	+	903	4987
9786	+	903	5527
9788	+	903	5625
9789	+	903	5715
9791	+	903	5907
9794	+	903	6133
9795	+	903	6162
9796	+	903	6227
9798	+	903	6334
9799	+	903	6432
9807	+	905	4131
9808	+	905	4381
9811	+	905	5071
9818	+	906	2439
9824	+	906	7078
9825	+	907	923
9827	+	907	1079
9833	+	907	1263
9834	+	907	1504
9835	+	907	1742
9838	+	907	2940
9839	+	907	3236
9840	+	907	3990
9841	+	907	4613
9842	+	907	5854
9843	+	907	6130
9844	+	907	6211
9906	+	917	1031
9909	+	917	1237
9917	+	919	1296
9919	+	920	1038
9920	+	920	1375
9924	+	920	3069
9925	+	920	4109
9926	+	921	1031
9928	+	921	1446
9932	+	921	6164
9933	+	922	7324
9939	+	923	1263
9940	+	923	1444
9941	+	923	1504
9946	+	923	2755
9947	+	923	2771
9949	+	923	3018
9950	+	923	3236
9952	+	923	4613
9953	+	923	4621
9954	+	923	5854
9965	+	927	1181
9971	+	927	5199
9996	+	930	1044
9997	+	930	1048
9998	+	930	1049
9999	+	930	1055
10000	+	930	1068
10001	+	930	1075
10011	+	931	1044
10012	+	931	1075
10018	+	931	2047
10020	+	931	2323
10021	+	931	3797
10027	+	931	6432
10028	+	931	7184
10383	+	947	1181
10385	+	947	6630
10498	+	951	1044
10499	+	951	1073
10504	+	951	2047
10505	+	951	2323
10512	+	951	3797
10514	+	951	4687
10516	+	951	5527
10517	+	951	5715
10519	+	951	6153
10520	+	951	6194
10523	+	951	6432
10524	+	951	6552
10525	+	951	7019
10526	+	951	7184
10589	+	960	4373
10595	+	961	2804
10627	+	968	1038
10628	+	968	1040
10629	+	968	1190
10630	+	968	1192
10671	+	970	1031
10673	+	970	2187
10683	+	970	5487
10685	+	970	6248
10686	+	970	6628
10698	+	974	3595
10702	+	975	2735
10708	+	975	5986
10832	+	982	1073
10834	+	982	1201
10835	+	982	2424
10840	+	982	6552
10868	+	987	1073
10871	+	987	6552
10872	+	988	1776
10879	+	988	6552
10894	+	990	2442
10895	+	990	2445
10896	+	990	2564
10918	+	990	3957
10919	+	990	3963
10927	+	990	4108
10928	+	990	4111
10929	+	990	4116
10930	+	990	4127
10931	+	990	4129
10932	+	990	4133
10939	+	990	4360
10941	+	990	4377
10942	+	990	4385
10951	+	990	4853
10952	+	990	4855
10956	+	990	4909
10970	+	990	5204
10971	+	990	5209
10972	+	990	5210
10976	+	990	5285
10988	+	990	5620
10989	+	990	5622
10995	+	990	5886
10998	+	990	6041
10999	+	990	6164
11000	+	990	6188
11003	+	990	6583
11004	+	990	7144
11005	+	990	7217
11102	+	996	1781
11103	+	996	1890
11104	+	996	1913
11105	+	996	1914
11106	+	996	2732
11107	+	996	2736
11108	+	996	3026
11112	+	996	6230
11114	+	996	7171
11115	+	996	7272
11133	+	1000	1073
11138	+	1000	2323
11139	+	1000	2802
11141	+	1000	3058
11146	+	1000	4821
11147	+	1000	4965
11267	+	1009	1044
11268	+	1009	1048
11269	+	1009	1049
11270	+	1009	1055
11271	+	1009	1068
11272	+	1009	1075
11347	+	1015	2741
11351	+	1018	1073
11352	+	1018	1235
11354	+	1018	4202
11356	+	1018	6552
11357	+	1020	1044
11358	+	1020	1048
11359	+	1020	1049
11360	+	1020	1055
11361	+	1020	1068
11368	+	1020	3611
11369	+	1020	3684
11372	+	1020	4140
11375	+	1020	5952
11488	+	1031	1037
11489	+	1031	1237
11492	+	1031	3259
11503	+	1036	1446
11504	+	1036	2187
11508	+	1036	5457
11511	+	1036	6364
11512	+	1036	6386
11513	+	1037	1058
11514	+	1037	1130
11519	+	1037	3123
11521	+	1037	3200
11522	+	1037	3259
11525	+	1037	4089
11527	+	1037	4364
11535	+	1037	4954
11542	+	1038	1236
11544	+	1038	1375
11545	+	1038	1384
11547	+	1038	2743
11549	+	1038	5191
11550	+	1038	7352
11570	+	1040	1236
11572	+	1040	1375
11573	+	1040	1384
11576	+	1040	2743
11579	+	1040	5191
11605	+	1044	1045
11606	+	1044	1049
11607	+	1044	1055
11608	+	1044	1068
11609	+	1044	1075
11615	+	1044	1257
11617	+	1044	2047
11618	+	1044	2275
11620	+	1044	2464
11623	+	1044	3194
11625	+	1044	3903
11626	+	1044	3948
11627	+	1044	4140
11628	+	1044	4687
11629	+	1044	4987
11633	+	1044	5625
11634	+	1044	5715
11636	+	1044	5907
11637	+	1044	6100
11638	+	1044	6133
11641	+	1044	6432
11642	+	1044	7019
11643	+	1045	1097
11649	+	1045	1218
11650	+	1045	1242
11651	+	1045	1533
11653	+	1045	2047
11654	+	1045	2174
11657	+	1045	3194
11660	+	1045	3538
11661	+	1045	3797
11662	+	1045	3947
11663	+	1045	4687
11664	+	1045	4987
11667	+	1045	5907
11671	+	1045	6133
11673	+	1045	6334
11674	+	1045	6432
11675	+	1045	7019
11695	+	1047	1774
11696	+	1047	1914
11697	+	1047	2075
11698	+	1047	2115
11704	+	1047	3644
11706	+	1047	3785
11711	+	1047	5764
11716	+	1047	7133
11717	+	1047	7290
11718	+	1047	7295
11719	+	1048	1049
11720	+	1048	1257
11721	+	1048	1742
11727	+	1048	2741
11728	+	1048	2755
11729	+	1048	2771
11730	+	1048	2940
11731	+	1048	3018
11734	+	1048	3127
11735	+	1048	3629
11739	+	1048	3870
11745	+	1048	5625
11746	+	1048	6299
11747	+	1048	6891
11748	+	1049	1055
11749	+	1049	1068
11750	+	1049	1075
11754	+	1049	1257
11755	+	1049	1742
11762	+	1049	2741
11763	+	1049	2755
11764	+	1049	2940
11765	+	1049	3018
11768	+	1049	3127
11770	+	1049	3629
11773	+	1049	3870
11777	+	1049	5625
11778	+	1049	6299
11779	+	1049	6891
11784	+	1054	1057
11785	+	1054	1071
11790	+	1054	4411
11796	+	1055	1068
11797	+	1055	1075
11800	+	1055	1257
11808	+	1055	5625
11810	+	1056	1375
11811	+	1056	1484
11812	+	1056	1803
11827	+	1057	2187
11831	+	1057	4072
11833	+	1057	4328
11837	+	1057	4479
11849	+	1057	5270
11852	+	1057	5487
11853	+	1057	5490
11855	+	1057	5665
11857	+	1057	6248
11858	+	1057	6628
11944	+	1063	1073
11946	+	1063	1235
11947	+	1063	1803
11963	+	1066	1375
11971	+	1066	4694
11984	+	1068	1075
11987	+	1068	1257
11997	+	1068	5625
12005	+	1070	4674
12007	+	1070	7405
12008	+	1071	1195
12009	+	1071	1234
12014	+	1071	2754
12015	+	1071	3200
12025	+	1071	4800
12027	+	1071	5098
12030	+	1071	5278
12032	+	1071	5349
12038	+	1071	6628
12039	+	1071	6706
12040	+	1071	7051
12045	+	1072	1215
12058	+	1072	4308
12079	+	1072	4954
12080	+	1072	5111
12086	+	1072	5585
12088	+	1073	1097
12091	+	1073	1160
12093	+	1073	1218
12094	+	1073	1235
12095	+	1073	1242
12097	+	1073	1446
12098	+	1073	1872
12100	+	1073	2093
12102	+	1073	2991
12104	+	1073	3302
12105	+	1073	3622
12107	+	1073	3675
12108	+	1073	3676
12109	+	1073	4202
12110	+	1073	4441
12112	+	1073	4503
12114	+	1073	4702
12115	+	1073	4821
12116	+	1073	5214
12117	+	1073	5229
12119	+	1073	5972
12120	+	1073	5986
12121	+	1073	6158
12122	+	1073	6226
12123	+	1073	6253
12132	+	1075	1257
12140	+	1075	4702
12145	+	1075	5625
12255	+	1079	5854
12380	+	1090	1296
12409	+	1097	1218
12410	+	1097	1242
12415	+	1097	3538
12416	+	1097	3903
12417	+	1097	3947
12420	+	1097	4987
12422	+	1097	5907
12424	+	1097	6334
12456	+	1100	2535
12529	+	1105	2804
12530	+	1105	2988
12531	+	1105	3229
12533	+	1105	3659
12774	+	1130	3099
12776	+	1130	3259
12779	+	1130	4364
12783	+	1130	5530
12785	+	1131	2323
12788	+	1131	6153
12869	+	1145	4577
12958	+	1155	7017
13120	+	1172	3229
13122	+	1172	3800
13124	+	1174	1375
13125	+	1174	1384
13218	+	1178	2323
13219	+	1178	2464
13220	+	1178	6133
13221	+	1179	1395
13225	+	1179	4621
13228	+	1179	5150
13229	+	1179	5203
13232	+	1180	1215
13233	+	1180	1232
13244	+	1180	3252
13245	+	1180	3279
13247	+	1180	4126
13248	+	1180	4343
13250	+	1180	5127
13256	+	1180	6706
13262	+	1181	3448
13293	+	1186	1654
13354	+	1189	2776
13359	+	1190	1375
13360	+	1190	1823
13361	+	1190	2743
13363	+	1190	5071
13366	+	1190	5530
13367	+	1190	5804
13368	+	1190	6047
13369	+	1190	6290
13370	+	1190	6527
13371	+	1190	6785
13372	+	1190	7230
13373	+	1190	7352
13374	+	1191	2323
13375	+	1191	2802
13376	+	1191	2821
13378	+	1191	6153
13379	+	1191	6162
13382	+	1191	6559
13483	+	1194	5972
13487	+	1195	2803
13514	+	1197	5581
13651	+	1201	1484
13653	+	1201	1803
13654	+	1201	2424
13658	+	1201	6321
13659	+	1201	6465
13660	+	1201	7449
13945	+	1215	4126
13946	+	1215	4373
13948	+	1215	5098
13949	+	1215	5111
13951	+	1215	5781
13952	+	1215	6005
13953	+	1215	6706
13966	+	1218	2323
13968	+	1218	2802
13974	+	1218	3947
13975	+	1218	4202
13976	+	1218	4821
13977	+	1218	5527
13980	+	1218	6153
14004	+	1229	3437
14010	+	1229	4441
14012	+	1229	4619
14015	+	1229	4781
14017	+	1229	4954
14019	+	1229	5270
14025	+	1229	5573
14029	+	1229	6387
14032	+	1230	5278
14062	+	1232	3279
14063	+	1232	3539
14127	+	1234	3535
14135	+	1234	4803
14138	+	1235	1360
14139	+	1235	2611
14140	+	1235	2617
14141	+	1235	2735
14143	+	1235	2975
14145	+	1235	3327
14147	+	1235	3461
14148	+	1235	4188
14149	+	1235	4202
14150	+	1235	4457
14151	+	1235	4503
14152	+	1235	4702
14154	+	1235	5835
14156	+	1235	5986
14159	+	1235	6715
14160	+	1235	7470
14162	+	1236	1375
14163	+	1236	1384
14195	+	1242	1920
14197	+	1242	2047
14198	+	1242	2323
14203	+	1242	3622
14299	+	1256	5998
14307	+	1258	3622
14332	+	1265	1454
14334	+	1265	4558
14335	+	1265	6586
14338	+	1265	7289
14345	+	1267	5998
14434	+	1284	3058
14435	+	1284	3481
14437	+	1284	6843
14573	+	1296	6322
14574	+	1297	3611
14575	+	1297	3684
15018	+	1336	1540
15020	+	1336	2075
15025	+	1336	3821
15026	+	1336	4010
15031	+	1336	4792
15033	+	1336	4946
15034	+	1336	5161
15036	+	1336	5367
15037	+	1336	5545
15038	+	1336	5651
15039	+	1336	5672
15098	+	1343	1484
15099	+	1343	2981
15100	+	1343	5930
15101	+	1343	7449
15102	+	1343	7450
15170	+	1352	2737
15174	+	1352	3253
15175	+	1352	3337
15177	+	1352	3557
15182	+	1352	4109
15183	+	1352	4121
15190	+	1352	5071
15325	+	1360	2548
15327	+	1360	2725
15328	+	1360	2735
15330	+	1360	3352
15335	+	1360	4966
15336	+	1360	5986
15337	+	1360	5998
15391	+	1363	1376
15392	+	1363	1620
15394	+	1363	6063
15395	+	1363	6375
15396	+	1363	6752
15397	+	1363	7137
15508	+	1375	1384
15510	+	1375	2743
15511	+	1375	3069
15515	+	1375	4109
15516	+	1375	4122
15518	+	1375	5097
15519	+	1375	5191
15523	+	1375	5804
15524	+	1375	6785
15525	+	1375	7420
15526	+	1376	6375
15527	+	1376	6691
15528	+	1376	6752
15529	+	1376	7136
15530	+	1376	7137
15584	+	1384	3069
15588	+	1384	4109
15589	+	1384	4122
15591	+	1384	4797
15594	+	1384	7255
15595	+	1384	7420
15626	+	1391	1578
15629	+	1391	6649
15630	+	1391	7068
15641	+	1395	1913
15642	+	1395	3536
15923	+	1444	2707
15926	+	1444	2748
15931	+	1444	2911
15933	+	1444	3028
15934	+	1444	3337
15935	+	1444	3481
15946	+	1444	4119
15966	+	1444	5210
15969	+	1444	5248
15971	+	1444	5886
15972	+	1444	5956
15975	+	1444	6177
15976	+	1444	6277
15978	+	1444	6293
15979	+	1444	6843
15988	+	1446	1706
15994	+	1446	2187
15996	+	1446	2911
15997	+	1446	3090
16001	+	1446	3352
16005	+	1446	4091
16012	+	1446	4301
16017	+	1446	4373
16019	+	1446	4411
16024	+	1446	4561
16025	+	1446	4619
16033	+	1446	4800
16034	+	1446	4839
16036	+	1446	4954
16038	+	1446	5098
16045	+	1446	5457
16048	+	1446	5573
16049	+	1446	5585
16050	+	1446	5986
16051	+	1446	6248
16055	+	1446	7117
16057	+	1447	6709
16090	+	1454	4558
16095	+	1454	7324
16096	+	1454	7335
16378	+	1484	1803
16379	+	1484	1933
16380	+	1484	2424
16381	+	1484	2784
16386	+	1484	5930
16387	+	1484	5942
16388	+	1484	7450
16389	+	1484	7462
16434	+	1493	2548
16435	+	1493	2735
16438	+	1493	4966
16440	+	1493	5986
16441	+	1493	5998
16523	+	1504	1600
16528	+	1504	2410
16529	+	1504	2741
16530	+	1504	2755
16531	+	1504	2771
16532	+	1504	2940
16534	+	1504	3018
16540	+	1504	3557
16544	+	1504	4695
16643	+	1518	2057
16644	+	1518	2075
16654	+	1518	2421
16655	+	1518	2466
16684	+	1518	3912
16705	+	1518	4360
16722	+	1518	5285
16727	+	1518	5336
16730	+	1518	5392
16739	+	1518	5622
16742	+	1518	5672
16823	+	1532	2323
16829	+	1533	2047
16830	+	1533	2323
16834	+	1533	6432
16968	+	1552	7188
16972	+	1555	1637
16973	+	1555	1647
16994	+	1561	2744
16995	+	1561	2779
17094	+	1578	5000
17096	+	1578	7068
17097	+	1578	7386
17116	+	1584	1646
17122	+	1584	2221
17123	+	1584	2399
17124	+	1584	2473
17159	+	1587	1610
17160	+	1587	1670
17325	+	1600	3153
17344	+	1605	2017
17345	+	1605	2635
17346	+	1605	2796
17414	+	1620	5277
17415	+	1620	6375
17417	+	1620	6752
17442	+	1627	1647
17443	+	1627	1913
17444	+	1627	5707
17446	+	1628	1913
17447	+	1628	2707
17516	+	1637	1647
17520	+	1637	7453
17549	+	1646	1706
17554	+	1646	2162
17555	+	1646	2399
17559	+	1646	2612
17561	+	1646	3789
17562	+	1646	3824
17566	+	1646	5117
17571	+	1647	2737
17575	+	1647	5707
17576	+	1647	5914
17577	+	1647	6165
17578	+	1647	7453
17586	+	1648	2116
17588	+	1648	6939
17643	+	1654	3118
17645	+	1654	5576
17726	+	1668	1703
17727	+	1668	1890
17733	+	1668	6230
17755	+	1674	6977
17780	+	1677	6486
17785	+	1679	2707
17947	+	1696	1878
17948	+	1696	1919
17952	+	1696	2327
17954	+	1696	2532
17977	+	1699	2017
17984	+	1699	3812
17986	+	1699	4126
18027	+	1703	1804
18036	+	1703	6390
18039	+	1706	2881
18040	+	1706	2914
18041	+	1706	3058
18047	+	1706	4681
18048	+	1706	4800
18050	+	1706	5516
18067	+	1708	4639
18068	+	1708	5495
18167	+	1712	2719
18168	+	1712	2725
18171	+	1712	2987
18221	+	1718	6782
18253	+	1722	2075
18257	+	1722	2635
18259	+	1722	3365
18263	+	1722	4127
18274	+	1722	4946
18279	+	1722	5209
18280	+	1722	5622
18282	+	1722	5764
18287	+	1722	6164
18288	+	1722	6167
18289	+	1722	6189
18350	+	1730	1755
18354	+	1730	2076
18356	+	1730	2200
18393	+	1734	2299
18394	+	1734	2339
18398	+	1734	5438
18400	+	1734	5792
18401	+	1734	5798
18436	+	1737	2707
18516	+	1742	2468
18517	+	1742	2502
18518	+	1742	2741
18519	+	1742	2771
18525	+	1742	4613
18568	+	1750	2187
18571	+	1750	2548
18572	+	1750	2719
18573	+	1750	2725
18574	+	1750	2735
18575	+	1750	3352
18580	+	1750	4966
18581	+	1750	5986
18601	+	1753	2853
18603	+	1753	3819
18604	+	1753	3844
18606	+	1753	3981
18607	+	1753	4152
18610	+	1753	4639
18614	+	1753	6390
18655	+	1755	1776
18658	+	1755	2076
18661	+	1755	2380
18662	+	1755	2392
18735	+	1768	2136
18736	+	1768	2250
18738	+	1768	2293
18740	+	1768	2327
18741	+	1768	2328
18743	+	1768	5122
18745	+	1769	2075
18752	+	1769	4074
18778	+	1773	4558
18779	+	1773	5071
18783	+	1773	7324
18787	+	1774	2075
18788	+	1774	2115
18794	+	1774	6494
18877	+	1781	1890
18878	+	1781	1913
18880	+	1781	2592
18881	+	1781	2736
18883	+	1781	3026
18884	+	1781	3181
18885	+	1781	3578
18886	+	1781	4381
18891	+	1781	6230
18892	+	1781	6558
18894	+	1781	7170
18895	+	1781	7171
18896	+	1781	7272
18967	+	1789	2075
18997	+	1799	7118
18998	+	1799	7241
19029	+	1803	4301
19033	+	1803	5415
19035	+	1803	7449
19036	+	1803	7462
19114	+	1813	5101
19125	+	1816	2943
19185	+	1821	7481
19447	+	1849	2790
19451	+	1849	4152
19452	+	1849	4207
19453	+	1849	5255
19457	+	1849	6125
19716	+	1872	3069
19717	+	1872	4109
19718	+	1872	4122
19719	+	1872	4202
19778	+	1878	1998
19781	+	1878	2239
19783	+	1878	2327
19881	+	1890	1913
19882	+	1890	1914
19884	+	1890	2592
19885	+	1890	2732
19886	+	1890	2736
19887	+	1890	2939
19888	+	1890	3026
19890	+	1890	3181
19891	+	1890	3578
19894	+	1890	4075
19895	+	1890	4090
19896	+	1890	4131
19898	+	1890	4381
19900	+	1890	4729
19902	+	1890	5071
19903	+	1890	5127
19906	+	1890	5914
19908	+	1890	6203
19909	+	1890	6230
19910	+	1890	6564
19911	+	1890	6836
19913	+	1890	7170
19914	+	1890	7171
19915	+	1890	7183
19916	+	1890	7272
20000	+	1893	2089
20003	+	1893	3365
20017	+	1893	5764
20021	+	1893	6167
20034	+	1897	3313
20035	+	1897	4393
20036	+	1897	6310
20037	+	1897	7034
20104	+	1905	4547
20106	+	1905	5955
20107	+	1905	5986
20110	+	1905	7303
20150	+	1913	2592
20151	+	1913	2732
20152	+	1913	2736
20153	+	1913	2939
20154	+	1913	3026
20155	+	1913	3181
20156	+	1913	3578
20159	+	1913	4090
20164	+	1913	5707
20165	+	1913	5914
20167	+	1913	6230
20168	+	1913	7170
20169	+	1913	7171
20170	+	1913	7272
20172	+	1914	2115
20173	+	1914	2125
20177	+	1914	4639
20181	+	1914	6230
20182	+	1914	6494
20184	+	1914	7041
20235	+	1919	2939
20245	+	1920	2029
20285	+	1928	2421
20292	+	1928	4882
20293	+	1928	4929
20328	+	1933	2784
20329	+	1933	2785
20330	+	1933	2981
20331	+	1933	3062
20332	+	1933	3448
20333	+	1933	3707
20334	+	1933	7449
20526	+	1942	5277
20783	+	1975	7511
20973	+	2005	2737
20974	+	2005	2773
20977	+	2005	5071
21004	+	2010	5620
21008	+	2010	7506
21037	+	2017	2421
21038	+	2017	2466
21050	+	2017	5126
21053	+	2017	5408
21056	+	2017	5622
21057	+	2017	5672
21061	+	2017	5999
21063	+	2017	6376
21210	+	2037	3153
21213	+	2037	5068
21214	+	2037	6876
21215	+	2037	6893
21216	+	2037	7078
21243	+	2043	3776
21244	+	2043	3842
21246	+	2043	3915
21249	+	2043	6042
21278	+	2046	7123
21279	+	2047	2323
21280	+	2047	2464
21282	+	2047	3194
21284	+	2047	3797
21285	+	2047	3818
21286	+	2047	3903
21287	+	2047	3947
21288	+	2047	4687
21289	+	2047	4987
21290	+	2047	5383
21291	+	2047	5527
21293	+	2047	5715
21294	+	2047	5907
21297	+	2047	6100
21298	+	2047	6133
21299	+	2047	6227
21301	+	2047	6334
21302	+	2047	6432
21305	+	2047	6559
21306	+	2047	7019
21313	+	2050	2115
21320	+	2051	2298
21321	+	2051	2323
21322	+	2051	2519
21324	+	2051	3675
21325	+	2051	3676
21330	+	2053	3069
21331	+	2053	4109
21332	+	2053	4122
21334	+	2053	7420
21366	+	2056	2741
21370	+	2056	3675
21377	+	2057	2466
21387	+	2057	4074
21397	+	2057	5773
21443	+	2071	4841
21446	+	2071	5211
21447	+	2071	7503
21458	+	2075	2288
21459	+	2075	2466
21461	+	2075	2560
21464	+	2075	2628
21466	+	2075	2796
21473	+	2075	3005
21475	+	2075	3223
21478	+	2075	3365
21481	+	2075	3440
21487	+	2075	3644
21489	+	2075	3662
21490	+	2075	3663
21491	+	2075	3664
21495	+	2075	3753
21496	+	2075	3785
21498	+	2075	3840
21502	+	2075	3907
21510	+	2075	4027
21511	+	2075	4028
21512	+	2075	4036
21513	+	2075	4041
21515	+	2075	4092
21519	+	2075	4174
21521	+	2075	4209
21530	+	2075	4443
21534	+	2075	4670
21538	+	2075	4750
21542	+	2075	4876
21545	+	2075	4962
21550	+	2075	5102
21552	+	2075	5209
21553	+	2075	5277
21555	+	2075	5285
21556	+	2075	5287
21559	+	2075	5330
21560	+	2075	5336
21561	+	2075	5356
21562	+	2075	5367
21563	+	2075	5373
21564	+	2075	5385
21565	+	2075	5392
21569	+	2075	5508
21572	+	2075	5545
21573	+	2075	5565
21574	+	2075	5581
21575	+	2075	5594
21576	+	2075	5596
21578	+	2075	5614
21579	+	2075	5616
21580	+	2075	5622
21585	+	2075	5647
21586	+	2075	5672
21587	+	2075	5698
21592	+	2075	5773
21596	+	2075	5831
21597	+	2075	5836
21601	+	2075	5866
21604	+	2075	5932
21606	+	2075	5945
21608	+	2075	5961
21610	+	2075	6042
21612	+	2075	6084
21615	+	2075	6159
21616	+	2075	6164
21618	+	2075	6252
21619	+	2075	6267
21621	+	2075	6319
21622	+	2075	6323
21624	+	2075	6409
21625	+	2075	6448
21626	+	2075	6635
21627	+	2075	6655
21628	+	2075	6656
21629	+	2075	6674
21632	+	2075	6735
21633	+	2075	6792
21634	+	2075	6896
21635	+	2075	6909
21636	+	2075	6935
21637	+	2075	7036
21639	+	2075	7144
21640	+	2075	7403
21758	+	2089	2314
21763	+	2089	4112
21775	+	2089	4792
21779	+	2089	5764
21782	+	2089	6946
21783	+	2090	5605
21784	+	2090	6730
21794	+	2093	2741
22072	+	2108	2221
22082	+	2108	2612
22094	+	2108	5117
22148	+	2115	2125
22149	+	2115	2131
22152	+	2115	3644
22153	+	2115	3785
22157	+	2115	6036
22159	+	2115	7133
22160	+	2115	7338
22163	+	2116	6939
22355	+	2124	4729
22360	+	2125	3785
22363	+	2125	6036
22368	+	2129	2323
22426	+	2131	6323
22428	+	2131	7338
22447	+	2135	2623
22454	+	2136	2250
22457	+	2136	2327
22458	+	2136	2328
22638	+	2142	4882
22639	+	2142	4929
22729	+	2152	2251
22731	+	2152	2703
22732	+	2152	2704
22733	+	2152	2790
22740	+	2152	5622
22743	+	2153	2737
22744	+	2153	2773
22791	+	2162	2939
22968	+	2184	3812
22977	+	2187	2370
22978	+	2187	2519
22979	+	2187	2524
22980	+	2187	2548
22981	+	2187	2611
22982	+	2187	2617
22983	+	2187	2719
22984	+	2187	2725
22985	+	2187	2735
22988	+	2187	2975
22989	+	2187	3090
22996	+	2187	3328
22997	+	2187	3352
23009	+	2187	4072
23010	+	2187	4084
23011	+	2187	4091
23013	+	2187	4171
23015	+	2187	4188
23024	+	2187	4301
23025	+	2187	4313
23028	+	2187	4328
23031	+	2187	4373
23033	+	2187	4411
23036	+	2187	4457
23040	+	2187	4557
23041	+	2187	4561
23052	+	2187	4780
23053	+	2187	4839
23057	+	2187	4947
23058	+	2187	4966
23060	+	2187	5098
23061	+	2187	5108
23064	+	2187	5262
23066	+	2187	5421
23067	+	2187	5470
23068	+	2187	5487
23069	+	2187	5490
23072	+	2187	5583
23073	+	2187	5585
23074	+	2187	5593
23076	+	2187	5754
23078	+	2187	5954
23079	+	2187	5957
23081	+	2187	5986
23082	+	2187	5994
23083	+	2187	6026
23084	+	2187	6117
23086	+	2187	6177
23091	+	2187	6721
23093	+	2187	7172
23384	+	2221	2612
23435	+	2230	2250
23438	+	2230	2327
23439	+	2230	2328
23451	+	2230	5764
23452	+	2231	4083
23461	+	2234	2292
23462	+	2234	2308
23464	+	2234	2991
23466	+	2234	3058
23470	+	2234	3899
23471	+	2234	4191
23474	+	2234	4821
23475	+	2234	4834
23476	+	2234	5239
23494	+	2239	2532
23502	+	2239	5823
23556	+	2246	2350
23590	+	2250	2261
23592	+	2250	2293
23593	+	2250	2327
23594	+	2250	2328
23596	+	2250	5122
23599	+	2251	3023
23600	+	2251	3025
23601	+	2251	3028
23613	+	2251	5710
23614	+	2251	5886
23659	+	2258	3069
23660	+	2258	4109
23711	+	2261	2327
23712	+	2261	2328
23715	+	2262	4074
23718	+	2262	5911
23795	+	2275	2323
23799	+	2275	4140
23800	+	2275	4202
23805	+	2275	6153
23806	+	2275	6162
23807	+	2275	6194
23809	+	2275	6432
23810	+	2275	6559
23811	+	2275	7019
23871	+	2288	4360
23878	+	2288	5374
23891	+	2292	2802
23893	+	2292	3058
23897	+	2292	4821
23898	+	2292	4965
23899	+	2292	5612
23901	+	2293	2328
23926	+	2297	4464
23927	+	2298	2519
23931	+	2299	2339
23937	+	2299	5438
23938	+	2299	5792
23939	+	2299	5798
23940	+	2299	5976
23942	+	2299	6680
23992	+	2301	4441
23995	+	2302	4478
24023	+	2308	2802
24025	+	2308	3058
24029	+	2308	4821
24030	+	2308	4965
24032	+	2308	5612
24036	+	2310	7353
24117	+	2323	2656
24118	+	2323	2821
24119	+	2323	3194
24120	+	2323	3797
24121	+	2323	3818
24122	+	2323	3838
24124	+	2323	3903
24125	+	2323	3948
24126	+	2323	4140
24127	+	2323	4687
24128	+	2323	4824
24130	+	2323	4986
24131	+	2323	4987
24135	+	2323	5625
24137	+	2323	5830
24143	+	2323	6100
24144	+	2323	6133
24145	+	2323	6153
24146	+	2323	6162
24147	+	2323	6194
24148	+	2323	6227
24150	+	2323	6334
24152	+	2323	6432
24153	+	2323	6559
24154	+	2323	6742
24155	+	2323	6816
24156	+	2323	6870
24157	+	2323	6913
24158	+	2323	7019
24159	+	2323	7077
24160	+	2323	7147
24161	+	2323	7150
24162	+	2323	7184
24163	+	2323	7208
24186	+	2327	2720
24188	+	2327	5122
24189	+	2328	2720
24193	+	2328	5122
24204	+	2332	5581
24236	+	2339	2441
24429	+	2359	2394
24467	+	2372	2471
24516	+	2378	4202
24517	+	2378	5989
24526	+	2380	4851
24529	+	2380	5143
24541	+	2385	2587
24543	+	2385	2623
24548	+	2385	4861
24549	+	2385	6575
24550	+	2385	6622
24566	+	2388	6893
24576	+	2392	4600
24582	+	2393	4558
24585	+	2393	7324
24622	+	2399	2612
24626	+	2399	5117
24629	+	2399	6581
24662	+	2406	7364
24683	+	2410	2869
24688	+	2410	3198
24689	+	2410	3463
24694	+	2410	3990
24697	+	2410	4695
24700	+	2410	5344
24772	+	2421	2796
24778	+	2421	4886
24867	+	2424	2864
24868	+	2424	5930
24869	+	2424	7408
24870	+	2424	7419
24871	+	2424	7449
24872	+	2424	7462
24906	+	2439	2592
24908	+	2439	4836
24910	+	2439	5068
24912	+	2439	6836
24913	+	2439	7078
24914	+	2439	7170
24921	+	2441	2537
24922	+	2441	2538
24923	+	2441	2668
24926	+	2441	5976
24930	+	2442	2445
24934	+	2442	2879
24935	+	2442	3023
24938	+	2442	3646
24945	+	2442	3957
24946	+	2442	3963
24948	+	2442	4046
24949	+	2442	4108
24950	+	2442	4111
24951	+	2442	4119
24952	+	2442	4125
24953	+	2442	4127
24954	+	2442	4129
24955	+	2442	4133
24956	+	2442	4181
24957	+	2442	4195
24958	+	2442	4196
24959	+	2442	4213
24960	+	2442	4217
24965	+	2442	4306
24966	+	2442	4309
24969	+	2442	4377
24970	+	2442	4378
24971	+	2442	4385
24977	+	2442	4909
24984	+	2442	4960
24985	+	2442	4962
24986	+	2442	4998
24988	+	2442	5072
24990	+	2442	5123
24993	+	2442	5187
24994	+	2442	5196
24995	+	2442	5205
24996	+	2442	5209
24997	+	2442	5250
24999	+	2442	6164
25000	+	2442	6188
25001	+	2442	6497
25002	+	2442	6568
25003	+	2442	6583
25004	+	2442	6590
25005	+	2442	6729
25006	+	2442	6732
25007	+	2442	6744
25008	+	2442	6745
25009	+	2442	6748
25010	+	2442	6797
25011	+	2442	6832
25012	+	2442	6857
25013	+	2442	6887
25014	+	2442	6912
25015	+	2442	6920
25016	+	2442	7036
25018	+	2444	2557
25019	+	2444	2587
25021	+	2444	2639
25022	+	2444	3023
25023	+	2444	4125
25024	+	2444	4129
25027	+	2444	4962
25041	+	2445	3963
25043	+	2445	4046
25044	+	2445	4108
25045	+	2445	4111
25046	+	2445	4119
25047	+	2445	4129
25050	+	2445	4181
25051	+	2445	4195
25052	+	2445	4196
25053	+	2445	4217
25058	+	2445	4306
25059	+	2445	4309
25062	+	2445	4377
25063	+	2445	4378
25064	+	2445	4385
25071	+	2445	4909
25079	+	2445	4960
25081	+	2445	5072
25083	+	2445	5123
25086	+	2445	5196
25087	+	2445	5197
25088	+	2445	5205
25089	+	2445	5209
25090	+	2445	5210
25093	+	2445	5250
25095	+	2445	5672
25096	+	2445	5886
25097	+	2445	6164
25098	+	2445	6188
25099	+	2445	6568
25100	+	2445	6583
25101	+	2445	6590
25102	+	2445	6729
25103	+	2445	6732
25104	+	2445	6733
25105	+	2445	6744
25106	+	2445	6745
25107	+	2445	6748
25108	+	2445	6797
25109	+	2445	6832
25110	+	2445	6857
25111	+	2445	6887
25112	+	2445	6912
25113	+	2445	6920
25120	+	2448	6333
25121	+	2448	6888
25124	+	2449	2536
25193	+	2464	3797
25194	+	2464	4687
25198	+	2464	6153
25199	+	2464	6162
25200	+	2464	6194
25202	+	2464	6432
25203	+	2464	7019
25235	+	2466	3753
25249	+	2466	5102
25256	+	2466	5672
25258	+	2466	6111
25262	+	2466	6862
25268	+	2468	2502
25320	+	2473	5388
25326	+	2476	7491
25352	+	2482	4127
25355	+	2482	5209
25356	+	2482	6164
25463	+	2495	2651
25467	+	2496	2651
25468	+	2496	2656
25527	+	2502	4621
25531	+	2502	5951
25533	+	2502	6299
25667	+	2519	4966
25668	+	2519	5108
25700	+	2524	2779
25701	+	2524	3462
25705	+	2524	4091
25706	+	2524	4173
25707	+	2524	4188
25711	+	2524	4780
25712	+	2524	4839
25713	+	2524	4947
25716	+	2524	5582
25717	+	2524	5583
25718	+	2524	5585
25719	+	2524	5593
25720	+	2524	5822
25721	+	2524	5853
25722	+	2524	5957
25723	+	2524	6117
25727	+	2524	7011
25729	+	2525	6868
25733	+	2528	5847
25746	+	2532	3068
25747	+	2532	3489
25756	+	2537	2668
25763	+	2538	2668
25796	+	2548	2610
25797	+	2548	2611
25798	+	2548	2617
25799	+	2548	2719
25800	+	2548	2725
25801	+	2548	2735
25803	+	2548	2887
25805	+	2548	2975
25806	+	2548	2987
25807	+	2548	3231
25808	+	2548	3327
25809	+	2548	3328
25810	+	2548	3335
25811	+	2548	3352
25813	+	2548	3461
25814	+	2548	3465
25815	+	2548	3522
25816	+	2548	3523
25820	+	2548	4162
25821	+	2548	4171
25823	+	2548	4188
25824	+	2548	4237
25825	+	2548	4239
25827	+	2548	4313
25828	+	2548	4328
25829	+	2548	4457
25830	+	2548	4619
25832	+	2548	4819
25833	+	2548	4966
25834	+	2548	4979
25835	+	2548	5108
25836	+	2548	5153
25838	+	2548	5298
25839	+	2548	5403
25840	+	2548	5468
25841	+	2548	5470
25842	+	2548	5473
25843	+	2548	5564
25844	+	2548	5754
25845	+	2548	5912
25847	+	2548	5986
25848	+	2548	5998
25849	+	2548	6715
25856	+	2550	5328
25858	+	2551	5328
25890	+	2557	4116
25891	+	2557	4131
25896	+	2557	4744
25900	+	2557	5071
25901	+	2557	5208
25915	+	2560	5622
25919	+	2561	2615
25924	+	2561	6058
25931	+	2564	3907
25934	+	2564	4128
25936	+	2564	4309
25940	+	2564	5205
25997	+	2586	2660
26006	+	2587	6622
26106	+	2592	5225
26108	+	2592	5707
26440	+	2604	2741
26455	+	2604	6187
26456	+	2604	6357
26588	+	2610	2735
26591	+	2610	3352
26596	+	2610	4966
26598	+	2610	5986
26599	+	2610	5998
26602	+	2611	2725
26603	+	2611	2735
26605	+	2611	2987
26606	+	2611	3352
26611	+	2611	4966
26613	+	2611	5593
26614	+	2611	5956
26615	+	2611	5966
26616	+	2611	5986
26617	+	2611	5998
26650	+	2615	7491
26655	+	2617	2725
26657	+	2617	2735
26660	+	2617	2987
26662	+	2617	3352
26669	+	2617	4091
26674	+	2617	4839
26675	+	2617	4947
26676	+	2617	4966
26680	+	2617	5583
26681	+	2617	5585
26682	+	2617	5593
26683	+	2617	5956
26684	+	2617	5957
26685	+	2617	5966
26686	+	2617	5986
26687	+	2617	5998
26689	+	2617	6026
26695	+	2618	5750
26722	+	2623	3236
26725	+	2623	6575
26730	+	2628	5209
26731	+	2628	7144
26793	+	2635	3365
26810	+	2635	5764
26813	+	2635	6163
26817	+	2635	6735
26881	+	2651	3795
26935	+	2660	3645
26965	+	2674	7496
27043	+	2687	3510
27159	+	2704	2790
27161	+	2704	2949
27162	+	2704	2974
27164	+	2704	5162
27165	+	2704	5672
27179	+	2707	3666
27184	+	2707	4621
27185	+	2707	4912
27188	+	2707	6203
27189	+	2707	7086
27190	+	2707	7177
27262	+	2714	3830
27278	+	2719	2725
27279	+	2719	2735
27283	+	2719	2975
27284	+	2719	2987
27285	+	2719	3327
27286	+	2719	3328
27288	+	2719	3522
27292	+	2719	4966
27293	+	2719	4979
27294	+	2719	5108
27295	+	2719	5153
27298	+	2719	5470
27299	+	2719	5564
27301	+	2719	5954
27303	+	2719	5986
27340	+	2725	2735
27342	+	2725	2887
27344	+	2725	2975
27345	+	2725	2987
27346	+	2725	3327
27347	+	2725	3328
27351	+	2725	3461
27352	+	2725	3522
27354	+	2725	4188
27357	+	2725	4979
27358	+	2725	5108
27359	+	2725	5153
27362	+	2725	5470
27363	+	2725	5564
27366	+	2725	5954
27368	+	2725	5986
27383	+	2730	2906
27385	+	2730	7511
27390	+	2732	2949
27392	+	2732	4131
27393	+	2732	4381
27395	+	2732	5071
27397	+	2732	6230
27401	+	2733	6357
27406	+	2735	2868
27407	+	2735	2887
27409	+	2735	2975
27410	+	2735	2984
27411	+	2735	2987
27412	+	2735	3231
27413	+	2735	3327
27414	+	2735	3328
27415	+	2735	3332
27416	+	2735	3335
27417	+	2735	3352
27420	+	2735	3440
27421	+	2735	3461
27422	+	2735	3462
27423	+	2735	3465
27424	+	2735	3522
27425	+	2735	3523
27426	+	2735	3550
27429	+	2735	4072
27430	+	2735	4162
27431	+	2735	4171
27432	+	2735	4173
27434	+	2735	4188
27435	+	2735	4237
27436	+	2735	4239
27438	+	2735	4313
27439	+	2735	4457
27440	+	2735	4619
27442	+	2735	4819
27443	+	2735	4852
27444	+	2735	4963
27445	+	2735	4966
27446	+	2735	4975
27447	+	2735	4979
27448	+	2735	5057
27449	+	2735	5108
27450	+	2735	5127
27451	+	2735	5153
27453	+	2735	5298
27454	+	2735	5403
27455	+	2735	5470
27456	+	2735	5473
27457	+	2735	5490
27458	+	2735	5542
27459	+	2735	5564
27460	+	2735	5754
27461	+	2735	5835
27462	+	2735	5853
27463	+	2735	5874
27464	+	2735	5912
27465	+	2735	5954
27466	+	2735	5956
27467	+	2735	5966
27469	+	2735	5998
27471	+	2735	6047
27472	+	2735	6177
27473	+	2735	6277
27475	+	2735	6715
27476	+	2735	6821
27477	+	2735	7459
27478	+	2735	7500
27479	+	2736	4381
27481	+	2736	4729
27484	+	2736	6230
27485	+	2736	6836
27486	+	2737	2773
27487	+	2737	2949
27489	+	2737	4199
27491	+	2737	5071
27494	+	2741	2755
27495	+	2741	2771
27496	+	2741	2940
27497	+	2741	2941
27503	+	2741	3127
27505	+	2741	3702
27506	+	2741	3823
27512	+	2741	4613
27514	+	2741	6211
27515	+	2741	6891
27535	+	2743	4954
27540	+	2744	5437
27543	+	2745	2977
27547	+	2745	7209
27549	+	2746	2914
27551	+	2746	2949
27552	+	2746	3904
27553	+	2746	4199
27554	+	2746	5388
27557	+	2746	5539
27559	+	2747	2914
27561	+	2747	2949
27562	+	2747	3016
27565	+	2747	3904
27566	+	2747	4199
27567	+	2747	5388
27570	+	2748	5403
27571	+	2748	5473
27572	+	2748	5956
27573	+	2748	6177
27574	+	2748	6277
27578	+	2749	7522
27604	+	2753	3005
27625	+	2754	5203
27626	+	2755	2771
27629	+	2755	2940
27631	+	2755	3018
27636	+	2755	3127
27641	+	2755	4202
27644	+	2755	5516
27646	+	2755	6417
27703	+	2771	2940
27704	+	2771	2941
27706	+	2771	3018
27709	+	2771	3127
27713	+	2771	3823
27719	+	2771	4613
27722	+	2771	6211
27723	+	2771	6891
27725	+	2773	2786
27726	+	2773	4199
27729	+	2776	2804
27765	+	2778	5605
27770	+	2779	3559
27776	+	2779	4947
27779	+	2779	5437
27787	+	2784	2785
27788	+	2784	2981
27789	+	2784	3062
27790	+	2784	3063
27792	+	2784	7449
27793	+	2785	2981
27794	+	2785	3062
27796	+	2785	7449
27798	+	2786	2915
27801	+	2786	3016
27812	+	2790	2949
27813	+	2790	2974
27815	+	2790	3026
27817	+	2790	3772
27819	+	2790	5401
27820	+	2790	5412
27822	+	2790	6125
27823	+	2790	6161
27836	+	2793	3008
27842	+	2793	5847
27859	+	2796	3652
27860	+	2796	3812
27861	+	2796	3822
27865	+	2796	4451
27866	+	2796	4876
27867	+	2796	4882
27868	+	2796	4929
27871	+	2796	5356
27875	+	2796	6837
27909	+	2801	2973
27911	+	2802	2821
27913	+	2802	2991
27914	+	2802	3028
27915	+	2802	3058
27916	+	2802	3279
27920	+	2802	3818
27921	+	2802	3899
27922	+	2802	3903
27923	+	2802	4191
27924	+	2802	4503
27925	+	2802	4834
27926	+	2802	4965
27927	+	2802	4987
27928	+	2802	5239
27931	+	2802	6100
27932	+	2802	6153
27933	+	2802	6913
27934	+	2803	3069
27936	+	2803	4109
27937	+	2803	4122
27938	+	2803	4191
27939	+	2803	4503
27940	+	2804	2988
27941	+	2804	3229
27956	+	2806	2964
27957	+	2806	4577
28040	+	2821	3058
28047	+	2821	4821
28049	+	2821	4965
28053	+	2821	6153
28055	+	2821	6559
28143	+	2826	7469
28154	+	2831	6763
28262	+	2854	2915
28263	+	2854	3016
28273	+	2854	5605
28276	+	2854	6081
28322	+	2862	6585
28324	+	2864	5930
28325	+	2864	7462
28326	+	2864	7492
28347	+	2869	2997
28349	+	2869	4087
28350	+	2869	4369
28351	+	2869	4547
28355	+	2869	5873
28356	+	2869	5911
28361	+	2869	6559
28365	+	2869	7303
28406	+	2879	3068
28413	+	2879	5205
28414	+	2879	5209
28415	+	2879	6164
28421	+	2880	4651
28426	+	2881	2914
28428	+	2881	3904
28465	+	2887	4966
28469	+	2887	5986
28470	+	2887	5998
28474	+	2888	7481
28549	+	2896	7172
28651	+	2906	2946
28653	+	2906	6953
28654	+	2906	7493
28742	+	2911	3465
28744	+	2911	3523
28750	+	2911	4555
28751	+	2911	4819
28753	+	2911	6130
28754	+	2911	7461
28769	+	2914	2915
28770	+	2914	3041
28772	+	2914	3727
28773	+	2914	3904
28774	+	2914	4152
28775	+	2914	4199
28776	+	2914	5388
28780	+	2914	5887
28781	+	2914	6009
28782	+	2914	6670
28784	+	2915	2928
28785	+	2915	3016
28786	+	2915	3041
28788	+	2915	4199
28956	+	2940	3675
28962	+	2940	4593
28963	+	2940	4613
28973	+	2941	3675
28976	+	2941	4613
29006	+	2946	3820
29007	+	2946	3831
29008	+	2946	4124
29038	+	2949	3041
29043	+	2949	3772
29045	+	2949	3808
29046	+	2949	3820
29047	+	2949	3831
29048	+	2949	3904
29050	+	2949	4152
29051	+	2949	4197
29052	+	2949	4207
29054	+	2949	5162
29055	+	2949	5170
29057	+	2949	5388
29058	+	2949	5401
29059	+	2949	5433
29061	+	2949	5626
29063	+	2949	5989
29064	+	2949	6185
29065	+	2949	6981
29138	+	2964	3035
29141	+	2964	4824
29142	+	2964	5071
29146	+	2964	6432
29147	+	2964	6742
29217	+	2973	3787
29221	+	2973	4992
29222	+	2973	5786
29223	+	2973	6178
29229	+	2975	2987
29230	+	2975	3352
29234	+	2975	4852
29235	+	2975	4966
29237	+	2975	5956
29238	+	2975	5966
29239	+	2975	5986
29240	+	2975	5998
29362	+	2987	2997
29363	+	2987	3327
29364	+	2987	3328
29366	+	2987	3461
29367	+	2987	4188
29368	+	2987	4457
29369	+	2987	4979
29370	+	2987	5153
29372	+	2987	5986
29376	+	2991	3058
29377	+	2991	3236
29386	+	2991	4821
29388	+	2991	4965
29391	+	2991	5612
29417	+	2997	3522
29418	+	2997	5986
29462	+	3005	4967
29464	+	3005	5764
29471	+	3008	3009
29473	+	3008	3198
29474	+	3008	3385
29479	+	3008	3789
29480	+	3008	3798
29482	+	3008	3814
29485	+	3008	4611
29487	+	3008	6996
29489	+	3009	3198
29492	+	3009	3789
29493	+	3009	3798
29494	+	3009	3814
29496	+	3009	4543
29497	+	3009	4611
29502	+	3009	6482
29503	+	3009	6493
29504	+	3009	6996
29566	+	3023	4133
29571	+	3023	4377
29574	+	3023	4909
29576	+	3023	5205
29578	+	3023	6164
29579	+	3023	6583
29600	+	3026	4729
29603	+	3026	5071
29606	+	3026	6230
29607	+	3028	3058
29608	+	3028	3069
29612	+	3028	4119
29623	+	3030	6530
29682	+	3035	3797
29685	+	3035	6432
29687	+	3035	7019
29696	+	3036	5437
29742	+	3041	3904
29743	+	3041	4199
29744	+	3041	5388
29745	+	3041	5401
29748	+	3041	5539
29761	+	3044	4651
29833	+	3058	3099
29838	+	3058	3899
29839	+	3058	4191
29843	+	3058	4503
29844	+	3058	4559
29845	+	3058	4821
29846	+	3058	4834
29847	+	3058	4965
29848	+	3058	5239
29849	+	3058	7015
29915	+	3063	5930
29916	+	3063	5942
29923	+	3068	4744
29927	+	3068	5205
29929	+	3069	3448
29931	+	3069	4109
29933	+	3069	4191
29935	+	3069	4503
29936	+	3069	4632
29938	+	3069	5239
29940	+	3069	7352
29941	+	3069	7420
30003	+	3081	3821
30004	+	3081	3934
30008	+	3081	4670
30009	+	3081	5336
30025	+	3085	3307
30028	+	3085	7158
30041	+	3089	3231
30043	+	3089	3793
30046	+	3089	4586
30048	+	3089	5489
30049	+	3089	5926
30060	+	3090	4301
30063	+	3090	4411
30071	+	3090	5873
30084	+	3093	3123
30086	+	3093	3200
30088	+	3093	3259
30124	+	3099	3934
30125	+	3099	4089
30126	+	3099	4091
30127	+	3099	4364
30130	+	3099	4547
30132	+	3099	4621
30133	+	3099	4674
30134	+	3099	4694
30137	+	3099	4975
30142	+	3099	5260
30148	+	3099	5389
30149	+	3099	5391
30154	+	3099	6117
30163	+	3101	7070
30242	+	3118	5305
30282	+	3123	3259
30283	+	3123	4364
30444	+	3136	7375
30463	+	3142	4593
30465	+	3142	5344
30466	+	3142	5901
30467	+	3142	5909
30478	+	3144	3307
30480	+	3144	7158
30541	+	3153	3659
30580	+	3163	3249
30581	+	3163	3254
30583	+	3163	3337
30755	+	3181	4131
30756	+	3181	4381
30758	+	3181	5071
30760	+	3181	6230
30761	+	3181	6836
30871	+	3188	3253
30875	+	3188	3493
30880	+	3188	4474
30979	+	3193	6552
30980	+	3194	3947
30982	+	3194	5715
30988	+	3194	6432
31014	+	3198	3321
31018	+	3198	3463
31021	+	3198	3493
31030	+	3198	3684
31032	+	3198	3762
31044	+	3198	4332
31045	+	3198	4474
31054	+	3198	4964
31059	+	3198	5272
31060	+	3198	5305
31062	+	3198	5344
31065	+	3198	5952
31075	+	3199	3463
31080	+	3199	3762
31085	+	3199	5344
31087	+	3200	3259
31090	+	3200	4364
31120	+	3202	3249
31121	+	3202	3276
31153	+	3212	3307
31155	+	3212	7158
31218	+	3220	6162
31219	+	3220	6194
31240	+	3223	5374
31242	+	3224	3252
31244	+	3225	5298
31246	+	3225	7307
31247	+	3225	7488
31248	+	3226	3313
31250	+	3226	4558
31252	+	3226	7324
31295	+	3231	3352
31298	+	3231	3793
31304	+	3231	4966
31305	+	3231	5986
31318	+	3236	4131
31321	+	3236	4465
31324	+	3236	4627
31325	+	3236	4651
31329	+	3236	5009
31457	+	3249	3254
31458	+	3249	3276
31461	+	3249	3337
31464	+	3249	3595
31493	+	3254	3337
31496	+	3254	3594
31497	+	3254	3595
31567	+	3259	4364
31568	+	3259	4367
31569	+	3259	4372
31573	+	3259	4694
31734	+	3278	4131
31736	+	3278	5071
31738	+	3279	4126
31739	+	3279	5071
31872	+	3299	3321
31873	+	3299	3463
31881	+	3299	4332
31884	+	3299	5272
31885	+	3299	5305
31890	+	3302	4301
31897	+	3302	5752
31994	+	3307	3730
31997	+	3307	6648
31998	+	3307	7131
31999	+	3307	7158
32000	+	3307	7165
32060	+	3313	4263
32061	+	3313	4264
32063	+	3313	7034
32097	+	3321	3463
32104	+	3321	4332
32106	+	3321	4964
32108	+	3321	5272
32109	+	3321	5305
32124	+	3324	4451
32133	+	3327	3352
32140	+	3327	4852
32141	+	3327	4966
32143	+	3327	5956
32144	+	3327	5966
32146	+	3327	5986
32147	+	3327	5998
32150	+	3328	3352
32156	+	3328	4966
32159	+	3328	5986
32184	+	3332	5998
32192	+	3335	4839
32194	+	3335	5986
32216	+	3337	4241
32218	+	3337	5424
32277	+	3352	3352
32280	+	3352	3522
32287	+	3352	4162
32288	+	3352	4188
32293	+	3352	4237
32295	+	3352	4301
32297	+	3352	4457
32299	+	3352	4557
32300	+	3352	4619
32304	+	3352	4839
32306	+	3352	4947
32307	+	3352	4966
32308	+	3352	4979
32310	+	3352	5108
32311	+	3352	5153
32313	+	3352	5403
32314	+	3352	5468
32315	+	3352	5470
32316	+	3352	5473
32318	+	3352	5564
32319	+	3352	5583
32320	+	3352	5585
32321	+	3352	5593
32322	+	3352	5896
32323	+	3352	5954
32325	+	3352	5986
32326	+	3352	6026
32400	+	3365	4946
32401	+	3365	5622
32403	+	3365	5764
32405	+	3365	6189
32407	+	3366	5903
32408	+	3366	7301
32465	+	3371	3504
32478	+	3375	7497
32567	+	3385	3789
32568	+	3385	3798
32573	+	3385	7375
32586	+	3387	5585
32587	+	3387	6782
32797	+	3430	3536
32815	+	3437	4147
32818	+	3437	4797
32819	+	3437	4803
32821	+	3437	6263
32856	+	3440	5986
32857	+	3441	3520
32861	+	3441	6447
32893	+	3448	4131
32894	+	3448	4381
32895	+	3448	5071
32896	+	3448	5942
32916	+	3455	4593
32918	+	3455	5901
32919	+	3455	5909
32923	+	3456	3762
32936	+	3460	4055
32937	+	3460	4076
32944	+	3461	4966
32946	+	3461	5986
32950	+	3462	4091
32958	+	3463	3514
32963	+	3463	3731
32969	+	3463	4151
32976	+	3463	4964
32977	+	3463	5138
32979	+	3463	5272
32981	+	3463	5305
32982	+	3463	5344
32983	+	3463	6307
32987	+	3465	5986
33000	+	3470	7375
33038	+	3481	6407
33039	+	3481	6843
33172	+	3493	4219
33173	+	3493	4668
33174	+	3493	5897
33177	+	3493	7460
33266	+	3504	4369
33277	+	3510	6730
33305	+	3520	6447
33316	+	3522	4852
33318	+	3522	5956
33319	+	3522	5966
33321	+	3522	5986
33322	+	3522	5998
33328	+	3523	4966
33330	+	3523	5986
33332	+	3523	7423
33386	+	3535	4109
33387	+	3535	4682
33388	+	3535	4789
33389	+	3535	4803
33390	+	3535	5574
33594	+	3552	6389
33616	+	3557	4010
33657	+	3568	3691
33658	+	3568	3789
33660	+	3568	3814
33662	+	3568	5305
33870	+	3583	3789
33874	+	3583	6535
33946	+	3594	3595
33953	+	3595	5579
34007	+	3599	3683
34122	+	3611	3684
34129	+	3611	5952
34131	+	3611	6800
34184	+	3622	3815
34185	+	3622	3819
34325	+	3629	3870
34328	+	3629	3990
34464	+	3644	4886
34473	+	3644	6494
34474	+	3644	7295
34476	+	3646	4108
34477	+	3646	4127
34478	+	3646	4129
34480	+	3646	4378
34481	+	3646	4385
34482	+	3646	4967
34483	+	3646	5209
34485	+	3646	6164
34521	+	3649	3820
34522	+	3649	3831
34544	+	3652	3812
34546	+	3652	3925
34558	+	3652	6837
34563	+	3654	7387
34589	+	3662	5119
34591	+	3662	5998
34594	+	3662	7041
34595	+	3662	7217
34601	+	3663	3821
34602	+	3663	3840
34608	+	3663	5336
34622	+	3664	6494
34623	+	3664	7041
34624	+	3664	7295
34635	+	3666	4621
34651	+	3673	5294
34652	+	3673	7200
34656	+	3675	3676
34657	+	3675	3823
34659	+	3675	4533
34660	+	3675	4702
34663	+	3675	5951
34667	+	3675	6891
34668	+	3675	7477
34669	+	3676	4202
34670	+	3676	4809
34672	+	3676	7127
34673	+	3677	7504
34741	+	3684	3990
34745	+	3684	5952
34747	+	3684	6800
34868	+	3691	4151
34872	+	3691	4964
34873	+	3691	5272
34955	+	3702	4119
34960	+	3702	5020
34964	+	3702	5710
34965	+	3702	6077
34968	+	3704	3877
35059	+	3727	3831
35067	+	3729	4478
35069	+	3730	7158
35070	+	3730	7165
35302	+	3753	4886
35307	+	3753	5672
35314	+	3753	6494
35394	+	3762	4152
35395	+	3762	7439
35396	+	3762	7459
35397	+	3762	7463
35436	+	3772	5170
35437	+	3772	5401
35451	+	3776	3842
35454	+	3777	3872
35455	+	3777	7457
35482	+	3785	6494
35484	+	3785	7133
35486	+	3785	7295
35507	+	3789	3798
35508	+	3789	3814
35510	+	3789	4543
35511	+	3789	4611
35515	+	3789	6482
35516	+	3789	6996
35517	+	3790	5743
35527	+	3793	4586
35529	+	3793	5926
35541	+	3797	3903
35542	+	3797	3948
35543	+	3797	4140
35544	+	3797	4687
35545	+	3797	4809
35546	+	3797	4824
35547	+	3797	4851
35548	+	3797	4986
35550	+	3797	5625
35554	+	3797	6100
35555	+	3797	6153
35556	+	3797	6162
35557	+	3797	6194
35559	+	3797	6432
35560	+	3797	6559
35561	+	3797	6816
35562	+	3797	6848
35563	+	3797	6870
35564	+	3797	6930
35565	+	3797	7019
35566	+	3797	7077
35567	+	3797	7147
35568	+	3797	7150
35569	+	3797	7184
35571	+	3798	3814
35572	+	3798	4611
35575	+	3798	6996
35576	+	3800	3910
35577	+	3800	6430
35599	+	3806	5743
35604	+	3808	3904
35605	+	3808	5388
35643	+	3812	3925
35651	+	3812	4891
35662	+	3814	5305
35668	+	3815	5952
35684	+	3818	4687
35686	+	3818	5527
35689	+	3818	6153
35691	+	3818	6432
35692	+	3818	6559
35693	+	3818	7019
35697	+	3820	3831
35698	+	3820	4592
35700	+	3820	6185
35704	+	3821	4368
35710	+	3821	5961
35711	+	3821	6409
35713	+	3822	3925
35770	+	3831	4124
35771	+	3831	4592
35772	+	3831	6185
35783	+	3838	6432
35784	+	3838	7019
35808	+	3840	5285
35809	+	3840	5495
35810	+	3840	5544
35811	+	3840	5594
35813	+	3840	5697
35814	+	3840	6084
35823	+	3842	4040
35825	+	3842	5932
35826	+	3842	6042
35983	+	3867	4855
35998	+	3872	7444
35999	+	3872	7457
36285	+	3899	4821
36287	+	3899	5612
36292	+	3903	4687
36294	+	3903	5715
36297	+	3903	6153
36298	+	3903	6162
36299	+	3903	6194
36301	+	3903	6432
36302	+	3903	7019
36304	+	3904	4152
36305	+	3904	4199
36306	+	3904	5388
36307	+	3904	5539
36308	+	3904	6009
36316	+	3907	5622
36508	+	3922	5277
36510	+	3922	5504
36512	+	3922	5718
36514	+	3922	5867
36515	+	3922	5876
36517	+	3922	6426
36620	+	3929	4369
36622	+	3929	5366
36624	+	3929	5816
36625	+	3929	5902
36734	+	3947	5255
36735	+	3947	5303
36736	+	3947	5715
36739	+	3947	6133
36741	+	3947	6334
36742	+	3947	6363
36743	+	3947	6378
36746	+	3948	4851
36751	+	3948	6432
36752	+	3948	7184
36783	+	3957	3963
36785	+	3957	4108
36786	+	3957	4111
36794	+	3957	4909
36796	+	3957	4960
36802	+	3957	5209
36804	+	3957	6164
36857	+	3963	4108
36858	+	3963	4111
36859	+	3963	4125
36860	+	3963	4127
36861	+	3963	4133
36867	+	3963	4853
36868	+	3963	4909
36872	+	3963	4960
36873	+	3963	4967
36875	+	3963	5072
36881	+	3963	5204
36882	+	3963	5209
36883	+	3963	5250
36886	+	3963	6164
36887	+	3963	6188
37171	+	3990	6130
37366	+	4010	5161
37403	+	4027	4750
37409	+	4027	5620
37411	+	4027	5800
37413	+	4027	5876
37415	+	4027	6040
37416	+	4027	6111
37424	+	4029	4174
37425	+	4029	5162
37428	+	4029	5544
37429	+	4029	5546
37430	+	4029	5594
37435	+	4029	7337
37440	+	4030	5710
37453	+	4036	4369
37454	+	4036	5277
37457	+	4036	5406
37462	+	4036	7200
37489	+	4046	4108
37490	+	4046	4111
37491	+	4046	4127
37493	+	4046	4385
37494	+	4046	4909
37496	+	4046	5209
37497	+	4046	6164
37498	+	4046	6188
37499	+	4046	6583
37500	+	4046	7144
37513	+	4048	5710
37538	+	4055	4076
37541	+	4055	4256
37543	+	4055	6569
37654	+	4072	4373
37664	+	4072	5585
37665	+	4072	5593
37666	+	4072	6026
37682	+	4074	5773
37683	+	4074	6252
37690	+	4076	4256
37716	+	4084	4313
37730	+	4084	5873
37736	+	4085	5950
37761	+	4087	5421
37766	+	4089	4364
37778	+	4089	5818
37782	+	4090	7272
37784	+	4091	4171
37785	+	4091	4173
37786	+	4091	4188
37790	+	4091	4294
37791	+	4091	4301
37792	+	4091	4411
37793	+	4091	4457
37795	+	4091	4621
37797	+	4091	4839
37799	+	4091	4947
37803	+	4091	5582
37804	+	4091	5583
37805	+	4091	5585
37806	+	4091	5593
37807	+	4091	5822
37808	+	4091	5853
37809	+	4091	5957
37814	+	4091	7011
37914	+	4108	4111
37915	+	4108	4125
37916	+	4108	4127
37917	+	4108	4129
37918	+	4108	4133
37919	+	4108	4195
37920	+	4108	4206
37921	+	4108	4213
37922	+	4108	4217
37925	+	4108	4309
37927	+	4108	4385
37938	+	4108	4960
37939	+	4108	4998
37942	+	4108	5071
37943	+	4108	5072
37946	+	4108	5123
37951	+	4108	5187
37952	+	4108	5196
37954	+	4108	5204
37955	+	4108	5209
37956	+	4108	5250
37959	+	4108	6164
37960	+	4108	6797
37964	+	4109	4632
37965	+	4109	5239
37967	+	4109	7420
37968	+	4111	4125
37969	+	4111	4127
37970	+	4111	4129
37971	+	4111	4195
37972	+	4111	4196
37973	+	4111	4217
37976	+	4111	4309
37978	+	4111	4377
37986	+	4111	4960
37987	+	4111	4962
37989	+	4111	5072
37990	+	4111	5081
37991	+	4111	5123
37994	+	4111	5187
37995	+	4111	5204
37996	+	4111	5209
37997	+	4111	6164
37998	+	4111	6583
37999	+	4111	6729
38000	+	4111	6732
38001	+	4111	6797
38017	+	4112	5764
38031	+	4116	4117
38032	+	4116	4119
38048	+	4116	4744
38050	+	4116	4853
38051	+	4116	4855
38059	+	4116	5210
38063	+	4116	6317
38066	+	4117	4744
38067	+	4117	4855
38072	+	4117	6317
38085	+	4119	4744
38086	+	4119	4855
38088	+	4119	4909
38090	+	4119	4960
38091	+	4119	4975
38095	+	4119	5187
38096	+	4119	5209
38097	+	4119	5210
38100	+	4119	5248
38101	+	4119	5250
38104	+	4119	6293
38105	+	4119	6317
38106	+	4119	6683
38111	+	4121	4386
38114	+	4122	4191
38115	+	4122	5239
38116	+	4122	7420
38138	+	4124	7118
38139	+	4125	4129
38140	+	4125	4196
38141	+	4125	4213
38142	+	4125	4217
38146	+	4125	4909
38147	+	4125	4967
38150	+	4125	5209
38151	+	4125	6164
38152	+	4125	6188
38153	+	4125	6797
38154	+	4126	4343
38155	+	4126	4373
38157	+	4126	6903
38158	+	4127	4128
38159	+	4127	4129
38161	+	4127	4195
38162	+	4127	4196
38163	+	4127	4217
38167	+	4127	4306
38168	+	4127	4309
38169	+	4127	4377
38170	+	4127	4385
38171	+	4127	4853
38172	+	4127	4857
38173	+	4127	4909
38175	+	4127	4962
38176	+	4127	4998
38177	+	4127	5072
38179	+	4127	5187
38180	+	4127	5209
38181	+	4127	5247
38182	+	4127	5672
38183	+	4127	6164
38184	+	4127	6188
38185	+	4127	6568
38186	+	4127	6583
38187	+	4127	6590
38188	+	4127	6729
38189	+	4127	6732
38190	+	4127	6733
38191	+	4127	6745
38192	+	4127	6797
38193	+	4127	6832
38194	+	4127	6857
38195	+	4127	6912
38196	+	4127	6920
38197	+	4127	7036
38198	+	4127	7144
38199	+	4127	7217
38203	+	4129	4196
38204	+	4129	4213
38208	+	4129	4377
38210	+	4129	4853
38211	+	4129	4909
38212	+	4129	4967
38215	+	4129	5209
38216	+	4129	6164
38217	+	4129	6188
38218	+	4129	6497
38219	+	4129	7036
38225	+	4131	4381
38231	+	4131	6202
38232	+	4131	6203
38233	+	4131	6230
38234	+	4131	7118
38235	+	4131	7183
38238	+	4133	4195
38239	+	4133	4217
38242	+	4133	4377
38247	+	4133	5123
38248	+	4133	5209
38250	+	4133	6164
38251	+	4133	6188
38252	+	4133	6583
38253	+	4133	6590
38254	+	4133	6729
38255	+	4133	6732
38256	+	4133	7036
38264	+	4136	5594
38266	+	4136	5884
38286	+	4140	4687
38289	+	4140	5527
38295	+	4140	6559
38296	+	4140	7019
38477	+	4151	4332
38479	+	4151	4964
38480	+	4151	5272
38481	+	4151	5305
38482	+	4151	5344
38485	+	4152	4199
38486	+	4152	5388
38487	+	4152	5539
38641	+	4162	4966
38644	+	4162	5986
38706	+	4170	6399
38709	+	4171	4966
38735	+	4173	4839
38736	+	4173	4947
38740	+	4173	5583
38741	+	4173	5585
38742	+	4173	5593
38743	+	4173	5957
38761	+	4174	5234
38762	+	4174	5544
38764	+	4174	5622
38765	+	4174	5626
38774	+	4174	7452
38775	+	4174	7507
38814	+	4181	5071
38816	+	4181	6164
38817	+	4181	6836
38853	+	4188	4839
38854	+	4188	4947
38855	+	4188	4966
38859	+	4188	5583
38860	+	4188	5585
38861	+	4188	5593
38862	+	4188	5956
38863	+	4188	5957
38864	+	4188	5966
38865	+	4188	5986
38866	+	4188	5998
38868	+	4188	6026
38877	+	4191	4821
38879	+	4191	7420
38882	+	4195	4377
38883	+	4195	4385
38887	+	4195	4909
38890	+	4195	5209
38891	+	4195	6164
38892	+	4195	6188
38893	+	4195	6583
38894	+	4195	7217
38896	+	4196	4385
38898	+	4196	4967
38901	+	4196	5209
38903	+	4196	6164
38905	+	4197	5170
38906	+	4197	5401
38907	+	4197	5433
38915	+	4199	5388
38916	+	4199	5539
38917	+	4199	6009
38921	+	4202	4702
38925	+	4202	6133
38926	+	4202	7127
38946	+	4206	4378
38956	+	4206	7144
38969	+	4213	4378
38970	+	4213	4967
38972	+	4213	6164
39037	+	4217	4377
39038	+	4217	4378
39039	+	4217	4385
39043	+	4217	4909
39046	+	4217	5209
39047	+	4217	6164
39048	+	4217	6188
39049	+	4217	6583
39050	+	4217	7217
39074	+	4219	4474
39082	+	4221	6001
39320	+	4237	4966
39323	+	4237	5986
39325	+	4239	5986
39329	+	4241	4442
39456	+	4261	4641
39458	+	4263	4281
39459	+	4263	4370
39463	+	4264	4370
39769	+	4285	5363
39770	+	4285	5385
39771	+	4285	5406
39778	+	4285	6240
39779	+	4285	7001
39802	+	4294	4839
39804	+	4294	4947
39813	+	4294	6963
39829	+	4300	5622
39835	+	4301	4557
39840	+	4301	4832
39841	+	4301	4979
39843	+	4301	5199
39847	+	4301	5466
39849	+	4301	5574
39850	+	4301	5873
39852	+	4301	6014
39853	+	4301	6158
39867	+	4306	4385
39868	+	4306	4909
39870	+	4306	5209
39871	+	4306	6164
39872	+	4306	6583
39875	+	4307	7457
39879	+	4308	5098
39881	+	4308	6005
39883	+	4309	4385
39889	+	4309	4909
39897	+	4309	5209
39898	+	4309	6164
39899	+	4309	6583
39921	+	4313	4966
39923	+	4313	5986
39924	+	4313	5998
40050	+	4328	5583
40051	+	4328	5585
40052	+	4328	5957
40054	+	4328	6628
40064	+	4332	4964
40065	+	4332	5138
40067	+	4332	5305
40068	+	4332	5344
40069	+	4332	6307
40148	+	4343	4373
40150	+	4343	5111
40151	+	4343	6706
40258	+	4360	5581
40262	+	4360	6159
40263	+	4360	6409
40268	+	4364	4694
40290	+	4366	5262
40293	+	4367	4694
40302	+	4368	4855
40305	+	4368	5336
40306	+	4368	5374
40315	+	4369	4535
40316	+	4369	4780
40317	+	4369	5366
40336	+	4372	4789
40343	+	4372	5584
40348	+	4373	5098
40350	+	4373	6005
40360	+	4377	4909
40362	+	4377	5072
40363	+	4377	5209
40365	+	4377	6164
40366	+	4377	6188
40367	+	4377	6583
40368	+	4377	6590
40369	+	4377	6729
40370	+	4377	6732
40371	+	4377	6797
40372	+	4377	7036
40374	+	4378	4857
40375	+	4378	4960
40376	+	4378	4962
40378	+	4378	5072
40379	+	4378	5123
40380	+	4378	5197
40381	+	4378	5204
40382	+	4378	6164
40383	+	4378	6967
40388	+	4381	4909
40391	+	4381	5209
40393	+	4381	6164
40394	+	4381	6202
40395	+	4381	6203
40396	+	4381	6836
40397	+	4381	7118
40398	+	4381	7171
40399	+	4381	7183
40400	+	4381	7272
40454	+	4385	4909
40456	+	4385	4962
40457	+	4385	5072
40458	+	4385	5081
40460	+	4385	5187
40461	+	4385	5196
40462	+	4385	5209
40463	+	4385	6164
40464	+	4385	6583
40465	+	4385	6590
40466	+	4385	6729
40467	+	4385	6732
40468	+	4385	6733
40469	+	4385	6744
40470	+	4385	6745
40471	+	4385	6748
40472	+	4385	6832
40473	+	4385	6857
40474	+	4385	6887
40475	+	4385	6912
40476	+	4385	6920
40477	+	4385	7036
40480	+	4386	7405
40489	+	4389	5955
40490	+	4389	5986
40756	+	4411	4535
40760	+	4411	4780
41011	+	4441	4674
41014	+	4441	4800
41016	+	4441	5127
41019	+	4441	5391
41023	+	4441	6387
41024	+	4441	6810
41028	+	4443	5027
41185	+	4457	4839
41186	+	4457	4947
41187	+	4457	4966
41190	+	4457	5585
41191	+	4457	5593
41192	+	4457	5956
41193	+	4457	5957
41194	+	4457	5966
41195	+	4457	5998
41196	+	4457	6026
41248	+	4464	6760
41251	+	4465	4627
41253	+	4465	4651
41298	+	4468	4557
41321	+	4474	4668
41325	+	4474	5897
41326	+	4474	6307
41328	+	4474	7460
41339	+	4478	4498
41340	+	4478	5903
41341	+	4478	6875
41349	+	4479	4800
41401	+	4486	4499
41402	+	4486	4517
41405	+	4486	6870
41406	+	4486	7201
41407	+	4487	4495
41410	+	4487	4712
41446	+	4495	4712
41457	+	4498	6875
41467	+	4503	4821
41468	+	4503	5612
41672	+	4517	5292
41673	+	4517	7201
41737	+	4533	7123
41742	+	4535	4780
41747	+	4535	5219
41748	+	4535	5873
41757	+	4538	7496
41775	+	4547	5956
41779	+	4547	7303
41786	+	4550	5738
41787	+	4551	4711
41789	+	4551	4797
41790	+	4551	5175
41791	+	4551	6017
41795	+	4557	4839
41797	+	4557	4947
41802	+	4557	5421
41804	+	4557	5470
41807	+	4557	5583
41808	+	4557	5593
41809	+	4557	5873
41810	+	4557	5896
41815	+	4558	6586
41818	+	4558	7289
41820	+	4558	7329
41823	+	4559	7364
41824	+	4560	6400
41825	+	4560	6401
41830	+	4561	5199
41911	+	4579	4721
42041	+	4593	5909
42043	+	4593	6307
42066	+	4598	5071
42127	+	4613	6211
42155	+	4619	4966
42171	+	4621	5260
42173	+	4621	5389
42175	+	4621	5583
42176	+	4621	5585
42178	+	4621	7100
42206	+	4626	6077
42211	+	4629	4651
42264	+	4639	5495
42494	+	4670	4882
42495	+	4670	4929
42496	+	4670	5071
42498	+	4670	5285
42508	+	4674	4800
42519	+	4674	6387
42521	+	4674	7478
42538	+	4681	5752
42550	+	4682	5404
42584	+	4687	4809
42591	+	4687	6100
42592	+	4687	6133
42593	+	4687	6162
42597	+	4687	6417
42598	+	4687	6432
42599	+	4687	6464
42600	+	4687	6742
42601	+	4687	6870
42602	+	4687	7019
42603	+	4687	7184
42618	+	4692	4803
42622	+	4694	7125
42633	+	4700	5449
42698	+	4729	5071
42701	+	4729	7170
42702	+	4729	7171
42703	+	4729	7183
42810	+	4744	4855
42813	+	4744	5205
42814	+	4744	5210
42817	+	4744	5886
42819	+	4744	6317
42834	+	4747	4953
42838	+	4747	6668
42860	+	4750	5277
42861	+	4750	5406
42864	+	4750	6036
42865	+	4750	6040
42870	+	4750	7021
42872	+	4750	7288
42873	+	4750	7305
42995	+	4780	4839
43001	+	4780	5873
43002	+	4780	5986
43009	+	4780	7464
43012	+	4781	5203
43041	+	4789	6161
43055	+	4792	5764
43082	+	4797	7352
43084	+	4798	5995
43085	+	4800	5127
43090	+	4800	5278
43096	+	4800	5752
43097	+	4800	5767
43101	+	4800	6706
43102	+	4800	6810
43103	+	4800	7051
43108	+	4803	5530
43109	+	4803	5708
43132	+	4809	6162
43134	+	4809	6432
43135	+	4809	7019
43174	+	4819	4966
43177	+	4819	5986
43178	+	4819	5998
43185	+	4821	4834
43186	+	4821	4965
43188	+	4821	5239
43193	+	4823	7070
43194	+	4824	4851
43198	+	4824	5143
43201	+	4824	6162
43203	+	4824	7184
43208	+	4826	4836
43233	+	4834	5612
43240	+	4836	4967
43247	+	4839	4947
43250	+	4839	5468
43252	+	4839	5582
43253	+	4839	5583
43254	+	4839	5585
43255	+	4839	5822
43256	+	4839	5853
43258	+	4839	6117
43264	+	4839	7011
43281	+	4841	5211
43284	+	4843	4967
43306	+	4849	5489
43309	+	4851	4986
43313	+	4851	5143
43319	+	4852	4979
43320	+	4852	5153
43321	+	4852	5986
43322	+	4853	4855
43326	+	4853	4960
43331	+	4853	5204
43332	+	4853	5209
43333	+	4853	5210
43336	+	4853	5886
43337	+	4853	7217
43345	+	4855	5205
43346	+	4855	5208
43347	+	4855	5210
43350	+	4855	5248
43351	+	4855	5886
43359	+	4857	4960
43360	+	4857	4967
43364	+	4857	5209
43365	+	4857	5250
43367	+	4857	7144
43368	+	4857	7217
43371	+	4858	5203
43372	+	4858	5262
43375	+	4858	6158
43454	+	4876	5392
43455	+	4876	5836
43456	+	4876	6042
43457	+	4876	6296
43515	+	4882	4929
43518	+	4882	5247
43520	+	4882	5356
43521	+	4882	5358
43522	+	4882	5397
43536	+	4886	5119
43547	+	4886	6494
43549	+	4886	7041
43550	+	4886	7217
43681	+	4909	5072
43682	+	4909	5081
43683	+	4909	5209
43684	+	4909	5247
43685	+	4909	5672
43686	+	4909	6164
43687	+	4909	6568
43688	+	4909	6583
43689	+	4909	6590
43690	+	4909	6729
43691	+	4909	6732
43692	+	4909	6733
43693	+	4909	6797
43694	+	4909	7036
43695	+	4909	7144
43696	+	4909	7217
43701	+	4912	7100
43772	+	4929	5247
43774	+	4929	5356
43775	+	4929	5358
43776	+	4929	5397
43914	+	4943	6831
43921	+	4946	5161
43924	+	4946	5622
43926	+	4946	5764
43928	+	4946	6524
43932	+	4947	5583
43933	+	4947	5585
43934	+	4947	5853
43935	+	4947	5957
43939	+	4947	7011
44003	+	4953	6668
44006	+	4954	5191
44013	+	4954	6005
44044	+	4960	4967
44052	+	4960	5204
44054	+	4960	5250
44057	+	4960	6164
44058	+	4960	7217
44060	+	4962	5209
44061	+	4962	6164
44062	+	4962	6188
44063	+	4962	6583
44064	+	4962	7144
44065	+	4963	5986
44067	+	4964	5138
44069	+	4964	5272
44071	+	4964	5305
44072	+	4964	5344
44074	+	4965	5239
44076	+	4965	5612
44077	+	4966	4979
44078	+	4966	5108
44079	+	4966	5153
44081	+	4966	5298
44082	+	4966	5403
44083	+	4966	5468
44084	+	4966	5470
44085	+	4966	5473
44086	+	4966	5564
44087	+	4966	5754
44088	+	4966	5896
44089	+	4966	5954
44090	+	4966	5986
44091	+	4966	5998
44093	+	4967	5068
44097	+	4967	6497
44098	+	4967	6972
44137	+	4979	5956
44138	+	4979	5966
44139	+	4979	5986
44140	+	4979	5998
44151	+	4986	5143
44158	+	4986	7184
44162	+	4987	6153
44163	+	4987	6162
44164	+	4987	6194
44167	+	4987	6432
44217	+	4998	5209
44218	+	4998	6164
44225	+	5000	6523
44226	+	5000	7353
44347	+	5020	5786
44348	+	5020	5816
44349	+	5020	6045
44430	+	5045	5150
44489	+	5057	7241
44516	+	5068	6836
44520	+	5071	6142
44522	+	5071	6202
44523	+	5071	6203
44524	+	5071	6230
44525	+	5071	6513
44526	+	5071	6564
44527	+	5071	7183
44530	+	5072	5209
44531	+	5072	6164
44532	+	5072	6188
44533	+	5072	6583
44534	+	5072	7144
44536	+	5074	6490
44552	+	5081	5209
44553	+	5081	6164
44562	+	5086	5277
44563	+	5086	5406
44565	+	5087	6050
44566	+	5089	5094
44567	+	5089	5128
44581	+	5094	5128
44586	+	5096	5457
44589	+	5096	6816
44590	+	5098	5111
44593	+	5098	6706
44594	+	5098	6976
44595	+	5098	7051
44601	+	5102	7144
44606	+	5108	5956
44607	+	5108	5986
44615	+	5111	5128
44620	+	5111	5710
44621	+	5111	5781
44627	+	5112	7116
44630	+	5114	6248
44640	+	5119	6494
44651	+	5123	5209
44652	+	5123	6164
44653	+	5123	6188
44662	+	5126	5336
44665	+	5126	5846
44678	+	5127	5986
44679	+	5127	6230
44680	+	5127	6387
44681	+	5127	6810
44682	+	5128	5191
44683	+	5128	5219
44685	+	5128	7116
44710	+	5138	5272
44711	+	5138	5305
44712	+	5138	5344
44764	+	5150	5569
44766	+	5150	6706
44773	+	5153	5956
44774	+	5153	5966
44775	+	5153	5986
44776	+	5153	5998
44800	+	5161	5367
44801	+	5161	5651
44802	+	5161	5764
44807	+	5162	5594
44809	+	5162	5672
44835	+	5170	5401
44837	+	5170	5989
44838	+	5170	6185
44839	+	5170	7188
44885	+	5187	5205
44886	+	5187	5209
44888	+	5187	5710
44889	+	5187	6164
44890	+	5187	6188
44892	+	5187	6583
44900	+	5191	5781
44924	+	5203	5381
44925	+	5205	5209
44927	+	5205	6164
44928	+	5205	7227
44929	+	5205	7505
44931	+	5208	6317
44936	+	5209	5247
44937	+	5209	5250
44940	+	5209	5672
44942	+	5209	6164
44943	+	5209	6188
44945	+	5209	6568
44946	+	5209	6583
44947	+	5209	6590
44948	+	5209	6729
44949	+	5209	6732
44950	+	5209	6733
44951	+	5209	6745
44952	+	5209	6797
44953	+	5209	6832
44954	+	5209	6857
44955	+	5209	6912
44956	+	5209	6920
44957	+	5209	7036
44958	+	5209	7144
44959	+	5209	7217
44962	+	5210	5248
44963	+	5210	5250
44964	+	5210	5886
44966	+	5210	6293
44967	+	5210	6317
44969	+	5210	6683
44989	+	5219	7116
45031	+	5225	5707
45033	+	5225	5914
45034	+	5225	6165
45061	+	5232	6129
45080	+	5239	5612
45090	+	5242	5721
45091	+	5242	7454
45101	+	5245	5605
45104	+	5245	6081
45110	+	5247	6164
45111	+	5248	5886
45117	+	5250	5886
45118	+	5250	6164
45119	+	5250	6293
45137	+	5255	5715
45139	+	5255	6363
45140	+	5255	6378
45164	+	5260	5389
45165	+	5260	5583
45180	+	5262	6158
45183	+	5262	6997
45210	+	5268	5986
45211	+	5268	7420
45240	+	5270	5345
45244	+	5270	5487
45249	+	5270	6136
45250	+	5270	6248
45251	+	5270	6306
45254	+	5272	5305
45255	+	5272	5344
45271	+	5277	5406
45272	+	5277	5504
45273	+	5277	5620
45277	+	5277	6063
45278	+	5277	6375
45279	+	5277	6691
45280	+	5277	6752
45281	+	5277	7040
45282	+	5277	7137
45283	+	5277	7305
45286	+	5278	6628
45287	+	5278	6706
45360	+	5285	5397
45365	+	5285	5697
45368	+	5285	5945
45379	+	5287	5336
45403	+	5294	7154
45404	+	5294	7160
45405	+	5294	7200
45442	+	5298	5998
45443	+	5298	7307
45481	+	5303	5715
45604	+	5330	6001
45637	+	5336	5836
45674	+	5345	5487
45679	+	5345	6136
45680	+	5345	6306
45689	+	5349	5767
45691	+	5349	6136
45729	+	5363	5406
45730	+	5363	5800
45731	+	5363	5876
45734	+	5363	6036
45736	+	5363	6298
45737	+	5363	6319
45738	+	5363	6448
45739	+	5363	7133
45742	+	5364	6888
45748	+	5366	5435
45749	+	5366	5816
45750	+	5366	5902
45751	+	5366	6045
45753	+	5366	6243
45763	+	5371	6208
45764	+	5371	6229
45765	+	5371	7508
45822	+	5383	5715
45837	+	5385	5698
45841	+	5385	6154
45842	+	5385	6909
45843	+	5385	7295
45856	+	5388	5539
45857	+	5388	6009
45858	+	5390	6469
45862	+	5391	5639
45863	+	5391	6117
45867	+	5392	5836
45869	+	5392	6042
45870	+	5392	6296
45925	+	5401	5989
45926	+	5401	6185
45927	+	5403	5956
45934	+	5406	5504
45935	+	5406	5718
45937	+	5406	5867
45938	+	5406	5876
45943	+	5406	6298
45944	+	5406	6395
45945	+	5406	6426
45947	+	5406	7305
45958	+	5408	5718
45961	+	5408	5859
45963	+	5408	6252
45964	+	5408	7288
45970	+	5412	5539
46020	+	5424	5947
46025	+	5426	6406
46026	+	5427	5475
46027	+	5427	6251
46047	+	5435	7217
46048	+	5435	7487
46075	+	5449	6132
46129	+	5466	5574
46132	+	5468	5593
46133	+	5468	5986
46146	+	5470	5956
46147	+	5470	5986
46151	+	5473	5956
46152	+	5473	5986
46161	+	5478	7185
46162	+	5478	7287
46179	+	5487	6136
46180	+	5487	6248
46181	+	5487	6306
46182	+	5487	6628
46189	+	5489	5926
46192	+	5490	5585
46194	+	5490	6628
46197	+	5491	5999
46209	+	5495	5544
46210	+	5495	5594
46211	+	5495	5697
46216	+	5495	7452
46217	+	5496	5733
46231	+	5504	5620
46234	+	5504	6111
46269	+	5508	5620
46271	+	5508	5999
46273	+	5508	6111
46322	+	5527	6133
46324	+	5527	6432
46325	+	5527	7019
46328	+	5530	5986
46334	+	5534	5620
46337	+	5534	6836
46357	+	5539	6009
46371	+	5542	5593
46372	+	5542	6026
46381	+	5544	6472
46405	+	5560	5672
46406	+	5560	5764
46408	+	5560	6486
46423	+	5564	5972
46431	+	5571	5572
46434	+	5571	7324
46435	+	5572	7324
46436	+	5573	5957
46437	+	5573	6026
46454	+	5581	5800
46460	+	5581	6656
46461	+	5582	5583
46462	+	5582	5585
46463	+	5582	5593
46467	+	5583	5585
46468	+	5583	5593
46469	+	5583	5822
46470	+	5583	5853
46471	+	5583	5957
46475	+	5583	7011
46476	+	5585	5593
46477	+	5585	5822
46478	+	5585	5853
46480	+	5585	5873
46481	+	5585	5954
46482	+	5585	5957
46483	+	5585	5994
46488	+	5585	6721
46489	+	5585	7011
46501	+	5593	5822
46502	+	5593	5853
46503	+	5593	5873
46504	+	5593	5957
46571	+	5618	5767
46575	+	5620	5836
46577	+	5620	5898
46579	+	5620	6111
46582	+	5620	6395
46584	+	5620	7137
46587	+	5621	6073
46588	+	5621	6081
46591	+	5622	5764
46600	+	5622	6472
46601	+	5622	6473
46603	+	5622	6656
46605	+	5622	6941
46606	+	5622	6946
46610	+	5625	6153
46613	+	5625	6432
46614	+	5625	7184
46615	+	5626	5709
46617	+	5626	5884
46665	+	5651	5672
46692	+	5662	5999
46695	+	5662	6376
46696	+	5662	6486
46711	+	5665	6248
46726	+	5671	6220
46727	+	5672	5764
46728	+	5672	5836
46730	+	5672	6164
46731	+	5672	6376
46732	+	5672	6494
46735	+	5672	6862
46736	+	5672	7220
46775	+	5691	7487
46788	+	5698	5800
46792	+	5698	7295
46793	+	5698	7519
46807	+	5705	5707
46815	+	5707	5914
46816	+	5707	6165
46817	+	5708	6263
46819	+	5710	7116
46825	+	5715	6133
46827	+	5715	6334
46828	+	5715	6363
46829	+	5715	6378
46830	+	5715	6432
46833	+	5716	5955
46835	+	5716	5972
46836	+	5716	5986
46839	+	5716	7303
46854	+	5727	6235
46855	+	5727	6236
46858	+	5729	6240
46894	+	5752	6628
46895	+	5752	6976
46897	+	5754	5986
46916	+	5761	5795
46923	+	5764	5999
46926	+	5764	6167
46929	+	5764	6946
46931	+	5767	6810
46996	+	5778	5779
46997	+	5778	5929
46998	+	5778	6525
46999	+	5778	6693
47000	+	5779	5929
47001	+	5779	6525
47019	+	5795	5929
47020	+	5795	6693
47058	+	5800	6036
47059	+	5800	6040
47061	+	5800	6298
47062	+	5800	6319
47063	+	5800	6448
47064	+	5800	6466
47066	+	5800	6656
47067	+	5800	6955
47068	+	5800	7218
47070	+	5801	6040
47072	+	5801	6298
47086	+	5811	5878
47087	+	5811	6295
47088	+	5811	6308
47089	+	5811	6562
47096	+	5816	6045
47097	+	5816	6243
47099	+	5816	7353
47109	+	5818	6493
47114	+	5822	6026
47127	+	5830	6153
47139	+	5835	5972
47140	+	5835	5986
47145	+	5836	6042
47147	+	5836	6129
47180	+	5847	6379
47196	+	5853	5957
47220	+	5873	6044
47222	+	5874	5986
47225	+	5876	6036
47227	+	5876	6298
47228	+	5876	6319
47229	+	5876	6448
47230	+	5876	6656
47232	+	5876	6941
47259	+	5886	6293
47260	+	5886	6317
47262	+	5887	6490
47269	+	5898	6041
47270	+	5898	6111
47281	+	5901	5909
47283	+	5901	6307
47285	+	5902	6243
47286	+	5902	7353
47290	+	5907	6153
47291	+	5907	6162
47292	+	5907	6194
47295	+	5907	6432
47299	+	5909	6307
47302	+	5911	6651
47304	+	5912	5986
47309	+	5914	6165
47336	+	5929	6271
47338	+	5929	6414
47339	+	5929	6525
47341	+	5930	7408
47342	+	5930	7419
47343	+	5930	7449
47344	+	5930	7462
47345	+	5930	7492
47381	+	5947	6205
47386	+	5951	5952
47389	+	5952	6800
47402	+	5954	5956
47403	+	5954	5986
47404	+	5954	5998
47406	+	5955	5986
47409	+	5955	7303
47410	+	5956	5986
47411	+	5956	6177
47412	+	5956	6277
47416	+	5957	6026
47418	+	5957	7125
47436	+	5966	5986
47437	+	5966	5998
47447	+	5971	6282
47448	+	5971	6302
47455	+	5976	6760
47477	+	5986	5998
47479	+	5986	6047
47482	+	5986	6715
47483	+	5986	6821
47484	+	5986	6995
47485	+	5986	7255
47486	+	5986	7340
47487	+	5986	7459
47503	+	5998	6715
47504	+	5999	6486
47505	+	5999	7414
47515	+	6005	7392
47548	+	6026	7011
47561	+	6036	6154
47565	+	6036	7041
47566	+	6036	7133
47574	+	6040	6298
47576	+	6040	7021
47577	+	6040	7087
47579	+	6042	6316
47608	+	6063	6375
47609	+	6063	6752
47610	+	6063	7137
47621	+	6073	6234
47622	+	6073	6269
47623	+	6073	6351
47624	+	6073	6714
47625	+	6073	7455
47631	+	6081	6268
47632	+	6081	6351
47646	+	6094	6544
47647	+	6094	7295
47656	+	6100	6153
47659	+	6100	6432
47660	+	6100	7019
47661	+	6100	7184
47664	+	6104	7469
47688	+	6111	6296
47692	+	6117	7125
47693	+	6121	6443
47694	+	6124	7243
47695	+	6129	6349
47701	+	6133	6153
47702	+	6133	6162
47703	+	6133	6194
47706	+	6133	6432
47707	+	6133	6559
47708	+	6133	7184
47747	+	6153	6334
47748	+	6153	7147
47749	+	6153	7208
47750	+	6154	6909
47752	+	6154	7087
47755	+	6155	7471
47759	+	6162	6194
47760	+	6162	6227
47763	+	6162	6432
47765	+	6162	7432
47768	+	6164	6188
47769	+	6164	6497
47770	+	6164	6568
47771	+	6164	6583
47772	+	6164	6729
47773	+	6164	6732
47774	+	6164	6733
47775	+	6164	6745
47776	+	6164	6797
47777	+	6164	6832
47778	+	6164	6912
47779	+	6164	6920
47780	+	6164	7036
47781	+	6164	7144
47782	+	6164	7217
47787	+	6167	6189
47788	+	6167	6473
47801	+	6180	6267
47806	+	6187	6357
47807	+	6188	6583
47808	+	6188	6590
47809	+	6188	6729
47810	+	6188	6732
47811	+	6188	6797
47812	+	6188	7036
47822	+	6194	6227
47825	+	6194	6432
47826	+	6194	7019
47828	+	6194	7432
47855	+	6223	6400
47862	+	6230	6432
47863	+	6230	6836
47864	+	6230	7170
47865	+	6230	7171
47866	+	6230	7272
47867	+	6235	6236
47870	+	6240	7001
47871	+	6240	7279
47886	+	6248	6628
47918	+	6276	6544
47924	+	6282	6302
47931	+	6293	7420
47932	+	6294	7364
47933	+	6295	6562
47942	+	6308	6562
47943	+	6310	6371
47948	+	6321	6782
47963	+	6334	6432
47964	+	6334	7019
47970	+	6354	6367
47987	+	6371	7172
47988	+	6371	7200
47992	+	6373	7513
47993	+	6375	6691
47994	+	6375	6752
47995	+	6375	7137
48012	+	6398	6824
48015	+	6398	7199
48016	+	6398	7200
48017	+	6407	6843
48018	+	6412	6494
48019	+	6412	7290
48020	+	6412	7295
48021	+	6412	7338
48022	+	6412	7368
48024	+	6414	6525
48032	+	6432	6559
48033	+	6432	6742
48034	+	6432	6848
48035	+	6432	6870
48036	+	6432	6913
48037	+	6432	7077
48038	+	6432	7147
48039	+	6432	7150
48040	+	6432	7184
48052	+	6451	7350
48061	+	6465	6782
48077	+	6493	6821
48078	+	6493	7311
48079	+	6493	7375
48082	+	6494	7041
48083	+	6494	7133
48084	+	6494	7290
48085	+	6498	7520
48102	+	6519	7451
48108	+	6530	6743
48112	+	6535	6535
48113	+	6535	7144
48135	+	6568	6583
48137	+	6569	6687
48138	+	6569	7456
48154	+	6582	6779
48155	+	6583	6590
48156	+	6583	6729
48157	+	6583	6732
48158	+	6583	6733
48159	+	6583	6797
48160	+	6583	6832
48161	+	6583	6912
48162	+	6583	7036
48163	+	6583	7144
48169	+	6585	6820
48170	+	6585	6841
48171	+	6585	6906
48172	+	6585	6970
48173	+	6585	7354
48177	+	6586	7324
48178	+	6586	7335
48189	+	6596	7512
48196	+	6607	6935
48210	+	6614	6884
48233	+	6628	6706
48234	+	6628	7051
48239	+	6630	7007
48245	+	6635	7144
48246	+	6636	7456
48254	+	6648	7158
48261	+	6654	6706
48265	+	6660	6709
48288	+	6687	7163
48292	+	6691	7136
48301	+	6706	6976
48302	+	6706	7051
48304	+	6706	7404
48305	+	6706	7434
48306	+	6706	7442
48307	+	6706	7517
48321	+	6725	7087
48327	+	6742	7019
48330	+	6752	7136
48335	+	6757	7000
48338	+	6763	7120
48342	+	6769	7497
48353	+	6785	7420
48356	+	6787	7480
48388	+	6829	7479
48389	+	6831	7483
48390	+	6833	7005
48391	+	6836	7170
48392	+	6836	7171
48393	+	6836	7272
48394	+	6841	6970
48395	+	6841	7231
48396	+	6848	7184
48397	+	6850	7479
48410	+	6868	7476
48411	+	6870	7019
48423	+	6896	7295
48424	+	6899	7026
48429	+	6909	7295
48433	+	6928	7486
48434	+	6930	7184
48437	+	6934	7157
48445	+	6939	7127
48455	+	6970	7231
48463	+	6998	7087
48470	+	7017	7157
48472	+	7019	7150
48473	+	7019	7184
48474	+	7021	7087
48481	+	7036	7144
48489	+	7041	7133
48490	+	7041	7295
48491	+	7041	7338
48492	+	7041	7368
48498	+	7045	7111
48505	+	7051	7375
48531	+	7071	7479
48535	+	7077	7184
48537	+	7082	7167
48539	+	7087	7495
48544	+	7100	7177
48549	+	7111	7151
48551	+	7114	7465
48552	+	7118	7229
48553	+	7123	7241
48559	+	7131	7158
48560	+	7131	7165
48562	+	7136	7137
48568	+	7154	7200
48569	+	7155	7200
48571	+	7157	7511
48572	+	7158	7165
48573	+	7158	7271
48574	+	7160	7199
48575	+	7160	7200
48576	+	7164	7526
48577	+	7167	7214
48578	+	7172	7214
48581	+	7177	7241
48584	+	7178	7310
48590	+	7193	7314
48593	+	7199	7200
48596	+	7203	7383
48600	+	7216	7366
48603	+	7227	7268
48604	+	7231	7354
48610	+	7241	7490
48612	+	7253	7466
48613	+	7253	7468
48626	+	7289	7335
48627	+	7290	7295
48628	+	7290	7467
48629	+	7295	7337
48630	+	7295	7368
48635	+	7307	7488
48638	+	7314	7521
48641	+	7318	7424
48642	+	7318	7518
48643	+	7319	7367
48644	+	7320	7467
48650	+	7336	7364
48655	+	7350	7448
48659	+	7364	7482
48664	+	7378	7420
48670	+	7386	7440
48673	+	7408	7462
48674	+	7408	7492
48677	+	7419	7462
48678	+	7419	7492
48679	+	7421	7451
48682	+	7444	7457
48683	+	7449	7462
48684	+	7472	7473
48685	+	7474	7475
48686	+	7476	7477
48687	+	7482	7494
48688	+	7483	7489
48689	+	7484	7485
48690	+	7491	7509
48691	+	7493	7511
48692	+	7493	7516
48693	+	7497	7510
48694	+	7498	7499
48695	+	7501	7502
48696	+	7514	7515
48697	+	7524	7525
