153	+	23	403
154	+	23	404
159	+	23	2233
160	+	23	2786
163	+	24	2233
605	+	86	637
609	+	86	6290
867	+	116	3455
873	+	116	4197
875	+	116	4308
910	+	116	5708
960	+	125	3129
963	+	127	711
964	+	127	782
965	+	127	881
972	+	127	2743
973	+	127	6290
974	+	127	6527
975	+	127	7230
1541	+	211	2618
1658	+	229	2880
1668	+	229	4861
1851	+	248	1145
1881	+	250	470
1882	+	250	518
1959	+	256	400
1960	+	256	404
1961	+	256	411
1964	+	256	4181
1968	+	256	6202
1969	+	256	6203
1980	+	261	279
2040	+	270	2587
2045	+	270	2880
2047	+	270	4861
2048	+	270	6575
2104	+	275	7530
2108	+	277	2966
2115	+	278	1151
2123	+	280	2853
2126	+	280	3731
2127	+	280	3819
2132	+	280	5056
2165	+	294	7561
2563	+	339	1085
2565	+	339	1823
2704	+	368	645
2713	+	368	3193
2720	+	368	4681
2885	+	400	411
2886	+	400	1352
2889	+	400	6142
2890	+	400	6202
2891	+	400	6203
2900	+	403	404
2901	+	403	411
2902	+	403	1668
2908	+	403	2732
2909	+	403	2736
2911	+	403	2939
2912	+	403	3026
2915	+	403	3181
2925	+	403	7170
2926	+	403	7272
2927	+	404	1668
2931	+	404	2732
2932	+	404	2736
2933	+	404	2939
2934	+	404	3026
2936	+	404	3181
2937	+	404	3278
2940	+	404	4181
2948	+	404	6203
2950	+	404	6564
2951	+	404	7170
2952	+	404	7183
2953	+	404	7272
2988	+	411	2557
2990	+	411	2999
2991	+	411	3026
2993	+	411	3181
2994	+	411	3278
2995	+	411	3448
2996	+	411	4181
3008	+	411	6142
3009	+	411	6203
3010	+	411	6564
3011	+	411	7183
3120	+	429	3144
3126	+	429	6648
3616	+	460	461
3624	+	460	588
3627	+	460	6121
3629	+	460	7520
3640	+	461	588
3654	+	461	6121
3656	+	461	7520
3812	+	469	470
3813	+	469	517
3814	+	469	518
3815	+	469	519
3818	+	469	571
3823	+	469	4197
3825	+	469	4973
3827	+	470	517
3828	+	470	518
3829	+	470	519
3831	+	470	571
3834	+	470	4197
3835	+	470	4973
4105	+	497	2786
4106	+	497	2870
4113	+	497	4668
4300	+	514	1218
4301	+	514	1242
4302	+	514	1258
4304	+	514	2029
4308	+	514	2880
4311	+	514	3538
4346	+	518	3727
4354	+	519	880
4355	+	519	2152
4363	+	519	3772
4364	+	519	4197
4371	+	519	5989
4372	+	519	6185
4806	+	571	2746
4807	+	571	2747
4811	+	571	3041
4813	+	571	3634
4814	+	571	3808
4817	+	571	5074
4850	+	574	2786
5076	+	588	1975
5187	+	595	5905
6025	+	637	782
6026	+	637	798
6027	+	637	968
6032	+	637	2754
6034	+	637	5175
6035	+	637	5530
6036	+	637	6290
6037	+	637	6527
6038	+	637	6785
6145	+	644	5153
6150	+	645	1741
6151	+	645	2747
6152	+	645	2786
6153	+	645	2881
6156	+	645	3634
6158	+	645	4681
6160	+	645	6014
6161	+	645	6388
6163	+	646	701
6167	+	646	6785
6948	+	687	5457
6951	+	687	6364
6952	+	688	721
6954	+	688	882
6979	+	689	4682
6990	+	690	920
7056	+	693	720
7060	+	693	1215
7067	+	693	4308
7077	+	693	6976
7147	+	701	1628
7149	+	701	2887
7152	+	701	3332
7158	+	701	3522
7162	+	701	4681
7172	+	701	5994
7180	+	701	6425
7181	+	701	6469
7278	+	711	782
7279	+	711	881
7293	+	711	2743
7296	+	711	5804
7297	+	711	6527
7298	+	711	6785
7299	+	711	6994
7300	+	711	7230
7301	+	711	7352
7358	+	717	2258
7361	+	717	5624
7367	+	719	1241
7384	+	720	2736
7385	+	720	2855
7393	+	721	724
7395	+	721	882
7400	+	721	1395
7411	+	721	4621
7437	+	722	3437
7440	+	722	4308
7458	+	722	5175
7461	+	722	7352
7464	+	724	1395
7465	+	724	1627
7466	+	724	1628
7469	+	724	4621
7472	+	725	791
7474	+	725	982
7475	+	725	987
7479	+	725	1218
7487	+	725	5926
7550	+	732	1484
7556	+	732	4832
7559	+	733	2981
7560	+	733	3062
7561	+	733	3063
7563	+	733	7362
7564	+	734	736
7567	+	734	917
7568	+	734	921
7575	+	734	4294
7581	+	735	798
7591	+	736	917
7592	+	736	921
7654	+	741	970
7667	+	741	4072
7668	+	741	4308
7684	+	741	5114
7690	+	741	5490
7691	+	741	5665
7820	+	751	6639
7829	+	755	803
7999	+	767	1131
8002	+	767	3818
8007	+	768	2093
8009	+	768	6456
8012	+	769	1131
8013	+	769	1256
8014	+	769	1518
8016	+	769	2610
8022	+	769	5268
8230	+	781	6290
8256	+	782	6290
8257	+	782	6527
8258	+	782	6785
8279	+	785	4694
8314	+	788	951
8317	+	788	1160
8514	+	798	6290
8515	+	798	6527
9014	+	838	1009
9015	+	838	1015
9016	+	838	1020
9023	+	838	1257
9024	+	838	1742
9037	+	838	3127
9038	+	838	3629
9044	+	838	5625
9061	+	844	1131
9064	+	844	3035
9068	+	844	6100
9072	+	844	6848
9074	+	844	7147
9075	+	844	7150
9077	+	845	1215
9080	+	845	3279
9085	+	846	1257
9090	+	846	3629
9094	+	846	6299
9688	+	881	2743
9691	+	881	6290
9692	+	881	6527
9693	+	881	6785
9694	+	881	6994
9695	+	881	7230
9699	+	882	3430
9704	+	882	4621
9713	+	883	890
9717	+	883	2754
9718	+	883	3123
9720	+	883	4694
9722	+	883	4858
9724	+	883	5097
9825	+	889	4694
9828	+	889	5738
9829	+	889	6785
9830	+	889	7378
9831	+	890	2754
9837	+	890	4858
10030	+	901	1131
10035	+	901	5481
10040	+	901	6994
10092	+	905	3181
10098	+	905	6142
10100	+	905	6203
10101	+	905	7183
10260	+	927	4832
10263	+	927	6456
10287	+	930	1009
10288	+	930	1020
10297	+	930	1257
10303	+	930	5625
10306	+	931	951
10313	+	931	1532
10314	+	931	1533
10317	+	931	2275
10320	+	931	2464
10322	+	931	3838
10324	+	931	3948
10327	+	931	5625
10328	+	931	5907
10329	+	931	6100
10330	+	931	6133
10334	+	931	6816
10335	+	931	7077
10806	+	951	1009
10810	+	951	1131
10811	+	951	1160
10814	+	951	1218
10815	+	951	1533
10822	+	951	3220
10827	+	951	3903
10828	+	951	3948
10831	+	951	4987
10834	+	951	5625
10836	+	951	5907
10838	+	951	6100
10839	+	951	6133
10842	+	951	6227
10844	+	951	6334
10960	+	968	6290
10961	+	968	6527
10999	+	970	2370
11010	+	970	5490
11012	+	970	5954
11016	+	971	3116
11018	+	971	6283
11028	+	974	3254
11032	+	975	2610
11036	+	975	3210
11162	+	981	5594
11166	+	982	1018
11170	+	982	1218
11205	+	987	1218
11210	+	988	1833
11212	+	988	2232
11224	+	990	1518
11229	+	990	2017
11233	+	990	2288
11238	+	990	2482
11239	+	990	2557
11246	+	990	3223
11253	+	990	3646
11279	+	990	4195
11280	+	990	4196
11281	+	990	4217
11285	+	990	4306
11286	+	990	4309
11313	+	990	4960
11314	+	990	4962
11315	+	990	4998
11318	+	990	5072
11321	+	990	5123
11333	+	990	5287
11341	+	990	5504
11356	+	990	5945
11358	+	990	6159
11361	+	990	6267
11363	+	990	6293
11364	+	990	6409
11366	+	990	6568
11368	+	990	6590
11369	+	990	6733
11370	+	990	6748
11371	+	990	6857
11372	+	990	6903
11373	+	990	6967
11376	+	990	7305
11377	+	990	7566
11518	+	1000	4702
11640	+	1008	2888
11641	+	1009	1020
11651	+	1009	1257
11654	+	1009	2464
11657	+	1009	4987
11661	+	1009	5625
11662	+	1009	5907
11724	+	1015	1263
11727	+	1015	1742
11730	+	1015	2940
11731	+	1015	2941
11733	+	1015	3127
11735	+	1015	5854
11738	+	1018	1160
11742	+	1018	4702
11753	+	1020	1257
11764	+	1020	5625
13175	+	1131	1218
13176	+	1131	1532
13177	+	1131	1533
13178	+	1131	2129
13180	+	1131	2464
13182	+	1131	2821
13184	+	1131	3818
13185	+	1131	3903
13186	+	1131	4987
13187	+	1131	5625
13188	+	1131	5830
13189	+	1131	5907
13190	+	1131	6100
13191	+	1131	6133
13193	+	1131	6227
13195	+	1131	6334
13196	+	1131	6913
13197	+	1131	7147
13277	+	1145	2806
13380	+	1160	2806
14355	+	1215	3279
14357	+	1215	4308
14358	+	1215	4343
14363	+	1215	5150
14368	+	1215	6976
14378	+	1218	1242
14383	+	1218	2464
14389	+	1218	3194
14391	+	1218	3538
14396	+	1218	4987
14399	+	1218	5907
14613	+	1242	1258
14619	+	1242	2029
14622	+	1242	2464
14626	+	1242	3194
14628	+	1242	3538
14630	+	1242	3903
14633	+	1242	4702
14634	+	1242	4987
14636	+	1242	5907
14637	+	1242	6133
14639	+	1242	6334
14729	+	1256	1267
14730	+	1256	1297
14731	+	1256	1360
14732	+	1256	2610
14734	+	1256	3522
14740	+	1258	1533
14743	+	1258	2029
14746	+	1258	3538
14770	+	1263	5854
14785	+	1267	1297
14787	+	1267	1360
14788	+	1267	2610
14789	+	1267	2887
14790	+	1267	3522
14791	+	1267	5835
14807	+	1269	2053
14808	+	1269	2610
14809	+	1269	3462
14810	+	1269	4171
14811	+	1269	4819
14812	+	1269	5268
14813	+	1269	5835
14891	+	1284	6407
15031	+	1297	5268
15032	+	1297	6800
15033	+	1297	7378
15034	+	1297	7470
15630	+	1352	2747
15631	+	1352	2786
15649	+	1352	4555
15653	+	1352	6142
15789	+	1360	2610
15793	+	1360	2887
15795	+	1360	2975
15799	+	1360	3522
15800	+	1360	3523
15803	+	1360	4171
15804	+	1360	4239
15805	+	1360	4313
15806	+	1360	4457
15807	+	1360	4619
15809	+	1360	5153
15810	+	1360	5912
15811	+	1360	5954
16088	+	1386	4539
16089	+	1386	6333
16119	+	1395	1627
16120	+	1395	1628
16536	+	1447	5976
16571	+	1454	1821
16572	+	1454	2393
16573	+	1454	3226
16576	+	1454	6586
16577	+	1454	6634
16580	+	1454	7289
16621	+	1457	1514
16622	+	1457	1540
16634	+	1461	2392
16679	+	1466	4443
16680	+	1466	5234
16880	+	1484	7449
16930	+	1493	2887
16931	+	1493	2975
16932	+	1493	3327
16933	+	1493	3328
16934	+	1493	3335
16935	+	1493	3522
16937	+	1493	4171
16938	+	1493	4239
16939	+	1493	4619
16942	+	1493	5468
16943	+	1493	5954
17104	+	1514	1540
17147	+	1518	2017
17162	+	1518	2560
17172	+	1518	3223
17181	+	1518	3644
17183	+	1518	3663
17184	+	1518	3664
17185	+	1518	3673
17190	+	1518	3753
17210	+	1518	4028
17216	+	1518	4209
17229	+	1518	4670
17235	+	1518	5102
17245	+	1518	5356
17253	+	1518	5453
17255	+	1518	5508
17259	+	1518	5614
17264	+	1518	5698
17269	+	1518	5831
17270	+	1518	5836
17274	+	1518	5866
17276	+	1518	5945
17277	+	1518	5961
17280	+	1518	6316
17281	+	1518	6409
17283	+	1518	6572
17286	+	1518	6921
17360	+	1533	2029
17363	+	1533	2464
17364	+	1533	3194
17367	+	1533	6100
17369	+	1533	6334
17371	+	1533	7147
17372	+	1533	7150
17448	+	1540	4792
17450	+	1540	5651
17502	+	1551	2536
17520	+	1555	7453
17541	+	1561	2999
17545	+	1561	6892
17690	+	1584	5117
17693	+	1584	6581
17701	+	1586	2881
17705	+	1586	6243
17909	+	1608	2233
17910	+	1608	7523
17992	+	1627	1628
17996	+	1627	6558
17998	+	1628	1679
18000	+	1628	2301
18002	+	1628	4621
18003	+	1628	6558
18005	+	1628	7177
18021	+	1631	6919
18022	+	1631	7540
18023	+	1631	7557
18024	+	1631	7558
18208	+	1655	1676
18235	+	1657	4973
18236	+	1657	5636
18293	+	1668	2732
18294	+	1668	2939
18295	+	1668	3026
18301	+	1668	6390
18302	+	1668	7170
18303	+	1668	7171
18304	+	1668	7183
18327	+	1674	7127
18352	+	1677	5831
18637	+	1708	1914
18643	+	1708	5773
18645	+	1708	7337
19096	+	1742	2940
19100	+	1742	3127
19150	+	1750	2611
19151	+	1750	2617
19155	+	1750	3327
19156	+	1750	3328
19159	+	1750	3522
19161	+	1750	4162
19163	+	1750	4188
19164	+	1750	4237
19165	+	1750	4457
19168	+	1750	4979
19169	+	1750	5108
19170	+	1750	5153
19171	+	1750	5470
19172	+	1750	5954
19359	+	1773	2216
19362	+	1773	2393
19366	+	1773	3226
19376	+	1773	5831
19377	+	1773	6586
19381	+	1774	1789
19394	+	1774	7305
19539	+	1787	4350
19643	+	1804	6390
19782	+	1821	2393
19918	+	1833	3193
20318	+	1872	2053
20323	+	1872	4191
20325	+	1872	4503
20327	+	1872	5268
20329	+	1872	6995
20388	+	1878	2050
20612	+	1893	2314
20625	+	1893	4792
20633	+	1893	6946
20788	+	1914	3785
20798	+	1914	7171
20921	+	1929	7325
20936	+	1932	2372
21139	+	1942	4041
21145	+	1943	3279
21594	+	2005	3465
21624	+	2010	6349
21625	+	2010	6358
21629	+	2010	7305
21631	+	2010	7532
21674	+	2017	5247
21679	+	2017	5491
21680	+	2017	5560
21689	+	2017	6316
21739	+	2029	3538
21904	+	2046	2233
21959	+	2053	2610
21960	+	2053	3028
21962	+	2053	3327
21965	+	2053	4191
21966	+	2053	4503
21968	+	2053	5239
21969	+	2053	5268
21970	+	2053	6715
21971	+	2053	6995
21973	+	2053	7470
22012	+	2056	4668
22281	+	2076	2200
22284	+	2076	5530
22804	+	2116	6655
23099	+	2136	2293
23104	+	2136	5122
23285	+	2142	5247
23286	+	2142	5397
23288	+	2142	5831
23393	+	2153	2868
23395	+	2153	6047
23876	+	2200	5530
24010	+	2216	5565
24012	+	2216	5846
24085	+	2229	3634
24087	+	2229	5969
24115	+	2233	2853
24116	+	2233	3152
24117	+	2233	4238
24118	+	2233	4533
24119	+	2233	4534
24120	+	2233	4598
24121	+	2233	4850
24122	+	2233	5156
24123	+	2233	5783
24124	+	2233	6499
24125	+	2233	6513
24126	+	2233	7523
24328	+	2258	5624
24465	+	2275	2464
24472	+	2275	5625
24474	+	2275	5907
24476	+	2275	6133
24555	+	2288	6409
24564	+	2292	2308
24566	+	2292	2821
24573	+	2292	4834
24576	+	2292	7015
24672	+	2302	3729
24675	+	2302	7536
24703	+	2308	2821
24705	+	2308	2991
24711	+	2308	4834
24919	+	2339	2537
24920	+	2339	2538
24924	+	2339	5438
25133	+	2365	3809
25146	+	2370	4072
25148	+	2370	4328
25150	+	2370	5114
25151	+	2370	5490
25152	+	2370	5954
25163	+	2372	2612
25168	+	2372	4457
25219	+	2380	4824
25275	+	2393	3226
25278	+	2393	6586
25281	+	2393	7289
25359	+	2406	7336
25891	+	2464	3194
25892	+	2464	3220
25895	+	2464	4987
25897	+	2464	5625
25900	+	2464	6133
25904	+	2464	6227
25906	+	2464	6334
25909	+	2464	7208
26032	+	2476	4041
26059	+	2482	3646
26061	+	2482	4195
26062	+	2482	4217
26064	+	2482	4309
26068	+	2482	6729
26069	+	2482	6732
26070	+	2482	6733
26071	+	2482	6903
26072	+	2482	7036
26471	+	2536	6453
26473	+	2537	2538
26607	+	2557	3278
26622	+	2557	6203
26634	+	2560	5102
26635	+	2560	5481
26640	+	2560	6994
26726	+	2587	2639
26729	+	2587	3654
26828	+	2592	3578
27134	+	2600	3035
27184	+	2604	7459
27315	+	2610	2611
27316	+	2610	2617
27320	+	2610	2887
27321	+	2610	2896
27323	+	2610	2975
27324	+	2610	3231
27325	+	2610	3327
27326	+	2610	3328
27329	+	2610	3461
27330	+	2610	3522
27331	+	2610	3523
27333	+	2610	4188
27336	+	2610	4313
27337	+	2610	4457
27338	+	2610	4619
27339	+	2610	4819
27341	+	2610	4975
27342	+	2610	4979
27343	+	2610	5108
27344	+	2610	5268
27346	+	2610	5470
27347	+	2610	5564
27348	+	2610	5835
27349	+	2610	5874
27350	+	2610	5954
27355	+	2611	2617
27358	+	2611	2887
27361	+	2611	3327
27362	+	2611	3328
27363	+	2611	3332
27364	+	2611	3335
27367	+	2611	3462
27368	+	2611	3523
27371	+	2611	4171
27372	+	2611	4188
27374	+	2611	4239
27375	+	2611	4313
27376	+	2611	4457
27377	+	2611	4619
27378	+	2611	4819
27380	+	2611	5153
27382	+	2611	5403
27383	+	2611	5468
27384	+	2611	5470
27385	+	2611	5473
27387	+	2611	5754
27388	+	2611	5822
27389	+	2611	5912
27395	+	2611	6177
27396	+	2611	6277
27399	+	2611	7500
27414	+	2612	5117
27417	+	2612	6581
27440	+	2617	2887
27444	+	2617	3327
27445	+	2617	3328
27446	+	2617	3332
27447	+	2617	3335
27456	+	2617	4171
27457	+	2617	4173
27458	+	2617	4188
27461	+	2617	4313
27462	+	2617	4457
27464	+	2617	4619
27466	+	2617	4819
27471	+	2617	5108
27472	+	2617	5153
27474	+	2617	5403
27475	+	2617	5470
27476	+	2617	5473
27478	+	2617	5542
27479	+	2617	5582
27483	+	2617	5822
27484	+	2617	5853
27485	+	2617	5912
27498	+	2617	7011
27534	+	2628	4306
27535	+	2628	4309
27536	+	2628	4962
27538	+	2628	6590
27539	+	2628	6832
27663	+	2639	3654
27691	+	2651	2656
27714	+	2656	6133
27777	+	2674	6451
28197	+	2730	4973
28199	+	2730	5609
28205	+	2732	2736
28206	+	2732	2939
28208	+	2732	3026
28210	+	2732	3181
28212	+	2732	4181
28217	+	2732	6203
28219	+	2732	7183
28220	+	2732	7272
28302	+	2736	3026
28310	+	2736	7170
28311	+	2736	7171
28312	+	2736	7183
28313	+	2736	7272
28365	+	2743	6527
28366	+	2743	6650
28367	+	2743	7230
28379	+	2746	2786
28381	+	2746	2881
28385	+	2746	3041
28386	+	2746	3634
28389	+	2746	5074
28394	+	2746	5887
28395	+	2746	5905
28396	+	2747	2786
28398	+	2747	2881
28403	+	2747	3041
28405	+	2747	3634
28407	+	2747	3808
28410	+	2747	5074
28414	+	2747	5887
28415	+	2747	5905
28469	+	2754	4858
28473	+	2754	6290
28580	+	2776	3127
28586	+	2776	4503
28647	+	2786	2854
28648	+	2786	2881
28654	+	2786	4152
28655	+	2786	4534
28748	+	2798	4094
28749	+	2798	4221
28751	+	2798	7425
28768	+	2801	3787
28898	+	2821	2991
28904	+	2821	3899
28908	+	2821	4834
28914	+	2821	5830
29124	+	2853	6261
29188	+	2864	7408
29189	+	2864	7419
29232	+	2870	3328
29233	+	2870	3382
29280	+	2879	5187
29284	+	2879	7227
29286	+	2880	3929
29288	+	2880	4465
29296	+	2880	4861
29297	+	2880	6575
29301	+	2881	3041
29302	+	2881	3634
29330	+	2887	2975
29331	+	2887	2984
29333	+	2887	3328
29334	+	2887	3335
29339	+	2887	3440
29340	+	2887	3461
29341	+	2887	3462
29342	+	2887	3465
29343	+	2887	3522
29344	+	2887	3523
29346	+	2887	4171
29348	+	2887	4188
29349	+	2887	4237
29350	+	2887	4239
29353	+	2887	4313
29354	+	2887	4328
29355	+	2887	4457
29356	+	2887	4619
29357	+	2887	4703
29358	+	2887	4819
29361	+	2887	4975
29362	+	2887	4979
29363	+	2887	5108
29364	+	2887	5153
29365	+	2887	5268
29368	+	2887	5403
29369	+	2887	5470
29370	+	2887	5473
29371	+	2887	5490
29372	+	2887	5530
29373	+	2887	5564
29374	+	2887	5582
29375	+	2887	5754
29376	+	2887	5835
29377	+	2887	5874
29378	+	2887	5912
29379	+	2887	5954
29384	+	2887	6047
29385	+	2887	6277
29388	+	2887	6715
29389	+	2887	6821
29390	+	2887	6995
29391	+	2887	7555
29394	+	2890	4308
29838	+	2935	4009
29863	+	2939	3026
29865	+	2939	3181
29868	+	2939	4181
29874	+	2939	6203
29875	+	2939	7183
29882	+	2940	3823
29890	+	2940	4695
29895	+	2940	6891
29902	+	2941	3823
29907	+	2941	6891
29936	+	2946	3727
29967	+	2948	3129
30162	+	2975	3327
30163	+	2975	3328
30164	+	2975	3332
30165	+	2975	3335
30168	+	2975	3461
30169	+	2975	3462
30170	+	2975	3465
30171	+	2975	3522
30172	+	2975	3523
30173	+	2975	4162
30174	+	2975	4171
30175	+	2975	4237
30177	+	2975	4313
30178	+	2975	4457
30179	+	2975	4619
30183	+	2975	4979
30184	+	2975	5108
30185	+	2975	5153
30186	+	2975	5229
30188	+	2975	5403
30189	+	2975	5874
30190	+	2975	5912
30191	+	2975	5954
30197	+	2975	6047
30199	+	2975	6715
30200	+	2975	6995
30201	+	2975	7459
30202	+	2975	7461
30203	+	2975	7500
30207	+	2978	3809
30302	+	2984	3327
30303	+	2984	3332
30304	+	2984	3523
30306	+	2984	6094
30349	+	2991	4191
30354	+	2991	4834
30360	+	2991	6586
30363	+	2991	7015
30397	+	2999	3067
30432	+	3005	4792
30506	+	3018	5516
30544	+	3023	4309
30550	+	3023	4962
30556	+	3023	6797
30571	+	3026	3181
30572	+	3026	3278
30584	+	3026	6203
30586	+	3026	7170
30587	+	3026	7183
30588	+	3026	7272
30602	+	3028	5624
30666	+	3035	3903
30667	+	3035	3948
30668	+	3035	5625
30670	+	3035	6100
30673	+	3035	6870
30676	+	3035	7077
30677	+	3035	7147
30678	+	3035	7150
30733	+	3041	3808
30735	+	3041	4152
30742	+	3041	5887
31016	+	3085	3144
31019	+	3085	3212
31023	+	3085	5780
31025	+	3085	6448
31026	+	3085	6955
31028	+	3085	7529
31157	+	3101	3198
31160	+	3101	3522
31164	+	3101	4983
31167	+	3101	7439
31168	+	3101	7459
31169	+	3101	7463
31241	+	3116	6239
31242	+	3116	6253
31243	+	3116	6283
31296	+	3123	5738
31446	+	3136	3385
31447	+	3136	3470
31469	+	3142	3455
31482	+	3142	6307
31492	+	3144	3212
31769	+	3181	3448
31772	+	3181	4181
31777	+	3181	6202
31778	+	3181	6203
31781	+	3181	7170
31782	+	3181	7171
31783	+	3181	7183
31784	+	3181	7272
31904	+	3188	4668
31907	+	3188	5835
31908	+	3188	5897
31999	+	3193	4586
32001	+	3193	4692
32007	+	3193	5708
32008	+	3193	5926
32010	+	3194	3903
32012	+	3194	4987
32014	+	3194	5625
32017	+	3194	5907
32021	+	3194	6100
32022	+	3194	6133
32023	+	3194	6227
32025	+	3194	6334
32051	+	3198	3299
32054	+	3198	3327
32071	+	3198	3731
32087	+	3198	4668
32099	+	3198	5056
32108	+	3198	5897
32109	+	3198	5939
32114	+	3198	6261
32116	+	3198	6587
32129	+	3199	4152
32135	+	3199	7439
32136	+	3199	7459
32145	+	3200	5349
32147	+	3200	5738
32207	+	3212	6648
32270	+	3220	3903
32271	+	3220	4809
32272	+	3220	4987
32274	+	3220	5907
32277	+	3220	6227
32279	+	3220	7432
32354	+	3231	3302
32359	+	3231	3824
32366	+	3231	5108
32367	+	3231	5470
32368	+	3231	5954
32503	+	3247	4621
32566	+	3254	5579
32682	+	3264	4188
32804	+	3278	6142
32806	+	3278	6203
32807	+	3278	7183
32809	+	3279	4343
32916	+	3290	5534
32917	+	3290	6261
32936	+	3295	4560
32937	+	3295	7544
32951	+	3299	3814
32957	+	3299	4151
32961	+	3299	5056
32962	+	3299	5138
32973	+	3302	4681
32975	+	3302	4819
32978	+	3302	5573
32982	+	3302	5897
32983	+	3302	6014
32985	+	3302	6654
32987	+	3302	7105
32988	+	3302	7535
33220	+	3327	3328
33221	+	3327	3335
33224	+	3327	3462
33225	+	3327	3522
33227	+	3327	4072
33228	+	3327	4171
33229	+	3327	4173
33231	+	3327	4188
33234	+	3327	4313
33235	+	3327	4457
33237	+	3327	4819
33240	+	3327	5108
33241	+	3327	5153
33242	+	3327	5268
33244	+	3327	5298
33245	+	3327	5403
33246	+	3327	5470
33247	+	3327	5473
33248	+	3327	5542
33249	+	3327	5754
33250	+	3327	5835
33251	+	3327	5853
33252	+	3327	5874
33253	+	3327	5896
33254	+	3327	5912
33255	+	3327	5954
33262	+	3327	6277
33264	+	3327	6715
33265	+	3327	6821
33266	+	3327	6995
33267	+	3327	7459
33268	+	3328	3335
33271	+	3328	3465
33272	+	3328	3522
33273	+	3328	3523
33274	+	3328	3550
33277	+	3328	4188
33279	+	3328	4313
33280	+	3328	4457
33283	+	3328	4979
33284	+	3328	5108
33285	+	3328	5153
33287	+	3328	5468
33288	+	3328	5470
33289	+	3328	5954
33295	+	3328	6995
33296	+	3328	7500
33316	+	3332	3440
33317	+	3332	3462
33318	+	3332	3465
33319	+	3332	3522
33320	+	3332	4162
33321	+	3332	4171
33322	+	3332	4188
33323	+	3332	4237
33324	+	3332	4457
33325	+	3332	4619
33326	+	3332	4819
33327	+	3332	4963
33328	+	3332	4975
33329	+	3332	4979
33331	+	3332	5403
33332	+	3332	5473
33333	+	3332	5530
33334	+	3332	5564
33335	+	3332	5835
33336	+	3332	5912
33339	+	3332	6715
33340	+	3332	7500
33347	+	3335	3461
33348	+	3335	3523
33350	+	3335	4171
33351	+	3335	4188
33352	+	3335	4239
33354	+	3335	4979
33355	+	3335	5108
33357	+	3335	5468
33358	+	3335	5470
33359	+	3335	5912
33645	+	3375	7510
33754	+	3387	5954
33990	+	3437	7352
34024	+	3440	4997
34025	+	3440	5229
34027	+	3440	5481
34069	+	3448	6202
34070	+	3448	6203
34099	+	3456	6537
34100	+	3456	7459
34119	+	3461	3522
34121	+	3461	4313
34124	+	3461	5473
34125	+	3461	5912
34126	+	3461	5954
34129	+	3462	3522
34133	+	3462	4171
34134	+	3462	4188
34136	+	3462	4239
34138	+	3462	5468
34139	+	3462	5473
34140	+	3462	5754
34141	+	3462	5912
34142	+	3462	5954
34177	+	3465	3522
34178	+	3465	4171
34179	+	3465	4239
34180	+	3465	5564
34194	+	3470	6821
34507	+	3522	3523
34509	+	3522	4171
34511	+	3522	4239
34513	+	3522	4313
34514	+	3522	4457
34516	+	3522	4819
34518	+	3522	4979
34519	+	3522	5108
34520	+	3522	5229
34521	+	3522	5268
34523	+	3522	5298
34524	+	3522	5403
34525	+	3522	5468
34526	+	3522	5470
34527	+	3522	5582
34528	+	3522	5912
34529	+	3522	5954
34535	+	3522	6047
34540	+	3522	6715
34541	+	3522	6995
34544	+	3523	4979
34545	+	3523	5108
34547	+	3523	5470
34548	+	3523	5954
35570	+	3634	5969
35683	+	3644	3753
35684	+	3644	3785
35686	+	3644	4670
35693	+	3644	5698
35695	+	3644	5831
35700	+	3644	7368
35705	+	3646	4195
35706	+	3646	4196
35708	+	3646	4309
35711	+	3646	4960
35712	+	3646	4962
35714	+	3646	5072
35753	+	3649	3727
35757	+	3650	5565
35846	+	3663	5961
35852	+	3664	5773
35858	+	3664	6448
35860	+	3664	6955
35863	+	3664	7305
36299	+	3727	4592
36308	+	3730	6648
36310	+	3730	7131
36313	+	3731	4151
36315	+	3731	5056
36540	+	3753	3785
36541	+	3753	3786
36550	+	3753	5373
36558	+	3753	5846
36562	+	3753	6426
36642	+	3761	4464
36683	+	3772	4197
36693	+	3772	5871
36694	+	3772	5989
36695	+	3772	6185
36733	+	3785	5698
36742	+	3785	7548
36745	+	3786	5846
36754	+	3787	4992
36788	+	3794	7305
36864	+	3808	4152
36924	+	3814	6482
36950	+	3818	6100
36955	+	3818	6848
36957	+	3818	7150
36961	+	3819	6261
37046	+	3838	5625
37050	+	3838	6848
37094	+	3844	3981
37095	+	3844	4201
37101	+	3844	6390
37556	+	3899	4834
37564	+	3903	4809
37565	+	3903	4987
37570	+	3903	6100
37574	+	3903	6227
37576	+	3903	6334
37578	+	3903	6742
37579	+	3903	6848
37581	+	3903	7147
37582	+	3903	7150
37596	+	3907	5560
37598	+	3907	6261
38028	+	3948	4824
38030	+	3948	4986
38033	+	3948	5625
38034	+	3948	6100
38038	+	3948	7077
38342	+	3981	4201
38654	+	4010	4792
38655	+	4010	4946
38658	+	4010	5651
38671	+	4013	5159
38672	+	4013	6735
38678	+	4015	4040
38696	+	4024	4041
38697	+	4026	4041
38698	+	4027	4028
38715	+	4027	6448
38716	+	4027	6635
38722	+	4028	5961
38723	+	4028	6061
38759	+	4036	5504
38794	+	4046	4195
38795	+	4046	4196
38797	+	4046	4306
38798	+	4046	4309
38802	+	4046	4962
38803	+	4046	4998
38804	+	4046	5072
38808	+	4046	6568
38810	+	4046	6590
38811	+	4046	6733
38812	+	4046	6748
38813	+	4046	6832
38814	+	4046	6887
38981	+	4072	5954
38984	+	4072	6748
39030	+	4083	6390
39134	+	4092	4211
39142	+	4094	4221
39144	+	4094	7425
39801	+	4151	5056
39810	+	4152	6009
39811	+	4152	6299
39812	+	4152	7439
39813	+	4152	7459
39814	+	4152	7463
39967	+	4162	4171
39969	+	4162	4239
39971	+	4162	5153
39974	+	4162	5470
40039	+	4171	4188
40040	+	4171	4237
40041	+	4171	4239
40043	+	4171	4457
40045	+	4171	4979
40046	+	4171	5108
40048	+	4171	5470
40049	+	4171	5490
40050	+	4171	5754
40051	+	4171	5912
40052	+	4171	5954
40074	+	4173	4188
40076	+	4173	4457
40087	+	4173	5754
40088	+	4173	5912
40152	+	4181	4309
40162	+	4181	6142
40165	+	4181	6202
40166	+	4181	6203
40167	+	4181	6564
40168	+	4181	6748
40170	+	4181	7183
40204	+	4188	4313
40205	+	4188	4457
40207	+	4188	4619
40213	+	4188	5108
40214	+	4188	5153
40216	+	4188	5403
40217	+	4188	5468
40218	+	4188	5470
40219	+	4188	5473
40221	+	4188	5542
40222	+	4188	5582
40226	+	4188	5822
40227	+	4188	5853
40228	+	4188	5912
40229	+	4188	5954
40243	+	4191	4191
40246	+	4191	4503
40248	+	4191	5239
40249	+	4191	5268
40251	+	4191	6995
40253	+	4195	4196
40254	+	4195	4206
40255	+	4195	4217
40257	+	4195	4306
40258	+	4195	4309
40267	+	4195	4960
40268	+	4195	4962
40269	+	4195	4998
40270	+	4195	5072
40271	+	4195	5123
40273	+	4195	5187
40277	+	4195	6568
40279	+	4195	6590
40280	+	4195	6733
40281	+	4195	6748
40282	+	4195	6832
40283	+	4195	7036
40285	+	4196	4206
40286	+	4196	4213
40287	+	4196	4217
40289	+	4196	4306
40290	+	4196	4309
40293	+	4196	4960
40294	+	4196	4962
40296	+	4196	4998
40298	+	4196	5123
40300	+	4196	5187
40304	+	4196	6832
40305	+	4196	7036
40311	+	4197	6185
40348	+	4206	4306
40349	+	4206	4309
40358	+	4206	4962
40360	+	4206	5072
40363	+	4206	6590
40364	+	4206	6748
40365	+	4206	6832
40366	+	4206	6887
40372	+	4209	4443
40373	+	4209	5369
40382	+	4213	4309
40384	+	4213	4843
40385	+	4213	4960
40387	+	4213	5072
40390	+	4213	6497
40454	+	4217	4306
40455	+	4217	4309
40465	+	4217	4960
40466	+	4217	4962
40467	+	4217	4998
40468	+	4217	5072
40473	+	4217	6568
40475	+	4217	6590
40476	+	4217	6733
40477	+	4217	6748
40478	+	4217	6832
40749	+	4237	4239
40751	+	4237	5153
40754	+	4237	5470
40755	+	4237	5754
40756	+	4237	5954
40758	+	4239	4313
40759	+	4239	4328
40760	+	4239	4819
40761	+	4239	4979
40762	+	4239	5108
40764	+	4239	5298
40765	+	4239	5403
40766	+	4239	5468
40767	+	4239	5470
40768	+	4239	5490
40769	+	4239	5754
41251	+	4294	5468
41270	+	4300	4792
41312	+	4304	7539
41315	+	4306	4309
41319	+	4306	5072
41320	+	4306	5187
41323	+	4306	6568
41325	+	4306	6590
41326	+	4306	6729
41327	+	4306	6732
41328	+	4306	6733
41329	+	4306	6744
41330	+	4306	6748
41331	+	4306	6832
41332	+	4306	6857
41333	+	4306	6887
41334	+	4306	7036
41356	+	4309	4962
41357	+	4309	4998
41359	+	4309	5072
41360	+	4309	5081
41361	+	4309	5123
41364	+	4309	5196
41365	+	4309	5197
41368	+	4309	6568
41370	+	4309	6590
41371	+	4309	6729
41372	+	4309	6732
41373	+	4309	6733
41374	+	4309	6744
41375	+	4309	6745
41376	+	4309	6748
41377	+	4309	6832
41378	+	4309	6857
41379	+	4309	6903
41380	+	4309	6912
41381	+	4309	6967
41382	+	4309	7036
41403	+	4313	4457
41404	+	4313	4819
41407	+	4313	4979
41408	+	4313	5108
41409	+	4313	5153
41411	+	4313	5470
41412	+	4313	5954
41540	+	4328	5490
41541	+	4328	5573
41542	+	4328	5582
41545	+	4328	5954
42521	+	4443	4703
42525	+	4443	5234
42527	+	4443	6674
42528	+	4443	6725
42529	+	4443	6896
42530	+	4443	7237
42531	+	4443	7538
42686	+	4457	4819
42690	+	4457	4979
42691	+	4457	5108
42692	+	4457	5153
42694	+	4457	5298
42695	+	4457	5403
42696	+	4457	5468
42697	+	4457	5470
42698	+	4457	5473
42700	+	4457	5542
42701	+	4457	5582
42704	+	4457	5822
42705	+	4457	5853
42706	+	4457	5954
42730	+	4459	6525
42764	+	4464	6580
42943	+	4492	6885
42986	+	4503	5239
43311	+	4555	7541
43344	+	4560	6223
43502	+	4586	5926
43510	+	4588	4983
43512	+	4588	6636
43513	+	4588	7106
43648	+	4611	6261
43649	+	4611	6283
43682	+	4619	4819
43684	+	4619	4979
43685	+	4619	5108
43686	+	4619	5403
43687	+	4619	5468
43688	+	4619	5470
43689	+	4619	5542
43690	+	4619	5573
43691	+	4619	5822
43694	+	4619	6715
43695	+	4619	7500
43707	+	4621	5150
43708	+	4621	5163
43718	+	4621	5912
43747	+	4626	4649
44032	+	4668	6307
44034	+	4668	7460
44041	+	4670	5247
44044	+	4670	5287
44045	+	4670	5356
44046	+	4670	5358
44047	+	4670	5397
44051	+	4670	5831
44053	+	4670	5846
44055	+	4670	5945
44056	+	4670	5961
44058	+	4670	6409
44065	+	4674	5127
44097	+	4681	6014
44099	+	4681	7105
44114	+	4682	5857
44177	+	4692	5229
44178	+	4692	5738
44181	+	4694	4858
44182	+	4694	5738
44194	+	4700	5024
44198	+	4700	6132
44202	+	4702	6299
44220	+	4711	7292
44615	+	4792	4946
44622	+	4792	5545
44623	+	4792	5651
44628	+	4792	6946
44701	+	4809	4987
44703	+	4809	6100
44705	+	4809	6227
44748	+	4819	5108
44751	+	4819	5470
44769	+	4823	7500
44772	+	4824	4986
44809	+	4834	5239
44815	+	4836	4843
44865	+	4843	5068
44868	+	4843	6497
44888	+	4849	5926
44891	+	4850	5581
44962	+	4861	6575
45285	+	4912	7086
45293	+	4914	4915
45299	+	4915	6761
45510	+	4946	5367
45512	+	4946	5545
45514	+	4946	5651
45636	+	4960	5072
45639	+	4960	5123
45650	+	4960	6967
45653	+	4962	4998
45654	+	4962	5081
45655	+	4962	5123
45656	+	4962	5187
45660	+	4962	6568
45662	+	4962	6733
45663	+	4962	6744
45664	+	4962	6748
45665	+	4962	6832
45666	+	4962	6857
45667	+	4962	6912
45668	+	4962	7036
45722	+	4973	5609
45723	+	4973	5636
45740	+	4979	5153
45745	+	4979	5542
45746	+	4979	5573
45747	+	4979	5582
45748	+	4979	5912
45749	+	4979	5954
45774	+	4987	5625
45776	+	4987	5907
45777	+	4987	6133
45781	+	4987	6227
45783	+	4987	6334
45786	+	4987	7432
45832	+	4997	5195
45834	+	4997	6650
45835	+	4997	7534
45837	+	4998	5081
45838	+	4998	5123
45841	+	4998	5187
45844	+	4998	6568
45845	+	4998	6590
45846	+	4998	6729
45847	+	4998	6732
45848	+	4998	6912
45849	+	4998	6920
46159	+	5072	5123
46162	+	5072	5187
46163	+	5072	5197
46167	+	5072	6568
46169	+	5072	6590
46170	+	5072	6729
46171	+	5072	6732
46172	+	5072	6733
46173	+	5072	6748
46174	+	5072	6857
46175	+	5072	6967
46176	+	5072	7036
46179	+	5074	5887
46180	+	5074	6322
46199	+	5081	6568
46200	+	5081	6590
46201	+	5081	6733
46202	+	5081	6748
46203	+	5081	6832
46251	+	5102	5594
46256	+	5108	5153
46258	+	5108	5468
46259	+	5108	5470
46260	+	5108	5473
46261	+	5108	5564
46262	+	5108	5573
46263	+	5108	5582
46264	+	5108	5912
46289	+	5114	5954
46294	+	5117	6581
46299	+	5119	5544
46300	+	5119	5594
46317	+	5123	6568
46318	+	5123	6733
46319	+	5123	6832
46344	+	5127	5896
46381	+	5138	6587
46434	+	5150	6654
46442	+	5153	5298
46443	+	5153	5403
46444	+	5153	5470
46445	+	5153	5473
46446	+	5153	5564
46447	+	5153	5954
46465	+	5156	6269
46475	+	5160	5691
46570	+	5187	6590
46571	+	5187	6683
46572	+	5187	6733
46573	+	5187	6748
46574	+	5187	6832
46575	+	5187	6887
46576	+	5187	7227
46593	+	5195	7534
46594	+	5196	6832
46658	+	5214	5229
46739	+	5229	5530
46740	+	5229	5874
46741	+	5229	6715
46742	+	5229	7470
46766	+	5234	5234
46767	+	5234	7507
46801	+	5247	5356
46802	+	5247	5358
46803	+	5247	5397
46907	+	5268	6715
46908	+	5268	6785
46909	+	5268	6995
46910	+	5268	7378
46912	+	5268	7470
47082	+	5287	5504
47087	+	5287	6159
47103	+	5292	7201
47146	+	5298	5473
47147	+	5298	5954
47150	+	5298	7488
47191	+	5303	6378
47381	+	5345	5349
47397	+	5349	5618
47399	+	5349	5738
47424	+	5356	5358
47425	+	5356	5397
47428	+	5356	5831
47433	+	5358	5397
47437	+	5358	5831
47471	+	5367	5545
47472	+	5367	5651
47645	+	5403	5470
47646	+	5403	5473
47647	+	5403	5754
47648	+	5403	5912
47649	+	5403	5954
47744	+	5424	6205
47775	+	5438	5792
47776	+	5438	5798
47777	+	5438	5976
47778	+	5438	6680
47837	+	5457	6364
47839	+	5458	7273
47840	+	5458	7344
47863	+	5468	5542
47864	+	5468	5573
47865	+	5468	5582
47867	+	5468	5754
47868	+	5468	5822
47869	+	5468	5954
47879	+	5468	7011
47884	+	5470	5473
47885	+	5470	5542
47886	+	5470	5564
47887	+	5470	5573
47888	+	5470	5582
47889	+	5470	5912
47892	+	5470	7500
47896	+	5473	5754
47897	+	5473	5822
47898	+	5473	5912
47901	+	5473	6277
47904	+	5473	7011
47915	+	5481	6523
47916	+	5481	6973
47944	+	5490	5573
47945	+	5490	5582
47983	+	5504	5508
47988	+	5504	5836
47993	+	5504	6296
48064	+	5516	6898
48086	+	5530	5738
48093	+	5534	5614
48096	+	5534	6165
48132	+	5542	5573
48133	+	5542	5582
48135	+	5542	5912
48139	+	5544	5594
48140	+	5544	5697
48152	+	5546	7337
48176	+	5560	6946
48191	+	5564	5912
48192	+	5564	5954
48198	+	5565	5846
48200	+	5565	6635
48208	+	5573	5582
48209	+	5573	5954
48222	+	5576	6850
48223	+	5576	7071
48228	+	5579	6407
48241	+	5582	5822
48242	+	5582	5912
48243	+	5582	5954
48291	+	5594	5697
48331	+	5609	7533
48348	+	5614	5836
48350	+	5614	6296
48373	+	5621	6269
48395	+	5625	5907
48396	+	5625	6100
48401	+	5625	6848
48402	+	5625	6870
48403	+	5625	7147
48404	+	5625	7150
48421	+	5633	5903
48440	+	5639	6117
48476	+	5659	6046
48612	+	5709	5884
48635	+	5718	7288
48642	+	5721	7454
48694	+	5754	5822
48695	+	5754	5853
48696	+	5754	5912
48702	+	5754	7011
48777	+	5773	6094
48778	+	5773	6252
48781	+	5773	6651
48783	+	5773	7403
48807	+	5780	7529
48808	+	5783	7523
48921	+	5822	5912
48936	+	5830	7147
48937	+	5830	7150
48938	+	5831	5846
48939	+	5831	5945
48940	+	5831	5961
48941	+	5831	6409
48957	+	5835	6995
48963	+	5836	6296
48964	+	5836	6316
48997	+	5846	6426
49014	+	5853	5912
49023	+	5857	6898
49025	+	5859	6252
49035	+	5867	6395
49036	+	5867	7305
49062	+	5878	6295
49092	+	5896	5954
49115	+	5907	6133
49119	+	5907	6227
49121	+	5907	6334
49124	+	5907	7432
49133	+	5912	5954
49136	+	5912	6177
49137	+	5912	6277
49145	+	5916	5939
49146	+	5916	5943
49167	+	5926	6995
49208	+	5939	5943
49209	+	5939	7127
49212	+	5943	7127
49244	+	5954	7500
49294	+	5976	6693
49315	+	5983	7563
49316	+	5983	7571
49333	+	5989	6185
49358	+	6003	6169
49369	+	6014	6388
49370	+	6014	6654
49371	+	6014	7105
49383	+	6017	7292
49412	+	6036	6725
49413	+	6036	7021
49495	+	6094	6448
49509	+	6100	6334
49512	+	6100	6464
49513	+	6100	6848
49514	+	6100	6870
49515	+	6100	6913
49517	+	6100	7077
49518	+	6100	7147
49519	+	6100	7150
49563	+	6133	6227
49565	+	6133	6334
49569	+	6133	6742
49583	+	6142	6202
49584	+	6142	6203
49623	+	6161	6695
49700	+	6202	6203
49701	+	6202	6564
49702	+	6202	7183
49703	+	6203	6564
49704	+	6203	7171
49705	+	6203	7183
49707	+	6205	6453
49709	+	6208	6229
49710	+	6208	7508
49714	+	6210	6239
49736	+	6227	6334
49738	+	6227	7432
49739	+	6229	7508
49745	+	6234	6351
49763	+	6245	6251
49768	+	6252	7288
49775	+	6261	6482
49776	+	6261	6513
49777	+	6261	6715
49788	+	6268	6351
49789	+	6269	6351
49810	+	6281	7542
49818	+	6290	6527
49819	+	6290	6785
49820	+	6293	6317
49821	+	6293	6683
49823	+	6294	6787
49824	+	6294	7336
49827	+	6297	6349
49830	+	6298	7305
49843	+	6319	7305
49844	+	6321	6465
49860	+	6334	6363
49861	+	6334	6378
49876	+	6359	6905
49878	+	6363	6378
49881	+	6364	6386
49891	+	6371	7300
49953	+	6448	6955
49963	+	6459	7559
49966	+	6464	7147
49967	+	6464	7150
50012	+	6527	6785
50013	+	6527	6994
50014	+	6527	7230
50015	+	6527	7352
50047	+	6568	6590
50048	+	6568	6729
50049	+	6568	6732
50050	+	6568	6832
50091	+	6586	7289
50103	+	6590	6729
50104	+	6590	6732
50105	+	6590	6733
50106	+	6590	6744
50107	+	6590	7036
50166	+	6635	7036
50171	+	6639	6649
50178	+	6648	7271
50180	+	6650	6973
50181	+	6650	6994
50182	+	6650	7005
50183	+	6650	7537
50190	+	6654	6976
50210	+	6680	6693
50229	+	6699	6839
50247	+	6715	6995
50253	+	6725	7021
50255	+	6725	7305
50257	+	6729	6733
50258	+	6729	6748
50259	+	6729	6832
50260	+	6729	6887
50262	+	6732	6733
50263	+	6732	6748
50264	+	6732	6832
50265	+	6732	6887
50266	+	6733	6744
50267	+	6733	7036
50273	+	6744	6748
50274	+	6744	6832
50275	+	6745	6748
50276	+	6745	6832
50278	+	6748	6832
50279	+	6748	6857
50280	+	6748	6887
50281	+	6748	6912
50282	+	6748	6920
50306	+	6785	7378
50340	+	6821	7535
50345	+	6832	6912
50346	+	6832	7036
50353	+	6848	6930
50355	+	6850	7071
50358	+	6857	6887
50372	+	6870	7147
50373	+	6870	7150
50374	+	6870	7208
50382	+	6887	6920
50384	+	6892	7011
50391	+	6906	6970
50397	+	6921	7305
50420	+	6955	7305
50424	+	6973	6994
50427	+	6981	7543
50433	+	6994	7005
50434	+	6995	7378
50435	+	6995	7470
50436	+	6998	7021
50441	+	7011	7486
50450	+	7021	7305
50475	+	7045	7151
50488	+	7055	7234
50489	+	7055	7247
50514	+	7077	7147
50515	+	7077	7150
50519	+	7082	7214
50521	+	7086	7177
50524	+	7090	7154
50525	+	7090	7155
50526	+	7090	7160
50553	+	7147	7150
50559	+	7157	7550
50566	+	7170	7183
50567	+	7170	7272
50568	+	7171	7272
50573	+	7177	7292
50579	+	7183	7272
50593	+	7215	7543
50602	+	7234	7316
50630	+	7301	7547
50656	+	7366	7438
50661	+	7372	7531
50662	+	7372	7556
50667	+	7381	7541
50672	+	7395	7562
50674	+	7404	7434
50675	+	7404	7442
50676	+	7404	7517
50677	+	7408	7419
50687	+	7434	7442
50688	+	7437	7438
50689	+	7439	7459
50690	+	7439	7460
50691	+	7439	7463
50692	+	7442	7517
50695	+	7459	7460
50696	+	7459	7463
50711	+	7527	7528
50712	+	7540	7557
50713	+	7545	7546
50714	+	7547	7560
50715	+	7548	7549
50716	+	7551	7552
50717	+	7553	7554
50718	+	7564	7565
50719	+	7567	7568
50720	+	7569	7570
