153	+	23	24
160	+	23	1608
161	+	23	2046
164	+	23	2853
165	+	23	3152
166	+	23	4534
167	+	23	4598
168	+	23	5156
169	+	23	5783
170	+	23	6499
173	+	24	2046
175	+	24	2853
177	+	24	3152
181	+	24	4238
182	+	24	4533
183	+	24	4534
184	+	24	4598
185	+	24	4611
186	+	24	5156
187	+	24	5783
188	+	24	6499
189	+	24	6513
628	+	86	920
633	+	86	6715
1994	+	256	6564
4358	+	517	518
4359	+	517	519
4361	+	517	571
4372	+	518	2946
4375	+	518	3649
4384	+	519	571
4853	+	571	5887
4854	+	571	5905
7098	+	693	1943
7176	+	701	901
7220	+	701	6863
7223	+	701	7461
8355	+	788	2806
8378	+	791	1018
8380	+	791	6226
8835	+	824	4975
8836	+	824	5804
8837	+	824	6047
9109	+	844	3818
9110	+	844	3903
9118	+	844	6913
10086	+	901	6715
10087	+	901	6973
10155	+	906	2388
10161	+	906	6351
10265	+	921	970
11053	+	970	4072
11055	+	970	4328
11061	+	970	5114
11559	+	1000	1018
11568	+	1000	2991
11577	+	1000	6226
11798	+	1018	2991
11802	+	1018	6226
14799	+	1257	6299
15693	+	1352	2853
15694	+	1352	2881
15711	+	1352	4533
15861	+	1360	3461
15862	+	1360	3462
15874	+	1360	4979
15881	+	1360	6277
16997	+	1493	2770
17003	+	1493	3462
17016	+	1493	6277
17424	+	1532	1533
17439	+	1533	6133
17443	+	1533	6816
17517	+	1540	1600
17609	+	1561	2160
17751	+	1584	2612
17986	+	1608	2853
17987	+	1608	3152
17988	+	1608	4533
17989	+	1608	4534
17990	+	1608	4598
17991	+	1608	5156
17992	+	1608	5783
17993	+	1608	6499
17994	+	1608	6513
18438	+	1677	6252
18448	+	1679	7177
19178	+	1742	2056
19190	+	1742	3823
20409	+	1872	3028
20417	+	1872	5239
20890	+	1914	7337
21034	+	1932	3290
21230	+	1942	2388
21848	+	2033	4588
22000	+	2046	2853
22002	+	2046	3152
22004	+	2046	3819
22005	+	2046	4238
22006	+	2046	4533
22007	+	2046	4598
22008	+	2046	5156
22009	+	2046	5783
22010	+	2046	6499
22011	+	2046	6513
22116	+	2056	3819
22117	+	2056	3823
22119	+	2056	4533
24676	+	2292	2991
24679	+	2292	3899
24685	+	2292	5239
25036	+	2339	5798
25038	+	2339	6680
25246	+	2365	2978
25335	+	2380	4986
25371	+	2388	4703
25372	+	2388	4705
25385	+	2392	2687
26752	+	2560	4297
26759	+	2560	6973
26761	+	2560	7005
27655	+	2628	4046
27659	+	2628	5196
27662	+	2628	6729
27663	+	2628	6732
27665	+	2628	6912
27666	+	2628	7036
27792	+	2639	7092
27986	+	2687	6294
28590	+	2754	3200
29250	+	2853	3152
29254	+	2853	3819
29255	+	2853	4238
29256	+	2853	4533
29257	+	2853	4534
29258	+	2853	4598
29259	+	2853	5156
29261	+	2853	5783
29263	+	2853	6499
29264	+	2853	6513
29275	+	2854	5245
29609	+	2896	4611
30082	+	2946	4592
30491	+	2991	3899
30502	+	2991	5239
30680	+	3023	3646
30685	+	3023	4046
31055	+	3062	7362
31062	+	3063	7362
31172	+	3085	3664
31178	+	3085	7271
31441	+	3123	3200
31445	+	3123	4694
31704	+	3152	4533
31705	+	3152	4534
31707	+	3152	5156
31709	+	3152	5783
31712	+	3152	6513
32216	+	3198	3455
32260	+	3198	5138
32266	+	3198	5446
32276	+	3198	6307
32295	+	3199	5138
32300	+	3199	7460
32301	+	3199	7463
32719	+	3252	4343
33797	+	3371	3433
33903	+	3385	4611
34192	+	3440	4703
34197	+	3440	5874
34241	+	3448	6564
34266	+	3455	6307
34291	+	3461	3465
34297	+	3461	5403
34303	+	3461	7461
34304	+	3462	3465
34307	+	3462	3550
34311	+	3462	4173
34315	+	3462	5108
34317	+	3462	5403
34321	+	3462	5853
34322	+	3462	5896
34329	+	3462	6715
34330	+	3462	7011
34331	+	3462	7500
34366	+	3465	5835
34369	+	3465	6715
35032	+	3559	5822
35033	+	3559	6177
35034	+	3559	6277
35897	+	3646	4206
35898	+	3646	4213
35899	+	3646	4217
35908	+	3646	5123
35909	+	3646	5187
35910	+	3646	5196
35911	+	3646	5197
35915	+	3646	6967
36037	+	3663	4297
37756	+	3899	5239
37767	+	3903	5625
37785	+	3903	7432
38998	+	4046	4217
39008	+	4046	5081
39009	+	4046	5123
39010	+	4046	5187
39011	+	4046	5196
39018	+	4046	6729
39019	+	4046	6732
39021	+	4046	6744
39022	+	4046	6745
39025	+	4046	6857
39027	+	4046	6967
39028	+	4046	7036
39041	+	4048	5187
39184	+	4072	4328
39194	+	4072	5114
39198	+	4072	5665
39199	+	4072	5822
39247	+	4083	4632
39360	+	4092	6520
40023	+	4151	5138
40191	+	4162	4237
40194	+	4162	4979
40312	+	4173	5822
40313	+	4173	5853
40321	+	4173	7011
40574	+	4206	4217
40589	+	4206	5123
40592	+	4206	5196
40593	+	4206	5197
40595	+	4206	6729
40596	+	4206	6732
40600	+	4206	6967
40623	+	4213	5187
40626	+	4213	6967
40627	+	4214	6558
40628	+	4214	7558
40707	+	4217	5123
40709	+	4217	5187
40710	+	4217	5196
40717	+	4217	6729
40718	+	4217	6732
40720	+	4217	6744
40721	+	4217	6745
40996	+	4237	4979
40997	+	4237	5108
41005	+	4238	4533
41006	+	4238	4534
41007	+	4238	4598
41008	+	4238	6513
41511	+	4295	4312
43508	+	4533	4534
43509	+	4533	4598
43510	+	4533	5783
43511	+	4533	6499
43513	+	4534	4598
43514	+	4534	5156
43516	+	4534	5783
43517	+	4534	6499
43518	+	4534	6513
43853	+	4598	5156
43854	+	4598	5783
43855	+	4598	6499
43856	+	4598	6513
43915	+	4611	6482
44444	+	4692	5530
44445	+	4692	5708
44471	+	4703	4705
44489	+	4711	6017
46000	+	4975	6047
46001	+	4975	7289
46012	+	4979	5108
46017	+	4979	5403
46029	+	4979	7500
46472	+	5081	5123
46473	+	5081	5187
46474	+	5081	5196
46479	+	5081	6732
46483	+	5081	6912
46484	+	5081	6920
46537	+	5108	5108
46540	+	5108	5403
46550	+	5108	6277
46573	+	5114	5665
46599	+	5123	5196
46604	+	5123	6729
46752	+	5156	5783
46754	+	5156	6499
46851	+	5187	5196
46862	+	5187	6729
46863	+	5187	6732
46865	+	5187	6744
46866	+	5187	6745
46869	+	5187	6857
46871	+	5187	6967
46890	+	5196	6729
46891	+	5196	6732
46892	+	5196	6744
46894	+	5197	6967
46960	+	5214	6299
47384	+	5287	5508
47387	+	5287	5698
47390	+	5287	5945
47495	+	5303	6133
47956	+	5403	6177
47957	+	5403	6277
47964	+	5405	5867
48053	+	5424	6453
48287	+	5500	7011
48396	+	5530	5708
48398	+	5530	5804
48399	+	5530	5835
48401	+	5530	6785
48535	+	5576	6351
48712	+	5625	6133
48719	+	5625	7077
48903	+	5698	6298
49126	+	5783	6499
49127	+	5783	6513
49140	+	5792	5798
49181	+	5798	5976
49184	+	5798	6680
49204	+	5804	6047
49248	+	5822	6277
49251	+	5822	7011
49283	+	5835	6715
49344	+	5853	6277
49374	+	5874	7470
49623	+	5976	6680
49990	+	6177	6277
49992	+	6177	7011
50100	+	6252	6641
50101	+	6252	6651
50103	+	6252	7403
50161	+	6295	6308
50166	+	6298	6319
50266	+	6417	6464
50287	+	6437	7572
50332	+	6499	6513
50512	+	6641	6651
50513	+	6641	7403
50517	+	6644	7339
50529	+	6651	7414
50535	+	6654	7105
50602	+	6729	6732
50604	+	6729	6744
50605	+	6729	6745
50609	+	6729	6912
50610	+	6729	6920
50611	+	6729	7036
50614	+	6732	6744
50615	+	6732	6745
50618	+	6732	6857
50620	+	6732	6912
50621	+	6732	7036
50629	+	6744	6745
50634	+	6745	6912
50783	+	6973	7005
50799	+	7007	7533
50915	+	7154	7155
50916	+	7154	7160
50918	+	7155	7160
50972	+	7255	7528
51061	+	7460	7463
51071	+	7493	7533
51087	+	7573	7574
51088	+	7575	7576
