5	+	3	221
19	+	13	250
20	+	13	305
21	+	13	353
22	+	13	420
23	+	13	425
24	+	13	426
39	+	15	21
41	+	21	26
42	+	21	27
43	+	21	28
44	+	21	30
45	+	21	38
46	+	21	42
47	+	21	158
48	+	21	164
49	+	21	203
50	+	21	214
51	+	21	230
52	+	21	236
53	+	21	237
54	+	21	246
55	+	21	247
56	+	21	269
57	+	21	270
58	+	21	276
59	+	21	277
60	+	21	278
61	+	21	281
62	+	21	288
63	+	21	303
64	+	21	308
65	+	21	310
66	+	21	324
67	+	21	335
68	+	21	341
69	+	21	347
70	+	21	351
71	+	21	357
72	+	21	362
73	+	21	365
74	+	21	366
75	+	21	376
76	+	21	377
77	+	21	386
78	+	21	389
79	+	21	395
80	+	21	408
81	+	21	409
82	+	21	422
83	+	21	434
84	+	21	435
88	+	34	291
89	+	38	267
142	+	52	76
167	+	63	76
168	+	63	290
185	+	75	76
186	+	76	92
187	+	76	97
188	+	76	111
189	+	76	116
190	+	76	144
191	+	76	161
192	+	76	245
193	+	76	264
194	+	76	296
195	+	76	297
196	+	76	302
197	+	76	316
198	+	76	319
199	+	76	361
202	+	94	165
203	+	101	295
209	+	139	358
210	+	143	290
211	+	147	165
212	+	156	157
213	+	156	173
214	+	156	200
215	+	156	205
216	+	156	304
217	+	156	339
218	+	156	348
219	+	156	367
220	+	156	370
221	+	159	160
222	+	159	169
223	+	159	179
224	+	159	196
225	+	159	222
226	+	159	223
227	+	159	229
228	+	159	238
229	+	159	241
230	+	159	242
231	+	159	249
232	+	159	271
233	+	159	301
234	+	159	307
235	+	159	317
236	+	159	318
237	+	159	320
238	+	159	322
239	+	159	331
240	+	159	379
241	+	159	387
242	+	159	390
243	+	159	394
244	+	159	396
245	+	159	398
246	+	159	411
247	+	162	163
248	+	162	176
249	+	162	177
250	+	162	178
251	+	162	198
252	+	162	216
253	+	162	233
254	+	162	298
255	+	162	344
256	+	162	354
257	+	162	383
258	+	162	392
259	+	165	166
260	+	165	187
261	+	165	193
262	+	165	195
263	+	165	204
264	+	165	235
265	+	165	240
266	+	165	243
267	+	165	244
268	+	165	262
269	+	165	263
270	+	165	273
271	+	165	274
272	+	165	292
273	+	165	311
274	+	165	312
275	+	165	326
276	+	165	337
277	+	165	375
278	+	165	429
279	+	167	168
280	+	167	184
281	+	167	275
282	+	167	332
283	+	167	350
284	+	167	355
285	+	167	427
286	+	170	171
287	+	170	325
288	+	170	338
289	+	172	173
290	+	172	194
291	+	172	306
292	+	172	327
293	+	172	328
294	+	172	380
295	+	174	175
296	+	174	299
297	+	174	372
298	+	174	378
299	+	180	181
300	+	180	188
301	+	182	183
302	+	182	248
303	+	182	289
304	+	182	393
305	+	182	405
306	+	182	413
307	+	185	186
308	+	185	253
309	+	185	272
310	+	185	356
311	+	185	360
312	+	185	397
313	+	189	190
314	+	189	401
315	+	191	192
316	+	191	199
317	+	191	252
318	+	191	286
319	+	191	433
320	+	196	197
321	+	196	215
322	+	196	260
323	+	196	280
324	+	196	282
325	+	196	300
326	+	196	314
327	+	196	329
328	+	196	330
329	+	196	336
330	+	196	352
331	+	196	399
332	+	196	424
333	+	201	202
334	+	206	207
335	+	207	284
336	+	207	340
337	+	208	209
338	+	208	251
339	+	208	259
340	+	208	309
341	+	208	323
342	+	208	402
343	+	208	430
344	+	208	437
345	+	210	211
346	+	210	234
347	+	210	266
348	+	212	213
349	+	212	261
350	+	212	279
351	+	212	283
352	+	212	428
353	+	217	218
354	+	217	285
355	+	217	294
356	+	217	373
357	+	217	374
358	+	219	220
359	+	219	228
360	+	219	239
361	+	219	254
362	+	219	369
363	+	219	371
364	+	219	421
365	+	224	225
366	+	226	227
367	+	226	287
368	+	227	265
369	+	231	232
370	+	235	293
371	+	240	293
372	+	244	391
373	+	255	256
374	+	255	321
375	+	255	400
376	+	255	403
377	+	255	404
378	+	257	258
379	+	265	313
380	+	265	315
381	+	267	268
382	+	290	364
383	+	290	406
384	+	295	410
385	+	327	328
386	+	327	363
387	+	327	368
388	+	327	412
389	+	333	334
390	+	336	388
391	+	342	343
392	+	345	346
393	+	345	407
394	+	349	350
395	+	349	423
396	+	358	359
397	+	381	382
398	+	384	385
399	+	414	415
400	+	414	436
401	+	416	417
402	+	418	419
403	+	431	432
