17	+	11	23
18	+	11	24
19	+	11	579
44	+	19	493
204	+	82	472
205	+	85	153
206	+	88	153
211	+	101	459
215	+	116	153
220	+	144	153
222	+	151	438
223	+	153	245
233	+	157	318
260	+	160	317
313	+	176	375
314	+	176	438
315	+	176	452
375	+	218	285
387	+	227	456
388	+	227	511
389	+	229	317
394	+	250	438
404	+	273	375
407	+	292	375
409	+	301	317
410	+	311	375
411	+	317	371
412	+	317	463
413	+	317	471
414	+	317	505
415	+	317	515
416	+	317	529
417	+	317	562
418	+	317	563
419	+	317	591
420	+	317	594
421	+	318	421
422	+	318	464
423	+	318	475
424	+	318	481
425	+	318	492
426	+	318	496
427	+	318	506
428	+	318	514
429	+	318	592
436	+	336	457
437	+	337	375
438	+	341	477
444	+	356	445
446	+	360	445
447	+	375	443
448	+	375	444
449	+	375	446
450	+	375	474
451	+	375	489
452	+	375	495
453	+	375	500
454	+	375	503
455	+	375	504
456	+	375	509
457	+	375	545
458	+	375	546
459	+	375	547
460	+	375	548
461	+	375	570
462	+	375	595
469	+	424	457
471	+	438	439
472	+	438	440
473	+	438	441
474	+	438	442
475	+	438	447
476	+	438	448
477	+	438	451
478	+	438	458
479	+	438	462
480	+	438	469
481	+	438	470
482	+	438	476
483	+	438	491
484	+	438	492
485	+	438	494
486	+	438	501
487	+	438	507
488	+	438	517
489	+	438	518
490	+	438	519
491	+	438	523
492	+	438	538
493	+	438	539
494	+	438	540
495	+	438	541
496	+	438	543
497	+	438	544
498	+	438	549
499	+	438	552
500	+	438	553
501	+	438	559
502	+	438	568
503	+	438	569
504	+	438	571
505	+	438	572
506	+	438	573
507	+	438	577
508	+	438	578
509	+	438	580
510	+	438	581
511	+	438	584
512	+	438	585
513	+	438	587
514	+	438	590
515	+	438	597
516	+	438	598
517	+	445	454
518	+	445	455
519	+	445	467
520	+	445	468
521	+	445	482
522	+	445	487
523	+	445	488
524	+	445	497
525	+	445	499
526	+	445	510
527	+	445	512
528	+	445	516
529	+	445	524
530	+	445	525
531	+	445	526
532	+	445	533
533	+	445	534
534	+	445	535
535	+	445	555
536	+	445	560
537	+	445	566
538	+	445	574
539	+	445	586
540	+	445	593
541	+	449	450
542	+	449	473
543	+	449	551
544	+	449	601
545	+	452	453
546	+	452	460
547	+	452	461
548	+	452	494
549	+	452	499
550	+	452	508
551	+	452	520
552	+	452	530
553	+	452	537
554	+	452	542
555	+	452	554
556	+	452	567
557	+	452	576
558	+	452	582
559	+	452	583
560	+	452	588
561	+	452	596
562	+	457	565
563	+	457	600
564	+	465	466
565	+	477	478
566	+	477	490
567	+	477	498
568	+	477	558
569	+	479	480
570	+	479	485
571	+	479	589
572	+	483	484
573	+	483	486
574	+	483	502
575	+	483	513
576	+	483	536
577	+	521	522
578	+	521	599
579	+	527	528
580	+	527	550
581	+	531	532
582	+	556	557
583	+	556	561
584	+	556	564
585	+	556	575
