5	+	3	32
7	+	3	635
13	+	7	25
14	+	7	702
15	+	7	1007
16	+	7	1035
17	+	7	1214
96	+	29	1135
97	+	29	1152
101	+	32	635
102	+	32	658
103	+	32	695
104	+	32	806
105	+	32	831
106	+	32	885
107	+	32	891
108	+	32	937
109	+	32	952
110	+	32	957
111	+	32	985
112	+	32	986
113	+	32	1089
114	+	32	1108
115	+	32	1277
171	+	52	1186
209	+	68	629
215	+	72	629
231	+	80	629
243	+	111	619
244	+	113	651
246	+	116	619
247	+	116	629
248	+	116	638
249	+	116	809
251	+	124	627
252	+	124	629
255	+	142	629
298	+	160	629
338	+	169	379
339	+	169	626
340	+	169	1021
341	+	169	1061
351	+	173	653
359	+	179	394
360	+	179	1255
395	+	200	627
397	+	205	447
398	+	205	619
399	+	205	627
400	+	205	629
401	+	205	809
402	+	205	828
403	+	205	1105
404	+	205	1210
437	+	222	619
438	+	222	653
439	+	222	809
446	+	228	371
449	+	234	629
451	+	239	371
453	+	242	629
454	+	242	641
471	+	278	704
472	+	285	373
478	+	301	809
479	+	305	703
480	+	306	653
505	+	328	1144
506	+	332	726
510	+	336	619
514	+	343	700
519	+	350	674
523	+	369	371
524	+	369	650
525	+	370	619
526	+	371	650
527	+	371	1250
528	+	371	1284
529	+	373	647
530	+	373	990
531	+	373	1150
532	+	374	911
533	+	374	1176
552	+	397	953
553	+	410	638
554	+	410	778
560	+	428	627
632	+	447	629
633	+	447	641
655	+	453	520
658	+	461	520
660	+	468	627
661	+	471	629
662	+	473	676
663	+	476	629
676	+	493	1016
677	+	494	520
678	+	499	520
679	+	507	629
680	+	508	520
681	+	509	703
682	+	520	537
683	+	520	542
684	+	520	554
685	+	520	576
686	+	520	583
687	+	520	588
688	+	520	596
689	+	520	618
690	+	520	775
691	+	520	915
692	+	520	1006
693	+	520	1149
694	+	520	1285
699	+	529	753
701	+	532	635
702	+	539	629
703	+	541	629
704	+	551	794
709	+	562	653
710	+	562	746
711	+	562	778
712	+	562	809
713	+	562	1239
714	+	563	629
715	+	594	627
716	+	594	809
717	+	600	619
718	+	600	809
727	+	619	620
728	+	619	621
729	+	619	622
730	+	619	628
731	+	619	634
732	+	619	648
733	+	619	661
734	+	619	662
735	+	619	669
736	+	619	670
737	+	619	699
738	+	619	739
739	+	619	754
740	+	619	757
741	+	619	798
742	+	619	801
743	+	619	802
744	+	619	807
745	+	619	809
746	+	619	822
747	+	619	831
748	+	619	836
749	+	619	838
750	+	619	846
751	+	619	849
752	+	619	858
753	+	619	859
754	+	619	864
755	+	619	876
756	+	619	877
757	+	619	878
758	+	619	879
759	+	619	886
760	+	619	887
761	+	619	888
762	+	619	893
763	+	619	898
764	+	619	899
765	+	619	900
766	+	619	902
767	+	619	914
768	+	619	918
769	+	619	930
770	+	619	931
771	+	619	933
772	+	619	934
773	+	619	963
774	+	619	1009
775	+	619	1012
776	+	619	1015
777	+	619	1020
778	+	619	1022
779	+	619	1044
780	+	619	1045
781	+	619	1048
782	+	619	1049
783	+	619	1055
784	+	619	1064
785	+	619	1068
786	+	619	1073
787	+	619	1075
788	+	619	1083
789	+	619	1092
790	+	619	1103
791	+	619	1109
792	+	619	1116
793	+	619	1132
794	+	619	1175
795	+	619	1177
796	+	619	1199
797	+	619	1213
798	+	619	1217
799	+	619	1224
800	+	619	1231
801	+	619	1257
802	+	619	1278
803	+	619	1302
804	+	622	809
805	+	623	624
806	+	625	626
807	+	625	663
808	+	625	753
809	+	625	754
810	+	625	809
811	+	626	753
812	+	627	678
813	+	627	679
814	+	627	682
815	+	627	684
816	+	627	706
817	+	627	709
818	+	627	725
819	+	627	746
820	+	627	757
821	+	627	759
822	+	627	784
823	+	627	786
824	+	627	788
825	+	627	791
826	+	627	798
827	+	627	824
828	+	627	859
829	+	627	872
830	+	627	895
831	+	627	946
832	+	627	949
833	+	627	950
834	+	627	951
835	+	627	956
836	+	627	982
837	+	627	983
838	+	627	984
839	+	627	987
840	+	627	988
841	+	627	1000
842	+	627	1018
843	+	627	1047
844	+	627	1084
845	+	627	1095
846	+	627	1104
847	+	627	1124
848	+	627	1145
849	+	627	1160
850	+	627	1168
851	+	627	1174
852	+	627	1254
853	+	628	629
854	+	629	630
855	+	629	631
856	+	629	637
857	+	629	640
858	+	629	641
859	+	629	643
860	+	629	644
861	+	629	645
862	+	629	646
863	+	629	648
864	+	629	649
865	+	629	654
866	+	629	655
867	+	629	656
868	+	629	657
869	+	629	664
870	+	629	665
871	+	629	666
872	+	629	667
873	+	629	668
874	+	629	673
875	+	629	684
876	+	629	685
877	+	629	686
878	+	629	687
879	+	629	688
880	+	629	689
881	+	629	690
882	+	629	694
883	+	629	698
884	+	629	701
885	+	629	706
886	+	629	710
887	+	629	711
888	+	629	712
889	+	629	713
890	+	629	717
891	+	629	718
892	+	629	719
893	+	629	720
894	+	629	721
895	+	629	722
896	+	629	724
897	+	629	725
898	+	629	730
899	+	629	732
900	+	629	733
901	+	629	734
902	+	629	735
903	+	629	736
904	+	629	737
905	+	629	738
906	+	629	740
907	+	629	741
908	+	629	742
909	+	629	744
910	+	629	745
911	+	629	747
912	+	629	754
913	+	629	758
914	+	629	761
915	+	629	762
916	+	629	765
917	+	629	766
918	+	629	767
919	+	629	768
920	+	629	769
921	+	629	771
922	+	629	772
923	+	629	773
924	+	629	774
925	+	629	776
926	+	629	777
927	+	629	779
928	+	629	780
929	+	629	781
930	+	629	782
931	+	629	783
932	+	629	785
933	+	629	792
934	+	629	793
935	+	629	796
936	+	629	797
937	+	629	798
938	+	629	813
939	+	629	814
940	+	629	815
941	+	629	816
942	+	629	817
943	+	629	821
944	+	629	822
945	+	629	823
946	+	629	834
947	+	629	835
948	+	629	836
949	+	629	842
950	+	629	844
951	+	629	849
952	+	629	855
953	+	629	856
954	+	629	857
955	+	629	859
956	+	629	860
957	+	629	861
958	+	629	863
959	+	629	865
960	+	629	866
961	+	629	867
962	+	629	870
963	+	629	871
964	+	629	875
965	+	629	879
966	+	629	880
967	+	629	881
968	+	629	882
969	+	629	883
970	+	629	889
971	+	629	890
972	+	629	892
973	+	629	901
974	+	629	904
975	+	629	905
976	+	629	906
977	+	629	917
978	+	629	920
979	+	629	921
980	+	629	922
981	+	629	924
982	+	629	925
983	+	629	926
984	+	629	927
985	+	629	928
986	+	629	935
987	+	629	936
988	+	629	938
989	+	629	939
990	+	629	940
991	+	629	943
992	+	629	944
993	+	629	945
994	+	629	947
995	+	629	958
996	+	629	960
997	+	629	966
998	+	629	967
999	+	629	968
1000	+	629	969
1001	+	629	970
1002	+	629	971
1003	+	629	974
1004	+	629	979
1005	+	629	980
1006	+	629	989
1007	+	629	991
1008	+	629	992
1009	+	629	993
1010	+	629	994
1011	+	629	995
1012	+	629	1001
1013	+	629	1002
1014	+	629	1003
1015	+	629	1004
1016	+	629	1005
1017	+	629	1010
1018	+	629	1012
1019	+	629	1013
1020	+	629	1024
1021	+	629	1025
1022	+	629	1026
1023	+	629	1027
1024	+	629	1028
1025	+	629	1029
1026	+	629	1030
1027	+	629	1031
1028	+	629	1034
1029	+	629	1036
1030	+	629	1037
1031	+	629	1038
1032	+	629	1040
1033	+	629	1041
1034	+	629	1042
1035	+	629	1046
1036	+	629	1051
1037	+	629	1054
1038	+	629	1056
1039	+	629	1057
1040	+	629	1058
1041	+	629	1060
1042	+	629	1063
1043	+	629	1066
1044	+	629	1069
1045	+	629	1070
1046	+	629	1071
1047	+	629	1072
1048	+	629	1074
1049	+	629	1078
1050	+	629	1085
1051	+	629	1086
1052	+	629	1094
1053	+	629	1095
1054	+	629	1096
1055	+	629	1098
1056	+	629	1099
1057	+	629	1106
1058	+	629	1109
1059	+	629	1112
1060	+	629	1113
1061	+	629	1116
1062	+	629	1119
1063	+	629	1120
1064	+	629	1121
1065	+	629	1122
1066	+	629	1123
1067	+	629	1128
1068	+	629	1134
1069	+	629	1137
1070	+	629	1138
1071	+	629	1147
1072	+	629	1162
1073	+	629	1163
1074	+	629	1164
1075	+	629	1165
1076	+	629	1167
1077	+	629	1168
1078	+	629	1169
1079	+	629	1170
1080	+	629	1171
1081	+	629	1178
1082	+	629	1179
1083	+	629	1180
1084	+	629	1181
1085	+	629	1182
1086	+	629	1188
1087	+	629	1189
1088	+	629	1190
1089	+	629	1191
1090	+	629	1192
1091	+	629	1194
1092	+	629	1195
1093	+	629	1197
1094	+	629	1201
1095	+	629	1202
1096	+	629	1203
1097	+	629	1204
1098	+	629	1205
1099	+	629	1206
1100	+	629	1207
1101	+	629	1208
1102	+	629	1209
1103	+	629	1210
1104	+	629	1211
1105	+	629	1212
1106	+	629	1225
1107	+	629	1229
1108	+	629	1230
1109	+	629	1232
1110	+	629	1234
1111	+	629	1235
1112	+	629	1236
1113	+	629	1237
1114	+	629	1238
1115	+	629	1244
1116	+	629	1247
1117	+	629	1248
1118	+	629	1249
1119	+	629	1251
1120	+	629	1253
1121	+	629	1259
1122	+	629	1260
1123	+	629	1261
1124	+	629	1266
1125	+	629	1272
1126	+	629	1273
1127	+	629	1274
1128	+	629	1276
1129	+	629	1279
1130	+	629	1280
1131	+	629	1281
1132	+	629	1283
1133	+	629	1286
1134	+	629	1287
1135	+	629	1288
1136	+	629	1289
1137	+	629	1290
1138	+	629	1291
1139	+	629	1292
1140	+	629	1293
1141	+	629	1294
1142	+	629	1295
1143	+	629	1299
1144	+	629	1300
1145	+	629	1301
1146	+	629	1303
1147	+	629	1304
1148	+	629	1306
1149	+	629	1308
1150	+	629	1310
1151	+	629	1311
1152	+	629	1312
1153	+	629	1314
1154	+	629	1315
1155	+	629	1316
1156	+	629	1317
1157	+	629	1318
1158	+	629	1319
1159	+	629	1320
1160	+	629	1322
1161	+	630	641
1162	+	632	633
1163	+	632	847
1164	+	632	929
1165	+	632	1166
1166	+	632	1268
1167	+	635	636
1168	+	635	658
1169	+	635	663
1170	+	635	695
1171	+	635	831
1172	+	635	873
1173	+	635	874
1174	+	635	885
1175	+	635	887
1176	+	635	891
1177	+	635	894
1178	+	635	913
1179	+	635	942
1180	+	635	952
1181	+	635	957
1182	+	635	985
1183	+	635	1008
1184	+	635	1089
1185	+	635	1108
1186	+	635	1118
1187	+	635	1143
1188	+	635	1172
1189	+	638	639
1190	+	638	716
1191	+	638	755
1192	+	638	803
1193	+	638	830
1194	+	638	884
1195	+	638	910
1196	+	638	955
1197	+	638	1014
1198	+	638	1023
1199	+	638	1076
1200	+	638	1100
1201	+	638	1133
1202	+	638	1142
1203	+	638	1156
1204	+	638	1198
1205	+	638	1200
1206	+	638	1216
1207	+	638	1228
1208	+	638	1242
1209	+	638	1258
1210	+	640	641
1211	+	641	642
1212	+	641	682
1213	+	641	715
1214	+	641	731
1215	+	641	742
1216	+	641	743
1217	+	641	744
1218	+	641	745
1219	+	641	798
1220	+	641	814
1221	+	641	823
1222	+	641	864
1223	+	641	892
1224	+	641	909
1225	+	641	961
1226	+	641	963
1227	+	641	975
1228	+	641	978
1229	+	641	1012
1230	+	641	1030
1231	+	641	1041
1232	+	641	1062
1233	+	641	1069
1234	+	641	1074
1235	+	641	1086
1236	+	641	1103
1237	+	641	1109
1238	+	641	1111
1239	+	641	1116
1240	+	641	1128
1241	+	641	1137
1242	+	641	1161
1243	+	641	1165
1244	+	641	1170
1245	+	641	1181
1246	+	641	1183
1247	+	641	1184
1248	+	641	1187
1249	+	641	1188
1250	+	641	1233
1251	+	641	1238
1252	+	641	1252
1253	+	647	1226
1254	+	651	652
1255	+	652	804
1256	+	652	868
1257	+	652	869
1258	+	652	1223
1259	+	653	719
1260	+	653	763
1261	+	653	810
1262	+	653	872
1263	+	653	1101
1264	+	653	1102
1265	+	653	1140
1266	+	653	1241
1267	+	653	1305
1268	+	659	660
1269	+	659	981
1270	+	659	1136
1271	+	659	1193
1272	+	671	672
1273	+	671	714
1274	+	671	818
1275	+	674	675
1276	+	674	897
1277	+	674	912
1278	+	674	919
1279	+	674	1019
1280	+	674	1065
1281	+	674	1090
1282	+	674	1117
1283	+	674	1296
1284	+	676	677
1285	+	676	808
1286	+	680	681
1287	+	680	691
1288	+	680	730
1289	+	680	790
1290	+	680	833
1291	+	680	859
1292	+	680	862
1293	+	680	932
1294	+	680	1064
1295	+	683	684
1296	+	683	685
1297	+	683	764
1298	+	683	771
1299	+	683	798
1300	+	683	841
1301	+	683	948
1302	+	683	977
1303	+	683	1060
1304	+	683	1087
1305	+	683	1110
1306	+	683	1130
1307	+	683	1256
1308	+	683	1267
1309	+	683	1269
1310	+	683	1297
1311	+	683	1321
1312	+	683	1323
1313	+	691	730
1314	+	692	693
1315	+	692	752
1316	+	692	845
1317	+	692	996
1318	+	692	1196
1319	+	692	1215
1320	+	696	697
1321	+	696	787
1322	+	696	1125
1323	+	696	1159
1324	+	699	700
1325	+	699	809
1326	+	700	701
1327	+	700	829
1328	+	700	1115
1329	+	703	751
1330	+	703	916
1331	+	703	1155
1332	+	703	1262
1333	+	704	705
1334	+	704	723
1335	+	704	756
1336	+	704	760
1337	+	704	799
1338	+	704	800
1339	+	704	825
1340	+	704	826
1341	+	704	848
1342	+	704	896
1343	+	704	959
1344	+	704	1080
1345	+	704	1082
1346	+	704	1093
1347	+	704	1114
1348	+	704	1151
1349	+	704	1173
1350	+	704	1298
1351	+	707	708
1352	+	707	1077
1353	+	707	1139
1354	+	726	727
1355	+	726	1313
1356	+	728	729
1357	+	728	750
1358	+	728	770
1359	+	728	805
1360	+	728	820
1361	+	728	941
1362	+	728	962
1363	+	728	965
1364	+	728	1081
1365	+	728	1091
1366	+	728	1185
1367	+	728	1240
1368	+	728	1264
1369	+	728	1307
1370	+	730	809
1371	+	730	865
1372	+	730	1106
1373	+	748	749
1374	+	748	908
1375	+	748	1050
1376	+	753	754
1377	+	753	843
1378	+	753	851
1379	+	778	955
1380	+	778	1014
1381	+	778	1133
1382	+	778	1142
1383	+	789	790
1384	+	789	1083
1385	+	794	795
1386	+	794	964
1387	+	809	810
1388	+	809	819
1389	+	809	827
1390	+	809	836
1391	+	809	844
1392	+	809	850
1393	+	809	852
1394	+	809	859
1395	+	809	903
1396	+	809	907
1397	+	809	923
1398	+	809	932
1399	+	809	934
1400	+	809	999
1401	+	809	1011
1402	+	809	1012
1403	+	809	1039
1404	+	809	1043
1405	+	809	1059
1406	+	809	1067
1407	+	809	1079
1408	+	809	1083
1409	+	809	1094
1410	+	809	1097
1411	+	809	1106
1412	+	809	1129
1413	+	809	1131
1414	+	809	1140
1415	+	809	1146
1416	+	809	1154
1417	+	809	1218
1418	+	809	1243
1419	+	809	1263
1420	+	809	1282
1421	+	809	1309
1422	+	811	812
1423	+	811	832
1424	+	811	837
1425	+	811	976
1426	+	811	1088
1427	+	811	1148
1428	+	811	1153
1429	+	839	840
1430	+	853	854
1431	+	953	954
1432	+	953	1157
1433	+	972	973
1434	+	972	1107
1435	+	997	998
1436	+	1016	1017
1437	+	1032	1033
1438	+	1032	1141
1439	+	1052	1053
1440	+	1126	1127
1441	+	1126	1158
1442	+	1150	1275
1443	+	1219	1220
1444	+	1221	1222
1445	+	1221	1265
1446	+	1226	1227
1447	+	1245	1246
1448	+	1270	1271
