50	+	15	351
97	+	28	351
118	+	33	1407
120	+	34	1441
200	+	62	144
237	+	80	1083
238	+	80	1339
242	+	91	1110
253	+	113	1110
259	+	116	1106
260	+	116	1142
261	+	116	1188
266	+	133	1426
267	+	133	1505
268	+	133	1617
269	+	134	145
270	+	134	1595
272	+	140	1110
275	+	144	150
277	+	144	1644
278	+	144	1656
320	+	160	1110
404	+	192	1341
460	+	220	228
461	+	220	239
476	+	236	351
482	+	245	1188
483	+	247	351
491	+	258	1609
492	+	260	1339
509	+	301	1140
510	+	301	1413
511	+	301	1456
512	+	301	1640
513	+	302	1110
516	+	306	1106
517	+	308	351
518	+	309	1427
539	+	320	1255
540	+	320	1339
541	+	322	1255
542	+	322	1339
543	+	323	1427
544	+	325	338
545	+	325	1356
557	+	341	395
561	+	343	1106
567	+	351	1383
568	+	351	1431
569	+	351	1531
570	+	351	1588
603	+	394	1255
604	+	395	1469
605	+	395	1470
609	+	410	1216
614	+	423	1506
617	+	430	1491
619	+	437	1427
666	+	439	587
667	+	442	587
692	+	446	1342
693	+	447	587
720	+	458	1188
721	+	459	532
743	+	504	1342
745	+	507	738
748	+	511	1369
749	+	511	1594
750	+	515	1216
766	+	522	1512
770	+	530	1621
773	+	535	1083
775	+	541	587
788	+	581	587
789	+	587	590
790	+	587	757
791	+	587	793
792	+	587	828
793	+	587	859
794	+	587	1448
795	+	587	1463
796	+	587	1536
797	+	587	1547
798	+	587	1556
799	+	587	1557
800	+	587	1576
801	+	587	1586
802	+	587	1615
892	+	620	1106
1251	+	630	740
1257	+	634	1188
1280	+	636	1354
1345	+	642	740
1365	+	660	1188
1366	+	663	1354
1381	+	677	1451
1409	+	684	738
1410	+	685	1385
1423	+	699	737
1425	+	699	1083
1426	+	699	1106
1427	+	699	1553
1431	+	701	1349
1457	+	720	1188
1458	+	720	1385
1459	+	724	1361
1479	+	737	1106
1480	+	737	1379
1481	+	737	1396
1482	+	737	1479
1483	+	737	1500
1484	+	737	1579
1485	+	738	761
1486	+	738	777
1487	+	738	798
1488	+	738	924
1489	+	738	939
1490	+	738	967
1491	+	738	991
1492	+	738	1005
1493	+	738	1078
1494	+	738	1134
1495	+	738	1225
1496	+	738	1260
1497	+	738	1343
1498	+	738	1363
1499	+	738	1375
1500	+	738	1376
1501	+	738	1384
1502	+	738	1484
1503	+	738	1597
1504	+	738	1620
1505	+	738	1658
1506	+	740	798
1507	+	740	924
1508	+	740	939
1515	+	763	1339
1520	+	780	1110
1523	+	790	1083
1524	+	790	1106
1569	+	829	1106
1570	+	836	1188
1572	+	849	1339
1573	+	852	1106
1575	+	854	1368
1576	+	859	1188
1577	+	873	1339
1578	+	879	1110
1579	+	879	1385
1580	+	887	1339
1581	+	887	1366
1582	+	892	1110
1583	+	892	1188
1584	+	911	1176
1585	+	915	1347
1586	+	923	1106
1587	+	923	1553
1588	+	928	1361
1591	+	954	1411
1592	+	955	1142
1593	+	955	1216
1596	+	978	1238
1597	+	983	1106
1598	+	983	1188
1599	+	985	1188
1602	+	1011	1339
1607	+	1064	1357
1608	+	1083	1098
1609	+	1083	1106
1610	+	1083	1338
1611	+	1083	1351
1612	+	1083	1352
1613	+	1083	1360
1614	+	1083	1380
1615	+	1083	1404
1616	+	1083	1409
1617	+	1083	1410
1618	+	1083	1438
1619	+	1083	1479
1620	+	1083	1486
1621	+	1083	1493
1622	+	1083	1509
1623	+	1083	1510
1624	+	1083	1511
1625	+	1083	1523
1626	+	1083	1528
1627	+	1083	1537
1628	+	1083	1555
1629	+	1083	1571
1630	+	1083	1598
1631	+	1083	1599
1632	+	1083	1606
1633	+	1083	1637
1634	+	1083	1647
1635	+	1083	1680
1636	+	1086	1188
1637	+	1106	1107
1638	+	1106	1122
1639	+	1106	1350
1640	+	1106	1352
1641	+	1106	1357
1642	+	1106	1386
1643	+	1106	1396
1644	+	1106	1400
1645	+	1106	1404
1646	+	1106	1406
1647	+	1106	1408
1648	+	1106	1414
1649	+	1106	1415
1650	+	1106	1420
1651	+	1106	1444
1652	+	1106	1446
1653	+	1106	1497
1654	+	1106	1500
1655	+	1106	1509
1656	+	1106	1511
1657	+	1106	1513
1658	+	1106	1516
1659	+	1106	1520
1660	+	1106	1589
1661	+	1106	1590
1662	+	1106	1591
1663	+	1106	1592
1664	+	1106	1604
1665	+	1106	1631
1666	+	1106	1672
1667	+	1106	1673
1668	+	1106	1682
1669	+	1110	1202
1670	+	1110	1272
1671	+	1110	1353
1672	+	1110	1373
1673	+	1110	1405
1674	+	1110	1471
1675	+	1110	1475
1676	+	1110	1481
1677	+	1110	1487
1678	+	1110	1492
1679	+	1110	1494
1680	+	1110	1495
1681	+	1110	1538
1682	+	1110	1584
1683	+	1110	1603
1684	+	1110	1608
1685	+	1110	1622
1686	+	1110	1624
1687	+	1110	1634
1688	+	1110	1635
1689	+	1110	1636
1690	+	1110	1638
1691	+	1110	1646
1692	+	1110	1648
1693	+	1110	1654
1694	+	1110	1674
1695	+	1111	1188
1698	+	1133	1142
1699	+	1137	1188
1700	+	1138	1188
1701	+	1140	1339
1702	+	1142	1198
1704	+	1165	1188
1705	+	1170	1188
1706	+	1184	1339
1707	+	1188	1202
1708	+	1188	1250
1709	+	1188	1274
1710	+	1188	1374
1711	+	1188	1396
1712	+	1188	1403
1713	+	1188	1404
1714	+	1188	1417
1715	+	1188	1419
1716	+	1188	1422
1717	+	1188	1424
1718	+	1188	1425
1719	+	1188	1430
1720	+	1188	1435
1721	+	1188	1436
1722	+	1188	1437
1723	+	1188	1461
1724	+	1188	1466
1725	+	1188	1472
1726	+	1188	1483
1727	+	1188	1500
1728	+	1188	1508
1729	+	1188	1518
1730	+	1188	1524
1731	+	1188	1541
1732	+	1188	1542
1733	+	1188	1558
1734	+	1188	1581
1735	+	1188	1583
1736	+	1188	1605
1737	+	1188	1612
1738	+	1188	1616
1739	+	1188	1629
1740	+	1188	1642
1741	+	1188	1650
1742	+	1188	1653
1743	+	1188	1659
1744	+	1188	1660
1745	+	1188	1661
1746	+	1188	1663
1747	+	1188	1664
1748	+	1188	1671
1749	+	1188	1677
1751	+	1216	1459
1752	+	1216	1501
1753	+	1216	1669
1758	+	1238	1390
1759	+	1238	1429
1760	+	1238	1515
1761	+	1243	1339
1763	+	1246	1473
1764	+	1255	1564
1765	+	1255	1649
1767	+	1271	1337
1768	+	1305	1339
1776	+	1333	1389
1777	+	1335	1336
1778	+	1335	1354
1779	+	1335	1355
1780	+	1335	1364
1781	+	1335	1377
1782	+	1335	1388
1783	+	1335	1418
1784	+	1335	1421
1785	+	1335	1443
1786	+	1335	1454
1787	+	1335	1457
1788	+	1335	1464
1789	+	1335	1465
1790	+	1335	1489
1791	+	1335	1490
1792	+	1335	1496
1793	+	1335	1504
1794	+	1335	1514
1795	+	1335	1527
1796	+	1335	1539
1797	+	1335	1540
1798	+	1335	1600
1799	+	1335	1601
1800	+	1335	1619
1801	+	1335	1662
1802	+	1335	1665
1803	+	1339	1340
1804	+	1339	1344
1805	+	1339	1345
1806	+	1339	1346
1807	+	1339	1348
1808	+	1339	1365
1809	+	1339	1371
1810	+	1339	1378
1811	+	1339	1387
1812	+	1339	1397
1813	+	1339	1401
1814	+	1339	1402
1815	+	1339	1413
1816	+	1339	1416
1817	+	1339	1423
1818	+	1339	1445
1819	+	1339	1467
1820	+	1339	1525
1821	+	1339	1526
1822	+	1339	1527
1823	+	1339	1532
1824	+	1339	1533
1825	+	1339	1534
1826	+	1339	1535
1827	+	1339	1563
1828	+	1339	1572
1829	+	1339	1574
1830	+	1339	1585
1831	+	1339	1602
1832	+	1339	1630
1833	+	1339	1639
1834	+	1339	1641
1835	+	1339	1652
1836	+	1341	1462
1837	+	1341	1517
1838	+	1341	1529
1839	+	1341	1573
1840	+	1342	1372
1841	+	1342	1391
1842	+	1342	1432
1843	+	1342	1578
1844	+	1342	1593
1845	+	1347	1392
1846	+	1347	1498
1847	+	1349	1460
1848	+	1349	1513
1849	+	1354	1355
1850	+	1354	1377
1851	+	1354	1388
1852	+	1354	1418
1853	+	1354	1443
1854	+	1354	1464
1855	+	1354	1465
1856	+	1354	1468
1857	+	1354	1480
1858	+	1354	1489
1859	+	1354	1490
1860	+	1354	1496
1861	+	1354	1504
1862	+	1354	1539
1863	+	1354	1625
1864	+	1356	1393
1865	+	1356	1394
1866	+	1356	1455
1867	+	1356	1613
1868	+	1356	1655
1869	+	1356	1676
1870	+	1358	1359
1871	+	1358	1499
1872	+	1361	1362
1873	+	1361	1395
1874	+	1361	1458
1875	+	1361	1627
1876	+	1361	1628
1877	+	1361	1681
1878	+	1366	1367
1879	+	1366	1453
1880	+	1366	1457
1881	+	1366	1468
1882	+	1366	1490
1883	+	1366	1519
1884	+	1366	1550
1885	+	1366	1563
1886	+	1366	1607
1887	+	1369	1370
1888	+	1369	1442
1889	+	1369	1485
1890	+	1369	1503
1891	+	1369	1543
1892	+	1369	1548
1893	+	1369	1643
1894	+	1381	1382
1895	+	1381	1560
1896	+	1383	1398
1897	+	1385	1397
1898	+	1385	1422
1899	+	1385	1567
1900	+	1385	1577
1901	+	1385	1580
1902	+	1385	1596
1903	+	1385	1597
1904	+	1385	1611
1905	+	1385	1618
1906	+	1385	1666
1907	+	1385	1668
1908	+	1398	1399
1909	+	1400	1553
1910	+	1407	1447
1911	+	1411	1412
1912	+	1411	1482
1913	+	1411	1502
1914	+	1411	1507
1915	+	1411	1551
1916	+	1411	1552
1917	+	1411	1561
1918	+	1411	1565
1919	+	1411	1623
1920	+	1427	1428
1921	+	1433	1434
1922	+	1433	1626
1923	+	1439	1440
1924	+	1439	1488
1925	+	1439	1559
1926	+	1439	1566
1927	+	1439	1667
1928	+	1449	1450
1929	+	1449	1476
1930	+	1449	1568
1931	+	1451	1452
1932	+	1473	1474
1933	+	1473	1546
1934	+	1473	1614
1935	+	1477	1478
1936	+	1477	1549
1937	+	1477	1575
1938	+	1477	1587
1939	+	1477	1610
1940	+	1477	1670
1941	+	1477	1675
1942	+	1491	1521
1943	+	1491	1562
1944	+	1491	1582
1945	+	1491	1657
1946	+	1503	1594
1947	+	1506	1522
1948	+	1512	1544
1949	+	1512	1545
1950	+	1521	1530
1951	+	1553	1554
1952	+	1553	1679
1953	+	1569	1570
1954	+	1594	1645
1955	+	1594	1678
1956	+	1632	1633
1957	+	1651	1652
