200	+	61	1815
215	+	66	155
216	+	68	155
224	+	74	155
240	+	77	892
241	+	78	155
245	+	80	1467
247	+	84	155
251	+	91	1695
262	+	113	892
272	+	116	1467
273	+	116	1758
275	+	124	128
276	+	124	155
279	+	124	678
280	+	124	735
281	+	124	776
282	+	124	968
283	+	124	1145
284	+	124	1164
285	+	124	1809
286	+	124	1961
287	+	128	142
288	+	128	155
289	+	128	938
290	+	128	1961
298	+	139	1683
299	+	139	1695
301	+	142	155
311	+	155	735
312	+	155	745
313	+	155	920
314	+	155	968
315	+	155	1004
316	+	155	1164
317	+	155	1190
318	+	155	1359
319	+	155	1809
320	+	155	1819
321	+	155	1846
322	+	155	1921
323	+	155	2204
333	+	157	222
335	+	158	630
365	+	160	1111
378	+	163	1827
420	+	173	1728
428	+	176	1687
433	+	181	630
446	+	187	1684
455	+	193	1684
513	+	222	331
514	+	222	387
515	+	222	394
516	+	222	529
519	+	222	669
520	+	222	746
522	+	222	810
523	+	222	859
524	+	222	887
525	+	222	895
526	+	222	999
527	+	222	1011
528	+	222	1012
529	+	222	1102
530	+	222	1129
531	+	222	1140
532	+	222	1143
533	+	222	1243
534	+	222	1305
535	+	222	1340
536	+	222	1346
537	+	222	1413
538	+	222	1669
539	+	222	1692
540	+	222	1698
541	+	222	1702
542	+	222	1775
543	+	222	1785
544	+	222	1786
545	+	222	1858
546	+	222	1869
547	+	222	1920
548	+	222	1930
549	+	222	1955
550	+	222	1973
551	+	222	1987
552	+	222	2012
553	+	222	2016
554	+	222	2047
555	+	222	2123
556	+	222	2141
557	+	222	2172
559	+	225	1907
576	+	244	1915
595	+	269	1399
609	+	302	892
611	+	302	1111
613	+	306	631
616	+	306	2063
620	+	313	691
621	+	315	691
622	+	316	691
646	+	322	1445
647	+	322	1467
648	+	322	1731
657	+	328	1728
658	+	329	630
659	+	331	1467
666	+	337	1827
667	+	339	1305
678	+	350	1724
679	+	350	1999
720	+	397	1686
721	+	410	515
724	+	410	884
726	+	410	1454
727	+	410	1459
728	+	410	1501
729	+	410	1943
730	+	410	1969
731	+	410	2128
732	+	412	631
733	+	413	1695
739	+	423	1633
742	+	428	892
794	+	443	1684
823	+	447	983
846	+	456	511
847	+	456	1503
848	+	456	1722
849	+	456	1790
850	+	456	2066
851	+	456	2072
852	+	456	2079
853	+	456	2191
860	+	466	2205
863	+	471	1683
878	+	484	1733
881	+	494	915
890	+	513	1733
915	+	537	915
916	+	537	1965
920	+	541	1467
921	+	541	1728
922	+	542	915
923	+	548	1827
925	+	551	1867
926	+	552	1467
937	+	564	1825
938	+	576	915
954	+	588	1828
957	+	596	915
958	+	598	1467
1046	+	620	631
1405	+	630	634
1407	+	630	699
1409	+	630	801
1410	+	630	823
1411	+	630	879
1412	+	630	909
1413	+	630	931
1414	+	630	933
1415	+	630	934
1416	+	630	1039
1417	+	630	1137
1418	+	630	1162
1419	+	630	1163
1420	+	630	1252
1421	+	630	1272
1422	+	630	1373
1423	+	630	1646
1424	+	630	1746
1425	+	630	1766
1426	+	630	1793
1427	+	630	1794
1428	+	630	1796
1429	+	630	1806
1430	+	630	1807
1431	+	630	1816
1432	+	630	1824
1433	+	630	1849
1434	+	630	1871
1435	+	630	1887
1436	+	630	1892
1437	+	630	1924
1438	+	630	1925
1439	+	630	1926
1440	+	630	1976
1441	+	630	1995
1442	+	630	2001
1443	+	630	2042
1444	+	630	2069
1445	+	630	2121
1446	+	630	2129
1447	+	630	2158
1448	+	630	2190
1449	+	630	2198
1450	+	630	2199
1451	+	631	719
1452	+	631	822
1453	+	631	1101
1454	+	631	1109
1455	+	631	1721
1456	+	631	1729
1457	+	631	1748
1458	+	631	1760
1459	+	631	1822
1460	+	631	1844
1461	+	631	2015
1491	+	636	1443
1514	+	640	1752
1558	+	645	1467
1560	+	647	1855
1575	+	654	1683
1581	+	660	1425
1582	+	660	1795
1583	+	661	1467
1585	+	663	1443
1586	+	669	1467
1587	+	670	1305
1612	+	681	1308
1613	+	681	1379
1614	+	681	1397
1615	+	681	1618
1616	+	681	1682
1617	+	681	1700
1618	+	681	1701
1619	+	681	1703
1620	+	681	1726
1621	+	681	1732
1622	+	681	1735
1623	+	681	1804
1624	+	681	1852
1625	+	681	1868
1626	+	681	1890
1627	+	681	1913
1628	+	681	1927
1629	+	681	1932
1630	+	681	1944
1631	+	681	1948
1632	+	681	1968
1633	+	681	1984
1634	+	681	1991
1635	+	681	1993
1636	+	681	2027
1637	+	681	2049
1638	+	681	2108
1639	+	681	2117
1640	+	681	2161
1641	+	681	2214
1642	+	681	2218
1643	+	681	2221
1644	+	682	1460
1665	+	691	714
1666	+	691	715
1668	+	691	835
1669	+	691	1027
1670	+	691	1086
1671	+	691	1193
1672	+	691	1233
1673	+	691	1276
1674	+	691	1400
1675	+	691	1424
1676	+	691	1437
1677	+	691	1518
1678	+	691	1598
1679	+	691	1697
1680	+	691	1708
1681	+	691	1710
1682	+	691	1712
1683	+	691	1739
1684	+	691	1752
1685	+	691	1754
1686	+	691	1757
1687	+	691	1761
1688	+	691	1782
1689	+	691	1792
1690	+	691	1817
1691	+	691	1851
1692	+	691	1856
1693	+	691	1857
1694	+	691	1859
1695	+	691	1881
1696	+	691	1897
1697	+	691	1945
1698	+	691	1949
1699	+	691	1952
1700	+	691	1982
1701	+	691	2003
1702	+	691	2004
1703	+	691	2037
1704	+	691	2045
1705	+	691	2058
1706	+	691	2080
1707	+	691	2083
1708	+	691	2095
1709	+	691	2099
1710	+	691	2137
1711	+	691	2152
1712	+	691	2183
1713	+	691	2202
1714	+	691	2209
1721	+	693	1683
1722	+	695	1731
1727	+	698	1683
1733	+	699	1111
1734	+	699	1486
1736	+	699	1554
1741	+	702	1684
1767	+	715	1752
1768	+	716	735
1769	+	716	942
1770	+	716	1749
1771	+	716	2046
1772	+	716	2056
1775	+	720	1422
1776	+	720	1472
1797	+	731	1467
1834	+	759	1467
1836	+	763	1467
1837	+	764	1736
1838	+	769	892
1839	+	772	1486
1845	+	783	1683
1850	+	790	1486
1851	+	791	983
1854	+	799	1800
1855	+	806	1731
1891	+	810	1467
1899	+	822	1486
1900	+	827	1467
1902	+	831	885
1903	+	831	887
1904	+	831	952
1905	+	831	1143
1906	+	831	1467
1907	+	831	1731
1908	+	831	1882
1909	+	835	892
1910	+	835	1437
1911	+	835	1697
1912	+	835	1752
1913	+	836	892
1915	+	836	1758
1917	+	842	1683
1918	+	842	1731
1920	+	849	1467
1921	+	851	1867
1926	+	859	1467
1927	+	861	1683
1928	+	862	1486
1929	+	862	1778
1930	+	862	1857
1931	+	862	2005
1932	+	866	1683
1934	+	873	1443
1935	+	877	1467
1936	+	878	1460
1939	+	885	1467
1942	+	887	1467
1943	+	887	1731
1944	+	892	892
1945	+	892	1002
1946	+	892	1027
1948	+	892	1137
1949	+	892	1186
1951	+	892	1202
1952	+	892	1584
1953	+	892	1671
1954	+	892	1695
1955	+	892	1810
1956	+	892	1829
1957	+	892	1983
1958	+	892	2086
1959	+	892	2185
1960	+	892	2186
1961	+	896	2070
1962	+	903	1467
1964	+	912	1724
1965	+	915	1006
1966	+	915	1149
1967	+	915	1285
1969	+	915	1905
1973	+	931	1111
1974	+	934	2030
1975	+	937	1731
1976	+	940	1903
1977	+	947	1305
1978	+	952	985
1979	+	952	1305
1980	+	952	1731
1984	+	955	1014
1987	+	957	1731
1991	+	978	1686
1994	+	983	1350
1995	+	983	1379
1996	+	983	1579
1997	+	983	1682
1998	+	983	1860
1999	+	983	2026
2000	+	983	2164
2001	+	984	1467
2002	+	985	1089
2004	+	985	1731
2007	+	1004	1961
2008	+	1007	1684
2009	+	1011	1305
2011	+	1011	1445
2012	+	1011	1467
2013	+	1015	1467
2015	+	1022	1752
2016	+	1027	1752
2017	+	1028	1683
2022	+	1078	1683
2051	+	1084	1467
2052	+	1085	1305
2054	+	1086	1437
2055	+	1086	1697
2056	+	1086	1752
2057	+	1089	1731
2058	+	1103	1467
2059	+	1103	1486
2092	+	1107	1467
2093	+	1108	1731
2094	+	1109	1749
2122	+	1111	1254
2123	+	1111	1592
2124	+	1111	1732
2125	+	1111	1735
2126	+	1111	1824
2127	+	1111	1875
2128	+	1111	2111
2129	+	1111	2162
2130	+	1111	2217
2131	+	1115	1752
2132	+	1117	2170
2133	+	1118	1443
2134	+	1123	1683
2142	+	1146	1467
2144	+	1156	1467
2146	+	1169	1683
2148	+	1172	1467
2149	+	1180	1683
2150	+	1181	1467
2152	+	1184	1467
2196	+	1193	1425
2197	+	1193	1710
2198	+	1194	1683
2199	+	1197	1683
2201	+	1207	1683
2202	+	1214	1684
2207	+	1220	2060
2211	+	1231	1554
2212	+	1232	1683
2219	+	1251	1683
2220	+	1254	1467
2225	+	1272	1752
2226	+	1276	1437
2227	+	1276	1697
2228	+	1277	1731
2229	+	1278	1486
2230	+	1287	1683
2231	+	1288	1683
2232	+	1289	1683
2234	+	1305	1416
2235	+	1305	1652
2236	+	1305	1731
2237	+	1305	1749
2238	+	1305	1785
2239	+	1305	1797
2240	+	1305	1823
2241	+	1305	1953
2242	+	1310	1683
2243	+	1311	1683
2244	+	1314	1683
2279	+	1338	1736
2313	+	1340	1445
2323	+	1345	1445
2324	+	1345	1467
2325	+	1346	1467
2328	+	1348	1958
2360	+	1364	1443
2361	+	1365	1445
2362	+	1365	1467
2379	+	1372	1827
2380	+	1374	1467
2381	+	1378	1467
2396	+	1387	1467
2397	+	1388	1468
2398	+	1390	1686
2399	+	1397	1749
2402	+	1402	1467
2403	+	1405	1695
2414	+	1412	1908
2415	+	1413	1445
2416	+	1414	1736
2417	+	1421	1443
2418	+	1422	1472
2419	+	1422	1870
2420	+	1424	1425
2421	+	1424	1437
2422	+	1424	1460
2423	+	1424	1697
2424	+	1424	1710
2425	+	1424	1751
2426	+	1424	1752
2427	+	1424	1856
2428	+	1424	1859
2429	+	1425	1518
2430	+	1425	1618
2431	+	1425	1677
2432	+	1425	1732
2433	+	1425	1774
2434	+	1425	1788
2435	+	1425	1789
2436	+	1425	1817
2437	+	1425	1880
2438	+	1425	1888
2439	+	1425	1912
2440	+	1425	1935
2441	+	1425	1992
2442	+	1425	1994
2443	+	1425	2008
2444	+	1425	2017
2445	+	1425	2022
2446	+	1425	2028
2447	+	1425	2075
2448	+	1425	2089
2449	+	1425	2103
2450	+	1425	2154
2451	+	1425	2157
2452	+	1425	2169
2453	+	1425	2171
2454	+	1425	2180
2458	+	1434	1958
2459	+	1435	1961
2460	+	1437	1694
2461	+	1437	1697
2462	+	1437	1710
2463	+	1437	1752
2464	+	1437	1855
2465	+	1437	1856
2466	+	1437	1859
2467	+	1437	1929
2468	+	1437	1957
2469	+	1437	2036
2470	+	1437	2142
2471	+	1437	2166
2472	+	1437	2216
2478	+	1440	1488
2479	+	1440	1559
2480	+	1440	1566
2481	+	1440	1667
2482	+	1443	1489
2483	+	1443	1600
2484	+	1443	1918
2485	+	1443	2035
2486	+	1443	2065
2487	+	1443	2173
2488	+	1445	1467
2489	+	1445	1533
2490	+	1445	1535
2491	+	1445	1585
2492	+	1445	1630
2493	+	1445	1641
2494	+	1445	1843
2495	+	1445	2018
2500	+	1454	1467
2501	+	1454	1731
2502	+	1460	1801
2503	+	1460	2196
2504	+	1461	1683
2505	+	1465	1539
2506	+	1467	1525
2507	+	1467	1526
2508	+	1467	1527
2509	+	1467	1533
2510	+	1467	1534
2511	+	1467	1535
2512	+	1467	1539
2513	+	1467	1543
2514	+	1467	1563
2515	+	1467	1572
2516	+	1467	1585
2517	+	1467	1602
2518	+	1467	1630
2519	+	1467	1639
2520	+	1467	1641
2521	+	1467	1642
2522	+	1467	1664
2523	+	1467	1669
2524	+	1467	1691
2525	+	1467	1702
2526	+	1467	1706
2527	+	1467	1707
2528	+	1467	1718
2529	+	1467	1723
2530	+	1467	1741
2531	+	1467	1742
2532	+	1467	1759
2533	+	1467	1779
2534	+	1467	1780
2535	+	1467	1786
2536	+	1467	1824
2537	+	1467	1831
2538	+	1467	1832
2539	+	1467	1834
2540	+	1467	1835
2541	+	1467	1838
2542	+	1467	1839
2543	+	1467	1840
2544	+	1467	1861
2545	+	1467	1866
2546	+	1467	1868
2547	+	1467	1877
2548	+	1467	1893
2549	+	1467	1904
2550	+	1467	1914
2551	+	1467	1923
2552	+	1467	1930
2553	+	1467	1934
2554	+	1467	1936
2555	+	1467	1938
2556	+	1467	1941
2557	+	1467	1944
2558	+	1467	1950
2559	+	1467	1956
2560	+	1467	1957
2561	+	1467	1966
2562	+	1467	1971
2563	+	1467	1972
2564	+	1467	1981
2565	+	1467	1984
2566	+	1467	1987
2567	+	1467	1997
2568	+	1467	2021
2569	+	1467	2029
2570	+	1467	2051
2571	+	1467	2053
2572	+	1467	2081
2573	+	1467	2082
2574	+	1467	2087
2575	+	1467	2088
2576	+	1467	2091
2577	+	1467	2094
2578	+	1467	2096
2579	+	1467	2097
2580	+	1467	2115
2581	+	1467	2125
2582	+	1467	2131
2583	+	1467	2143
2584	+	1467	2149
2585	+	1467	2150
2586	+	1467	2174
2587	+	1467	2177
2588	+	1467	2179
2589	+	1467	2182
2590	+	1467	2208
2591	+	1467	2212
2592	+	1467	2213
2593	+	1467	2215
2594	+	1467	2219
2595	+	1467	2220
2596	+	1467	2224
2597	+	1467	2226
2598	+	1467	2228
2599	+	1468	1738
2600	+	1468	1767
2601	+	1468	1876
2602	+	1471	1695
2606	+	1476	1568
2614	+	1485	1989
2615	+	1485	2105
2616	+	1486	1542
2617	+	1486	1653
2618	+	1486	1727
2619	+	1486	1777
2620	+	1486	1783
2621	+	1486	1852
2622	+	1486	1891
2623	+	1486	1919
2624	+	1486	1954
2625	+	1486	1988
2626	+	1486	1998
2627	+	1486	2002
2628	+	1486	2034
2629	+	1486	2038
2630	+	1486	2085
2631	+	1486	2168
2632	+	1486	2192
2633	+	1486	2229
2634	+	1489	1687
2643	+	1518	1710
2645	+	1528	1751
2646	+	1543	2064
2649	+	1554	2175
2650	+	1557	2044
2651	+	1568	2140
2655	+	1598	1710
2656	+	1608	1695
2657	+	1618	1710
2658	+	1622	1695
2660	+	1635	1695
2661	+	1638	1695
2662	+	1639	1723
2663	+	1648	1695
2664	+	1650	1758
2666	+	1652	1731
2667	+	1652	1791
2668	+	1683	1693
2669	+	1683	1709
2670	+	1683	1717
2671	+	1683	1719
2672	+	1683	1720
2673	+	1683	1725
2674	+	1683	1730
2675	+	1683	1755
2676	+	1683	1776
2677	+	1683	1803
2678	+	1683	1814
2679	+	1683	1818
2680	+	1683	1841
2681	+	1683	1848
2682	+	1683	1863
2683	+	1683	1864
2684	+	1683	1865
2685	+	1683	1895
2686	+	1683	1936
2687	+	1683	1937
2688	+	1683	1939
2689	+	1683	1940
2690	+	1683	1960
2691	+	1683	1974
2692	+	1683	2000
2693	+	1683	2024
2694	+	1683	2033
2695	+	1683	2071
2696	+	1683	2076
2697	+	1683	2112
2698	+	1683	2113
2699	+	1683	2114
2700	+	1683	2119
2701	+	1683	2134
2702	+	1683	2200
2703	+	1683	2206
2704	+	1683	2207
2705	+	1684	1685
2706	+	1684	1743
2707	+	1684	1842
2708	+	1684	1845
2709	+	1684	1847
2710	+	1684	1873
2711	+	1684	1874
2712	+	1684	2006
2713	+	1684	2098
2714	+	1684	2151
2715	+	1684	2155
2716	+	1684	2163
2717	+	1684	2181
2718	+	1684	2201
2719	+	1686	1713
2720	+	1686	1813
2721	+	1686	2222
2722	+	1687	1688
2723	+	1687	1767
2724	+	1687	1799
2725	+	1687	1833
2726	+	1687	2023
2727	+	1687	2165
2728	+	1689	1690
2729	+	1689	1798
2730	+	1689	2156
2731	+	1695	1696
2732	+	1695	1699
2733	+	1695	1703
2734	+	1695	1747
2735	+	1695	1756
2736	+	1695	1768
2737	+	1695	1769
2738	+	1695	1783
2739	+	1695	1784
2740	+	1695	1802
2741	+	1695	1808
2742	+	1695	1850
2743	+	1695	1872
2744	+	1695	1916
2745	+	1695	1927
2746	+	1695	1980
2747	+	1695	2032
2748	+	1695	2039
2749	+	1695	2040
2750	+	1695	2054
2751	+	1695	2061
2752	+	1695	2062
2753	+	1695	2093
2754	+	1695	2116
2755	+	1695	2135
2756	+	1695	2136
2757	+	1695	2145
2758	+	1695	2194
2759	+	1695	2210
2760	+	1695	2211
2761	+	1697	1752
2762	+	1697	1757
2763	+	1697	1856
2764	+	1697	1859
2765	+	1697	1929
2766	+	1697	1945
2767	+	1697	1957
2768	+	1697	2146
2769	+	1697	2197
2770	+	1698	1752
2771	+	1704	1705
2772	+	1710	1711
2773	+	1710	1716
2774	+	1710	1739
2775	+	1710	1740
2776	+	1710	1752
2777	+	1710	1754
2778	+	1710	1761
2779	+	1710	1773
2780	+	1710	1774
2781	+	1710	1789
2782	+	1710	1856
2783	+	1710	1859
2784	+	1710	1862
2785	+	1710	1879
2786	+	1710	1880
2787	+	1710	1881
2788	+	1710	1889
2789	+	1710	1896
2790	+	1710	1899
2791	+	1710	1906
2792	+	1710	1928
2793	+	1710	1942
2794	+	1710	1992
2795	+	1710	1994
2796	+	1710	2008
2797	+	1710	2028
2798	+	1710	2043
2799	+	1710	2057
2800	+	1710	2102
2801	+	1710	2118
2802	+	1710	2120
2803	+	1710	2122
2804	+	1710	2130
2805	+	1710	2137
2806	+	1710	2138
2807	+	1710	2139
2808	+	1710	2147
2809	+	1710	2148
2810	+	1714	1715
2811	+	1714	1922
2812	+	1714	1975
2813	+	1714	1996
2814	+	1714	2052
2815	+	1723	1898
2816	+	1723	2107
2817	+	1723	2159
2818	+	1728	1729
2819	+	1728	1748
2820	+	1728	1760
2821	+	1728	1844
2822	+	1728	1933
2823	+	1731	1785
2824	+	1731	1821
2825	+	1731	1915
2826	+	1731	1970
2827	+	1731	2012
2828	+	1731	2055
2829	+	1731	2176
2830	+	1733	1734
2831	+	1733	1951
2832	+	1733	2025
2833	+	1733	2106
2834	+	1733	2110
2835	+	1733	2225
2836	+	1736	1737
2837	+	1736	1770
2838	+	1736	1781
2839	+	1736	1805
2840	+	1736	1890
2841	+	1736	1913
2842	+	1736	1977
2843	+	1736	2109
2844	+	1736	2124
2845	+	1736	2153
2846	+	1736	2203
2847	+	1744	1745
2848	+	1749	1750
2849	+	1749	1834
2850	+	1749	1931
2851	+	1749	1936
2852	+	1749	2092
2853	+	1749	2178
2854	+	1749	2187
2855	+	1749	2223
2856	+	1751	1928
2857	+	1752	1753
2858	+	1752	1757
2859	+	1752	1792
2860	+	1752	1811
2861	+	1752	1812
2862	+	1752	1820
2863	+	1752	1830
2864	+	1752	1851
2865	+	1752	1856
2866	+	1752	1859
2867	+	1752	1878
2868	+	1752	1945
2869	+	1752	2041
2870	+	1752	2050
2871	+	1752	2101
2872	+	1752	2195
2873	+	1758	1759
2874	+	1762	1763
2875	+	1762	2144
2876	+	1764	1765
2877	+	1764	1787
2878	+	1764	2073
2879	+	1771	1772
2880	+	1771	2059
2881	+	1782	1795
2882	+	1791	2011
2883	+	1795	2104
2884	+	1800	1917
2885	+	1815	1999
2886	+	1819	1961
2887	+	1825	1826
2888	+	1825	1900
2889	+	1825	2100
2890	+	1836	1837
2891	+	1836	1894
2892	+	1836	2031
2893	+	1853	1854
2894	+	1883	1884
2895	+	1885	1886
2896	+	1885	2193
2897	+	1885	2227
2898	+	1901	1902
2899	+	1908	1909
2900	+	1908	2160
2901	+	1908	2167
2902	+	1910	1911
2903	+	1910	2090
2904	+	1946	1947
2905	+	1958	1959
2906	+	1958	1990
2907	+	1958	2007
2908	+	1958	2132
2909	+	1958	2133
2910	+	1961	1962
2911	+	1961	1967
2912	+	1961	2084
2913	+	1963	1964
2914	+	1963	2073
2915	+	1963	2074
2916	+	1978	1979
2917	+	1985	1986
2918	+	1991	2063
2919	+	2009	2010
2920	+	2013	2014
2921	+	2019	2020
2922	+	2044	2048
2923	+	2044	2184
2924	+	2067	2068
2925	+	2077	2078
2926	+	2126	2127
2927	+	2188	2189
