0	1
0	1115
1	20
2	3
2	4
2	5
2	10
2	16
2	25
2	26
2	29
2	51
2	52
2	53
2	93
2	101
2	104
2	112
2	137
2	144
2	145
2	156
2	164
2	166
2	167
2	181
2	203
2	223
2	227
2	231
2	242
2	251
2	252
2	253
2	256
2	259
2	266
2	286
2	317
2	318
2	333
2	339
2	392
2	411
2	421
2	433
2	440
2	461
2	468
2	470
2	471
2	476
2	497
2	510
2	514
2	519
2	547
2	549
2	563
2	581
2	589
2	590
2	604
2	606
2	611
2	666
2	668
2	676
2	693
2	694
2	698
2	699
2	714
2	717
2	721
2	743
2	745
2	748
2	762
2	778
2	832
2	860
2	865
2	877
2	880
2	892
2	895
2	905
2	906
2	910
2	912
2	923
2	927
2	929
2	945
2	1041
2	1108
2	1112
2	1172
2	1187
2	1246
2	1248
2	1263
2	1267
2	1307
2	1327
2	1328
2	1330
2	1336
2	1378
2	1379
2	1380
2	1395
2	1400
2	1413
2	1416
2	1430
2	1436
2	1439
2	1448
2	1455
2	1470
2	1486
2	1488
6	7
6	35
6	41
6	148
6	149
6	188
6	327
6	457
6	467
6	595
6	709
6	740
6	813
6	815
6	830
6	902
6	933
6	991
6	1106
6	1171
6	1191
6	1249
6	1373
6	1375
6	1381
6	1385
8	9
8	38
8	117
8	127
8	160
8	161
8	165
8	174
8	198
8	312
8	321
8	359
8	390
8	428
8	435
8	446
8	577
8	872
8	974
8	980
8	1070
8	1134
8	1170
8	1260
8	1265
8	1316
8	1353
8	1509
11	12
11	13
11	36
11	129
11	238
11	288
11	295
11	520
11	741
11	742
11	843
11	952
11	966
11	1098
11	1105
11	1159
11	1251
11	1254
11	1296
11	1312
11	1398
14	15
14	19
14	30
14	54
14	152
14	153
14	258
14	290
14	291
14	293
14	303
14	388
14	437
14	443
14	460
14	532
14	584
14	691
14	734
14	757
14	770
14	782
14	820
14	828
14	837
14	838
14	841
14	850
14	859
14	888
14	896
14	898
14	900
14	915
14	919
14	921
14	925
14	935
14	943
14	948
14	951
14	968
14	970
14	999
14	1007
14	1017
14	1055
14	1065
14	1073
14	1074
14	1076
14	1100
14	1119
14	1122
14	1154
14	1164
14	1169
14	1185
14	1193
14	1206
14	1259
14	1262
14	1266
14	1270
14	1271
14	1277
14	1289
14	1320
14	1323
14	1324
14	1331
14	1338
14	1345
14	1346
14	1350
14	1355
14	1377
14	1391
14	1393
14	1423
14	1474
17	18
17	22
17	78
17	99
17	109
17	120
17	122
17	132
17	133
17	134
17	138
17	140
17	150
17	182
17	201
17	208
17	209
17	216
17	250
17	263
17	270
17	271
17	279
17	282
17	283
17	334
17	373
17	387
17	393
17	463
17	466
17	473
17	488
17	577
17	592
17	618
17	633
17	638
17	639
17	683
17	724
17	758
17	794
17	958
17	1062
17	1101
17	1184
17	1231
18	20
18	76
20	21
20	22
20	27
20	28
20	77
20	78
20	99
20	102
20	103
20	106
20	109
20	110
20	113
20	115
20	119
20	120
20	122
20	125
20	126
20	128
20	132
20	133
20	134
20	138
20	139
20	140
20	147
20	150
20	158
20	161
20	163
20	179
20	181
20	182
20	187
20	196
20	201
20	202
20	208
20	216
20	219
20	220
20	244
20	246
20	247
20	248
20	249
20	250
20	257
20	261
20	262
20	263
20	271
20	273
20	276
20	277
20	278
20	279
20	280
20	281
20	282
20	283
20	284
20	285
20	304
20	305
20	347
20	353
20	356
20	357
20	361
20	362
20	364
20	367
20	368
20	369
20	375
20	378
20	379
20	383
20	385
20	387
20	393
20	395
20	396
20	404
20	408
20	409
20	410
20	416
20	417
20	418
20	419
20	420
20	426
20	447
20	448
20	473
20	483
20	486
20	488
20	490
20	492
20	493
20	494
20	495
20	496
20	499
20	503
20	504
20	505
20	522
20	525
20	527
20	528
20	550
20	551
20	555
20	562
20	577
20	578
20	579
20	582
20	592
20	593
20	608
20	612
20	613
20	616
20	618
20	619
20	632
20	633
20	636
20	639
20	641
20	645
20	670
20	673
20	678
20	680
20	683
20	684
20	686
20	688
20	689
20	697
20	700
20	701
20	702
20	718
20	722
20	724
20	725
20	738
20	760
20	761
20	784
20	785
20	788
20	793
20	794
20	803
20	845
20	847
20	848
20	866
20	871
20	882
20	926
20	958
20	961
20	971
20	972
20	973
20	978
20	990
20	1000
20	1005
20	1006
20	1058
20	1061
20	1069
20	1071
20	1075
20	1109
20	1130
20	1136
20	1144
20	1151
20	1152
20	1157
20	1158
20	1161
20	1195
20	1208
20	1210
20	1218
20	1261
20	1264
20	1283
20	1290
20	1291
20	1292
20	1294
20	1339
20	1340
20	1356
20	1357
20	1362
20	1368
20	1382
20	1449
20	1457
22	76
23	24
23	64
23	89
23	121
23	131
23	155
23	190
23	205
23	229
23	230
23	241
23	326
23	349
23	358
23	370
23	371
23	453
23	500
23	534
23	607
23	626
23	715
23	792
23	817
23	831
23	914
23	997
23	1015
23	1140
23	1155
23	1159
23	1160
23	1162
23	1180
23	1181
23	1186
23	1214
23	1217
23	1225
23	1226
23	1229
23	1230
23	1233
23	1234
23	1236
23	1237
23	1238
23	1241
23	1242
23	1244
23	1288
23	1297
23	1306
23	1308
23	1313
23	1358
23	1361
23	1365
23	1383
23	1384
23	1426
23	1427
23	1428
23	1431
23	1438
23	1465
23	1498
23	1503
25	299
27	76
30	31
31	32
31	105
31	111
31	152
31	153
31	159
31	245
31	258
31	267
31	290
31	293
31	301
31	311
31	328
31	330
31	344
31	406
31	412
31	422
31	423
31	427
31	429
31	437
31	443
31	451
31	460
31	462
31	472
31	526
31	531
31	532
31	541
31	545
31	552
31	565
31	571
31	583
31	584
31	658
31	691
31	730
31	733
31	734
31	780
31	904
31	1044
31	1146
31	1211
31	1342
31	1386
31	1429
31	1432
33	34
33	44
33	151
33	573
33	603
33	628
33	763
33	819
33	823
33	850
33	907
33	908
33	1007
33	1056
37	38
37	57
37	160
37	161
37	165
37	174
37	198
37	211
37	221
37	292
37	321
37	340
37	341
37	359
37	390
37	397
37	428
37	430
37	446
37	480
37	517
37	703
37	751
37	836
37	974
37	1070
37	1137
37	1299
37	1300
37	1316
37	1454
37	1458
37	1466
39	40
39	50
39	512
39	644
39	849
39	977
42	43
42	185
42	669
42	765
42	1026
42	1099
42	1104
42	1150
42	1213
42	1402
45	46
45	49
45	65
45	68
45	81
45	161
45	193
45	218
45	617
45	916
45	1284
45	1287
45	1304
45	1305
45	1405
45	1412
45	1491
45	1492
45	1497
47	48
47	144
47	178
47	214
47	215
47	325
47	336
47	491
47	539
47	556
47	569
47	576
47	581
47	669
47	711
47	712
47	744
47	756
47	759
47	762
47	765
47	771
47	797
47	806
47	824
47	825
47	854
47	856
47	861
47	928
47	930
47	931
47	941
47	946
47	954
47	955
47	986
47	987
47	1016
47	1025
47	1031
47	1077
47	1078
47	1090
47	1111
47	1124
47	1188
47	1190
47	1192
47	1196
47	1200
47	1205
47	1209
47	1243
47	1253
47	1268
47	1285
47	1311
47	1314
47	1329
47	1464
48	79
55	56
55	74
55	78
55	82
55	99
55	109
55	122
55	132
55	134
55	138
55	150
55	173
55	182
55	189
55	192
55	211
55	216
55	217
55	240
55	243
55	271
55	279
55	283
55	285
55	298
55	314
55	342
55	359
55	369
55	382
55	397
55	401
55	408
55	465
55	474
55	477
55	482
55	509
55	517
55	518
55	582
55	621
55	623
55	636
55	641
55	656
55	683
55	729
55	735
55	814
55	833
55	842
55	845
55	851
55	942
55	963
55	964
55	967
55	974
55	1018
55	1049
55	1091
55	1095
55	1096
55	1103
55	1228
55	1235
55	1252
55	1315
55	1319
55	1404
55	1469
55	1485
58	59
58	296
58	442
58	650
58	710
58	750
58	1212
58	1489
58	1506
60	61
60	157
60	162
60	226
60	235
60	320
60	323
60	324
60	350
60	363
60	376
60	377
60	444
60	485
60	487
60	498
60	501
60	502
60	620
60	630
60	631
60	708
60	726
60	749
60	816
60	858
60	862
60	869
60	874
60	897
60	901
60	922
60	936
60	937
60	939
60	944
60	993
60	996
60	1003
60	1010
60	1037
60	1040
60	1064
60	1125
60	1127
60	1131
60	1138
60	1183
60	1189
60	1325
60	1463
62	63
62	75
62	87
62	94
62	107
62	141
62	142
62	143
62	204
62	207
62	315
62	335
62	345
62	351
62	352
62	455
62	456
62	475
62	566
62	572
62	674
62	692
62	774
62	775
62	776
62	783
62	959
62	1038
62	1080
62	1089
62	1110
62	1147
62	1220
62	1221
62	1227
62	1239
62	1309
62	1310
62	1360
62	1363
62	1366
62	1433
62	1434
62	1435
62	1437
62	1441
62	1442
62	1444
62	1445
62	1450
62	1471
62	1473
62	1479
62	1481
62	1484
62	1487
66	67
66	69
66	92
66	95
66	100
66	168
66	177
66	180
66	200
66	224
66	225
66	227
66	231
66	232
66	233
66	236
66	237
66	260
66	302
66	309
66	310
66	316
66	319
66	328
66	338
66	344
66	348
66	394
66	431
66	434
66	445
66	449
66	458
66	459
66	478
66	535
66	538
66	546
66	553
66	568
66	580
66	586
66	587
66	609
66	635
66	637
66	646
66	651
66	652
66	662
66	665
66	727
66	731
66	732
66	736
66	737
66	755
66	779
66	780
66	798
66	811
66	812
66	818
66	822
66	829
66	835
66	920
66	965
66	969
66	985
66	989
66	995
66	1001
66	1004
66	1012
66	1047
66	1050
66	1051
66	1063
66	1067
66	1068
66	1072
66	1074
66	1116
66	1118
66	1201
66	1255
66	1317
66	1322
66	1387
66	1403
66	1407
66	1443
66	1453
66	1456
66	1499
66	1505
70	71
70	131
70	172
70	190
70	191
70	230
70	439
70	464
70	469
70	516
70	534
70	588
70	597
70	598
70	600
70	610
70	626
70	649
70	746
70	817
70	831
70	834
70	903
70	914
70	1011
70	1022
70	1039
70	1042
70	1081
70	1082
70	1143
70	1167
70	1168
70	1232
70	1295
70	1388
70	1401
72	73
72	176
72	194
72	195
72	199
72	306
72	331
72	436
72	441
72	627
72	682
72	839
72	918
72	956
72	983
72	1029
72	1087
72	1121
72	1123
72	1126
72	1207
72	1269
72	1397
72	1409
76	77
76	78
76	106
76	120
76	128
76	132
76	134
76	138
76	147
76	150
76	158
76	163
76	179
76	181
76	187
76	196
76	208
76	248
76	250
76	257
76	263
76	270
76	271
76	277
76	278
76	279
76	280
76	282
76	283
76	304
76	305
76	353
76	356
76	361
76	364
76	373
76	375
76	378
76	379
76	381
76	383
76	385
76	387
76	393
76	395
76	396
76	404
76	410
76	417
76	418
76	419
76	473
76	483
76	488
76	504
76	522
76	525
76	577
76	618
76	619
76	632
76	633
76	636
76	639
76	640
76	724
76	738
76	794
76	847
76	926
76	958
76	961
76	972
76	1245
76	1250
76	1326
76	1396
76	1459
79	80
79	118
79	144
79	178
79	214
79	215
79	234
79	259
79	266
79	268
79	336
79	384
79	461
79	484
79	554
79	556
79	559
79	569
79	573
79	574
79	575
79	576
79	581
79	585
79	594
79	629
79	653
79	654
79	669
79	671
79	679
79	681
79	693
79	711
79	712
79	759
79	765
79	766
79	767
79	771
79	772
79	773
79	777
79	786
79	790
79	797
79	806
79	808
79	844
79	852
79	854
79	855
79	861
79	875
79	878
79	924
79	927
79	938
79	941
79	946
79	947
79	953
79	954
79	955
79	960
79	1016
79	1026
79	1027
79	1028
79	1031
79	1032
79	1085
79	1086
79	1088
79	1090
79	1097
79	1111
79	1113
79	1139
79	1141
79	1148
79	1149
79	1150
79	1173
79	1182
79	1216
79	1222
79	1257
79	1268
79	1272
79	1273
79	1274
79	1280
79	1285
79	1314
79	1337
79	1408
79	1460
80	96
83	84
83	108
83	222
83	228
83	272
83	354
83	355
83	360
83	400
83	405
83	425
83	913
83	940
83	1019
83	1020
83	1093
83	1094
83	1166
83	1302
83	1334
83	1372
83	1392
83	1417
83	1419
83	1462
83	1467
85	86
85	88
85	114
85	116
85	146
85	154
85	157
85	162
85	206
85	210
85	226
85	235
85	389
85	391
85	439
85	501
85	515
85	537
85	649
85	685
85	704
85	791
85	801
85	802
85	870
85	873
85	949
85	966
85	1036
85	1054
85	1142
85	1145
85	1155
85	1159
85	1175
85	1176
85	1212
85	1296
85	1399
85	1411
85	1418
85	1440
85	1496
89	135
90	91
90	175
90	186
90	287
90	681
90	772
90	867
90	868
90	941
90	981
90	1013
90	1052
90	1053
90	1057
90	1059
90	1066
90	1092
90	1135
90	1153
90	1163
90	1198
90	1203
90	1204
90	1215
90	1219
90	1240
90	1282
90	1348
90	1354
90	1364
90	1406
90	1415
90	1421
90	1482
90	1508
96	97
96	98
96	145
96	234
96	239
96	268
96	315
96	322
96	336
96	384
96	386
96	461
96	489
96	491
96	511
96	558
96	559
96	569
96	576
96	581
96	585
96	601
96	669
96	679
96	712
96	765
96	766
96	781
96	797
96	844
96	928
96	930
96	931
96	938
96	941
96	976
96	1002
96	1026
96	1027
96	1028
96	1045
96	1048
96	1059
96	1120
96	1148
96	1149
96	1150
96	1156
96	1177
96	1216
96	1224
96	1281
96	1301
96	1303
96	1367
96	1410
96	1425
96	1447
111	719
114	135
123	124
123	168
123	232
123	236
123	260
123	310
123	316
123	346
123	372
123	374
123	413
123	421
123	424
123	431
123	438
123	478
123	507
123	508
123	521
123	544
123	568
123	570
123	580
123	605
123	637
123	642
123	652
123	659
123	660
123	661
123	662
123	663
123	675
123	739
123	779
123	789
123	798
123	799
123	807
123	881
123	885
123	888
123	890
123	891
123	911
123	950
123	1030
123	1047
123	1068
123	1199
123	1201
123	1293
123	1317
123	1341
123	1344
123	1351
123	1500
130	131
130	155
130	210
130	326
130	439
130	452
130	453
130	454
130	534
130	537
130	596
130	599
130	626
130	649
130	723
130	831
130	1165
130	1374
135	136
135	191
135	269
135	533
135	534
135	537
135	622
135	664
135	728
135	740
135	876
135	884
145	299
169	170
169	171
169	197
169	297
169	332
169	337
169	399
169	410
169	479
169	536
169	591
169	647
169	821
169	827
169	840
169	992
169	998
169	1009
169	1023
169	1079
169	1107
169	1110
169	1128
169	1202
169	1227
169	1256
169	1278
169	1318
169	1343
169	1347
169	1349
169	1370
169	1376
169	1414
169	1420
169	1451
169	1461
169	1468
169	1472
169	1475
183	184
183	1035
183	1178
183	1335
212	213
212	747
212	1102
212	1174
222	254
251	299
254	255
254	274
254	275
254	329
254	343
254	506
254	687
254	690
254	707
254	883
254	886
254	887
254	889
254	1298
254	1369
254	1371
254	1493
254	1495
254	1507
254	1510
264	265
264	289
264	294
264	398
264	481
264	530
264	540
264	567
264	602
264	634
264	657
264	713
264	716
264	826
264	857
264	917
264	932
264	1014
264	1021
264	1060
264	1132
264	1133
264	1194
264	1258
264	1352
267	719
299	300
299	313
299	402
299	407
299	542
299	543
299	548
299	557
299	560
299	561
299	640
299	648
299	655
299	667
299	782
299	800
299	809
299	879
299	893
299	894
299	899
299	909
299	962
299	979
299	999
299	1223
299	1286
307	308
307	403
307	513
307	846
307	853
307	934
307	1117
307	1247
307	1446
307	1490
365	366
365	380
365	432
365	450
365	564
365	695
365	752
365	1008
365	1359
365	1452
365	1501
365	1502
365	1504
414	415
414	1024
414	1197
414	1321
414	1483
414	1494
431	1083
434	1083
523	524
523	529
523	672
523	677
523	696
523	804
614	615
614	643
624	625
705	706
705	764
705	982
705	984
705	1114
719	720
719	787
719	805
719	810
719	988
719	994
719	1146
753	754
753	975
768	769
768	1046
768	1480
795	796
795	957
807	1083
863	864
863	1422
863	1424
888	1083
999	1083
1033	1034
1033	1043
1033	1179
1083	1084
1083	1129
1083	1279
1083	1476
1083	1477
1083	1478
1275	1276
1332	1333
1332	1394
1389	1390
