0	1
0	1115
1	20
1	1512
1	1682
2	3
2	4
2	5
2	10
2	16
2	25
2	26
2	29
2	51
2	52
2	53
2	93
2	101
2	104
2	112
2	137
2	144
2	145
2	156
2	164
2	166
2	167
2	181
2	203
2	223
2	227
2	231
2	242
2	251
2	252
2	253
2	256
2	259
2	266
2	286
2	317
2	318
2	333
2	339
2	392
2	411
2	421
2	433
2	440
2	461
2	468
2	470
2	471
2	476
2	497
2	510
2	514
2	519
2	547
2	549
2	563
2	581
2	589
2	590
2	604
2	606
2	611
2	666
2	668
2	676
2	693
2	694
2	698
2	699
2	714
2	717
2	721
2	743
2	745
2	748
2	762
2	778
2	832
2	860
2	865
2	877
2	880
2	892
2	895
2	905
2	906
2	910
2	912
2	923
2	927
2	929
2	945
2	1041
2	1108
2	1112
2	1172
2	1187
2	1246
2	1248
2	1263
2	1267
2	1307
2	1327
2	1328
2	1330
2	1336
2	1378
2	1379
2	1380
2	1395
2	1400
2	1413
2	1416
2	1430
2	1436
2	1439
2	1448
2	1455
2	1470
2	1486
2	1488
3	1908
4	1682
5	1525
6	7
6	35
6	41
6	148
6	149
6	188
6	327
6	457
6	467
6	595
6	709
6	740
6	813
6	815
6	830
6	902
6	933
6	991
6	1106
6	1171
6	1191
6	1249
6	1373
6	1375
6	1381
6	1385
8	9
8	38
8	117
8	127
8	160
8	161
8	165
8	174
8	198
8	312
8	321
8	359
8	390
8	428
8	435
8	446
8	577
8	872
8	974
8	980
8	1070
8	1134
8	1170
8	1260
8	1265
8	1316
8	1353
8	1509
9	1940
10	1908
11	12
11	13
11	36
11	129
11	238
11	288
11	295
11	520
11	741
11	742
11	843
11	952
11	966
11	1098
11	1105
11	1159
11	1251
11	1254
11	1296
11	1312
11	1398
14	15
14	19
14	30
14	54
14	152
14	153
14	258
14	290
14	291
14	293
14	303
14	388
14	437
14	443
14	460
14	532
14	584
14	691
14	734
14	757
14	770
14	782
14	820
14	828
14	837
14	838
14	841
14	850
14	859
14	888
14	896
14	898
14	900
14	915
14	919
14	921
14	925
14	935
14	943
14	948
14	951
14	968
14	970
14	999
14	1007
14	1017
14	1055
14	1065
14	1073
14	1074
14	1076
14	1100
14	1119
14	1122
14	1154
14	1164
14	1169
14	1185
14	1193
14	1206
14	1259
14	1262
14	1266
14	1270
14	1271
14	1277
14	1289
14	1320
14	1323
14	1324
14	1331
14	1338
14	1345
14	1346
14	1350
14	1355
14	1377
14	1391
14	1393
14	1423
14	1474
17	18
17	22
17	78
17	99
17	109
17	120
17	122
17	132
17	133
17	134
17	138
17	140
17	150
17	182
17	201
17	208
17	209
17	216
17	250
17	263
17	270
17	271
17	279
17	282
17	283
17	334
17	373
17	387
17	393
17	463
17	466
17	473
17	488
17	577
17	592
17	618
17	633
17	638
17	639
17	683
17	724
17	758
17	794
17	958
17	1062
17	1101
17	1184
17	1231
18	20
18	76
18	1512
20	21
20	22
20	27
20	28
20	77
20	78
20	99
20	102
20	103
20	106
20	109
20	110
20	113
20	115
20	119
20	120
20	122
20	125
20	126
20	128
20	132
20	133
20	134
20	138
20	139
20	140
20	147
20	150
20	158
20	161
20	163
20	179
20	181
20	182
20	187
20	196
20	201
20	202
20	208
20	216
20	219
20	220
20	244
20	246
20	247
20	248
20	249
20	250
20	257
20	261
20	262
20	263
20	271
20	273
20	276
20	277
20	278
20	279
20	280
20	281
20	282
20	283
20	284
20	285
20	304
20	305
20	347
20	353
20	356
20	357
20	361
20	362
20	364
20	367
20	368
20	369
20	375
20	378
20	379
20	383
20	385
20	387
20	393
20	395
20	396
20	404
20	408
20	409
20	410
20	416
20	417
20	418
20	419
20	420
20	426
20	447
20	448
20	473
20	483
20	486
20	488
20	490
20	492
20	493
20	494
20	495
20	496
20	499
20	503
20	504
20	505
20	522
20	525
20	527
20	528
20	550
20	551
20	555
20	562
20	577
20	578
20	579
20	582
20	592
20	593
20	608
20	612
20	613
20	616
20	618
20	619
20	632
20	633
20	636
20	639
20	641
20	645
20	670
20	673
20	678
20	680
20	683
20	684
20	686
20	688
20	689
20	697
20	700
20	701
20	702
20	718
20	722
20	724
20	725
20	738
20	760
20	761
20	784
20	785
20	788
20	793
20	794
20	803
20	845
20	847
20	848
20	866
20	871
20	882
20	926
20	958
20	961
20	971
20	972
20	973
20	978
20	990
20	1000
20	1005
20	1006
20	1058
20	1061
20	1069
20	1071
20	1075
20	1109
20	1130
20	1136
20	1144
20	1151
20	1152
20	1157
20	1158
20	1161
20	1195
20	1208
20	1210
20	1218
20	1261
20	1264
20	1283
20	1290
20	1291
20	1292
20	1294
20	1339
20	1340
20	1356
20	1357
20	1362
20	1368
20	1382
20	1449
20	1457
22	76
22	1512
22	2255
23	24
23	64
23	89
23	121
23	131
23	155
23	190
23	205
23	229
23	230
23	241
23	326
23	349
23	358
23	370
23	371
23	453
23	500
23	534
23	607
23	626
23	715
23	792
23	817
23	831
23	914
23	997
23	1015
23	1140
23	1155
23	1159
23	1160
23	1162
23	1180
23	1181
23	1186
23	1214
23	1217
23	1225
23	1226
23	1229
23	1230
23	1233
23	1234
23	1236
23	1237
23	1238
23	1241
23	1242
23	1244
23	1288
23	1297
23	1306
23	1308
23	1313
23	1358
23	1361
23	1365
23	1383
23	1384
23	1426
23	1427
23	1428
23	1431
23	1438
23	1465
23	1498
23	1503
25	299
25	1525
25	1557
25	2211
27	76
30	31
30	1554
30	1897
30	1904
30	2211
31	32
31	105
31	111
31	152
31	153
31	159
31	245
31	258
31	267
31	290
31	293
31	301
31	311
31	328
31	330
31	344
31	406
31	412
31	422
31	423
31	427
31	429
31	437
31	443
31	451
31	460
31	462
31	472
31	526
31	531
31	532
31	541
31	545
31	552
31	565
31	571
31	583
31	584
31	658
31	691
31	730
31	733
31	734
31	780
31	904
31	1044
31	1146
31	1211
31	1342
31	1386
31	1429
31	1432
33	34
33	44
33	151
33	573
33	603
33	628
33	763
33	819
33	823
33	850
33	907
33	908
33	1007
33	1056
36	1584
37	38
37	57
37	160
37	161
37	165
37	174
37	198
37	211
37	221
37	292
37	321
37	340
37	341
37	359
37	390
37	397
37	428
37	430
37	446
37	480
37	517
37	703
37	751
37	836
37	974
37	1070
37	1137
37	1299
37	1300
37	1316
37	1454
37	1458
37	1466
38	1940
39	40
39	50
39	512
39	644
39	849
39	977
40	1643
42	43
42	185
42	669
42	765
42	1026
42	1099
42	1104
42	1150
42	1213
42	1402
45	46
45	49
45	65
45	68
45	81
45	161
45	193
45	218
45	617
45	916
45	1284
45	1287
45	1304
45	1305
45	1405
45	1412
45	1491
45	1492
45	1497
47	48
47	144
47	178
47	214
47	215
47	325
47	336
47	491
47	539
47	556
47	569
47	576
47	581
47	669
47	711
47	712
47	744
47	756
47	759
47	762
47	765
47	771
47	797
47	806
47	824
47	825
47	854
47	856
47	861
47	928
47	930
47	931
47	941
47	946
47	954
47	955
47	986
47	987
47	1016
47	1025
47	1031
47	1077
47	1078
47	1090
47	1111
47	1124
47	1188
47	1190
47	1192
47	1196
47	1200
47	1205
47	1209
47	1243
47	1253
47	1268
47	1285
47	1311
47	1314
47	1329
47	1464
48	79
50	1643
51	1525
52	1580
53	1908
53	1972
55	56
55	74
55	78
55	82
55	99
55	109
55	122
55	132
55	134
55	138
55	150
55	173
55	182
55	189
55	192
55	211
55	216
55	217
55	240
55	243
55	271
55	279
55	283
55	285
55	298
55	314
55	342
55	359
55	369
55	382
55	397
55	401
55	408
55	465
55	474
55	477
55	482
55	509
55	517
55	518
55	582
55	621
55	623
55	636
55	641
55	656
55	683
55	729
55	735
55	814
55	833
55	842
55	845
55	851
55	942
55	963
55	964
55	967
55	974
55	1018
55	1049
55	1091
55	1095
55	1096
55	1103
55	1228
55	1235
55	1252
55	1315
55	1319
55	1404
55	1469
55	1485
56	2255
58	59
58	296
58	442
58	650
58	710
58	750
58	1212
58	1489
58	1506
59	1885
60	61
60	157
60	162
60	226
60	235
60	320
60	323
60	324
60	350
60	363
60	376
60	377
60	444
60	485
60	487
60	498
60	501
60	502
60	620
60	630
60	631
60	708
60	726
60	749
60	816
60	858
60	862
60	869
60	874
60	897
60	901
60	922
60	936
60	937
60	939
60	944
60	993
60	996
60	1003
60	1010
60	1037
60	1040
60	1064
60	1125
60	1127
60	1131
60	1138
60	1183
60	1189
60	1325
60	1463
61	1546
62	63
62	75
62	87
62	94
62	107
62	141
62	142
62	143
62	204
62	207
62	315
62	335
62	345
62	351
62	352
62	455
62	456
62	475
62	566
62	572
62	674
62	692
62	774
62	775
62	776
62	783
62	959
62	1038
62	1080
62	1089
62	1110
62	1147
62	1220
62	1221
62	1227
62	1239
62	1309
62	1310
62	1360
62	1363
62	1366
62	1433
62	1434
62	1435
62	1437
62	1441
62	1442
62	1444
62	1445
62	1450
62	1471
62	1473
62	1479
62	1481
62	1484
62	1487
63	75
63	259
63	524
63	764
63	774
63	783
63	981
63	1203
63	1268
63	1422
63	1451
63	1481
63	1484
63	1487
63	1666
63	1689
63	1694
63	1697
63	1718
63	1792
63	1868
63	1939
63	1992
63	2003
63	2015
63	2029
63	2036
63	2067
63	2180
63	2292
63	2318
63	2362
63	2670
63	2758
63	2925
63	2934
63	3123
63	3151
63	3157
63	3246
63	3326
63	3419
63	3589
63	3695
63	3696
63	3728
63	3832
63	3907
63	3921
63	3942
63	3963
63	4003
63	4057
63	4107
63	4136
63	4160
63	4277
63	4286
63	4287
63	4301
63	4321
63	4322
63	4363
63	4486
63	4494
63	4517
63	4683
63	4703
63	4721
63	4731
63	4765
63	4776
63	4797
63	4807
63	4839
63	4868
63	4884
63	5000
63	5007
66	67
66	69
66	92
66	95
66	100
66	168
66	177
66	180
66	200
66	224
66	225
66	227
66	231
66	232
66	233
66	236
66	237
66	260
66	302
66	309
66	310
66	316
66	319
66	328
66	338
66	344
66	348
66	394
66	431
66	434
66	445
66	449
66	458
66	459
66	478
66	535
66	538
66	546
66	553
66	568
66	580
66	586
66	587
66	609
66	635
66	637
66	646
66	651
66	652
66	662
66	665
66	727
66	731
66	732
66	736
66	737
66	755
66	779
66	780
66	798
66	811
66	812
66	818
66	822
66	829
66	835
66	920
66	965
66	969
66	985
66	989
66	995
66	1001
66	1004
66	1012
66	1047
66	1050
66	1051
66	1063
66	1067
66	1068
66	1072
66	1074
66	1116
66	1118
66	1201
66	1255
66	1317
66	1322
66	1387
66	1403
66	1407
66	1443
66	1453
66	1456
66	1499
66	1505
67	1593
69	1548
70	71
70	131
70	172
70	190
70	191
70	230
70	439
70	464
70	469
70	516
70	534
70	588
70	597
70	598
70	600
70	610
70	626
70	649
70	746
70	817
70	831
70	834
70	903
70	914
70	1011
70	1022
70	1039
70	1042
70	1081
70	1082
70	1143
70	1167
70	1168
70	1232
70	1295
70	1388
70	1401
72	73
72	176
72	194
72	195
72	199
72	306
72	331
72	436
72	441
72	627
72	682
72	839
72	918
72	956
72	983
72	1029
72	1087
72	1121
72	1123
72	1126
72	1207
72	1269
72	1397
72	1409
76	77
76	78
76	106
76	120
76	128
76	132
76	134
76	138
76	147
76	150
76	158
76	163
76	179
76	181
76	187
76	196
76	208
76	248
76	250
76	257
76	263
76	270
76	271
76	277
76	278
76	279
76	280
76	282
76	283
76	304
76	305
76	353
76	356
76	361
76	364
76	373
76	375
76	378
76	379
76	381
76	383
76	385
76	387
76	393
76	395
76	396
76	404
76	410
76	417
76	418
76	419
76	473
76	483
76	488
76	504
76	522
76	525
76	577
76	618
76	619
76	632
76	633
76	636
76	639
76	640
76	724
76	738
76	794
76	847
76	926
76	958
76	961
76	972
76	1245
76	1250
76	1326
76	1396
76	1459
78	1512
78	1540
79	80
79	118
79	144
79	178
79	214
79	215
79	234
79	259
79	266
79	268
79	336
79	384
79	461
79	484
79	554
79	556
79	559
79	569
79	573
79	574
79	575
79	576
79	581
79	585
79	594
79	629
79	653
79	654
79	669
79	671
79	679
79	681
79	693
79	711
79	712
79	759
79	765
79	766
79	767
79	771
79	772
79	773
79	777
79	786
79	790
79	797
79	806
79	808
79	844
79	852
79	854
79	855
79	861
79	875
79	878
79	924
79	927
79	938
79	941
79	946
79	947
79	953
79	954
79	955
79	960
79	1016
79	1026
79	1027
79	1028
79	1031
79	1032
79	1085
79	1086
79	1088
79	1090
79	1097
79	1111
79	1113
79	1139
79	1141
79	1148
79	1149
79	1150
79	1173
79	1182
79	1216
79	1222
79	1257
79	1268
79	1272
79	1273
79	1274
79	1280
79	1285
79	1314
79	1337
79	1408
79	1460
80	96
83	84
83	108
83	222
83	228
83	272
83	354
83	355
83	360
83	400
83	405
83	425
83	913
83	940
83	1019
83	1020
83	1093
83	1094
83	1166
83	1302
83	1334
83	1372
83	1392
83	1417
83	1419
83	1462
83	1467
85	86
85	88
85	114
85	116
85	146
85	154
85	157
85	162
85	206
85	210
85	226
85	235
85	389
85	391
85	439
85	501
85	515
85	537
85	649
85	685
85	704
85	791
85	801
85	802
85	870
85	873
85	949
85	966
85	1036
85	1054
85	1142
85	1145
85	1155
85	1159
85	1175
85	1176
85	1212
85	1296
85	1399
85	1411
85	1418
85	1440
85	1496
86	2188
88	1686
89	135
89	1560
90	91
90	175
90	186
90	287
90	681
90	772
90	867
90	868
90	941
90	981
90	1013
90	1052
90	1053
90	1057
90	1059
90	1066
90	1092
90	1135
90	1153
90	1163
90	1198
90	1203
90	1204
90	1215
90	1219
90	1240
90	1282
90	1348
90	1354
90	1364
90	1406
90	1415
90	1421
90	1482
90	1508
91	1987
93	1525
93	1534
93	1549
93	1580
94	1647
96	97
96	98
96	145
96	234
96	239
96	268
96	315
96	322
96	336
96	384
96	386
96	461
96	489
96	491
96	511
96	558
96	559
96	569
96	576
96	581
96	585
96	601
96	669
96	679
96	712
96	765
96	766
96	781
96	797
96	844
96	928
96	930
96	931
96	938
96	941
96	976
96	1002
96	1026
96	1027
96	1028
96	1045
96	1048
96	1059
96	1120
96	1148
96	1149
96	1150
96	1156
96	1177
96	1216
96	1224
96	1281
96	1301
96	1303
96	1367
96	1410
96	1425
96	1447
97	1987
104	1908
104	2211
106	1512
106	1540
111	719
114	135
114	1635
114	1675
116	1552
117	1940
119	1824
119	2145
120	1824
121	1635
123	124
123	168
123	232
123	236
123	260
123	310
123	316
123	346
123	372
123	374
123	413
123	421
123	424
123	431
123	438
123	478
123	507
123	508
123	521
123	544
123	568
123	570
123	580
123	605
123	637
123	642
123	652
123	659
123	660
123	661
123	662
123	663
123	675
123	739
123	779
123	789
123	798
123	799
123	807
123	881
123	885
123	888
123	890
123	891
123	911
123	950
123	1030
123	1047
123	1068
123	1199
123	1201
123	1293
123	1317
123	1341
123	1344
123	1351
123	1500
125	2255
127	1670
130	131
130	155
130	210
130	326
130	439
130	452
130	453
130	454
130	534
130	537
130	596
130	599
130	626
130	649
130	723
130	831
130	1165
130	1374
131	1635
132	2255
134	2255
135	136
135	191
135	269
135	533
135	534
135	537
135	622
135	664
135	728
135	740
135	876
135	884
138	2255
140	1512
140	2255
145	299
145	1525
145	1536
145	1580
145	1908
145	1972
145	2851
146	1635
147	1540
150	1512
155	1546
155	1560
157	226
157	235
157	323
157	377
157	704
157	726
157	862
157	922
157	993
157	1125
157	1145
157	1189
157	1690
157	1695
157	1699
157	1988
157	1994
157	2037
157	2093
157	2331
157	3601
157	3730
157	4219
157	4603
157	4961
158	1824
160	1940
161	1731
165	1940
166	1908
167	1518
169	170
169	171
169	197
169	297
169	332
169	337
169	399
169	410
169	479
169	536
169	591
169	647
169	821
169	827
169	840
169	992
169	998
169	1009
169	1023
169	1079
169	1107
169	1110
169	1128
169	1202
169	1227
169	1256
169	1278
169	1318
169	1343
169	1347
169	1349
169	1370
169	1376
169	1414
169	1420
169	1451
169	1461
169	1468
169	1472
169	1475
170	1682
171	1580
171	1595
176	2248
177	1548
177	1703
177	2043
177	2771
177	4128
179	1557
183	184
183	1035
183	1178
183	1335
184	2806
186	1647
190	1952
190	3958
191	1635
196	1144
196	1824
196	2255
200	1548
200	1703
200	1746
200	3348
202	1824
204	2152
209	2255
210	1608
210	1627
210	1635
210	1675
212	213
212	747
212	1102
212	1174
219	2255
219	4104
220	1991
222	254
224	1548
225	1548
225	1593
225	1703
226	1675
227	1525
227	1908
231	1511
231	1525
231	1534
232	1700
233	1719
234	1530
234	1641
235	1608
235	1675
237	2043
238	1885
241	1635
244	1682
244	1793
247	1557
249	2966
250	1512
250	1824
251	299
252	1525
252	1534
252	1557
254	255
254	274
254	275
254	329
254	343
254	506
254	687
254	690
254	707
254	883
254	886
254	887
254	889
254	1298
254	1369
254	1371
254	1493
254	1495
254	1507
254	1510
256	1709
257	1540
258	1516
260	1746
261	1540
262	1540
263	1512
264	265
264	289
264	294
264	398
264	481
264	530
264	540
264	567
264	602
264	634
264	657
264	713
264	716
264	826
264	857
264	917
264	932
264	1014
264	1021
264	1060
264	1132
264	1133
264	1194
264	1258
264	1352
266	1514
266	1525
266	1580
266	1647
266	2367
267	719
270	1512
270	2255
271	1512
271	1540
271	1566
271	1824
271	1991
271	2152
273	1540
276	1144
276	4104
278	1652
280	2299
282	2255
282	4104
284	1540
285	1144
285	1652
285	2255
291	1538
291	1686
293	2211
299	300
299	313
299	402
299	407
299	542
299	543
299	548
299	557
299	560
299	561
299	640
299	648
299	655
299	667
299	782
299	800
299	809
299	879
299	893
299	894
299	899
299	909
299	962
299	979
299	999
299	1223
299	1286
300	2211
307	308
307	403
307	513
307	846
307	853
307	934
307	1117
307	1247
307	1446
307	1490
308	1580
310	1700
312	1940
314	1782
315	2108
318	1719
320	1885
323	1608
323	1635
324	1608
325	2248
326	1546
326	1560
328	1422
328	1534
328	1548
328	1593
328	1703
328	1719
328	2103
333	1534
333	1580
335	1647
337	1682
339	1908
349	1546
349	1560
349	1729
350	1608
350	1635
351	1647
356	1512
357	1706
358	1635
359	1940
362	1566
365	366
365	380
365	432
365	450
365	564
365	695
365	752
365	1008
365	1359
365	1452
365	1501
365	1502
365	1504
366	1897
369	1824
372	1647
374	1647
377	1516
377	1608
377	1635
379	2255
380	1897
383	1512
383	1540
383	1824
383	1991
383	2211
384	2108
385	1518
389	1675
390	1940
391	1675
394	1516
394	1746
395	1569
402	1518
403	1557
404	1512
404	2299
407	2211
408	1144
410	1144
410	1512
410	1540
410	1566
410	1682
411	1525
412	1554
413	1700
414	415
414	1024
414	1197
414	1321
414	1483
414	1494
415	1197
421	1779
424	2771
427	1779
428	1940
431	1083
431	1478
431	1548
431	1686
431	1703
431	1746
431	2043
431	2771
434	1083
434	1478
434	1548
434	1700
434	1703
434	1746
438	1528
439	1608
439	1675
445	1516
445	1586
445	1746
446	1940
447	1144
450	1897
453	1560
454	1560
456	1647
458	1548
458	2043
459	1790
459	2211
461	1534
462	1516
465	1512
465	1793
466	1144
468	1534
469	1635
469	1885
470	1534
470	1580
470	1972
471	1908
473	1512
473	1682
475	1557
475	1866
476	1779
476	1908
476	2211
485	1522
485	1532
485	1573
485	1664
486	1540
488	1512
488	1540
493	1540
493	1682
493	1824
497	1908
500	1532
500	1573
500	1618
501	1675
503	1144
503	1824
505	1144
509	1144
509	1824
510	1518
511	1549
512	1643
513	1580
515	1675
522	1793
523	524
523	529
523	672
523	677
523	696
523	804
527	1540
528	1540
533	1532
533	1608
533	1635
534	1546
534	1635
549	1580
550	1559
550	1627
550	1885
552	1516
554	2108
556	1552
556	2108
558	1549
560	1530
562	1540
563	1908
564	1897
566	1866
569	1987
569	2108
573	1209
573	1514
573	1525
573	1580
573	1595
573	1972
573	2301
573	2367
574	1525
574	1908
574	2108
574	2851
575	1514
576	2108
577	1512
579	2255
579	2299
579	4104
581	1908
581	2851
588	2112
590	1525
590	1534
590	1549
590	1580
591	1682
593	1144
596	1608
597	1608
599	1608
603	1569
603	1586
603	1866
603	1972
603	2108
603	2367
605	1700
607	1560
608	1540
610	1635
614	615
614	643
616	1540
618	1512
619	1793
624	625
626	1635
628	1647
630	1522
630	1532
630	1573
631	1573
632	1512
632	1793
633	1512
635	1548
635	1703
636	1512
636	2255
639	1512
640	1518
641	1144
642	1548
649	1608
649	1675
650	1552
653	1209
653	1514
653	1525
653	1534
653	2301
653	2367
654	1514
654	2367
659	1548
660	1548
661	1548
662	1700
666	2012
668	1209
669	2108
673	1144
675	1700
677	1655
677	1987
677	2001
681	1655
683	1144
684	1144
686	1534
686	1555
686	1580
686	1595
686	1647
686	1719
686	1824
686	1950
692	1647
695	1897
697	1566
698	1779
700	1144
701	1540
701	1566
704	1546
704	1608
704	1675
705	706
705	764
705	982
705	984
705	1114
711	1987
714	1908
714	3363
717	1580
719	720
719	787
719	805
719	810
719	988
719	994
719	1146
720	1516
723	1560
724	1512
725	1144
726	1573
738	1557
740	1635
743	1525
748	1779
749	1522
749	1573
749	1618
750	1552
752	1897
753	754
753	975
754	1682
755	1552
755	1557
759	2108
762	1908
762	2108
765	2108
767	1525
767	1534
767	1580
768	769
768	1046
768	1480
769	2649
771	1525
771	1534
772	1655
772	1987
772	2108
773	1209
773	1514
773	1525
773	1534
773	1972
773	2301
773	2367
775	1866
780	1593
785	1144
787	1516
792	1635
794	1512
795	796
795	957
797	1552
807	1083
817	1560
818	1548
818	1703
819	1593
824	2367
825	1525
827	2310
828	1516
831	1546
831	1560
831	1635
834	1802
844	1525
845	1144
845	1540
848	1144
850	1779
850	1908
851	1782
851	2255
854	1534
854	1672
854	2108
861	1525
861	1534
863	864
863	1422
863	1424
866	1643
866	2255
867	1478
867	1548
867	1655
867	2043
869	1516
869	1675
870	1675
871	1566
875	2301
876	1635
877	1908
884	1608
888	1083
888	1477
888	1478
888	1746
888	2043
892	1525
892	1580
892	1908
896	1548
896	2365
897	1522
899	1908
900	1779
904	1593
906	1779
906	1908
906	2211
910	1580
911	1700
912	1908
916	1670
919	1548
919	1703
919	1711
921	1476
921	1608
921	1675
921	1686
922	1573
924	1664
925	1511
927	1209
927	1525
927	1534
927	1719
927	1829
929	1908
929	3363
930	1580
930	1908
930	1972
931	1580
931	1908
931	1972
931	2851
934	1580
935	1511
937	1522
937	1532
937	1573
939	1573
941	1525
941	1534
941	1719
941	1987
941	2108
941	2301
941	3363
944	1522
944	1532
944	1573
949	1516
949	1635
949	1675
953	1534
954	1534
954	1672
954	2108
955	1534
955	1672
955	2108
957	1682
958	1512
958	1566
966	1608
966	1635
966	1675
967	1540
968	1477
968	1516
968	1601
969	1746
970	1511
971	1144
973	1540
973	1991
974	1643
975	1682
977	1643
981	1987
986	1534
987	1525
988	1478
988	1743
990	1512
993	1573
994	1743
997	1635
998	1580
999	1083
999	1477
999	1511
999	1601
1000	1512
1008	1897
1011	1662
1015	1522
1015	1532
1015	1573
1015	1635
1023	1682
1023	2152
1027	1549
1027	1987
1028	1549
1031	2108
1033	1034
1033	1043
1033	1179
1037	1573
1040	1573
1042	1802
1043	1554
1043	1904
1045	1209
1045	1987
1046	1731
1046	2649
1064	1573
1067	1516
1067	2043
1070	1643
1070	1940
1076	1511
1076	2211
1077	1525
1077	1534
1077	1580
1078	1525
1078	1534
1078	1972
1083	1084
1083	1129
1083	1279
1083	1476
1083	1477
1083	1478
1084	1601
1085	1525
1089	1866
1090	1987
1096	1782
1097	2108
1098	1885
1099	1422
1109	1680
1115	1569
1115	1586
1120	1549
1120	1987
1121	2248
1124	1549
1131	1608
1136	1512
1140	1635
1142	1560
1143	1560
1143	1729
1144	2411
1144	2642
1144	2767
1144	3627
1144	3645
1144	3683
1144	4235
1144	4643
1144	4876
1146	4964
1149	1549
1150	2108
1155	1608
1155	1635
1158	1512
1158	1540
1159	1675
1161	1209
1161	1512
1161	2152
1161	2255
1162	1635
1163	1987
1172	1602
1177	1549
1177	1987
1178	1632
1180	1635
1181	1635
1182	1525
1182	1557
1182	1580
1182	1647
1182	2260
1184	1512
1186	1560
1193	1557
1197	1321
1197	1483
1197	1494
1198	1647
1200	1534
1200	1761
1203	1422
1203	1587
1203	1621
1205	2301
1209	1354
1209	1515
1209	1568
1209	1938
1209	1939
1209	1981
1209	2111
1209	2221
1209	2223
1209	2527
1209	3226
1209	3476
1209	3513
1209	3638
1209	3780
1209	3810
1209	3822
1215	1647
1217	1584
1218	1569
1218	1793
1221	1866
1222	1587
1223	1530
1227	1534
1227	1549
1227	1866
1230	1560
1234	1635
1235	2255
1237	1635
1239	1647
1241	1546
1241	1635
1241	1952
1242	1560
1244	1635
1248	1709
1250	1518
1250	1621
1252	1782
1255	1516
1255	1746
1255	2043
1260	1940
1262	1511
1267	1779
1268	1534
1275	1276
1281	2108
1285	2108
1288	1635
1296	1885
1297	1635
1299	1670
1303	1987
1306	1560
1308	1635
1309	1555
1312	1885
1313	1560
1313	1729
1314	2108
1316	1940
1325	1573
1325	1608
1326	1518
1328	2851
1332	1333
1332	1394
1335	2806
1339	2299
1340	1576
1353	1643
1356	1540
1358	1560
1359	1897
1361	1560
1361	1729
1364	1987
1365	1560
1367	1549
1367	1987
1370	2310
1378	1908
1378	2012
1378	2211
1380	1514
1380	1908
1383	1560
1389	1390
1398	1885
1399	1608
1409	1853
1410	1987
1411	1675
1414	1580
1422	1519
1422	1589
1422	1622
1422	1694
1422	1848
1422	1992
1422	2039
1422	2065
1422	2067
1422	2292
1422	2318
1422	2362
1422	2468
1422	2524
1422	3088
1422	3102
1422	3123
1422	3326
1422	3637
1422	3752
1422	3815
1422	3905
1422	4126
1422	4285
1422	4301
1422	4342
1422	4343
1422	4438
1422	4555
1422	4654
1422	4694
1422	4884
1425	1682
1427	1560
1427	1635
1430	1908
1431	1546
1434	1580
1434	1595
1434	2211
1439	2012
1439	2301
1440	1635
1440	1675
1441	1647
1443	1552
1445	1866
1446	1557
1451	1625
1451	1682
1452	1897
1453	1516
1453	2043
1454	1940
1459	1540
1463	1573
1464	1549
1465	1546
1465	1560
1465	1729
1476	2915
1477	1728
1477	2366
1477	2775
1477	3368
1477	4989
1478	1977
1478	2176
1478	2226
1478	2316
1478	2442
1478	2505
1478	2603
1478	2787
1478	2995
1478	3048
1478	3287
1478	3662
1478	3682
1478	3880
1478	3930
1478	4456
1479	1555
1480	2649
1481	1621
1486	1908
1488	1908
1500	1746
1501	2936
1505	1548
1505	2108
1509	1643
1511	3069
1511	3937
1511	4033
1511	4479
1511	4658
1511	4678
1511	4701
1511	5045
1511	5057
1512	1513
1512	1527
1512	1620
1512	1679
1512	1919
1512	2006
1512	2164
1512	2483
1512	2722
1512	2780
1512	2812
1512	2837
1512	3004
1512	3053
1512	3268
1512	3805
1512	3823
1512	4020
1512	4185
1512	4372
1512	4472
1512	4533
1512	4579
1512	4842
1513	1793
1514	1515
1514	1823
1514	1893
1514	1929
1514	2157
1514	2159
1514	2167
1514	2303
1514	2360
1514	3703
1514	3715
1514	3822
1514	3996
1514	4043
1514	4054
1514	4055
1514	4066
1514	4067
1514	4414
1514	4423
1514	4535
1514	4539
1514	4649
1515	1534
1516	1517
1516	1660
1516	1744
1516	1745
1516	1784
1516	2017
1516	2086
1516	2099
1516	2264
1516	2277
1516	2493
1516	2495
1516	2528
1516	2531
1516	2533
1516	2601
1516	2605
1516	2682
1516	2824
1516	2874
1516	2886
1516	2896
1516	2954
1516	3003
1516	3008
1516	3039
1516	3098
1516	3258
1516	3454
1516	3472
1516	3546
1516	3713
1516	3729
1516	3809
1516	3941
1516	4007
1516	4013
1516	4221
1516	4542
1516	4557
1516	4566
1516	4606
1516	4798
1516	4822
1516	4918
1516	4920
1516	4982
1516	5033
1516	5064
1518	1519
1518	1589
1518	1622
1518	1848
1518	1858
1518	1949
1518	2065
1518	2452
1518	3137
1518	3246
1518	3305
1518	3752
1518	3942
1518	4000
1518	4057
1518	4092
1518	4093
1518	4126
1518	4210
1518	4285
1518	4343
1518	4386
1518	4458
1518	4483
1518	4524
1518	4563
1518	4625
1518	4657
1518	4708
1518	4802
1518	4993
1518	5011
1519	1625
1520	1521
1520	4445
1521	1587
1522	1523
1522	1524
1522	1533
1522	1543
1522	1562
1522	1590
1522	1597
1522	1610
1522	1702
1522	1723
1522	1864
1522	1926
1522	1927
1522	1989
1522	1990
1522	1993
1522	2009
1522	2032
1522	2037
1522	2052
1522	2053
1522	2177
1522	2242
1522	2348
1522	2383
1522	2440
1522	2462
1522	2466
1522	2479
1522	2594
1522	2597
1522	2752
1522	2819
1522	2929
1522	2935
1522	2991
1522	3099
1522	3164
1522	3174
1522	3396
1522	3398
1522	3404
1522	3605
1522	3711
1522	3940
1522	3971
1522	4503
1522	4973
1522	4988
1522	5008
1525	1526
1525	1542
1525	1568
1525	1574
1525	1624
1525	1649
1525	1688
1525	1801
1525	1840
1525	1859
1525	1880
1525	1893
1525	1905
1525	1906
1525	1907
1525	1909
1525	1910
1525	1912
1525	1928
1525	1929
1525	1941
1525	1974
1525	2147
1525	2159
1525	2165
1525	2167
1525	2183
1525	2205
1525	2305
1525	2307
1525	2394
1525	2395
1525	2424
1525	2428
1525	2453
1525	2501
1525	2588
1525	2611
1525	2615
1525	2618
1525	2622
1525	2629
1525	2641
1525	2762
1525	2813
1525	2863
1525	2867
1525	2913
1525	2922
1525	3006
1525	3031
1525	3032
1525	3042
1525	3056
1525	3089
1525	3097
1525	3168
1525	3171
1525	3273
1525	3283
1525	3476
1525	3759
1525	3764
1525	3862
1525	3872
1525	4692
1528	1529
1528	1684
1528	1696
1528	1971
1528	2796
1528	4366
1528	4602
1528	4933
1528	4969
1530	1531
1530	1641
1530	1642
1530	1655
1530	1722
1530	1752
1530	1760
1530	1770
1530	1775
1530	1791
1530	1795
1530	1798
1530	1807
1530	1820
1530	1821
1530	1822
1530	1827
1530	1842
1530	1847
1530	1855
1530	1856
1530	1860
1530	1861
1530	1881
1530	1892
1530	1932
1530	1953
1530	1969
1530	1982
1530	1998
1530	2083
1530	2090
1530	2094
1530	2118
1530	2155
1530	2174
1530	2250
1530	2275
1530	2304
1530	2327
1530	2328
1530	2340
1530	2344
1530	2346
1530	2347
1530	2363
1530	2390
1530	2393
1530	2417
1530	2437
1530	2443
1530	2447
1530	2511
1530	2512
1530	2640
1530	2658
1530	2684
1530	2685
1530	2690
1530	2703
1530	2777
1530	2839
1530	2846
1530	2884
1530	2890
1530	2893
1530	2903
1530	2904
1530	2924
1530	2928
1530	2968
1530	2979
1530	3144
1530	3146
1530	3178
1530	3215
1530	3343
1530	3353
1530	3369
1530	3374
1530	3397
1530	3399
1530	3425
1530	3594
1530	3616
1530	3640
1530	3831
1530	3838
1530	3844
1530	3966
1530	4035
1530	4042
1530	4045
1530	4052
1530	4077
1530	4080
1530	4182
1530	4189
1530	4194
1530	4239
1530	4241
1530	4247
1530	4248
1530	4262
1530	4267
1530	4272
1530	4279
1530	4284
1530	4315
1530	4370
1530	4383
1530	4388
1530	4389
1530	4390
1530	4501
1530	4596
1530	4604
1530	4853
1530	5049
1530	5072
1532	1533
1532	1543
1532	1562
1532	1597
1532	1702
1532	1864
1532	1888
1532	1990
1532	1993
1532	2009
1532	2037
1532	2050
1532	2052
1532	2053
1532	2242
1532	2285
1532	2322
1532	2361
1532	2383
1532	2479
1532	2523
1532	2593
1532	2761
1532	2819
1532	2935
1532	2993
1532	3016
1532	3020
1532	3398
1532	3540
1532	3711
1532	3971
1533	1573
1534	1535
1534	1582
1534	1666
1534	1685
1534	1727
1534	1744
1534	1745
1534	1781
1534	1804
1534	1823
1534	1857
1534	1874
1534	1889
1534	1905
1534	1983
1534	2041
1534	2059
1534	2073
1534	2082
1534	2137
1534	2233
1534	2266
1534	2290
1534	2297
1534	2305
1534	2307
1534	2314
1534	2320
1534	2354
1534	2425
1534	2501
1534	2542
1534	2566
1534	2618
1534	2629
1534	2713
1534	2715
1534	2745
1534	2836
1534	2856
1534	2967
1534	2969
1534	2974
1534	2986
1534	3006
1534	3013
1534	3034
1534	3042
1534	3056
1534	3102
1534	3190
1534	3200
1534	3202
1534	3210
1534	3217
1534	3228
1534	3257
1534	3452
1534	3629
1534	3648
1534	3658
1534	3664
1534	3666
1534	3671
1534	3672
1534	3679
1534	3703
1534	3704
1534	3783
1534	3845
1534	3846
1534	3849
1534	3850
1534	3856
1534	3857
1534	3858
1534	3859
1534	3877
1534	3884
1534	3895
1534	3978
1534	3985
1534	4024
1534	4044
1534	4063
1534	4064
1534	4079
1534	4081
1534	4088
1534	4181
1534	4190
1534	4191
1534	4208
1534	4220
1534	4226
1534	4322
1534	4339
1534	4360
1534	4395
1534	4400
1534	4402
1534	4405
1534	4421
1534	4427
1534	4434
1534	4436
1534	4439
1534	4440
1534	4450
1534	4451
1534	4540
1534	4547
1534	4582
1534	4583
1534	4584
1534	4598
1534	4608
1534	4610
1534	4615
1534	4623
1534	4631
1534	4632
1534	4633
1534	4740
1534	4745
1534	4752
1534	4757
1534	4758
1534	4763
1534	4767
1534	4768
1534	4770
1534	4774
1534	4782
1534	4785
1534	4793
1534	4816
1534	4893
1534	4927
1534	4944
1534	4945
1534	4959
1534	5007
1534	5043
1534	5048
1534	5056
1534	5073
1534	5074
1536	1537
1536	1616
1536	1769
1536	2804
1536	3120
1536	4618
1538	1539
1538	1668
1538	1750
1538	1835
1538	1849
1538	1917
1538	1970
1538	2189
1538	2392
1538	2442
1538	2522
1538	2565
1538	2592
1538	2603
1538	2821
1538	2854
1538	2869
1538	3021
1538	3209
1538	3379
1538	3498
1538	3705
1538	3706
1538	4212
1538	4213
1538	4276
1538	4295
1538	4394
1538	4415
1538	4557
1538	4916
1538	4935
1540	1541
1540	2793
1540	3231
1540	3437
1540	4231
1540	4233
1540	4819
1540	5034
1543	1573
1544	1545
1544	1957
1544	2178
1544	2385
1544	2419
1544	2463
1544	2668
1544	2724
1544	2859
1544	3030
1544	3139
1544	3282
1544	3526
1544	3538
1544	3833
1544	3848
1544	3855
1544	3879
1544	4050
1544	4053
1544	4418
1544	4432
1544	4574
1544	4620
1544	4751
1544	4810
1546	1547
1546	1551
1546	1943
1546	1954
1546	1964
1546	2496
1546	2569
1546	2590
1546	2595
1546	2788
1546	2790
1546	2817
1546	2818
1546	2857
1546	2975
1546	2980
1546	3211
1546	3450
1546	3465
1546	3516
1546	3571
1546	3582
1546	3639
1546	3747
1546	3748
1546	3835
1546	3899
1546	4125
1546	4145
1546	4202
1546	4399
1546	4442
1546	4460
1546	4619
1546	4650
1546	4874
1546	4942
1546	4956
1546	5058
1546	5059
1546	5060
1547	1560
1548	1676
1548	1677
1548	1977
1548	2240
1548	2316
1548	2504
1548	2840
1548	2845
1548	3319
1548	3880
1548	4139
1548	4204
1548	4205
1548	4537
1548	4538
1548	4544
1548	4773
1548	4890
1549	1550
1549	1669
1549	1674
1549	1691
1549	1751
1549	1766
1549	1850
1549	1945
1549	1958
1549	2038
1549	2199
1549	2206
1549	2407
1549	2408
1549	2421
1549	2432
1549	2457
1549	2550
1549	2551
1549	2552
1549	2559
1549	2620
1549	2636
1549	2674
1549	2782
1549	2863
1549	2864
1549	2887
1549	2892
1549	2897
1549	2946
1549	3073
1549	3076
1549	3077
1549	3100
1549	3101
1549	3156
1549	3276
1549	3293
1549	3300
1549	3349
1549	3357
1549	3358
1549	3474
1549	3479
1549	3480
1549	3517
1549	3524
1549	3550
1549	3551
1549	4304
1549	4444
1549	4470
1549	4489
1549	4493
1549	4508
1549	4628
1549	4690
1549	4803
1549	4970
1549	4986
1549	4996
1549	5006
1549	5016
1552	1553
1552	1579
1552	1600
1552	1714
1552	1884
1552	1924
1552	1942
1552	1959
1552	2174
1552	2219
1552	2279
1552	2436
1552	2472
1552	2481
1552	2509
1552	2515
1552	2774
1552	2873
1552	2930
1552	2948
1552	2952
1552	3182
1552	3184
1552	3212
1552	3302
1552	3308
1552	3379
1552	3380
1552	3381
1552	3431
1552	3443
1552	3456
1552	3469
1552	3521
1552	3522
1552	3545
1552	3547
1552	3644
1552	3650
1552	3678
1552	3684
1552	3697
1552	3824
1552	3888
1552	3914
1552	4011
1552	4031
1552	4039
1552	4056
1552	4077
1552	4087
1552	4089
1552	4090
1552	4091
1552	4095
1552	4096
1552	4097
1552	4098
1552	4120
1552	4121
1552	4124
1552	4127
1552	4143
1552	4157
1552	4158
1552	4278
1552	4309
1552	4316
1552	4435
1552	4443
1552	4471
1552	4551
1552	4553
1552	4554
1552	4561
1552	4590
1552	4639
1552	4648
1552	4724
1552	4744
1552	4952
1552	5071
1554	1575
1554	1905
1554	1967
1554	1974
1554	1975
1554	2473
1554	2842
1554	2844
1554	2885
1554	2889
1554	2895
1554	2922
1554	3071
1554	3082
1554	3091
1554	3116
1554	3169
1554	3821
1554	3836
1554	4132
1554	4268
1554	4474
1554	4700
1555	1556
1555	1814
1555	2016
1555	2237
1555	2293
1555	2480
1555	2497
1555	2499
1555	2520
1555	2543
1555	2591
1555	2755
1555	2825
1555	2841
1555	3216
1555	3863
1555	4006
1555	4417
1555	4609
1555	4722
1555	4863
1555	4917
1555	5044
1555	5075
1557	1558
1557	1615
1557	1650
1557	1685
1557	1774
1557	1776
1557	1999
1557	2000
1557	2247
1557	2279
1557	2519
1557	2525
1557	2707
1557	2709
1557	2919
1557	2920
1557	2933
1557	2952
1557	2964
1557	3161
1557	3187
1557	3230
1557	3231
1557	3238
1557	3240
1557	3437
1557	3603
1557	3897
1557	3915
1557	3991
1557	4022
1557	4482
1557	4558
1557	4564
1557	4569
1557	4811
1557	4843
1557	4844
1557	4872
1557	4910
1559	1811
1559	1902
1559	1925
1559	1928
1559	1943
1559	2010
1559	2014
1559	2124
1559	2182
1559	2236
1559	2267
1559	2268
1559	2312
1559	2380
1559	2489
1559	2568
1559	2579
1559	2586
1559	2598
1559	2609
1559	2676
1559	2705
1559	2733
1559	2914
1559	3143
1559	3179
1559	3499
1559	3525
1559	3606
1559	3748
1559	3750
1559	3778
1559	3992
1559	4487
1559	4521
1559	4635
1559	4691
1559	4695
1559	4743
1559	4754
1559	4889
1559	4906
1559	5052
1560	1561
1560	1563
1560	1578
1560	1591
1560	1592
1560	1607
1560	1613
1560	1730
1560	1733
1560	1741
1560	1753
1560	1785
1560	1799
1560	1808
1560	1812
1560	1813
1560	1826
1560	1833
1560	1838
1560	1865
1560	1870
1560	1873
1560	1877
1560	1883
1560	1900
1560	1901
1560	1913
1560	1915
1560	1916
1560	1921
1560	1964
1560	1968
1560	2070
1560	2105
1560	2106
1560	2107
1560	2110
1560	2114
1560	2115
1560	2117
1560	2119
1560	2121
1560	2124
1560	2125
1560	2126
1560	2133
1560	2134
1560	2141
1560	2142
1560	2156
1560	2168
1560	2169
1560	2170
1560	2182
1560	2193
1560	2195
1560	2200
1560	2204
1560	2294
1560	2296
1560	2332
1560	2335
1560	2350
1560	2351
1560	2364
1560	2369
1560	2371
1560	2372
1560	2391
1560	2412
1560	2418
1560	2420
1560	2507
1560	2544
1560	2545
1560	2547
1560	2548
1560	2549
1560	2554
1560	2560
1560	2563
1560	2564
1560	2567
1560	2568
1560	2570
1560	2576
1560	2577
1560	2578
1560	2582
1560	2595
1560	2600
1560	2610
1560	2612
1560	2613
1560	2625
1560	2626
1560	2631
1560	2632
1560	2643
1560	2645
1560	2648
1560	2656
1560	2657
1560	2664
1560	2665
1560	2666
1560	2667
1560	2680
1560	2689
1560	2728
1560	2733
1560	2740
1560	2741
1560	2750
1560	2768
1560	2788
1560	2792
1560	2805
1560	2809
1560	2810
1560	2815
1560	2816
1560	2817
1560	2818
1560	2848
1560	2849
1560	2850
1560	2857
1560	2866
1560	2870
1560	2957
1560	2972
1560	2973
1560	2980
1560	3002
1560	3009
1560	3012
1560	3036
1560	3037
1560	3044
1560	3047
1560	3070
1560	3078
1560	3085
1560	3109
1560	3128
1560	3134
1560	3136
1560	3147
1560	3163
1560	3193
1560	3197
1560	3211
1560	3214
1560	3220
1560	3222
1560	3241
1560	3245
1560	3251
1560	3252
1560	3317
1560	3331
1560	3362
1560	3418
1560	3420
1560	3421
1560	3423
1560	3430
1560	3432
1560	3438
1560	3450
1560	3451
1560	3483
1560	3486
1560	3493
1560	3497
1560	3504
1560	3505
1560	3536
1560	3582
1560	3596
1560	3631
1560	3647
1560	3663
1560	3665
1560	3687
1560	3699
1560	3700
1560	3707
1560	3716
1560	3717
1560	3726
1560	3735
1560	3738
1560	3865
1560	3870
1560	3886
1560	3891
1560	3900
1560	3924
1560	3929
1560	3998
1560	3999
1560	4010
1560	4023
1560	4026
1560	4027
1560	4029
1560	4038
1560	4046
1560	4049
1560	4060
1560	4062
1560	4069
1560	4075
1560	4078
1560	4084
1560	4102
1560	4106
1560	4207
1560	4237
1560	4238
1560	4242
1560	4251
1560	4259
1560	4266
1560	4273
1560	4274
1560	4275
1560	4294
1560	4431
1560	4468
1560	4469
1560	4475
1560	4485
1560	4510
1560	4511
1560	4561
1560	4612
1560	4613
1560	4629
1560	4645
1560	4696
1560	4760
1560	4775
1560	4778
1560	4779
1560	4783
1560	4786
1560	4827
1560	4911
1560	4912
1560	4914
1560	4919
1560	4929
1560	4941
1560	4951
1560	4974
1560	5046
1562	1573
1562	1618
1562	1952
1564	1565
1564	1895
1564	1896
1564	1933
1564	1947
1564	2003
1564	2116
1564	2207
1564	2280
1564	2508
1564	2510
1564	2712
1564	2726
1564	3151
1564	3157
1564	3182
1564	3490
1564	3568
1564	3832
1564	4175
1565	1587
1566	1567
1566	1620
1566	2931
1568	1647
1569	1570
1569	1586
1569	1615
1569	1657
1569	1658
1569	1698
1569	1708
1569	1764
1569	1944
1569	1999
1569	2136
1569	2172
1569	2203
1569	2671
1569	2675
1569	2701
1569	2779
1569	2902
1569	2999
1569	3083
1569	3102
1569	3150
1569	3176
1569	3231
1569	3262
1569	3401
1569	3426
1569	3437
1569	3442
1569	3535
1569	3600
1569	3725
1569	3749
1569	3755
1569	3769
1569	3805
1569	3861
1569	3871
1569	3889
1569	3954
1569	4087
1569	4120
1569	4313
1569	4627
1569	4630
1569	4860
1569	4867
1569	4870
1569	5036
1571	1572
1571	1617
1571	1693
1571	1891
1571	2239
1571	2373
1571	2405
1571	2484
1571	2732
1571	2804
1571	2828
1571	3022
1571	3049
1571	3065
1571	3759
1571	4925
1572	1719
1573	1590
1573	1597
1573	1702
1573	1723
1573	1864
1573	1927
1573	1989
1573	1990
1573	2009
1573	2032
1573	2037
1573	2050
1573	2052
1573	2053
1573	2242
1573	2285
1573	2322
1573	2361
1573	2383
1573	2479
1573	2523
1573	2593
1573	2594
1573	2819
1573	2935
1573	2993
1573	3016
1573	3020
1573	3540
1573	3711
1573	3730
1574	1580
1575	1904
1576	1577
1576	2513
1576	4638
1576	5050
1578	1627
1578	1729
1578	1885
1580	1581
1580	1583
1580	1614
1580	1623
1580	1624
1580	1640
1580	1659
1580	1661
1580	1736
1580	1737
1580	1777
1580	1875
1580	1893
1580	1905
1580	1907
1580	1909
1580	1911
1580	1951
1580	1955
1580	1973
1580	1974
1580	1979
1580	2024
1580	2063
1580	2077
1580	2088
1580	2097
1580	2100
1580	2154
1580	2157
1580	2159
1580	2167
1580	2183
1580	2186
1580	2190
1580	2216
1580	2238
1580	2243
1580	2246
1580	2270
1580	2271
1580	2290
1580	2315
1580	2323
1580	2334
1580	2341
1580	2349
1580	2356
1580	2449
1580	2455
1580	2458
1580	2486
1580	2487
1580	2502
1580	2516
1580	2517
1580	2535
1580	2562
1580	2572
1580	2573
1580	2581
1580	2588
1580	2589
1580	2608
1580	2629
1580	2683
1580	2697
1580	2699
1580	2711
1580	2714
1580	2715
1580	2773
1580	2813
1580	2834
1580	2860
1580	2867
1580	2906
1580	2907
1580	2908
1580	2910
1580	2922
1580	2945
1580	2978
1580	3042
1580	3055
1580	3056
1580	3063
1580	3081
1580	3093
1580	3129
1580	3135
1580	3171
1580	3200
1580	3239
1580	3271
1580	3283
1580	3291
1580	3391
1580	3405
1580	3408
1580	3445
1580	3523
1580	3533
1580	3542
1580	3623
1580	3672
1580	3679
1580	3703
1580	3714
1580	3715
1580	3742
1580	3746
1580	3761
1580	3762
1580	3775
1580	3781
1580	3825
1580	3857
1580	3901
1580	3903
1580	3918
1580	3923
1580	3927
1580	3934
1580	3944
1580	3950
1580	3988
1580	3990
1580	4001
1580	4016
1580	4111
1580	4114
1580	4116
1580	4119
1580	4134
1580	4135
1580	4147
1580	4155
1580	4159
1580	4161
1580	4283
1580	4298
1580	4303
1580	4308
1580	4310
1580	4324
1580	4347
1580	4350
1580	4473
1580	4476
1580	4484
1580	4497
1580	4498
1580	4500
1580	4506
1580	4531
1580	4534
1580	4545
1580	4546
1580	4556
1580	4562
1580	4567
1580	4621
1580	4647
1580	4653
1580	4660
1580	4672
1580	4675
1580	4692
1580	4702
1580	4707
1580	4804
1580	4814
1580	4841
1580	4866
1580	4875
1580	4953
1580	4971
1580	4984
1580	4994
1580	5029
1581	1972
1583	1682
1583	3488
1584	1585
1584	3843
1584	4532
1586	1615
1586	1657
1586	1658
1586	1764
1586	1843
1586	1944
1586	2042
1586	2136
1586	2209
1586	2388
1586	2671
1586	2779
1586	2902
1586	2960
1586	2992
1586	2999
1586	3083
1586	3176
1586	3231
1586	3262
1586	3272
1586	3426
1586	3437
1586	3442
1586	3602
1586	3861
1586	3866
1586	3871
1586	3991
1586	4087
1586	4120
1586	4121
1586	4178
1586	4530
1586	4630
1586	4777
1586	4870
1587	1588
1587	1656
1587	1739
1587	1800
1587	1868
1587	1890
1587	1895
1587	1896
1587	1922
1587	1947
1587	1965
1587	2057
1587	2116
1587	2122
1587	2128
1587	2129
1587	2140
1587	2171
1587	2262
1587	2278
1587	2325
1587	2326
1587	2406
1587	2510
1587	2785
1587	2798
1587	2800
1587	2988
1587	3019
1587	3038
1587	3040
1587	3194
1587	3413
1587	3414
1587	3422
1587	3448
1587	3514
1587	3637
1587	3695
1587	3757
1587	3767
1587	3807
1587	3808
1587	3813
1587	3816
1587	3864
1587	4028
1587	4030
1587	4051
1587	4126
1587	4187
1587	4223
1587	4374
1587	4392
1587	4401
1587	4480
1587	4601
1587	4879
1587	4901
1587	4928
1587	4931
1587	4940
1587	4949
1587	4950
1587	5042
1589	1621
1589	1625
1589	2301
1590	1618
1590	1635
1591	1729
1593	1594
1593	1738
1593	1767
1593	1771
1593	1862
1593	1872
1593	2054
1593	2061
1593	2163
1593	2191
1593	2376
1593	2401
1593	2402
1593	2410
1593	2501
1593	2526
1593	2646
1593	2659
1593	2672
1593	2681
1593	2693
1593	2727
1593	2729
1593	2743
1593	2764
1593	2799
1593	2861
1593	2921
1593	2983
1593	2989
1593	3130
1593	3208
1593	3259
1593	3264
1593	3351
1593	3359
1593	3360
1593	3370
1593	3383
1593	3446
1593	3459
1593	3467
1593	3510
1593	3511
1593	3557
1593	3575
1593	3685
1593	3688
1593	3694
1593	3741
1593	3751
1593	3753
1593	3811
1593	3814
1593	3841
1593	3847
1593	3851
1593	3936
1593	3937
1593	3938
1593	3956
1593	4012
1593	4014
1593	4015
1593	4021
1593	4024
1593	4138
1593	4139
1593	4154
1593	4168
1593	4186
1593	4197
1593	4206
1593	4215
1593	4271
1593	4317
1593	4336
1593	4346
1593	4368
1593	4373
1593	4466
1593	4577
1593	4578
1593	4586
1593	4717
1593	4792
1593	4821
1593	4829
1593	4849
1593	4865
1593	4960
1593	5002
1595	1596
1595	1614
1595	1623
1595	1640
1595	1659
1595	1661
1595	1909
1595	1911
1595	1955
1595	1979
1595	2024
1595	2063
1595	2077
1595	2159
1595	2190
1595	2216
1595	2290
1595	2323
1595	2449
1595	2455
1595	2486
1595	2502
1595	2562
1595	2572
1595	2573
1595	2581
1595	2589
1595	2683
1595	2763
1595	2834
1595	2838
1595	2945
1595	3023
1595	3055
1595	3063
1595	3081
1595	3093
1595	3135
1595	3523
1595	3542
1595	3679
1595	3701
1595	3715
1595	3718
1595	3762
1595	3781
1595	3901
1595	3903
1595	3913
1595	3918
1595	3926
1595	3944
1595	3984
1595	4017
1595	4025
1595	4111
1595	4114
1595	4308
1595	4329
1595	4348
1595	4379
1595	4647
1595	4702
1595	4788
1595	4806
1597	1618
1598	1599
1598	1639
1598	1678
1598	2020
1598	2098
1598	2534
1598	2880
1598	2976
1598	3196
1598	3372
1598	3885
1598	3945
1601	2008
1601	2366
1601	2384
1601	2386
1601	4083
1601	4153
1601	4828
1602	1603
1602	1606
1602	1844
1602	1920
1602	2048
1602	2075
1602	2218
1602	2778
1602	3375
1602	4005
1602	4169
1602	4560
1602	4847
1602	4855
1602	5030
1603	1802
1604	1605
1604	1748
1604	1757
1604	1980
1604	2442
1604	2460
1604	2855
1604	3090
1604	3292
1604	3379
1604	3659
1604	4227
1606	1802
1608	1609
1608	1629
1608	1634
1608	1645
1608	1966
1608	2010
1608	2032
1608	2035
1608	2087
1608	2150
1608	2161
1608	2265
1608	2296
1608	2298
1608	2345
1608	2492
1608	2523
1608	2580
1608	2593
1608	2594
1608	2698
1608	2705
1608	2765
1608	2857
1608	2879
1608	3121
1608	3158
1608	3354
1608	3571
1608	3576
1608	3577
1608	3578
1608	3588
1608	3595
1608	3710
1608	3723
1608	4152
1608	4711
1608	4712
1608	4720
1608	4738
1608	4850
1608	4886
1608	4887
1608	4891
1608	4934
1608	4985
1608	4990
1611	1612
1611	2775
1611	3130
1618	1619
1618	1702
1618	1990
1618	2032
1618	2050
1618	2051
1618	2052
1618	2053
1618	2285
1618	2322
1618	2361
1618	2506
1618	2523
1618	2593
1618	2594
1618	2744
1618	2819
1618	2993
1618	3016
1618	3133
1618	3540
1621	1622
1621	1848
1621	2003
1621	2046
1621	2065
1621	2066
1621	2214
1621	2434
1621	2468
1621	2891
1621	2937
1621	2979
1621	3088
1621	3137
1621	3441
1621	4209
1621	4386
1621	4563
1621	4845
1621	4877
1622	1655
1625	1626
1625	1631
1625	1651
1625	1848
1625	1949
1625	2561
1625	3246
1625	3328
1625	3752
1625	3942
1625	4000
1625	4057
1625	4210
1625	4214
1625	4386
1625	4625
1625	4805
1627	1628
1627	1667
1627	1705
1627	2033
1627	2194
1627	2202
1627	2284
1627	2548
1627	2643
1627	2679
1627	2696
1627	2797
1627	3222
1627	3254
1627	3279
1627	3281
1627	3312
1627	3329
1627	3501
1627	3599
1627	3633
1627	3646
1627	3669
1627	3673
1627	3708
1627	3734
1627	3883
1627	3890
1627	4061
1627	4243
1627	4314
1627	4325
1627	4364
1627	4399
1627	4461
1627	4477
1627	4525
1627	4568
1627	4570
1627	4575
1627	4581
1627	4662
1627	4663
1627	4665
1627	4685
1627	4727
1627	4728
1627	4729
1627	4786
1627	4789
1627	4791
1627	4835
1627	4943
1627	4947
1627	4955
1627	5015
1627	5027
1627	5051
1630	1631
1632	1633
1632	2064
1632	2069
1632	2448
1632	2536
1632	2538
1632	2585
1632	2725
1632	2751
1632	2856
1632	2862
1632	2961
1632	2996
1632	3062
1632	3074
1632	3531
1632	3566
1632	3614
1632	3770
1632	4041
1632	4291
1632	4300
1632	4328
1632	4334
1632	4559
1632	4755
1632	4825
1632	4948
1632	4998
1632	5055
1635	1636
1635	1646
1635	1724
1635	1826
1635	1915
1635	1964
1635	2005
1635	2076
1635	2089
1635	2125
1635	2336
1635	2398
1635	2506
1635	2560
1635	2569
1635	2574
1635	2600
1635	2656
1635	2665
1635	2716
1635	2717
1635	2719
1635	2746
1635	2747
1635	2781
1635	2787
1635	2788
1635	2801
1635	2802
1635	2805
1635	2808
1635	2865
1635	2882
1635	2894
1635	3027
1635	3029
1635	3061
1635	3075
1635	3079
1635	3110
1635	3111
1635	3118
1635	3122
1635	3158
1635	3163
1635	3193
1635	3251
1635	3256
1635	3277
1635	3299
1635	3303
1635	3309
1635	3314
1635	3320
1635	3325
1635	3331
1635	3385
1635	3497
1635	3504
1635	3518
1635	3527
1635	3534
1635	3549
1635	3556
1635	3570
1635	3617
1635	3622
1635	3624
1635	3656
1635	3720
1635	3791
1635	3795
1635	3801
1635	3806
1635	3819
1635	3827
1635	3976
1635	3977
1635	3983
1635	4058
1635	4068
1635	4072
1635	4200
1635	4369
1635	4407
1635	4462
1635	4595
1635	4651
1635	4664
1637	1638
1637	1639
1637	1654
1637	1692
1637	2025
1637	2146
1637	2263
1637	2426
1637	2438
1637	3196
1637	4704
1637	4730
1637	4897
1637	5003
1637	5004
1637	5014
1641	1642
1641	1722
1641	1760
1641	1770
1641	1775
1641	1791
1641	1795
1641	1798
1641	1807
1641	1821
1641	1827
1641	1842
1641	1855
1641	1856
1641	1860
1641	1861
1641	1892
1641	1932
1641	1953
1641	1969
1641	1982
1641	1998
1641	2090
1641	2094
1641	2155
1641	2174
1641	2250
1641	2275
1641	2304
1641	2327
1641	2328
1641	2340
1641	2344
1641	2346
1641	2347
1641	2363
1641	2390
1641	2437
1641	2447
1641	2511
1641	2512
1641	2640
1641	2658
1641	2685
1641	2690
1641	2703
1641	2777
1641	2839
1641	2846
1641	2890
1641	2893
1641	2904
1641	2924
1641	2928
1641	2962
1641	2968
1641	2979
1641	3146
1641	3215
1641	3343
1641	3353
1641	3369
1641	3374
1641	3399
1641	3594
1641	3831
1641	3966
1641	4035
1641	4042
1641	4182
1641	4239
1641	4241
1641	4248
1643	1644
1643	1778
1643	3260
1643	3612
1643	3898
1643	3952
1643	4742
1643	4930
1647	1648
1647	1666
1647	1704
1647	1867
1647	2027
1647	2157
1647	2180
1647	2321
1647	2491
1647	2515
1647	2556
1647	2566
1647	2575
1647	2630
1647	2634
1647	2644
1647	2674
1647	2697
1647	2731
1647	2760
1647	2786
1647	2789
1647	2839
1647	2907
1647	2934
1647	3013
1647	3022
1647	3042
1647	3080
1647	3185
1647	3213
1647	3269
1647	3278
1647	3315
1647	3389
1647	3445
1647	3494
1647	3512
1647	3530
1647	3542
1647	3567
1647	3581
1647	3590
1647	3724
1647	3760
1647	3773
1647	3804
1647	3922
1647	3997
1647	4162
1647	4225
1647	4424
1647	4780
1647	4939
1647	4957
1649	1682
1652	1653
1652	1846
1652	2078
1652	2079
1652	2461
1652	2932
1652	2958
1652	2959
1652	2971
1652	2977
1652	3173
1652	3225
1652	3330
1652	3338
1652	3356
1652	3484
1652	3494
1652	3520
1652	3560
1652	3693
1652	3721
1652	3794
1652	3887
1652	3911
1652	3953
1652	4094
1652	4425
1652	4634
1652	4667
1652	4682
1652	4689
1652	4734
1652	4741
1652	4848
1652	5019
1652	5022
1655	1656
1655	1756
1655	1773
1655	1789
1655	1895
1655	1947
1655	2002
1655	2003
1655	2023
1655	2049
1655	2065
1655	2171
1655	2223
1655	2241
1655	2262
1655	2278
1655	2280
1655	2370
1655	2444
1655	2510
1655	3124
1655	3127
1655	3131
1655	3151
1655	3157
1655	3159
1655	3182
1655	3183
1655	3186
1655	3425
1655	3427
1655	3439
1655	3441
1655	3447
1655	3589
1655	3608
1655	3611
1655	3620
1655	3695
1655	3722
1655	3736
1655	3757
1655	3782
1655	3784
1655	3785
1655	3786
1655	3788
1655	3813
1655	3815
1655	3816
1655	3832
1655	3931
1655	4082
1655	4160
1655	4222
1655	4223
1655	4349
1655	4499
1655	4514
1655	4679
1655	4687
1655	4710
1655	4737
1655	5031
1662	1663
1662	2269
1662	2783
1662	2833
1662	2868
1662	3017
1662	3067
1662	3154
1662	3234
1662	3340
1662	3412
1662	3463
1662	3481
1662	3487
1662	3502
1662	3566
1662	3625
1662	3634
1662	3643
1662	3774
1662	3802
1662	3932
1662	4100
1662	4164
1662	4228
1662	4234
1662	4240
1662	4246
1662	4265
1662	4396
1662	4488
1662	4515
1662	4571
1662	4622
1662	4761
1662	4997
1662	4999
1662	5061
1662	5065
1664	1665
1664	1717
1664	1735
1664	1773
1664	2049
1664	2058
1664	2143
1664	2400
1664	2614
1664	2623
1664	3007
1664	3155
1664	3642
1664	4801
1664	4864
1668	1686
1670	1671
1670	1934
1670	2060
1670	2181
1670	2213
1670	2295
1670	2338
1670	2429
1670	3180
1670	3336
1670	4289
1670	4448
1670	4656
1670	4684
1670	4781
1670	4815
1672	1673
1672	1924
1672	2149
1672	2160
1672	2225
1672	2464
1672	2514
1672	2521
1672	2730
1672	2742
1672	2753
1672	2784
1672	2948
1672	2964
1672	2965
1672	3236
1675	1723
1675	1887
1675	1988
1675	2035
1675	2492
1675	2653
1675	2661
1675	3121
1675	3588
1675	3979
1675	4292
1675	5012
1678	1754
1680	1681
1680	1914
1680	1948
1680	1956
1680	2011
1680	2179
1680	2263
1680	2427
1680	3132
1680	3152
1680	3253
1680	3266
1680	3298
1680	3301
1680	3321
1680	3471
1680	3561
1680	3573
1680	3692
1680	3995
1680	4103
1680	4146
1680	4224
1680	4236
1680	4255
1680	4318
1680	4769
1680	4980
1680	4983
1682	1683
1682	1698
1682	1707
1682	1749
1682	1756
1682	1764
1682	1765
1682	1781
1682	1814
1682	1815
1682	1818
1682	1903
1682	1996
1682	2022
1682	2036
1682	2077
1682	2233
1682	2235
1682	2258
1682	2259
1682	2270
1682	2282
1682	2286
1682	2291
1682	2311
1682	2324
1682	2333
1682	2441
1682	2491
1682	2599
1682	2723
1682	2739
1682	2748
1682	2749
1682	2909
1682	2918
1682	2923
1682	2942
1682	2944
1682	2981
1682	2982
1682	3112
1682	3129
1682	3137
1682	3145
1682	3177
1682	3267
1682	3305
1682	3350
1682	3366
1682	3388
1682	3389
1682	3394
1682	3395
1682	3409
1682	3541
1682	3572
1682	3732
1682	3766
1682	3771
1682	3817
1682	3820
1682	3892
1682	3943
1682	3961
1682	3962
1682	3964
1682	3972
1682	4047
1682	4118
1682	4167
1682	4171
1682	4177
1682	4288
1682	4290
1682	4312
1682	4357
1682	4446
1682	4449
1682	4512
1682	4513
1682	4636
1682	4637
1682	4669
1682	4857
1682	4972
1686	1687
1686	1977
1686	1978
1686	2004
1686	2028
1686	2030
1686	2092
1686	2257
1686	2337
1686	2498
1686	2522
1686	2592
1686	2603
1686	2607
1686	2783
1686	2811
1686	2835
1686	2939
1686	2950
1686	3011
1686	3021
1686	3052
1686	3061
1686	3198
1686	3199
1686	3205
1686	3206
1686	3209
1686	3227
1686	3243
1686	3256
1686	3265
1686	3274
1686	3327
1686	3410
1686	3433
1686	3453
1686	3460
1686	3461
1686	3464
1686	3468
1686	3473
1686	3475
1686	3477
1686	3485
1686	3487
1686	3491
1686	3492
1686	3495
1686	3507
1686	3619
1686	3668
1686	3670
1686	3674
1686	3675
1686	3691
1686	3730
1686	3758
1686	3763
1686	3765
1686	3873
1686	3902
1686	3906
1686	3908
1686	3910
1686	3967
1686	3968
1686	4074
1686	4163
1686	4170
1686	4173
1686	4203
1686	4211
1686	4216
1686	4323
1686	4335
1686	4338
1686	4340
1686	4345
1686	4359
1686	4362
1686	4365
1686	4376
1686	4380
1686	4381
1686	4387
1686	4391
1686	4408
1686	4410
1686	4426
1686	4428
1686	4429
1686	4526
1686	4527
1686	4528
1686	4541
1686	4548
1686	4549
1686	4591
1686	4592
1686	4723
1686	4762
1686	4794
1686	4820
1686	4824
1686	4831
1686	4921
1686	4924
1686	4938
1686	4963
1693	1719
1694	1987
1698	1793
1698	2152
1700	1701
1700	1894
1700	1923
1700	2144
1700	2151
1700	2162
1700	3919
1700	4188
1700	4198
1700	4676
1700	4899
1700	4905
1703	2151
1703	2316
1703	2342
1703	4139
1703	4204
1703	4205
1703	4299
1703	4537
1703	4544
1706	2263
1706	2482
1706	2500
1706	2541
1706	3860
1706	4179
1706	4726
1709	1710
1709	2074
1709	2096
1709	2435
1709	2673
1709	3043
1709	3247
1709	3457
1709	3826
1709	4018
1709	4184
1709	4344
1709	4698
1711	1712
1711	3400
1713	1714
1713	1935
1713	2029
1713	2140
1713	2308
1713	2318
1713	2357
1713	2539
1713	2596
1713	3066
1713	3117
1713	3393
1713	3406
1713	3515
1713	3637
1713	3737
1713	3780
1713	3933
1713	3974
1713	3981
1713	3982
1713	4003
1713	4519
1713	4655
1713	4733
1713	4823
1713	4968
1713	4991
1715	1716
1715	1839
1715	2071
1715	2222
1715	2389
1715	2663
1715	2735
1715	2853
1715	2872
1715	2956
1715	3046
1715	3058
1715	3108
1715	3149
1715	3221
1715	3285
1715	3296
1715	3347
1715	3376
1715	3377
1715	3528
1715	3574
1715	3626
1715	3641
1715	3654
1715	3660
1715	3690
1715	3853
1715	4133
1715	4263
1715	4264
1715	4269
1715	4280
1715	4936
1716	1720
1719	1734
1719	1740
1719	1768
1719	1891
1719	2056
1719	2173
1719	2306
1719	2373
1719	2405
1719	2423
1719	2435
1719	2652
1719	2710
1719	2804
1719	2807
1719	2858
1719	2876
1719	2878
1719	2881
1719	2883
1719	3054
1719	3318
1719	3378
1719	3537
1719	3586
1719	3652
1719	3759
1719	3846
1719	3925
1719	4037
1719	4576
1719	4715
1719	4830
1719	4834
1719	4859
1719	4861
1719	4966
1719	4977
1719	5013
1719	5037
1720	1721
1720	1742
1720	1772
1720	1831
1720	1834
1720	1852
1720	1869
1720	1878
1720	1879
1720	2068
1720	2071
1720	2084
1720	2085
1720	2101
1720	2102
1720	2131
1720	2132
1720	2139
1720	2196
1720	2215
1720	2375
1720	2379
1720	2382
1720	2397
1720	2403
1720	2414
1720	2415
1720	2450
1720	2451
1720	2465
1720	2621
1720	2624
1720	2627
1720	2628
1720	2635
1720	2637
1720	2638
1720	2647
1720	2655
1720	2662
1720	2663
1720	2831
1720	2888
1720	2905
1720	2911
1720	2912
1720	2917
1720	2956
1720	3046
1720	3051
1720	3058
1720	3086
1720	3103
1720	3104
1720	3106
1720	3108
1720	3113
1720	3114
1720	3115
1720	3119
1720	3125
1720	3149
1720	3166
1720	3172
1720	3188
1720	3191
1720	3201
1720	3204
1720	3207
1720	3224
1720	3341
1720	3347
1720	3365
1720	3373
1720	3376
1720	3377
1720	3384
1720	3386
1720	3390
1720	3392
1720	3489
1720	3508
1720	3528
1720	3569
1720	3574
1720	3598
1720	3604
1720	3636
1720	3641
1720	3651
1720	3654
1720	3660
1720	3727
1720	3790
1720	3793
1720	3800
1720	3852
1720	3853
1720	3854
1720	3867
1720	3874
1720	3876
1720	3939
1720	3986
1720	3987
1720	4048
1720	4108
1720	4142
1720	4144
1720	4172
1720	4196
1720	4218
1720	4229
1720	4230
1720	4249
1720	4254
1720	4258
1720	4264
1720	4269
1720	4280
1720	4356
1720	4385
1720	4403
1720	4404
1720	4406
1720	4411
1720	4412
1720	4433
1720	4447
1720	4453
1720	4457
1720	4464
1720	4467
1720	4478
1720	4481
1720	4490
1720	4491
1720	4492
1720	4495
1720	4496
1720	4518
1720	4572
1720	4626
1720	4641
1720	4642
1720	4668
1720	4670
1720	4671
1720	4686
1720	4699
1720	4709
1720	4714
1720	4836
1720	4837
1720	4851
1720	4854
1720	4871
1720	4882
1720	4885
1720	4975
1720	4976
1720	4981
1720	4987
1720	5021
1720	5032
1725	1726
1725	2047
1725	2055
1725	2232
1725	2951
1725	4209
1725	4397
1725	4416
1725	4858
1725	4979
1729	1730
1729	1733
1729	1741
1729	1753
1729	1785
1729	1786
1729	1799
1729	1811
1729	1833
1729	1838
1729	1851
1729	1865
1729	1871
1729	1873
1729	1877
1729	1885
1729	1900
1729	1921
1729	1968
1729	2070
1729	2105
1729	2106
1729	2107
1729	2115
1729	2126
1729	2138
1729	2156
1729	2168
1729	2182
1729	2245
1729	2294
1729	2332
1729	2350
1729	2351
1729	2372
1729	2418
1729	2420
1729	2507
1729	2544
1729	2545
1729	2548
1729	2549
1729	2554
1729	2577
1729	2590
1729	2595
1729	2631
1729	2645
1729	2740
1729	2797
1729	2810
1729	2815
1729	2818
1729	2848
1729	2849
1729	3009
1729	3044
1729	3128
1729	3140
1729	3211
1729	3220
1729	3284
1729	3317
1729	3418
1729	3432
1729	3450
1729	3451
1729	3707
1729	3716
1729	3717
1729	3726
1729	3772
1729	3870
1729	3891
1729	3935
1729	3959
1729	4027
1729	4038
1729	4106
1729	4156
1729	4274
1729	4375
1729	4393
1729	4485
1729	4510
1731	1732
1731	1809
1731	1810
1731	2007
1731	2072
1731	2352
1731	2469
1731	2529
1731	2702
1731	2847
1731	3060
1731	3068
1731	3333
1731	3337
1731	3352
1731	3407
1731	3558
1731	3565
1731	3591
1731	3739
1731	3743
1731	3744
1731	3789
1731	3792
1731	3829
1731	3994
1731	4165
1731	4552
1731	4736
1731	4878
1731	4907
1731	5054
1743	1744
1743	1745
1743	2495
1743	2682
1743	2984
1743	3094
1743	3686
1746	1747
1746	1841
1746	2264
1746	2277
1746	2342
1746	2601
1746	2602
1746	2877
1746	2900
1746	3346
1746	3564
1750	2188
1754	1755
1754	2146
1754	2438
1754	2827
1754	4652
1756	2152
1758	1759
1758	1837
1758	1882
1758	2244
1758	2555
1758	2571
1758	2752
1758	2770
1758	2772
1758	2985
1758	3050
1758	4245
1758	5047
1758	5067
1761	2220
1762	1763
1762	2263
1762	2404
1762	2416
1762	2427
1762	3132
1762	3152
1762	3153
1762	3428
1762	3818
1762	3868
1775	1790
1779	1780
1779	1976
1779	2008
1779	2034
1779	2062
1779	2074
1779	2091
1779	2272
1779	2273
1779	2281
1779	2283
1779	2355
1779	2488
1779	2718
1779	2756
1779	2823
1779	2830
1779	2953
1779	3028
1779	3335
1779	3367
1779	3597
1779	4009
1779	4543
1779	4838
1782	1783
1782	4465
1787	1788
1787	1854
1787	1936
1787	2358
1787	2963
1787	3307
1787	3322
1787	3332
1787	3334
1787	3830
1787	3975
1787	3989
1787	4151
1787	4180
1787	4367
1787	4756
1787	4818
1787	4992
1787	5025
1790	1791
1790	1798
1790	1822
1790	2184
1790	2192
1790	2275
1790	2447
1790	2511
1790	3353
1790	3429
1790	3812
1790	4052
1790	4189
1790	4241
1793	1794
1793	2006
1793	2387
1793	2399
1793	2794
1793	3107
1793	3150
1793	3165
1793	3175
1793	3237
1793	3632
1793	3749
1793	3842
1793	4437
1793	4516
1793	4659
1796	1797
1796	1814
1796	1828
1796	1997
1796	2109
1796	2208
1796	2892
1796	3272
1796	3592
1796	4040
1796	4070
1796	4071
1796	4454
1796	4787
1796	4813
1796	4832
1796	4896
1796	5063
1802	1803
1802	1844
1802	1863
1802	1920
1802	2021
1802	2048
1802	2166
1802	2185
1802	2218
1802	2289
1802	2467
1802	2532
1802	2778
1802	2829
1802	2990
1802	2998
1802	3041
1802	3294
1802	3306
1802	3375
1802	3444
1802	3506
1802	3777
1802	3909
1802	3993
1802	4150
1802	4166
1802	4169
1802	4351
1802	4520
1802	4536
1802	4587
1802	4593
1802	4799
1802	4847
1802	4855
1802	4908
1802	5001
1802	5024
1802	5030
1805	1806
1805	1819
1805	1832
1805	1845
1805	1846
1805	2026
1805	2431
1805	2433
1805	3095
1805	3225
1806	1816
1806	2310
1806	2430
1811	1885
1816	1817
1816	1846
1816	2475
1816	2678
1816	4995
1817	1876
1824	1825
1824	2803
1824	3218
1824	3235
1824	3416
1824	4355
1824	4617
1824	4796
1829	1830
1829	2374
1829	2377
1829	2459
1829	2619
1829	2695
1829	2700
1829	2822
1829	2871
1829	2943
1829	3033
1829	3045
1829	3084
1829	3203
1829	3242
1829	3415
1829	3434
1829	3435
1829	3436
1829	4507
1829	4573
1829	4881
1832	2310
1832	2430
1836	1837
1836	2123
1836	2135
1837	3148
1845	1876
1845	2430
1846	2310
1846	2430
1851	1885
1853	1854
1853	1899
1853	1936
1853	1946
1853	1984
1853	1985
1853	1986
1853	1995
1853	2031
1853	2040
1853	2197
1853	2456
1853	2474
1853	2927
1853	3035
1853	3059
1853	3138
1853	3141
1853	3142
1853	3219
1853	3233
1853	3355
1853	3361
1853	3371
1853	3478
1853	3539
1853	3554
1853	3610
1853	3702
1853	3709
1853	3787
1853	3799
1853	4244
1853	4270
1853	4319
1853	4463
1853	4509
1853	4523
1853	4677
1853	4697
1853	4716
1853	4718
1853	4826
1853	4856
1853	4962
1853	5009
1866	1867
1866	2109
1866	2127
1866	2220
1866	2341
1866	3087
1866	3262
1866	3272
1866	3403
1866	3559
1866	3649
1866	3719
1866	3897
1866	3991
1866	4302
1866	4384
1866	4594
1866	4614
1866	4646
1866	4800
1866	4937
1871	1885
1873	1885
1876	2431
1876	2475
1876	2678
1876	4840
1880	3363
1885	1886
1885	2070
1885	2105
1885	2115
1885	2121
1885	2245
1885	2350
1885	2490
1885	2507
1885	2546
1885	2590
1885	2606
1885	2654
1885	2733
1885	2788
1885	2797
1885	2814
1885	3047
1885	3140
1885	3189
1885	3280
1885	3284
1885	3286
1885	3289
1885	3290
1885	3458
1885	3462
1885	3499
1885	3501
1885	3525
1885	3543
1885	3553
1885	3582
1885	3583
1885	3584
1885	3596
1885	3613
1885	3615
1885	3618
1885	3621
1885	3657
1885	3768
1885	3772
1885	3776
1885	3778
1885	3869
1885	3935
1885	3959
1885	3980
1885	4004
1885	4010
1885	4026
1885	4192
1885	4201
1885	4320
1885	4413
1885	4616
1885	4680
1885	4681
1885	4746
1885	4852
1885	4902
1885	5010
1895	2001
1897	1898
1897	1918
1897	1937
1897	2187
1897	2192
1897	2201
1897	2396
1897	2409
1897	2650
1897	2651
1897	2660
1897	2842
1897	2844
1897	2994
1897	3064
1897	3072
1897	3382
1897	3440
1897	3585
1897	3607
1897	3630
1897	3798
1897	4032
1897	4130
1897	4268
1897	4705
1897	4719
1897	5066
1904	1905
1904	1974
1904	2473
1904	2842
1904	2895
1904	2938
1904	3071
1904	3091
1907	1972
1907	2367
1908	2422
1908	2509
1908	2970
1908	3244
1908	3250
1908	4430
1908	4522
1908	4644
1908	4706
1908	4713
1908	4965
1929	2301
1930	1931
1940	2210
1940	3261
1950	1951
1950	2130
1950	3055
1950	4109
1950	4110
1950	4624
1950	4795
1950	4946
1950	4954
1952	2677
1952	2686
1952	3121
1952	3277
1952	3571
1952	3680
1960	1961
1960	2288
1960	2470
1960	2471
1960	2476
1960	2633
1960	2702
1960	3255
1960	3263
1960	3270
1960	3323
1960	3466
1960	3503
1960	3840
1960	3882
1960	3955
1960	4076
1960	4086
1960	4137
1960	4580
1960	4661
1960	4833
1960	4913
1960	5018
1960	5039
1962	1963
1962	2926
1962	2955
1962	3223
1962	3229
1962	3470
1962	4117
1962	4611
1962	4812
1972	1973
1972	2024
1972	2147
1972	2167
1972	2238
1972	2502
1972	2629
1972	3006
1972	3089
1972	3271
1972	3672
1972	3677
1972	3715
1972	3759
1972	3764
1972	3779
1972	3845
1972	3949
1972	3996
1972	4002
1972	4019
1972	4195
1972	4735
1977	2043
1987	2023
1987	2241
1987	2254
1987	2370
1987	2776
1987	3096
1987	3102
1987	3310
1987	3532
1987	4600
1987	4749
1987	4759
1987	4765
1987	4809
1991	3544
1991	4371
2001	2002
2001	3427
2001	3447
2001	3695
2001	3788
2001	4772
2012	2013
2012	2158
2012	3250
2012	3509
2012	3969
2012	4306
2012	4750
2012	4790
2012	5040
2012	5041
2018	2019
2018	4869
2018	4888
2043	2095
2043	2240
2043	2309
2043	2316
2043	2342
2043	2493
2043	3039
2043	3729
2043	3880
2043	4253
2044	2045
2044	4978
2071	2669
2080	2081
2080	2227
2080	2413
2080	3635
2080	3839
2080	4036
2080	4065
2080	4502
2080	4693
2103	2104
2103	2148
2103	2175
2103	2198
2103	2439
2103	2454
2103	2688
2103	2734
2103	3094
2103	3387
2103	3402
2103	3731
2103	3733
2103	3740
2103	3745
2103	3756
2103	3875
2103	3904
2103	4311
2103	4332
2103	4516
2103	4666
2103	4846
2103	5020
2103	5026
2104	2494
2104	2769
2108	2120
2108	2584
2108	2697
2108	3102
2108	3291
2108	4129
2112	2113
2112	2445
2112	2754
2112	2759
2112	2997
2112	3181
2112	3324
2112	4753
2123	3148
2135	3148
2145	2146
2145	2263
2145	2426
2145	2438
2145	3192
2145	3196
2145	4452
2152	2153
2152	2230
2152	2231
2152	2233
2152	2441
2152	2446
2152	3112
2152	3313
2152	3350
2152	3496
2152	3548
2152	3572
2152	3892
2152	4449
2152	4640
2152	4967
2175	2494
2175	2769
2188	2189
2188	2639
2188	2843
2188	2972
2188	3057
2188	3070
2188	3327
2188	3379
2188	3483
2188	3493
2188	3500
2188	3659
2188	3676
2188	3738
2188	4008
2188	4256
2192	2503
2198	2494
2198	2769
2205	2851
2211	2212
2211	2217
2211	2224
2211	2234
2211	2251
2211	2274
2211	2287
2211	2343
2211	2485
2211	2537
2211	2553
2211	2583
2211	2687
2211	2694
2211	2704
2211	2706
2211	2708
2211	2720
2211	2721
2211	2736
2211	2756
2211	2766
2211	2916
2211	2933
2211	2938
2211	2949
2211	3010
2211	3024
2211	3160
2211	3169
2211	3252
2211	3262
2211	3304
2211	3339
2211	3344
2211	3345
2211	3424
2211	3555
2211	3562
2211	3563
2211	3681
2211	3912
2211	3947
2211	3957
2211	3965
2211	3970
2211	4099
2211	4101
2211	4115
2211	4307
2211	4337
2211	4358
2211	4739
2211	4873
2211	4883
2211	5017
2211	5053
2220	3297
2226	2248
2228	2229
2228	4131
2244	3148
2248	2249
2248	2442
2248	3712
2248	3948
2248	4281
2248	4361
2248	4732
2248	4880
2252	2253
2252	2530
2252	2791
2255	2256
2255	2300
2255	2353
2255	3232
2255	3275
2255	3896
2255	4909
2255	5068
2260	2261
2260	2276
2260	2339
2260	2795
2260	2875
2260	3126
2260	3168
2260	3170
2260	3311
2260	3411
2260	3455
2260	3529
2260	3552
2260	3689
2260	3894
2260	3920
2260	4193
2260	4409
2263	3488
2274	3363
2299	2300
2299	3018
2301	2302
2301	2303
2301	2313
2301	2314
2301	2315
2301	2317
2301	2319
2301	2359
2301	2360
2301	2378
2301	2381
2301	2540
2301	2542
2301	2584
2301	2587
2301	2604
2301	2799
2301	3005
2301	3006
2301	3162
2310	2518
2315	2367
2317	2367
2324	2898
2329	2330
2329	2901
2329	3579
2329	3803
2329	4148
2329	4149
2329	4422
2329	4529
2329	4688
2329	4862
2365	2366
2365	2384
2365	2386
2365	4153
2367	2368
2367	2969
2367	3946
2367	4398
2404	3488
2416	3488
2430	2431
2430	2947
2434	3973
2444	2477
2477	2478
2477	3105
2477	3159
2477	3580
2477	3788
2477	3816
2477	3893
2477	4892
2477	4958
2477	5035
2494	3731
2494	3733
2494	3740
2494	3745
2494	3756
2494	3904
2494	4898
2503	2757
2503	4894
2503	4932
2503	5076
2557	2558
2557	4895
2557	5038
2602	4128
2616	2617
2616	3593
2616	3655
2616	4808
2649	3416
2649	4183
2649	4784
2669	3653
2669	3654
2669	3837
2669	4282
2691	2692
2691	3195
2691	4217
2691	4232
2737	2738
2737	3288
2737	3417
2737	3609
2737	3661
2737	3698
2737	3796
2737	3797
2737	3951
2737	3960
2737	4550
2737	4599
2737	4605
2737	4922
2737	5070
2769	3094
2769	3740
2769	3745
2769	3756
2769	4311
2769	4332
2771	2987
2771	4252
2780	2832
2820	2821
2826	2827
2826	4565
2826	4771
2851	2852
2851	3042
2851	4059
2851	4764
2898	2899
2898	3092
2898	3167
2898	3342
2898	3587
2898	4034
2898	4073
2898	4441
2898	4455
2898	4597
2898	4817
2898	4900
2898	5062
2940	2941
2949	4923
3000	3001
3000	3754
3014	3015
3014	3295
3014	3449
3014	3878
3014	4085
3014	4257
3014	4293
3025	3026
3025	4250
3025	5023
3043	3248
3132	3488
3148	3316
3148	3667
3148	3928
3148	4340
3148	4341
3148	5005
3152	3488
3153	3488
3247	3248
3248	3249
3248	3457
3248	3482
3248	3628
3248	4199
3248	4915
3363	3364
3363	3519
3363	3828
3363	4176
3363	4556
3363	5028
3412	4333
3488	4354
3655	4140
3733	3881
3834	3835
3916	3917
3973	4585
4104	4105
4104	4607
4112	4113
4122	4123
4122	4305
4140	4141
4174	4175
4260	4261
4260	4459
4296	4297
4326	4327
4326	4725
4330	4331
4330	4766
4352	4353
4352	5069
4377	4378
4377	4382
4419	4420
4504	4505
4588	4589
4673	4674
4747	4748
4903	4904
4923	4926
