0
0
4
4
4
4
14
14
7
7
4
6
6
6
3
3
4
0
0
3
0
0
0
5
5
13
4
0
0
4
3
3
3
17
17
14
6
7
7
21
21
14
1
1
17
7
7
1
1
7
21
4
4
4
3
8
8
7
20
20
6
6
9
9
5
7
2
2
7
2
5
5
16
16
8
9
0
0
0
1
1
7
8
10
10
6
6
9
6
5
12
12
2
4
9
2
1
1
1
0
2
4
0
0
4
3
0
9
10
0
0
3
4
0
6
0
6
7
1
0
0
5
0
2
2
0
0
7
0
6
5
5
0
0
0
5
5
4
0
0
0
9
9
9
1
13
6
0
14
14
0
17
3
3
6
5
4
6
0
3
7
7
6
0
4
7
4
4
2
11
11
11
5
8
7
12
16
2
1
0
2
0
0
25
25
1
12
0
14
8
5
5
8
7
16
16
0
11
7
16
2
0
0
4
9
5
6
9
0
0
6
8
26
26
1
1
0
8
7
0
0
7
10
4
2
2
6
4
10
5
5
4
2
2
1
6
2
2
6
1
8
5
4
8
0
3
0
0
0
0
0
13
4
4
10
10
4
0
3
4
2
0
0
0
15
15
4
3
1
5
0
0
10
0
10
10
0
0
0
0
0
0
0
0
0
8
4
12
6
15
3
3
7
3
15
6
20
11
8
13
13
3
2
3
0
0
16
19
19
2
2
3
7
13
8
9
2
4
4
2
6
7
1
6
6
1
5
14
3
10
3
16
11
4
0
9
1
11
2
4
7
7
8
10
3
9
2
0
2
5
6
9
9
0
10
10
0
0
5
7
10
0
0
6
0
18
18
0
0
8
5
5
2
0
2
0
6
6
0
0
18
0
8
0
1
0
1
0
3
6
7
6
4
0
2
0
0
8
15
11
10
8
13
19
0
10
3
13
8
0
0
4
3
2
22
22
0
0
0
0
0
4
3
3
2
10
0
3
7
3
7
2
18
4
2
7
16
3
2
5
4
16
20
3
6
2
7
0
0
2
18
3
5
5
5
9
9
14
2
2
3
1
3
0
5
8
0
14
4
5
4
4
3
0
8
9
4
8
2
11
7
15
8
0
1
6
0
6
0
1
0
1
0
0
0
0
0
4
6
0
5
6
6
0
0
0
10
2
2
8
4
1
21
19
4
6
5
8
8
4
6
2
0
23
23
0
3
0
0
23
15
3
3
5
5
2
11
5
2
1
15
3
13
13
2
3
2
4
13
4
0
0
3
2
1
0
1
13
1
1
13
13
0
4
18
3
9
15
2
1
2
3
9
17
1
1
1
0
0
0
2
1
8
3
3
1
2
2
5
4
4
11
0
0
1
14
5
5
5
5
5
1
15
17
4
2
4
5
0
2
5
4
0
0
30
30
0
7
0
0
6
8
5
8
34
34
5
16
17
1
6
6
0
0
15
2
0
2
0
0
13
8
2
30
21
0
2
11
13
5
20
2
2
1
1
13
8
15
3
2
2
2
2
2
5
2
4
13
4
1
0
1
23
0
9
2
4
23
0
1
0
12
16
0
0
6
0
10
0
0
10
3
9
4
4
18
23
0
4
4
0
0
0
7
6
24
24
10
6
14
20
1
1
15
4
5
15
4
0
3
3
4
0
5
0
0
6
2
5
8
3
2
2
3
3
8
2
2
0
2
14
6
6
4
1
4
5
26
4
6
20
7
18
31
31
2
1
3
0
1
0
0
4
17
24
1
1
1
27
27
3
1
12
1
9
9
9
1
4
2
3
1
13
9
0
0
1
3
0
2
1
6
5
0
0
32
32
1
2
2
13
6
6
0
23
3
1
2
1
13
3
2
2
14
8
14
6
5
2
17
3
11
2
17
1
1
15
11
3
2
14
5
4
8
5
2
7
3
3
16
11
3
8
6
1
8
19
0
0
21
17
8
1
19
1
1
1
15
6
3
4
1
6
28
28
4
0
12
12
6
6
0
7
6
6
1
5
4
1
13
4
2
0
10
5
2
10
10
2
10
2
2
4
13
13
4
3
6
3
13
3
6
14
5
3
4
4
17
17
13
4
2
4
10
5
3
7
15
16
3
2
3
6
4
1
3
0
4
1
4
1
1
15
14
19
3
6
6
1
6
10
1
8
3
6
4
1
1
3
6
2
3
6
1
1
1
16
32
0
9
1
0
13
8
8
2
6
8
3
2
3
0
0
0
7
31
1
21
0
13
7
12
24
16
24
2
1
1
3
2
0
14
11
6
3
2
6
5
11
13
0
2
1
6
2
0
0
17
18
11
6
5
2
12
15
5
1
3
8
10
10
15
5
11
22
1
1
1
1
16
2
1
1
29
29
25
6
6
9
5
6
4
5
29
3
1
27
2
1
8
2
2
12
12
6
3
17
12
0
12
15
0
0
2
6
3
12
2
2
0
7
0
2
3
3
0
3
1
1
11
9
5
5
2
2
1
1
16
1
9
1
8
12
10
10
8
8
1
6
1
3
0
26
8
1
6
14
11
4
0
11
1
4
1
24
0
2
19
2
3
1
16
3
16
1
6
16
6
11
2
0
6
15
15
7
12
0
7
6
1
5
1
6
5
0
6
3
9
1
1
1
0
0
12
3
6
1
0
0
6
5
0
5
12
3
5
10
5
5
3
7
14
4
1
26
6
6
1
25
29
5
5
1
6
0
3
5
4
1
6
1
14
1
3
15
0
1
22
12
2
1
2
11
12
12
1
3
16
0
1
0
3
20
1
5
12
1
5
0
12
9
9
1
13
1
5
5
11
8
5
5
0
5
5
5
8
5
5
5
9
12
5
5
1
5
0
4
19
4
14
0
6
8
1
6
2
11
1
15
3
7
0
3
4
0
7
3
4
1
16
3
3
1
1
1
35
35
3
11
2
1
1
12
0
7
1
13
7
5
3
0
0
0
2
0
5
6
5
10
7
7
1
10
1
7
7
5
4
5
9
9
1
6
5
1
8
7
2
11
8
3
22
2
3
3
6
0
4
4
1
4
3
33
33
10
25
4
1
3
0
0
2
3
11
2
3
3
11
12
11
3
2
15
7
12
3
0
0
5
18
9
5
0
9
12
5
9
1
0
10
11
10
10
14
5
14
11
3
4
4
4
14
0
5
5
14
3
2
5
36
36
3
10
3
33
4
0
16
6
6
4
5
1
2
8
7
12
2
1
16
1
6
7
4
11
12
4
10
6
10
11
12
28
3
28
1
5
5
5
3
4
5
3
9
9
9
4
9
5
4
6
9
9
2
9
9
19
1
4
0
9
11
18
2
7
4
2
0
7
0
1
11
10
6
1
5
7
10
11
8
4
9
11
9
3
11
2
2
2
9
27
9
12
22
9
8
4
9
4
20
19
7
7
10
22
10
6
7
5
2
2
18
18
5
18
2
20
10
12
7
10
