0
0
4
4
4
4
13
13
7
7
4
6
6
6
3
3
4
0
0
3
0
0
0
5
5
12
4
0
0
4
3
3
3
17
17
13
6
7
7
21
21
13
1
1
17
16
16
1
1
16
21
4
4
4
3
7
7
7
20
20
6
6
8
8
5
16
2
2
16
2
5
5
15
15
7
8
0
0
0
1
1
16
7
9
9
6
6
8
6
5
11
11
2
4
8
2
1
1
1
0
2
4
0
0
4
3
0
8
9
0
0
3
4
0
6
0
6
7
1
0
0
5
0
2
2
0
0
7
0
6
5
5
0
0
0
5
5
4
0
0
0
8
8
8
1
12
6
0
13
13
0
17
3
3
6
5
4
6
0
3
7
7
6
0
4
7
4
4
2
10
10
10
5
7
7
11
15
2
1
0
2
0
0
25
25
1
11
0
13
7
5
5
7
16
15
15
0
10
7
15
2
0
0
4
8
5
6
8
0
0
6
7
26
26
1
1
0
7
16
0
0
7
9
4
2
2
6
4
9
5
5
4
2
2
1
6
2
2
6
1
7
5
4
7
0
3
0
0
0
0
0
12
4
4
9
9
4
0
3
4
2
0
0
0
14
14
4
3
1
5
0
0
9
0
9
9
0
0
0
0
0
0
0
0
0
7
4
11
6
14
3
3
7
3
14
6
20
10
7
12
12
3
2
3
0
0
15
19
19
2
2
3
7
12
7
8
2
4
4
2
6
7
1
6
6
1
5
13
3
9
3
15
10
4
0
8
1
10
2
4
7
7
7
9
3
8
2
0
2
5
6
8
8
0
9
9
0
0
5
7
9
0
0
6
0
18
18
0
0
7
5
5
2
0
2
0
6
6
0
0
18
0
7
0
1
0
1
0
3
6
7
6
4
0
2
0
0
7
14
10
9
7
12
19
0
9
3
12
7
0
0
4
3
2
22
22
0
0
0
0
0
4
3
3
2
9
0
3
7
3
7
2
18
4
2
7
15
3
2
5
4
15
20
3
6
2
7
0
0
2
18
3
5
5
5
8
8
13
2
2
3
1
3
0
5
7
0
13
4
5
4
4
3
0
7
8
4
7
2
10
7
14
7
0
1
6
0
6
0
1
0
1
0
0
0
0
0
4
6
0
5
6
6
0
0
0
9
2
2
7
4
1
21
19
4
6
5
7
7
4
6
2
0
23
23
0
3
0
0
23
14
3
3
5
5
2
10
5
2
1
14
3
12
12
2
3
2
4
12
4
0
0
3
2
1
0
1
12
1
1
12
12
0
4
18
3
8
14
2
1
2
3
8
17
1
1
1
0
0
0
2
1
7
3
3
1
2
2
5
4
4
10
0
0
1
13
5
5
5
5
5
1
14
17
4
2
4
5
0
2
5
4
0
0
30
30
0
16
0
0
6
7
5
7
34
34
5
15
17
1
6
6
0
0
14
2
0
2
0
0
12
7
2
30
21
0
2
10
12
5
20
2
2
1
1
12
7
14
3
2
2
2
2
2
5
2
4
12
4
1
0
1
23
0
8
2
4
23
0
1
0
11
15
0
0
6
0
9
0
0
9
3
8
4
4
18
23
0
4
4
0
0
0
7
6
24
24
9
6
13
20
1
1
14
4
5
14
4
0
3
3
4
0
5
0
0
6
2
5
7
3
2
2
3
3
7
2
2
0
2
13
6
6
4
1
4
5
26
4
6
20
7
18
31
31
2
1
3
0
1
0
0
4
17
24
1
1
1
27
27
3
1
11
1
8
8
8
1
4
2
3
1
12
8
0
0
1
3
0
2
1
6
5
0
0
32
32
1
2
2
12
6
6
0
23
3
1
2
1
12
3
2
2
13
7
13
6
5
2
17
3
10
2
17
1
1
14
10
3
2
13
5
4
7
5
2
7
3
3
15
10
3
7
6
1
7
19
0
0
21
17
7
1
19
1
1
1
14
6
3
4
1
6
28
28
4
0
11
11
6
6
0
7
6
6
1
5
4
1
12
4
2
0
9
5
2
9
9
2
9
2
2
4
12
12
4
3
6
3
12
3
6
13
5
3
4
4
17
17
12
4
2
4
9
5
3
16
14
15
3
2
3
6
4
1
3
0
4
1
4
1
1
14
13
19
3
6
6
1
6
9
1
7
3
6
4
1
1
3
6
2
3
6
1
1
1
15
32
0
8
1
0
12
7
7
2
6
7
3
2
3
0
0
0
7
31
1
21
0
12
7
11
24
15
24
2
1
1
3
2
0
13
10
6
3
2
6
5
10
12
0
2
1
6
2
0
0
17
18
10
6
5
2
11
14
5
1
3
7
9
9
14
5
10
22
1
1
1
1
15
2
1
1
29
29
25
6
6
8
5
6
4
5
29
3
1
27
2
1
7
2
2
11
11
6
3
17
11
0
11
14
0
0
2
6
3
11
2
2
0
7
0
2
3
3
0
3
1
1
10
8
5
5
2
2
1
1
15
1
8
1
7
11
9
9
7
7
1
6
1
3
0
26
7
1
6
13
10
4
0
10
1
4
1
24
0
2
19
2
3
1
15
3
15
1
6
15
6
10
2
0
6
14
14
7
11
0
7
6
1
5
1
6
5
0
6
3
8
1
1
1
0
0
11
3
6
1
0
0
6
5
0
5
11
3
5
9
5
5
3
7
13
4
1
26
6
6
1
25
29
5
5
1
6
0
3
5
4
1
6
1
13
1
3
14
0
1
22
11
2
1
2
10
11
11
1
3
15
0
1
0
3
20
1
5
11
1
5
0
11
8
8
1
12
1
5
5
10
7
5
5
0
5
5
5
7
5
5
5
8
11
5
5
1
5
0
4
19
4
13
0
6
7
1
6
2
10
1
14
3
7
0
3
4
0
7
3
4
1
15
3
3
1
1
1
35
35
3
10
2
1
1
11
0
16
1
12
16
5
3
0
0
0
2
0
5
6
5
9
7
7
1
9
1
16
16
5
4
5
8
8
1
6
5
1
7
7
2
10
7
3
22
2
3
3
6
0
4
4
1
4
3
33
33
9
25
4
1
3
0
0
2
3
10
2
3
3
10
11
10
3
2
14
7
11
3
0
0
5
18
8
5
0
8
11
5
8
1
0
9
10
9
9
13
5
13
10
3
4
4
4
13
0
5
5
13
3
2
5
36
36
3
9
3
33
4
0
15
6
6
4
5
1
2
7
16
11
2
1
15
1
6
16
4
10
11
4
9
6
9
10
11
28
3
28
1
5
5
5
3
4
5
3
8
8
8
4
8
5
4
6
8
8
2
8
8
19
1
4
0
8
10
18
2
7
4
2
0
7
0
1
10
9
6
1
5
7
9
10
7
4
8
10
8
3
10
2
2
2
8
27
8
11
22
8
7
4
8
4
20
19
16
16
9
22
9
6
16
5
2
2
18
18
5
18
2
20
9
11
7
9
