0	1
3002	3003
14	15	16	20	21	22	26	27	28	29	30	38	41	42	43	158	164	203	214	230	236	237	246	247	269	270	276	277	278	281	288	303	308	335	341	347	351	362	365	366	376	377	386	389	395	408	409	422	434	435	267	268	477	478	490	498	558	1135	1152	1313	1383	1431	1531	1588	1469	1470	1398	1399	2241	2242	2403	2404	2534	2683	2692	2693	2734	2838	2849	2896	2717	2718	2815	2894	2847	2848	2878	2899	2994	3033	3049	3238	3270	3272	3295	3439	3348	3310	3326	3344	3349	3447	3492	3518	3524	3311	3388	3449	3452	3501	3505	3520	3597	3905	4059	4073	4092	4187	4189	4203	4211	4212	4250	4353	4132	4142	4461	4493	4696	4723	4730	4813	4746	5010	5038	4801	5172	5232	4802	4822	5051
2361	2362
1689	1690	1798	2156
839	840
853	854	1368	2569
2366	2367
18	19	493	1016	1017
1052	1053
1126	1127	1158
72	180	181	188	329	629	648	798	879	725	630	637	643	644	645	646	649	655	656	657	664	666	667	668	673	686	687	689	690	698	710	711	712	717	718	721	722	724	732	733	734	736	738	740	741	742	745	747	758	761	762	766	767	768	777	779	780	782	785	792	796	797	813	814	815	816	817	821	823	834	855	856	860	867	870	875	881	882	883	889	890	901	904	905	917	921	922	924	925	927	928	935	936	938	939	940	943	944	945	960	966	967	969	970	971	974	989	991	992	994	995	1005	1010	1024	1026	1030	1031	1034	1036	1038	1040	1041	1042	1051	1054	1057	1063	1066	1069	1070	1071	1072	1078	1099	1113	1119	1120	1121	1134	1138	1147	1162	1163	1171	1178	1191	1192	1195	1201	1203	1206	1208	1230	1234	1235	1236	1237	1244	1247	1248	1253	1259	1260	1261	1272	1273	1279	1280	1281	1283	1286	1288	1290	1291	1292	1293	1294	1295	1299	1301	1303	1304	1312	1315	1316	1318	1320	1322	642	909	1252	977	1361	1343	1363	1375	1376	1384	1484	1597	1620	1658	1373	1646	1362	1395	1458	1627	1628	1681	1746	1793	1794	1796	1806	1807	1824	1887	1892	1924	1925	1926	1976	2001	2042	2069	2121	2129	2158	2190	2198	2199	1903	1803	2223	2459	2424	2388	2389	2691	2618	2784	2785	2890	2921	2942	2972	2981	3021	3038	3062	3063	2754	2837	2864	2863	3224	3252	3157	3278	3372	3373	3405	3430	3529	3536	3667	3855	3866	3980	3936	3942	3607	4087	4232	4327	4336	4358	4359	4421	4480	4562	4575	4589	4454	4458	4483	4484	4494	4506	4512	4513	4550	4557	4561	4564	4569	4576	4581	4582	4619	4621	4633	4635	4640	4643	4654	4655	4681	4682	4688	4692	4694	4728	4731	4599	4632	4740	4745	4858	4910	4941	4979	5061	5121	5184	5203	5181	4925	4911	4762	4832	4933	5199	4780	4789	4839	4870	4871	4890	4906	5035	5113	5142
1219	1220	2060
45	46	57	69	77	79	81	90	91	95	102	105	106	107	113	117	118	122	125	138	139	140	149	358	359	651	652	804	868	869	1223	1471	1487	1636	1638	2054	2269	2948	2950	2727	2978	3040	3565	3702	3728	3736	3865	3902	3918	3809	4584	4693
174	175	299	372	378
2331	2332
4778	4779	4788
1328	1329
2334	2335
4077	4078	4185	4382	4393
4783	4784	4922	5079
80	83	99	119	339	222	241	242	331	380	505	746	621	662	669	670	849	887	888	1012	1045	679	895	720	947	1085	1181	639	830	1023	1156	1200	1242	731	1183	1184	763	810	1102	1140	1305	1115	819	827	903	1011	1059	1146	1243	1309	1339	1413	1640	1385	1422	1472	1669	1515	1454	1527	1340	1344	1345	1346	1365	1371	1378	1387	1397	1401	1402	1416	1423	1445	1467	1525	1526	1532	1533	1534	1535	1563	1572	1574	1585	1602	1630	1639	1641	1652	1577	1580	1596	1666	1668	1651	1692	1702	1775	1785	1786	1869	1920	1930	1955	1973	1987	2016	2047	2123	2172	1766	1749	2046	1797	1823	1953	1870	1843	2018	1691	1706	1707	1718	1723	1742	1779	1780	1831	1834	1835	1839	1840	1866	1893	1904	1914	1923	1934	1936	1938	1941	1950	1956	1966	1971	1997	2021	2029	2051	2053	2081	2082	2088	2091	2094	2096	2097	2115	2131	2143	2149	2150	2174	2177	2179	2182	2208	2212	2213	2215	2219	2220	2224	2226	2228	1791	1898	2107	2159	1931	2011	2275	2298	2326	2235	2257	2301	2252	2291	2304	2329	2463	2600	2637	2669	2685	2604	2443	2465	2402	2485	2405	2378	2495	2496	2507	2535	2559	2651	2656	2671	2379	2380	2556	2633	2634	2678	2832	2867	2888	3039	3051	3054	2781	2782	3111	3127	3194	3229	3113	3145	3251	3330	3339	3429	3502	3412	3489	3516	3378	3567	3690	3701	3839	4037	3560	3585	3622	3635	3648	3655	3675	3676	3677	3724	3762	3788	3815	3819	3823	3931	3948	4005	4033	3773	3797	3818	3838	3903	3659	3947	3685	3682	3688	4023	3611	3760	4057	4141	4175	4238	4293	4316	4247	4314	4408	4241	4442	4590	4531	4606	4990	4809	4824	4851	4907	4919	4986	5011	5085	5143	5105	4977	5084	5186	5190	4849	5135	5177	5194
465	466	2205
4790	4791	5078	5244
58	59	98	170	171	325	338	185	186	253	272	356	360	445	458	552	454	455	467	468	482	487	488	497	510	512	516	524	525	526	533	534	535	555	560	566	574	586	593	953	824	811	812	832	837	976	1148	1153	954	1157	1356	1411	1386	1481	1393	1394	1455	1613	1655	1676	1412	1482	1502	1507	1551	1552	1561	1565	1623	1477	1478	1575	1587	1610	1670	1675	1858	1908	2166	2125	2175	1909	2160	2167	2067	2068	2267	2354	2589	2582	2407	2568	2456	2457	2566	2567	2670	2699	2709	2698	2959	2737	2853	2840	3013	2697	2746	2747	2870	2881	2886	2895	2910	2924	2927	2928	2929	2976	2786	2854	2911	2914	2915	3016	3041	3065	2726	2731	2735	2744	2748	2750	2763	2772	2773	2779	2817	2818	2819	2835	2836	2841	2843	2850	2851	2852	2856	2868	2882	2883	2887	2945	2955	2956	2958	2966	2968	2969	2970	2975	2984	2999	3006	3036	3042	3055	3056	3067	3301	3287	3158	3274	3151	3357	3426	3354	3508	3331	3450	3327	3328	3332	3335	3352	3441	3461	3522	3523	3382	3615	4019	3808	3904	3542	3614	3908	3547	3625	3628	3640	3669	3680	3793	3824	3906	3911	3944	3981	3550	3556	3559	3561	3725	3869	3873	3893	3868	3882	3938	3577	3645	3687	3766	3901	3616	3747	3791	4084	4249	4252	4289	4313	4331	4383	4390	4391	4392	4430	4152	4199	4115	4056	4064	4170	4210	4292	4296	4363	4362	4240	4262	4275	4304	4440	4556	4548	4587	4539	4555	4727	4776	5212	4947	5213	4819	4823	4865	4963	4777	4810	4811	5060	5222	5245
632	633	847	929	1166	1268	2401	2446	2461	2462	2529	2531	2561	2572	2615	2644	2661	2663	2665	3139	4664	4673	4959	4806	4949	4785	4786	5116	5214	5158
1714	1715	1922	1975	1996	2052	5159
2	3	17	34	4	5	31	32	39	221	291	307	260	414	415	436	531	532	635	658	695	806	831	885	891	937	952	957	985	986	1089	1108	1277	694	906	873	874	894	913	1008	1143	1172	1441	1569	1570	2012	1915	1731	1700	1932	2117	1778	1906	1821	1970	2055	2176	2372	2471	2498	2515	2544	2630	2638	2358	2359	2394	2416	2497	2554	2558	2585	2643	2666	3232	3288	3300	3132	3153	3170	3179	3182	3196	3202	3208	3230	3249	3254	3264	3276	3289	3291	3292	3593	3602	3712	3594	3595	3606	3623	3627	3708	3792	3837	3843	3900	3996	4008	3617	3650	3730	3800	3836	3794	3910	3832	3833	4025	4043	4110	4154	4356	4071	4540	4536	4570	4571	4726	4817	4934	4818
47	48	146
4134	4135
3544	3545	3546
4830	4831	4937	5180
51	52	62	63	73	75	76	85	87	88	92	96	97	115	123	133	143	144	150	153	290	161	245	296	316	319	361	304	364	406	1186	926	1426	1505	1617	1644	1656	1439	1440	1488	1559	1566	1667	2336	2342	2500	2414	2360	2396	2450	2547	2586	2632	2660	2479	2995	2799	3117	3679	3566	3768	3709	3889	3988	4192	4365	4348	4542	5013	5151
4165	4166
3551	3552	3665	3790	3554	3555	3612	3613	3694	3711	3714	3806	3827	3856	3945	3972	3984	4007	4772	4773	4774	4961	5093
1381	1382	1560
2417	2418	2517	2518	2694
49	50	100	101	295	410	459	471	515	562	638	778	1239	783	1003	1028	755	803	884	910	955	1014	1076	1100	1133	1142	1198	1216	1228	1258	1324	1325	1326	1327	1332	1334	1459	1501	1969	2128	2024	1933	1967	3031	3268	3181	3176	3401	3448	3481	3539	3494	3431	3534	4290	4291	4079	4202	4541	4720	4455	4503	4676	4707
2427	2428	2530	3705	4068	4069	4086	4143	4155	4156	4318
4223	4224	4435
4895	4896	4978	5058	5249
201	202
556	557	561	564	575	663	636	1270	1271	1354	1366	1337	1335	1355	1364	1377	1388	1418	1421	1443	1457	1464	1465	1489	1490	1496	1504	1514	1539	1540	1600	1601	1619	1662	1665	1468	1480	1625	1367	1453	1519	1550	1607	1687	1825	1918	2035	2065	2173	1741	1972	1738	1767	1876	1688	1799	1833	2023	2165	2136	1826	1900	2100	2238	2246	2256	2263	2287	2288	2307	2316	2333	2350	2954	3242	3243	3557	3731	3992	4010	4044	4161	4151	4176	4193	4279	4332	4065	4066	4229	4360	4695	5083	5122
8	9	33	40	1407	1447
4349	4350
206	207	284	340
1744	1745
4375	4376
4519	4520	4610
4424	4425
4522	4523	4617
4923	4924	5174
53	54	55	56	66	67	74	78	82	84	86	89	109	124	126	127	128	142	155	472	610	611	678	1145	735	774	920	958	968	1004	1058	1164	1182	1190	942	716	1321	1435	1358	1359	1499	1809	1961	1819	1846	1921	2204	2141	2056	1962	2084	2430	2455	2577	2682	2681	2579	2505	2504	2601	2602	2719	2758	2806	2869	2964	2987	2997	3035	3100	3143	3152	3205	3257	3258	3390	3506	3367	3587	3588	3890
357	302	160	397	255	256	321	400	403	404	553	605	606	617	641	1250	836	1103	682	950	1168	1254	640	744	769	835	892	1002	1086	1128	1137	1165	1170	1188	1189	1238	1274	1276	715	743	975	978	1111	1187	1233	659	660	981	1136	1193	707	708	1077	1139	1586	1516	1590	1584	1634	1374	1403	1417	1419	1424	1425	1430	1436	1437	1466	1483	1508	1518	1524	1541	1542	1558	1583	1605	1612	1616	1629	1642	1650	1653	1659	1661	1663	1671	1677	1390	1460	1549	1758	1686	1760	1752	1732	1697	1710	1856	1859	1810	1829	1983	2086	2185	2186	1875	2111	2162	1751	1774	1789	1888	1935	1992	1994	2008	2028	2089	2103	2154	2157	2171	2180	1694	1929	1957	2036	2142	2216	1801	2196	1759	1838	1861	1713	1813	2222	2146	2197	1711	1740	1773	1862	1889	1896	1928	1942	2057	2118	2120	2122	2130	2139	2147	2148	1753	1812	1830	2041	2050	2101	2271	2312	2357	2270	2286	2320	2253	2258	2325	2346	2377	2435	2466	2527	2560	2606	2613	2373	2393	2400	2429	2467	2468	2472	2487	2488	2502	2510	2521	2526	2533	2549	2555	2591	2593	2595	2612	2646	2689	2583	2659	2565	2675	2478	2564	2397	2571	2575	2584	2590	2408	2627	2631	2662	2385	2423	2442	2444	2445	2482	2509	2514	2520	2557	2587	2597	2608	2623	2628	2639	2676	2680	2764	2739	2961	2724	2907	2714	2783	2905	3029	2736	2855	2759	2760	2775	2777	2926	2947	2983	3044	2720	2774	2805	2814	2884	2943	2960	2998	3045	3052	3053	2917	2756	2800	3026	3032	2705	3015	3114	3082	3164	3267	3250	3087	3161	3207	3236	3104	3187	3115	3503	3458	3359	3407	3453	3569	3686	3891	3927	3681	3913	4004	4046	4048	4052	4053	4054	4093	4096	4099	4102	4103	4108	4109	4111	4112	4116	4117	4119	4121	4122	4124	4125	4127	4128	4129	4131	4133	4136	4149	4150	4163	4181	4191	4195	4196	4197	4206	4213	4214	4217	4227	4228	4230	4231	4233	4234	4236	4257	4270	4274	4283	4288	4306	4309	4322	4323	4324	4325	4326	4333	4334	4338	4340	4377	4378	4381	4385	4396	4400	4409	4410	4413	4414	4422	4423	4426	4427	4428	4429	4433	4434	4345	4404	4462	4499	4502	4521	4563	4626	4649	4488	4543	4552	4734	4463	4486	4497	4510	4517	4572	4594	4595	4716	4980	4765	4970	4741	4794	4808	4876	4882	4929	5008	5047	5102	5192	5247	4875	5092	4761	4782	4853	4855	4857	4877	4878	4880	4892	4893	4903	4905	4938	4939	4940	4944	4948	4950	4951	4952	4955	4956	4957	4960	4967	4983	4997	4998	5003	5005	5018	5023	5068	5072	5073	5080	5091	5123	5134	5141	5145	5149	5187	5195	5196	5197	5198	5204	5205	5207	5208	5209	5210	5215	5217	5221	5248	5250	5009	4798	4864	4894	4994	4996	5002	5014	5028	5050	5055	5090	5147	5161	4768	4945	4989	4766	4826	4836	5052	5086	5101	5227
608	609	612	616
4935	4936	4991	5026	5088	5137
603	604	607	2433	2434	4049	4082	4341	4532	4568	4578	4580	4588	4601	4607	4700	4913	4914	4915	5024	5200	5218
387	210	211	234	266	602	613	614	615	1124	1622	2145	2365	2384	2395	2398	2415	2506	2573	2635	2657	2658	2399	2422	2528	3221	3318	3369	4624	4659	4680	4697	4701
4544	4545	4553	4560	5025	5118
5036	5037	5042	5044	5185
2511	2512
4646	4647
1771	1772	2059	4763	4764	5126
4661	4662
5053	5054	5106
4698	4699
4709	4710
5069	5070
4718	4719
5129	5130
64	65	131	132	134	136	137	141	145	1595	1429	1897	1762	1763	2144	2652	2653	2700	2952	2701	2745	2839	2925	2977	2990	2996	3024	3600	3638	3601	3729	3770	3804	3805	3884	3752	4070	4085	4159	4261	4263	4264	4281	4370	4379	4321	4406	4419	4459	4496	4658	4469	4478	4498	4591	4641	4665	4704	4917	5099	5165	4845	5120
984	781	1123	1266	1306	1446	1611	2113	3124	3191	3586	4091	4352	4144	4172	4467	4452	4453	4481	4514	4566	4666	4714	4660	4679	4574	4468	4479	4482	4491	4500	4504	4511	4518	4535	4551	4583	4585	4596	4597	4602	4608	4615	4616	4623	4634	4638	4642	4645	4648	4667	4674	4689	4711	4715	4844	4862	4868	4873	4926	4988	4993	4999	5001	5004	5006	5007	5029	5039	5089	5111	5112	5125	5127	5128	5191	5219	5235	5240	5243	4968	5022	4816	4899	4930	5032	5066	5094	5096	5182	5188	4916	4931	5178	4842	5067	4843
5201	5202
5241	5242
2641	2642
1853	1854
521	522	599	1512	1544	1545	3801	4675	4677	4678
1883	1884
231	232
1885	1886	2193	2227
1901	1902
12	13	44	93	94	147	305	353	425	426	165	163	166	195	204	235	240	243	244	262	263	273	274	292	311	312	326	337	375	429	293	391	444	446	474	489	495	500	503	504	509	545	546	547	548	570	595	703	751	916	1155	1262	1342	1372	1391	1432	1578	1593	1827	2201	2310	2313	2419	2476	2614	2490	3084	3085	3144	3155	3133	3134	3183	3212	3235	3298	3307	3154	3479	3319	3320	3443	3466	3471	3467	3581	3630	3598	3631	4603	4604	4805
1910	1911	2090
264	182	183	248	289	393	405	413	189	190	401	384	385	930	1055	1224	1056	1062	1196	1088	1405	1608	1695	1995	1703	1927	1944	1754	1954	2114	1696	1768	1769	1784	1802	1808	1850	1980	2032	2039	2040	2093	2116	2135	2194	2210	2211	2187	2188	2189	2236	2266	2232	2233	2240	2245	2259	2278	2285	2290	2311	2314	2323	2340	2344	2322	2548	2563	2636	2605	2723	2962	2963	3001	3103	3173	3135	3234	3109	3172	3233	3293	3209	3121	3225	3120	3302	3468	3376	3462	3841	3610	3678	3851	3660	3743	3784	3854	3958	3928	4147	4061	4160	4060	4062	4101	4106	4145	4162	4167	4183	4186	4219	4237	4239	4245	4254	4255	4310	4328	4330	4355	4416	4432	4441	4173	4107	4171	4184	4100	4451	4526	4605	4620	4687	4490	4509	4485	4586	4684	4690	4759	4736	5031	4874	5173	4854	5019	5124	4825	4904	5057	5153	5216	4737	4760	4767	4852	4966	5043	5077	5108	4860	5016	5225	5230	5236
257	258	1609
226	227	287	456	511	1369	1594	1660	1370	1442	1485	1503	1543	1548	1643	1645	1678	1722	1790	2066	2072	1989	2105	2064	2540	2541	2542	2909	3147	3364	3365	3473	4204	4205	4299	4412	4872	4850	4861	5087
1946	1947
168	355	1348	1433	1434	1626	1958	2044	1959	1990	2007	2132	2133	2048	2184	2283	2437	2452	2453	2460	2552	2553	2574	2609	2833	2989	4067	4253	4285
381	382	591	441	538	759	654	842	861	866	1025	1096	1169	1180	1194	1197	1207	1212	1232	1251	1289	1310	1311	1314	692	693	752	845	996	1215	1461	1683	1943	1877	1981	1693	1709	1717	1719	1720	1725	1730	1755	1776	1814	1818	1841	1848	1863	1864	1865	1895	1937	1939	1940	1960	1974	2000	2033	2071	2076	2112	2119	2134	2200	2206	2207	2092	2391	2645	2371	2387	2426	2451	2486	2576	2603	2619	2392	2406	2667	2687	2913	2710	3080	3083	3122	3180	3226	3237	3279	3081	3106	3131	3146	3167	3220	3223	3306	3428	3323	3487	3668	4014	4047	4123	4137	4246	4251	4380	4415	4436	4437	4177	4178	4460	4683	4489	4505	4670	4713	4729	4546	4559	4600	4618	4663	4669	4725	4807	4900	5071	4827	4841	4898	4920	5211	5098
120	121
3671	3672
129	130
333	334
6	7	25	35	297	187	193	443	702	1007	1035	1214	1684	1685	1743	1842	1845	1847	1873	1874	2006	2098	2151	2155	2163	2181	2469	2470	2493	2499	2503	2648	2674	3076	3077	3184	3528	3849	3549	3845	3846	3929	3850	4567	4833	4837	4748	4751	4775	5000	5046	5082	5155	5189	4943	5115	5136	5206	5223	4838	4972	5020	5075	5164
224	225	1907	1764	1765	1787	2073	1963	1964	2074	4863
3692	3693	3888
1978	1979
3695	3696	5144
345	346	407
1985	1986
3706	3707	3829
2013	2014
3342	3343	3469	3496
103	104	114	154	157	348	196	271	390	197	215	280	282	300	330	336	352	399	424	388	492	457	565	600	479	480	485	589	619	628	634	661	739	801	807	846	858	876	877	878	886	893	898	899	900	902	914	918	931	933	934	1009	1020	1044	1048	1049	1068	1073	1092	1132	1175	1177	1199	1213	1217	1257	1278	1302	956	765	871	880	1001	1029	1122	1161	1576	1538	1674	1567	1698	1816	1849	1871	1948	2152	2030	1783	1699	1872	1820	2230	2686	2679	2368	2390	2525	2610	2616	2673	2539	2776	2703	2704	2712	2722	2728	2796	2807	2810	2812	2813	2816	2827	2879	2880	2908	2944	2946	2974	3011	3025	3061	3064	3068	3069	2936	2930	2741	2771	2875	2940	2941	2957	3059	2828	2829	2900	2901	3048	3140	3210	3260	3261	3519	3497	3860	3599	3634	3720	3703	3704	3877	4138	4354	4386	4401	4097	4346	4268	4139	4465	4471	4477	4529	4592	4598	4612	4613	4627	4629	4650	4651	4652	4656	4708	4475	4476	4492	4814	4846	5100	4859	4958	5162	5226	4891	4739	4792	4812	4866	4942	4946	4995	5040	5063	4888	5228	4744	4889	4975	4815	4847	5140
2019	2020	2381
1777	1704	1705	3028	2933	3218	3277	3116	3189	3192	3195	3197	3219	3240	3241	3271	3290	3294	3296	3297	3303	3455	3329	3415	3446	3532	3533	3356	3495	3591	3656	3775	3879	3723	3618	3619	3624	4295	4312	4344	4524	4525	4593
3572	3573	3740	3741
2077	2078
3748	3749
2598	2599	3758	3759	3835
416	417	696	697	787	1125	1159	1245	1246	1473	1474	1546	1614	2247	2302	2352	2254	2284	2318	2343	2891	2740	2826	3169	3175	3204	3246	3558	3871	4770	4799
418	419
3370	3371	3433	3475	3504	3510	3517
431	432
3763	3764	3930
1221	1222	1265	3102	3976	3993
3074	3075	3079	3255
3779	3780	4080	4081	4226	4269	5237	5238
324	191	192	199	252	286	433	208	209	251	259	309	323	402	430	437	527	528	550	1341	1427	1491	1462	1517	1529	1573	1428	1521	1562	1582	1657	1530	1836	1837	1894	2031	2295	2303	2306	2409	2410	2546	2672	2677	3333	3334	3366	3427	3472	3392	3421	3451	3459	3460	3476	3530	3543	3589	3637	3965	3590	4020	4194	4055	4076	4220	4222	4225	4256	4273	4298	4305	4374
704	705	723	756	760	799	800	825	826	848	896	959	1080	1082	1093	1114	1151	1173	1298	1800	2070	1917	2282	2353	2873
3374	3375	3411	3424	3435	3531
1449	1450	1476	1568	1750	2178	2413	2363	2364	2449	2480	2481	2483	2494	2501	2536	2562	2649	2650	2513	2581	2626	2640	2770	2825	4470	4671
3954	3955	3956
3436	3437
2715	2716	2788	3761
3994	3995
4034	4035
3094	3095
2751	2752	3072
60	61	108	167	184	275	332	350	427	349	423	726	674	675	897	912	919	1019	1065	1090	1117	1296	727	1506	1522	1632	1633	1815	1724	1999	2170	4286	4050	4051	4088	4445	4856	4747	4953	4984	4985	5041	5059	5064
3525	3526
112	310	990	993	1308	1353	1581	1336	2079	2191	1795	2218	1788	2017	2022	2169	2087	2140	1716	1879	1899	2043	2102	2138	1811	2104	2009	2010	2262	2420	2594	2654	2688	2596	2607	2431	2824	2979	3023	2860	3009	2823	3070	2953	3227	3166	3211	3400	3484	3540	3782	3895	3933	3898	3939	3652	3662	3664	3541	3576	3582	3603	3604	3609	3644	3661	3663	3673	3689	3697	3698	3699	3700	3715	3717	3721	3722	3732	3733	3735	3738	3739	3744	3745	3746	3750	3751	3754	3755	3756	3757	3776	3781	3795	3802	3803	3807	3810	3811	3812	3821	3822	3840	3842	3852	3853	3857	3858	3859	3862	3863	3874	3875	3876	3878	3885	3886	3887	3912	3915	3920	3924	3925	3934	3951	3953	3959	3960	3961	3962	3966	3967	3968	3969	3970	3973	3974	3975	3977	3978	3979	3982	3983	3985	3986	3987	3997	3998	3999	4001	4002	4003	4013	4015	4022	4024	4026	4027	4028	4030	4032	4036	4040	4041	3946	3880	3881	3950	3952	3971	3964	4243	4276	4339	4074	4075	4157	4158	4164	4174	4180	4208	4209	4244	4259	4260	4265	4266	4267	4271	4272	4277	4278	4287	4297	4300	4307	4315	4329	4347	4351	4371	4397	4402	4418	4104	4284	4368	4369	4387	4398	4403	4405	4407	4417	4444	4446	4105	4280	4443	4472	4554	4579	4644	4721	4473	4573	4921	4756	4743	4909	4962	5081	4793	4848	4884	5065	5117	5167	5168	4749	4796	5251	4752	4750	4886	4928	5012	5027	5119	5154	5166	5171	5179	5183	5234	4757	5193
728	729	750	770	805	820	941	962	965	1081	1091	1185	1240	1264	1307	2265	3653	3633	4039	3654	3777	3872	5131
156	173	200	205	367	370	172	194	306	327	328	363	412	491	653	1105	1210	1144	822	864	963	1015	1109	1116	1231	872	631	719	980	961	1101	1241	907	1079	1218	1263	1624	1648	1728	2063	1721	1729	1748	1822	1844	2015	2217	1747	2062	2261	2375	2374	2411	2412	2432	2474	2484	2519	2376	2386	2477	3007	4095	4126	4148	4207	4343
151	116	250	420	254	438	506	439	440	442	447	448	451	462	469	470	476	501	507	517	518	519	523	539	540	541	543	544	549	559	568	569	571	572	573	577	578	580	581	584	585	587	590	597	598	828	757	1000	793	1204	1225	999	1448	1463	1536	1547	1556	1557	1615	2234	2292	2349	2508	2730	2732	2790	2791	2792	2797	2866	2906	2949	2993	3000	3050	2757	2802	2803	2804	2821	2865	2988	2991	3012	3058	2904	3419	3425	4038	3570	3626	3641	3642	3643	3646	3647	3649	3727	3772	3796	3820	3831	3867	3894	3916	3917	3919	3926	3957	3963	4006	3562	3899	3932	3907	3737	4738	4973	5074	5170	4821	4965	5146	4753	4834	4867	4987	5239	5095
159	169	179	223	229	238	249	301	317	318	320	322	379	394	396	398	411	219	220	228	239	369	371	421	463	529	563	464	514	449	450	473	551	601	483	484	486	502	513	536	626	1021	1061	1255	650	1284	676	753	794	754	625	677	808	843	851	795	964	972	973	1107	1456	1451	1564	1649	1452	1733	1867	1734	1951	2025	2106	2110	2225	2248	2276	2277	2279	2280	2281	2297	2299	2338	2339	2341	2347	2348	2578	2440	2441	2523	2537	2538	2668	2767	2862	3073	2769	2842	3216	3141	3190	3564	4609	4464	4637	4706	4735	5033	4820	5030	5107	5220	5034	5049
2830	2831	3020	3030
748	749	908	1050	2475	2629
2844	2845
2382	2383	2695	2625	2647	2684	2780	3244	3245
36	70	71	110	135	148	152	368	623	624	857	1287	1494	1882	1832	2473	3004	3193	3309	3314	3315	3345	3350	3353	3355	3358	3360	3363	3368	3387	3391	3394	3409	3422	3444	3445	3456	3457	3490	3493	3438	3347	3351	3465	3477	3480	3537	4113	4114	4190	4168	4182	4311	4431	4449	4507	4974	5104	5176
37	111	314	217	218	285	294	373	374	265	313	315	342	343	594	475	481	496	592	809	700	647	1150	911	1176	620	622	699	802	838	859	1022	1064	1083	701	730	737	772	844	865	1027	1098	1106	1226	671	672	714	818	680	681	691	790	833	862	932	764	948	829	789	850	852	923	1039	1043	1067	1097	1129	1131	1154	1282	1275	1227	1330	1331	1553	1349	1379	1396	1479	1500	1579	1357	1338	1351	1352	1360	1380	1404	1409	1410	1438	1486	1493	1509	1510	1511	1523	1528	1537	1555	1571	1598	1599	1606	1637	1647	1680	1400	1406	1408	1414	1415	1420	1444	1497	1513	1520	1589	1591	1592	1604	1631	1672	1673	1682	1664	1618	1554	1679	1855	1701	1726	1735	1804	1852	1868	1890	1913	1968	1984	1991	1993	2027	2049	2108	2161	2214	2221	1708	1712	1739	1757	1761	1782	1792	1817	1851	1857	1881	1945	1949	1952	1982	2003	2004	2037	2045	2058	2080	2083	2095	2099	2137	2183	2202	2209	1736	2005	2026	1912	2075	1727	1891	1919	1988	1998	2002	2034	2038	2085	2168	2192	2229	1916	1737	1770	1781	1805	1977	2109	2124	2153	2203	1878	2195	2237	2268	2294	2351	2264	2296	2324	2231	2239	2243	2244	2250	2260	2272	2289	2293	2300	2308	2317	2319	2321	2327	2328	2337	2345	2355	2356	2255	2249	2251	2330	2273	2274	2305	2315	2516	2545	2438	2489	2421	2447	2532	2570	2588	2592	2439	2690	2664	2622	2464	2580	2621	2491	2492	2620	2706	2708	2768	2789	2992	2857	2696	2787	2935	2919	2918	3047	2738	2834	2980	2713	2733	2808	2809	2811	2916	2937	3071	2753	2755	2822	2885	2892	2939	3005	3018	3037	3060	2721	2742	2749	2794	2795	2798	2846	2951	2985	3017	3019	3034	3043	2820	2765	2725	2707	2861	3014	2761	2762	2982	3010	2766	2801	2938	2973	3027	3168	3305	3231	3088	3163	3177	3338	3377	3379	3380	3386	3398	3434	3440	3515	3361	3499	3337	3513	3396	3507	3312	3341	3381	3383	3395	3397	3413	3416	3417	3418	3474	3509	3512	3538	3432	3482	3478	3389	3362	3500	3535	3864	3726	3937	3608	3683	3713	3989	3716	3666	3719	3767	4016	4017	4031	3949	3578	3670	3771	3830	4009	3596	3658	3753	3785	3786	4000	4029	3844	3935	3787	3861	3909	3914	4012	4021	3605	3892	3991	4242	4098	4118	4120	4140	4198	4201	4282	4388	4448	4420	4169	4200	4058	4094	4221	4258	4248	4302	4342	4537	4577	4614	4630	4636	4722	4487	4495	4547	4565	4625	4712	4466	4501	4527	4672	4724	4528	4639	4691	4703	4705	4549	4932	4769	4795	4897	4927	4982	4971	4869	4976	4981	4992	5231	4887	4901
997	998	1333	1389
2871	2872	2874	2965
2876	2877
2902	2903
10	11	23	24	68	212	213	261	279	283	428	579	627	1075	684	706	709	784	786	788	791	946	949	951	982	983	987	988	1018	1047	1084	1095	1104	1160	1174	665	685	688	713	771	773	776	863	979	1013	1037	1046	1060	1074	1094	1112	1167	1179	1202	1205	1209	1211	1229	1249	1300	1317	1319	1118	683	841	1087	1110	1130	1256	1267	1269	1297	1323	1032	1033	1141	1350	1475	1492	1495	1603	1635	1654	1860	2164	1880	1756	2061	2126	2127	2309	2369	2655	2522	2370	2448	2524	2611	2617	2967	2986	2743	3057	2702	3022	2711	2793	2859	2897	2898	2912	2920	2931	2932	2934	2971	3008	2893	2858	3119	3078	3089	3090	3093	3099	3123	3125	3126	3148	3149	3150	3160	3165	3174	3185	3186	3200	3213	3214	3215	3239	3247	3259	3273	3275	3281	3284	3286	3105	3107	3178	3188	3203	3206	3253	3096	3097	3112	3118	3128	3129	3248	3266	3130	3086	3098	3101	3108	3137	3138	3198	3201	3222	3228	3262	3304	3217	3091	3092	3136	3162	3171	3283	3285	3308	3110	3142	3156	3159	3199	3256	3263	3265	3269	3280	3282	3299	3316	3393	3336	3313	3399	3454	3470	3488	3322	3346	3404	3408	3420	3423	3442	3464	3321	3324	3325	3402	3403	3406	3410	3414	3384	3385	3463	3483	3486	3491	3498	3514	3521	3527	3317	3340	3553	3684	3783	3923	3651	3575	3629	3825	3870	3940	3579	3620	3568	3580	3583	3621	3636	3657	3691	3710	3742	3798	4018	3592	3584	3765	3548	3563	3571	3574	3718	3769	3813	3816	3817	3826	3828	3834	3847	3848	3941	3990	4042	4045	3632	3639	3734	3883	3896	3897	3921	4011	3778	3789	3814	3774	4063	4072	4083	4089	4090	4130	4146	4153	4179	4188	4215	4216	4218	4235	4294	4303	4308	4317	4319	4320	4335	4337	4357	4361	4364	4366	4367	4372	4373	4384	4389	4394	4395	4399	4411	4438	4439	4447	4450	4301	4456	4530	4508	4533	4534	4474	4558	4631	4668	4717	4611	4457	4516	4622	4628	4653	4657	4685	4686	4702	4732	4733	4840	4754	5138	4742	4758	4881	5015	5056	4781	4797	4800	4803	4885	4918	4954	5021	5062	5097	5114	5132	5133	5139	5148	5152	5157	5175	5246	4969	5156	4771	4787	4879	4883	4964	5017	5048	5076	4804	4828	4829	4835	4902	4908	4912	5045	5103	5109	5110	5150	5160	5163	5169	5224	5229	4755
2922	2923	3066
162	176	177	178	198	216	233	298	344	354	383	392	452	494	499	453	460	461	508	520	530	537	542	554	567	576	582	583	588	596	618	775	915	1006	1149	1285	1621	1347	1392	1498	1965	1828	1905	2425	2436	2454	2458	2543	2550	2551	2624	2778	2889	3046	2729	3485	3511	3674	3799	3922	3943	4515	4538	5233
