0	1
3002	3003
5	14	15	16	20	21	22	26	27	28	29	30	38	41	42	43	114	158	164	203	214	230	236	237	246	247	269	270	276	277	278	281	288	303	308	335	341	347	351	362	365	366	376	386	389	395	408	409	422	434	435	267	268	477	478	490	498	558	1152	826	1151	1313	1383	1431	1531	1588	1469	1470	1398	1399	2241	2242	2422	2403	2404	2534	2683	2692	2693	2734	2838	2849	2896	2717	2718	2815	2894	2847	2848	2878	2899	2994	3033	3049	3238	3272	3295	3439	3348	3310	3326	3344	3349	3447	3492	3518	3524	3441	3311	3388	3452	3501	3505	3520	3597	3905	4097	4059	4073	4092	4187	4189	4203	4211	4250	4353	4132	4142	4461	4493	4696	4723	4730	4813	4746	5104	5010	5038	4801	5172	5232	4802	4757	4822	5051	4838	5351	5348	5525	6049	6191	5906	5491	5677	5687	5690	5970	6427	5847	5610	6483	6336	6244	5524	5513	5514	5350	5548	5448	5444	5608	5318	5607	5759	6272	6349	6457	6129	5352	6152	6297	6358	6520	6537	6015	6447	6731	6663	6626	6796	6751	6713	7014
1771	1772	2059	4763	4764	5699	6258	5577	5578	6104	5879	5880	5700	6620	6621
6610	6611	6852	6902
2361	2362
1689	1690	1798	2156
5720	5721
6613	6614	6747	6884	6981
5726	5727	5960	6235	6236
839	840
853	854	1368	2569
6617	6618	6689
2366	2367
18	19	493	1016	1017
6638	6639	6873
5749	5750
6643	6644
1052	1053	2382	2383	2695	2625	2647	2684	2780	3244	3245	5927	6600	6676
1126	1127	1158
5762	5763
72	180	181	188	329	333	334	629	648	798	879	725	630	643	644	645	649	655	656	657	664	666	667	668	673	686	687	689	690	698	710	711	717	718	721	722	724	732	733	734	736	738	740	741	742	745	747	758	761	762	765	768	777	779	782	785	792	796	797	813	814	815	816	817	821	823	855	860	863	867	881	882	883	889	890	904	905	917	921	922	924	925	927	928	936	938	939	940	943	944	945	958	960	967	969	970	971	974	989	991	992	994	995	1001	1005	1024	1025	1030	1031	1036	1037	1038	1040	1041	1042	1051	1054	1056	1063	1066	1069	1070	1072	1078	1113	1119	1120	1121	1134	1138	1147	1162	1163	1171	1178	1189	1191	1192	1194	1195	1197	1201	1203	1206	1207	1208	1211	1212	1234	1235	1236	1237	1244	1247	1248	1259	1260	1261	1273	1279	1280	1281	1283	1286	1288	1290	1291	1293	1294	1295	1299	1301	1303	1304	1308	1312	1315	1316	1318	1320	1322	642	909	1187	1252	977	845	1196	1361	1343	1363	1376	1484	1597	1620	1658	1446	1362	1395	1458	1627	1628	1681	1507	1746	1793	1794	1806	1824	1892	1926	1976	2001	2042	2069	2121	2158	2190	2198	2199	1903	1709	1719	1803	1864	2187	2253	2258	2459	2424	2389	2689	2691	2618	2787	2784	2785	2890	2921	2942	2981	3038	3062	2754	2837	2864	3224	3252	3078	3099	3100	3124	3126	3259	3284	3278	3297	3372	3369	3373	3405	3430	3529	3536	3436	3437	3667	3855	3866	3980	3586	3936	3942	3607	4093	4109	4083	4160	4218	4235	4327	4335	4336	4352	4358	4359	4361	4372	4389	4394	4421	4438	4343	4441	4137	4246	4480	4575	4589	4454	4458	4484	4494	4506	4512	4513	4550	4564	4566	4569	4576	4581	4582	4621	4633	4635	4640	4643	4654	4681	4682	4688	4692	4694	4728	4599	4625	4632	4676	4628	4732	4663	4479	4482	4518	4597	4602	4642	4740	4745	4858	4910	4941	4979	5061	5121	5184	5203	5181	4859	4925	4911	5233	4762	4832	4933	5199	4873	4926	5235	4780	4789	4803	4839	4870	4871	4885	4890	4906	4918	4954	5035	5113	5114	5148	5188	4828	5110	5098	5142	5312	5379	5380	5398	5454	6233	5838	5256	5673	5429	5349	5332	5496	5563	5598	5286	5296	5327	5389	5391	5404	5457	5482	5554	5702	5708	5733	5738	5767	5818	5844	5864	5973	6044	5346	6097	5308	5523	5604	5624	5771	5584	5711	6306	5712	5772	5262	5972	6137	5531	5930	5942	6079	5940	6083	5257	5755	6005	5280	5552	5557	5567	6379	5881	5571	5487	5665	6248	6303	5260	5490	5526	5254	5341	5466	5569	5572	5574	5996	6364	6386	6098	5987	6014	5696	5381	5347	5497	5974	6182	6428	5882	5941	6063	6543	6263	6759	6712	6657	6880	6881	6625	6741	6706	6654	6976	6598	6851	6628	6997
5787	5788
6665	6666
6669	6670
45	46	57	69	77	79	90	91	95	102	105	106	107	113	117	118	122	125	139	140	149	651	780	1272	652	804	868	869	1223	1636	1638	1654	1741	2054	2269	2948	2950	2727	2978	3040	3702	3865	3809	4693	6467
6700	6701
6702	6703
2331	2332
1328	1329
2334	2335
80	83	99	119	339	222	241	242	249	301	331	398	174	175	299	372	378	403	505	552	746	621	662	669	670	846	849	876	887	888	898	1009	1012	1044	1045	1055	1073	1175	1257	679	895	951	1018	1104	720	766	767	774	947	966	1085	1181	873	639	830	910	1023	1100	1156	1200	1242	1258	731	1183	1184	763	810	1102	1140	1305	1256	819	827	850	903	1011	1043	1059	1067	1097	1131	1146	1218	1243	1309	1339	1413	1640	1385	1672	1422	1472	1669	1515	1454	1527	1340	1344	1345	1346	1365	1371	1387	1397	1401	1402	1416	1423	1445	1467	1525	1526	1532	1533	1534	1535	1563	1572	1585	1602	1630	1639	1641	1652	1577	1580	1596	1666	1651	1692	1702	1775	1785	1786	1858	1869	1920	1930	1955	1987	2047	2123	2172	1807	2129	1822	1868	1749	2046	2056	1797	1823	1953	1870	2035	1843	2018	1691	1718	1723	1742	1779	1780	1831	1834	1835	1839	1840	1866	1904	1914	1923	1934	1936	1938	1941	1950	1956	1966	1971	1997	2021	2029	2051	2082	2088	2091	2094	2097	2115	2131	2143	2149	2150	2174	2177	2179	2182	2212	2213	2219	2220	2224	2226	2228	1791	2093	1898	2107	2159	1931	2092	2011	2275	2298	2326	2235	2257	2301	2239	2252	2291	2304	2323	2329	2589	2463	2600	2637	2669	2685	2604	2474	2519	2443	2465	2402	2485	2502	2405	2378	2495	2496	2507	2535	2559	2651	2656	2671	2580	2379	2380	2556	2633	2634	2678	2832	2808	2867	2888	2755	2893	3018	3037	3039	3051	3054	2781	2782	3111	3127	3194	3229	3113	3145	3234	3251	3122	3116	3330	3339	3429	3519	3412	3516	3378	3567	3690	3701	3839	4037	3560	3585	3622	3635	3655	3675	3676	3677	3762	3788	3819	3823	3931	3948	4005	4033	3773	3797	3818	3838	3903	3659	3947	3685	3688	4023	4140	4141	4175	4238	4293	4247	4314	4408	4241	4442	4687	4531	4533	4631	4606	4509	4485	4455	4702	4809	4824	4851	4907	4919	4986	5011	5085	5143	5105	4977	5084	5186	5190	4849	5135	5194	5231	5214	5255	5383	5715	5925	5964	6181	6378	6526	6542	5547	6334	6363	5273	5326	5768	6226	5854	5335	5268	5953	6086	5447	6006	5811	5288	5355	5823	5830	5311	5387	5441	5865	5951	6090	6130	6253	6283	6299	5595	6357	5653	5877	6199	5625	5907	5962	6100	6133	6153	6227	6241	6432	6552	5989	6162	5516	5527	5735	5934	5984	6211	6275	6366	6377	6417	6464	6559	5409	5410	6415	6194	5878	6295	6308	6562	6124	6509	6616	6816	6995	7008	6767	6913	6838	6593	6740	6785	6742	6848	6870
5890	5891	6381
6718	6719
5892	5893
6726	6727
465	466	2205
5915	5916	5939	5943
58	59	98	166	170	325	338	185	186	253	272	356	360	213	445	458	454	455	467	468	482	487	488	497	510	512	516	524	525	526	533	534	535	555	560	566	574	586	593	608	609	612	616	824	811	812	832	837	976	1148	1153	954	1219	1220	1356	1411	1386	1481	1393	1394	1613	1676	1668	1412	1482	1502	1551	1552	1561	1565	1623	1477	1478	1575	1587	1670	1675	2060	1908	2175	2153	1909	2160	2167	2084	2067	2068	2267	2354	2271	2414	2582	2369	2610	2407	2473	2568	2370	2448	2524	2611	2617	2456	2457	2566	2567	2670	2699	2709	2698	2959	2719	2737	2840	3013	2825	2697	2746	2747	2870	2881	2886	2895	2910	2924	2927	2928	2929	2976	2786	2854	2911	2914	2915	3016	3041	3065	2726	2731	2735	2744	2748	2750	2763	2772	2773	2779	2817	2818	2819	2835	2836	2841	2843	2850	2851	2852	2856	2868	2882	2883	2887	2945	2955	2956	2958	2966	2968	2969	2970	2975	2984	3006	3036	3042	3055	3056	3067	2830	2831	3020	3030	3301	3178	3231	3158	3274	3367	3357	3426	3354	3438	3508	3450	3327	3328	3332	3335	3352	3461	3522	3523	3382	3615	4019	3808	3904	3542	3614	3908	4016	3547	3625	3628	3669	3680	3793	3824	3911	3944	3550	3556	3559	3561	3725	3869	3873	3893	3868	3882	3768	3834	3901	3972	3616	3747	3791	4084	4249	4252	4289	4313	4331	4383	4390	4391	4430	4152	4199	4130	4188	4303	4115	4328	4056	4170	4210	4292	4296	4363	4251	4362	4240	4262	4275	4304	4440	4619	4556	4548	4587	4539	4555	4727	4684	5074	4776	5212	4947	4968	4819	4823	4865	4963	4777	4810	4811	5060	5222	5245	4790	4791	5078	5244	5575	5511	5331	6035	6047	6095	5648	5269	6351	5437	6536	5990	6327	5521	6177	6277	6398	6425	5986	6034	5542	5468	6150	5403	5473	5564	5582	5585	5912	5954	5956	6010	6322	6149	5826	5510	5754	5745	6469	5819	6050	5298	6166	6118	5558	5576	5621	5695	5924	6073	6081	6116	6234	6268	6269	6391	6392	6510	5583	5593	5822	5853	5957	5966	5998	6026	6265	6324	6514	5512	5887	5905	6121	6490	5522	6225	6333	6218	6219	6429	7013	6606	6762	6892	6711	6721	6630	6768	7007	6714	6916	6962	6963	7011	6983	6763
632	633	847	929	1166	1268	2401	2446	2461	2462	2529	2531	2561	2572	2615	2644	2661	2663	2665	3139	4287	4664	4673	4570	4571	4726	4959	4806	4949	4785	4786	5116	5158	6246	6365	5872	6134	6445	6530	6532	5860	5832	5300	5309	5714	5820	6058	6488	6204	5679	6256	6078	6372	6642	6743	6786	6883
5917	5918
6756	6757	7000
5920	5921
2	3	17	34	4	31	32	37	39	221	291	260	414	415	531	532	635	658	695	806	831	885	891	937	952	957	985	986	1089	1108	1277	694	874	894	913	1008	1143	1172	1441	1569	1570	2012	1915	1731	1906	1821	1970	2055	2273	2305	2315	2358	2359	2394	2416	2497	2554	2558	2585	2643	2666	3232	3288	3300	3132	3153	3170	3179	3182	3196	3202	3208	3230	3249	3254	3264	3276	3291	3292	3513	3593	3602	3712	3594	3595	3606	3623	3627	3708	3792	3837	3843	3900	3996	4008	3617	3650	3730	3800	3836	3794	3910	3832	3833	4025	4043	4154	4356	4071	4540	4590	4817	4934	4818	6091	6437	6430	6313	6648	6766	6734	6573	6807
47	48	146
5931	5932
6772	6773
4134	4135
3544	3545	3546
4830	4831	4937	5180
6776	6777
51	52	62	63	73	75	76	85	87	88	92	96	97	115	123	133	143	144	150	153	290	245	316	319	361	304	364	406	1186	926	1426	1505	1617	1644	1574	1455	1439	1440	1488	1559	1566	1667	2185	2336	2342	2500	2360	2396	2450	2547	2586	2632	2660	2479	2995	2799	2902	2903	3117	3679	3566	3577	3645	3709	3889	3988	4192	4064	4348	4165	4166	4542	4584	5213	5013	5151	5635	5780	6360	6123	6197	5589	6399	6576	6578	6878
5982	5983
3551	3552	3665	3790	3554	3555	3612	3613	3694	3711	3714	3806	3827	3856	3945	3984	4007	4772	4773	4774	4961	5093	6198	5549	5743	6304	6389	6579	6980
6788	6789	6894	6897
5991	5992	6844
6002	6003	6169
1381	1382	1560
6790	6791	6952
6012	6013
6802	6803
49	50	100	101	295	410	459	471	515	562	638	778	1239	783	1003	1028	755	803	884	955	1014	1076	1133	1142	1198	1216	1228	1324	1325	1326	1327	1332	1334	1459	1501	1969	2128	2024	1933	1967	3031	3268	3401	3448	3539	3494	3431	3534	4290	4291	4079	4202	4536	4541	4707	6456	5390	5570	6354	6367	5968	6584	6597	6968	6585	6820	6841	6906	6970
2427	2428	2530	3705	4068	4069	4086	4143	4155	4156	4318
4895	4896	4978	5058	5249	5520
81	556	557	561	564	575	663	636	1270	1271	1354	1366	1337	1335	1355	1364	1377	1388	1421	1443	1457	1464	1465	1489	1490	1496	1504	1514	1539	1540	1600	1601	1619	1662	1665	1468	1480	1625	1367	1453	1519	1550	1607	1687	1825	2065	2173	1738	1767	1876	1688	1799	1833	2023	2165	1826	1900	2100	2238	2246	2256	2263	2287	2307	2316	2333	2350	2954	3242	3243	3289	3557	3992	4044	4161	4193	4065	4066	4229	4695	5083	5122	5718	6814
201	202
6051	6052	6861	6943	6959
6889	6890
4349	4350
206	207	284	340
6907	6908
1744	1745
6914	6915
4424	4425
6059	6060
6926	6927
53	54	55	56	66	67	74	78	82	84	86	89	109	124	126	127	128	142	155	472	610	611	637	735	920	968	1004	1164	1182	1190	942	716	1321	1435	1358	1359	1499	1809	1961	1819	1846	1921	2204	2141	1962	2430	2455	2577	2682	2681	2579	2616	2505	2601	2602	2758	2806	2869	2997	3035	3143	3152	3205	3257	3258	3074	3075	3079	3255	3390	3506	3587	3588	3890	5234	6007	5259	5716	5804	5875	6011	6135	5365	6362	6418	6420	5889	5829	5855	6393	6217	6027	5856	6958	6819	7025	6856
357	302	160	307	411	397	255	256	321	400	404	436	553	605	606	617	1210	641	1250	1284	739	836	878	1103	682	950	1168	744	835	892	906	1002	1029	1086	1128	1137	1165	1170	1188	1238	1274	1276	715	975	978	1111	1233	659	660	1193	707	708	1077	1139	1516	1584	1634	1374	1403	1417	1419	1424	1425	1430	1436	1437	1466	1483	1508	1524	1542	1558	1583	1605	1612	1616	1629	1642	1650	1653	1659	1661	1663	1671	1390	1460	1549	1610	1758	1686	1760	1752	1795	1732	1697	1710	1782	1856	1859	2137	2209	1810	1829	2186	1875	2162	1751	1774	1888	1935	2089	2171	1929	1957	2036	2142	2216	1801	2196	1759	1838	1861	1981	2053	2081	1713	1813	2222	1980	2146	1711	1740	1773	1862	1889	1928	1942	2057	2120	2122	2130	2139	2147	2148	1830	2041	2050	2101	2312	2357	2270	2286	2300	2325	2346	2344	2377	2435	2527	2388	2613	2373	2393	2429	2467	2468	2472	2510	2526	2533	2549	2593	2595	2646	2583	2421	2603	2659	2565	2675	2564	2630	2397	2571	2575	2584	2590	2408	2627	2631	2662	2385	2423	2442	2444	2445	2482	2509	2520	2557	2587	2597	2608	2628	2639	2676	2680	2764	2739	2961	2703	2724	2796	2816	2907	2908	2979	3028	3047	3061	3069	2783	2736	2855	2759	2760	2775	2777	2926	2947	2983	3044	2720	2774	2814	2884	3045	3053	2917	2800	2875	3026	3032	2705	2710	3015	3082	3164	3173	3250	3087	3104	3181	3187	3303	3146	3481	3503	3502	3458	3359	3407	3453	3476	3569	3626	3646	3647	3686	3867	3891	3895	3916	3917	3919	3926	3927	3957	3963	4006	3681	3913	3591	3583	3657	3938	3697	3795	4004	4030	4046	4048	4052	4053	4054	4096	4099	4102	4103	4108	4111	4112	4116	4117	4119	4121	4122	4124	4125	4127	4128	4129	4131	4133	4149	4150	4163	4181	4195	4196	4206	4213	4217	4227	4228	4230	4231	4233	4234	4236	4243	4257	4270	4274	4283	4306	4309	4322	4323	4324	4326	4333	4334	4338	4339	4340	4377	4378	4381	4385	4396	4400	4409	4410	4413	4414	4422	4423	4426	4428	4429	4433	4434	4345	4404	4208	4244	4266	4267	4268	4271	4656	4462	4499	4502	4521	4563	4626	4649	4488	4543	4552	4463	4486	4497	4510	4517	4572	4594	4595	4716	4980	5071	4765	4970	5008	5192	5247	4875	4743	4761	4782	4853	4855	4857	4877	4878	4880	4892	4893	4903	4905	4938	4939	4940	4944	4948	4950	4951	4952	4955	4956	4957	4960	4967	4983	4997	4998	5003	5005	5018	5023	5072	5073	5080	5091	5123	5134	5141	5145	5149	5187	5195	5196	5197	5198	5204	5205	5207	5208	5209	5210	5215	5217	5221	5248	5250	5014	5090	4768	4815	4945	4989	4887	4766	4826	4836	4843	5052	5086	5101	5227	5586	5486	6335	6289	6407	5373	5453	5553	5641	6085	6426	5456	5546	5611	5840	6309	6281	5631	5886	5753	5868	6554	6142	6202	6564	6237	5451	5334	6155	5746	5850	5883	5418	5483	5817	6164	6189	6305	5710	6293	6317	6331	6397	6433	5369	5565	6188	6332	5292	6024	6284	5723	5633	6280	6315	6361	6497	5724	6329	6285	6540	6541	6949	6837	6797	6795	6636	6707	6787	7023	6967	6568	6583	6590	6729	6732	6733	6744	6748	6832	6857	6887	6903	6912	6920	6835	6928	6929	6745	6683	6627	6843
6064	6065
6932	6933
4935	4936	4991	5026	5088	5137
603	604	607	2433	2434	4049	4082	4341	4515	4532	4538	4568	4578	4580	4588	4601	4607	4700	4698	4699	4913	4914	4915	5024	5200	5218	6103	5449	5979	6132	6213	6053	6054	6072	6402	6882	6761	6964
6965	6966
6974	6975	6978
138	387	210	211	234	266	345	346	407	602	613	614	615	1124	1622	2145	1885	1886	2193	2227	2320	2365	2384	2398	2415	2506	2573	2657	2528	3221	3318	3565	3728	3736	3902	3918	4624	4659	4680	4697	4701	6410	5274	5275	5910	5911	6025	5722	5543	6384	5782	6735	6728	6738	6780	6993	6645	6923	6956	6922
6987	6988	7012
6139	6140
7002	7003
6174	6175
7009	7010
5036	5037	5042	5044	5185
2511	2512
4661	4662
6286	6287	6477
5053	5054	5106
6311	6312	6556
4709	4710
5069	5070
4718	4719	5937	6373
8	9	33	40	64	131	132	134	136	141	145	671	672	818	1407	1595	1429	1447	1897	1762	1763	2144	1946	1947	2652	2653	2700	2952	2701	2745	2839	2925	2977	2990	2996	3024	2751	2752	3072	3600	3638	3687	3601	3729	3770	3804	3805	3884	3752	4070	4085	4159	4261	4263	4264	4281	4370	4379	4321	4406	4459	4496	4658	4469	4478	4498	4591	4641	4665	4704	4917	5099	5165	4845	5120	4778	4779	4788	5427	5475	6242	6245	6251	6400	6401	5761	5515	5741	6346	6231	5669	6151	5402	5950	5778	5779	5795	5929	6201	6271	6525	5458	5670	6192	5680	5681	5703	5776	5903	5704	6342	5785	5794	6413	6249	6414	6806	6942	6708	6629	6722	6693	6686	6687	6808	6809	6736	6874	6716	6588	6758	6859	6860	6904	6911	6778	6813	6659	6660	6709	6877	6901	6930	6944	6847	6799	6938	6875
953	1034	1057	1058	1071	1209	1249	1266	1292	1087	1080	1157	1611	2113	3191	3110	3422	4308	4144	4172	4416	4467	4562	4452	4453	4481	4483	4514	4655	4714	4622	4657	4660	4679	4574	4468	4491	4500	4504	4535	4551	4583	4585	4596	4608	4615	4616	4623	4634	4638	4645	4648	4667	4689	4711	4715	4844	4862	4868	4988	4993	4999	5001	5004	5006	5007	5029	5039	5089	5111	5112	5125	5128	5191	5219	5240	5243	5168	4800	5022	5133	4816	4899	4930	5032	5066	5094	5096	5182	4916	4931	5045	5169	5178	4842	5067	5417	5265	6220	5618	5639	5261	5870	5252	5461	5307	5372	5646	5777	5857	5885	6171	5270	5509	5689	5460	6117	6066	5465	5752	5756	5701	6119	5671	6170	6200	5642	5821	6176	5894	5781	5888	6446	6898	6817	6810
5201	5202
5241	5242
6355	6356
2641	2642
1853	1854
1883	1884
6434	6435	6563
231	232
6439	6440
6441	6442
1901	1902
6460	6461
12	13	44	93	94	147	305	353	425	426	165	163	216	187	195	204	235	240	243	244	262	263	273	292	311	312	337	375	429	293	391	444	446	474	489	495	500	503	504	509	545	546	547	548	570	595	559	703	751	916	1155	1262	1342	1372	1391	1432	1578	1593	1827	2201	2310	2419	2476	2614	3176	3084	3085	3144	3155	3133	3134	3183	3212	3235	3298	3307	3154	3479	3319	3320	3443	3466	3471	3467	3581	3630	3598	3631	4212	4720	4603	4604	6507	6257	5634	5949	6068	5793	5807	5871	6371	5463	5464	6468	5656	5657	6082	6255	6449	6450	6619	6661	6831	6989	6737	6931	6953	6649	6849	7017	6623	6783	6582	6779	6624	6677
6462	6463
264	182	183	248	289	393	413	189	190	401	384	385	1135	930	1224	1062	1088	1405	1695	1995	1944	2214	2086	2008	2114	1768	1784	1850	2039	2040	2194	2210	2211	2188	2189	2236	2266	2232	2240	2245	2259	2278	2285	2290	2311	2314	2340	2322	2548	2563	2636	2605	2964	2723	2962	2963	3001	3103	3135	3109	3172	3293	3209	3086	3121	3225	3468	3355	3376	3462	3841	3610	3678	3851	3660	3682	3743	3784	3640	3854	3958	3928	3738	3766	4147	4060	4316	4062	4101	4106	4145	4162	4183	4186	4219	4237	4239	4245	4255	4310	4355	4432	4173	4171	4184	4100	4451	4526	4605	4620	4759	4736	5031	4874	5173	4854	5019	5124	4825	4904	5057	5153	5216	4737	4760	4767	4852	4966	5043	5077	5108	4860	5016	5967	5706	5707	5290	5279	5258	5774	6109	6368	6444	6343	5302	5813	6300	5914	6165	5499	5500	6774	6603	6671	6672	6845	6846	6631	6775	6950
257	258	1609
226	227	287	456	511	1369	1594	1660	1370	1442	1485	1503	1543	1548	1643	1645	1678	1722	1790	2066	2072	1989	2064	2540	2541	2542	2909	3147	3364	3365	3473	4204	4077	4078	4185	4382	4393	4205	4299	4412	4872	4850	5087	5474	5728	5803	6495	5503	6102	6223	6310	6337	6396	5827	6647	6612	6872	6829	6850
5375	5376	5775	6033
6475	6476
358	168	355	359	1541	1348	1433	1434	1626	1958	2044	1959	1990	2007	2132	2133	2048	2283	2437	2452	2453	2460	2552	2553	2574	2609	2833	2989	4067	4253	4783	4784	4922	5079	6347	6114
6479	6480
381	382	591	441	759	988	654	842	861	866	1096	1169	1180	1230	1232	1251	1289	1310	1311	1314	692	693	752	996	1215	1461	1683	1943	1877	2096	1693	1717	1720	1725	1730	1755	1776	1814	1818	1841	1848	1863	1865	1895	1937	1939	1940	1960	1974	2000	2033	2071	2076	2112	2119	2134	2200	2206	2207	2391	2645	2371	2387	2426	2451	2486	2576	2392	2406	2667	2687	2913	2998	3080	3083	3180	3226	3237	3279	3241	3106	3131	3167	3428	3323	3487	3668	4014	4047	4123	4380	4415	4436	4437	4177	4178	4460	4683	4489	4505	4546	4559	4600	4618	4669	4725	4807	4900	4827	4841	4898	4920	5211	5310	5266	5436	5278	5551	5717	5425	5426	5958	6348	6406	6294	6969	6633	6937	6634
120	121
6491	6492
3671	3672
129	130
6501	6502
6505	6506	6557
6	7	25	35	296	297	344	193	326	443	702	1007	1035	1214	1684	1685	1743	1842	1845	1847	1873	1874	2006	2098	2151	2155	2163	2181	2110	2313	2469	2470	2490	2493	2499	2503	2648	2674	2769	2842	3076	3077	3184	3528	3849	3549	3845	3846	3929	3850	4567	4805	4833	4837	4748	4751	4775	5000	5046	5082	5155	5189	4943	5115	5136	5206	5223	4972	5020	5075	5164	5316	5678	5324	5659	6046	5430	5663	5435	6195	6423	6451	5360	6496	6553	5506	6043	5537	5364	5366	5505	5816	6045	6172	6470	6222	6523	6404	6459	5431	5902	6243	6422	6812	6678	6918	6879	6746	6811	7018
224	225	1907	1764	1765	1787	2073	1963	1964	2074	4863
5395	5396	6945	6992
6517	6518
6521	6522
1978	1979
3695	3696	5144
5413	5414	6455
3706	3707	3829
2013	2014
3342	3343	3469	3496
65	103	104	154	156	157	200	348	367	196	229	271	390	197	215	282	300	330	336	352	399	424	388	492	457	565	600	479	480	485	589	619	634	661	801	807	858	877	886	893	899	900	902	914	918	931	933	934	1064	1092	1132	1177	1213	1217	1278	1302	956	640	871	880	1161	1129	1154	1456	1576	1538	1624	1674	1567	1698	2016	1766	1816	1871	1887	1924	1925	1948	2030	1783	2168	1699	1872	1820	2230	2251	2635	2658	2686	2679	2368	2390	2525	2673	2539	2638	2514	2623	2776	2857	2704	2728	2807	2810	2812	2813	2827	2879	2880	2944	2974	3011	3025	3064	3068	2936	2805	2930	2943	2960	3052	2863	2741	2753	2885	2892	2940	2941	2957	3059	3060	2828	2829	2900	2901	3048	3161	3207	3236	3233	3210	3260	3261	3497	3860	3570	3599	3634	3989	3742	3720	3703	3704	3877	4138	4325	4354	4386	4401	4346	4139	4248	4302	4342	4465	4471	4477	4529	4592	4598	4612	4613	4627	4629	4650	4651	4652	4708	4475	4476	4492	4814	4846	5100	4958	5226	4891	4861	4739	4792	4812	4866	4942	4995	5040	5063	4888	5009	4798	4894	4744	4889	4975	4847	5140	5963	5747	5419	5748	5492	5995	6023	5477	6080	6077	5833	5632	5764	5478	5253	6088	6403	6431	5936	5359	5994	6489	6486	6481	6212	6344	6622	6688	6755	6954	6591	6951	6891	6720	6575	6574	6982	6825
2019	2020	2381
1704	1705	2109	2933	2715	2716	2788	3218	3277	3151	3189	3192	3195	3197	3211	3219	3240	3294	3296	3455	3329	3415	3446	3532	3533	3356	3325	3406	3495	3761	3879	3618	3619	3624	4295	4312	4729	4524	4525	4593	5342	5329	5842	5863	5948	5485	6000	5340	5587	5901	5909	6228	6307	6500	5862	5904	6131	6261	5588	6504	6210	6239	6854	6828	6723	6960
3572	3573	3740	3741
3748	3749
2598	2599	3758	3759	3835
416	417	696	697	787	1125	1159	1245	1246	1473	1474	1546	1614	2247	2302	2352	2254	2284	2318	2343	2891	2740	2826	3169	3175	3204	3246	3558	3871	4419	4721	4770	4799	4923	4924	5174	5739	6206	5849	6071	5617	5740	5971	6209	6282	6302	6487	6454	6818	6684	6724	6685
418	419
3370	3371	3433	3475	3504	3510	3517	6730
431	432
3763	3764	3930
3779	3780	4080	4081	4226	4269	5237	5238
5479	5480
324	191	192	199	252	433	208	209	259	309	323	430	437	527	528	550	1341	1427	1491	1462	1517	1529	1573	1428	1521	1562	1582	1657	1530	1836	1837	1894	2031	2295	2303	2306	2409	2546	2672	2677	3270	3333	3334	3366	3427	3472	3392	3421	3451	3459	3460	3530	3543	3589	3786	3637	3965	3590	4020	4194	4055	4076	4220	4222	4225	4256	4273	4298	4305	4374	5119	5107	5343	5439	5538	5732	5368	5615	5616	5719	5797	6232	6545	6110	6369	6380	6057	6512	6566	6694	6855	6801	6646	6971	7016	6569	6868	6570
137	704	705	723	756	760	799	800	825	848	896	959	1082	1093	1114	1173	1298	1800	2070	1917	2282	2353	2873	6021	5861	5736	6127	6519
3374	3375	3411	3424	3435	3531	5923	5654	5655	6178
161	1449	1450	1476	1568	1750	2178	2413	2363	2449	2480	2481	2483	2494	2501	2536	2562	2649	2650	2513	2581	2626	2640	2770	3692	3693	3888	4470	4671	5628	6340	5424	5947	6205	6291	6453	6096	6673	6632	6682	6888	6771
3954	3955	3956
3994	3995
4034	4035
3094	3095
5532	5533	6345	6352
60	61	108	167	184	275	332	350	286	349	423	726	674	675	897	912	919	1019	1065	1090	1117	1296	727	1506	1522	1632	1633	1815	1724	1999	2170	2125	2077	2078	4286	4050	4051	4088	4445	4856	4747	4953	4984	4985	5041	5059	5064	5371	6208	6229	5362	6031	5828	5636	5406	6030	5363	5370	5985	6319	6298	6750	6986	6658	6798	6652	6667	6990	6754	6675	6668
3525	3526
112	310	377	427	990	1047	769	993	981	1136	808	1115	1221	1222	1265	1353	1373	1494	1646	1518	1581	1677	1336	1418	1378	2079	2191	1700	1701	1726	1932	1968	2108	2221	1754	2183	1788	1789	1992	1994	2017	2028	2075	2103	2154	2169	2180	2166	1893	2087	2105	1777	1954	2085	2229	2140	1769	2197	1716	1879	1899	2043	2102	2118	2138	1812	2104	2009	2010	2184	2262	2243	2337	2288	2466	2560	2372	2400	2420	2471	2487	2488	2498	2521	2555	2591	2594	2612	2654	2655	2688	2596	2607	2399	2431	2824	3023	2916	2920	3009	2822	2823	3070	2953	3034	3227	3102	3140	3166	3290	3081	3223	3306	3269	3331	3400	3488	3484	3362	3540	3864	3932	3608	3670	3771	3596	3656	3753	3898	4010	3939	3652	3662	3664	3907	3976	3993	3775	3541	3576	3582	3603	3604	3609	3644	3661	3663	3673	3689	3698	3699	3700	3715	3717	3721	3722	3732	3733	3739	3744	3745	3746	3751	3754	3755	3756	3757	3776	3781	3802	3803	3807	3810	3811	3812	3821	3822	3840	3842	3852	3853	3857	3858	3859	3862	3863	3874	3875	3876	3878	3885	3886	3887	3912	3915	3920	3924	3925	3934	3951	3953	3959	3960	3961	3962	3966	3967	3968	3969	3970	3973	3974	3975	3977	3978	3979	3982	3983	3985	3986	3987	3997	3998	3999	4001	4002	4003	4013	4015	4022	4024	4026	4027	4028	4032	4036	4040	4041	3723	3922	3946	3880	3881	3950	3952	3971	3964	4392	4276	4074	4157	4158	4164	4174	4180	4209	4259	4260	4272	4277	4278	4297	4300	4307	4315	4329	4347	4351	4397	4402	4418	4169	4200	4365	4104	4284	4368	4369	4387	4398	4403	4405	4407	4417	4444	4446	4360	4105	4280	4443	4375	4376	4527	4670	4713	4472	4579	4644	4549	4511	4473	4573	4990	4741	4794	4808	4876	4882	4929	5047	5102	4921	4946	4756	4909	4962	5081	5228	4864	4994	4996	5002	5028	5050	5055	5147	5161	4793	4848	4884	5065	5117	5167	4749	4796	5251	4752	4750	4886	4928	5012	5027	5154	5166	5171	5179	5183	5193	5225	5230	5236	5126	5220	5507	5264	5284	5319	5377	5393	5384	6143	5773	6144	5336	5356	5392	5416	5450	5698	5751	5834	5846	5900	5922	6016	5339	5839	5386	5289	5314	5321	5407	5301	5317	5325	5452	5614	5977	6296	5661	5825	5566	5455	5622	5651	6190	5637	5799	5397	5467	5591	5613	5660	5796	5843	6405	5805	5488	5581	5981	6147	5357	5534	5623	5285	5758	5287	5988	5672	5594	5770	5876	6069	6196	5476	5394	5434	5504	5620	5640	5836	5961	5978	6018	6041	6042	6108	6111	6138	6159	6316	5295	5784	5831	6193	6214	6215	6238	6314	5541	5664	5938	5800	5801	6040	6448	6466	6511	5969	5358	5662	5809	6128	6376	5374	5652	5766	5858	6262	5866	6516	6270	5725	5411	5544	5560	5808	5815	5837	5851	5852	6019	6167	5508	5297	6549	6089	5959	5561	5945	6274	6485	6547	5528	5529	5545	5596	5645	5693	5757	5769	5848	5935	6120	6141	6154	6180	6187	6323	6473	5385	5638	5824	5405	5908	6409	6534	6561	6001	6163	5277	5281	5282	5294	5408	5559	5697	5867	5869	6179	6555	5315	5999	5580	5536	6424	5330	5367	6419	6524	5859	6039	5579	6145	5494	5495	6565	6061	6375	6436	6438	6531	5898	6273	6395	6471	6494	6538	6036	6539	6567	6571	6581	6637	6640	6572	6599	6690	6710	6656	6941	6955	6739	6822	6781	6608	6793	6698	6691	6834	6705	6752	6594	6664	6792	6946	6655	6769	6896	6895	6601	6862	6607	6886	6784	6917	6651	6641	6635	6674	6679	6921	6717	6935	6725	6998	7021	6909	6991	6842	7006	6704	6864	6865	6957	6866	6699	6839	7020
274	728	729	750	770	805	820	941	962	965	1081	1091	1185	1240	1264	1307	2265	3653	3633	4039	3654	3777	3872	5131	5129	5130	5731	5845	5730	6112	6028	6105	6113	6385
5555	5556	6254
173	370	172	194	306	327	328	380	412	653	1144	822	864	963	1015	1109	1116	1231	631	719	961	1101	1241	907	1079	1263	1648	1728	2063	1796	1721	1729	1748	1844	2015	2217	1747	1808	2116	2261	2375	2374	2411	2412	2432	2484	2606	2376	2386	2477	3007	2935	4095	4126	4207	4223	4224	4435	5177	5562	5519	5965	5742	6186	5612	5928	6370	6416	5675	6247	6207	5472	6528	5674	6029	6318	6602	6764	6871	6939	6947	6972	6977	6830
151	250	420	205	238	171	254	363	438	506	439	440	442	447	448	451	462	469	470	476	491	501	507	517	518	519	523	538	539	540	541	544	549	568	569	571	572	573	577	578	580	581	584	585	587	590	597	598	828	1105	757	872	984	1000	1084	1254	772	793	1204	1225	999	1656	1448	1463	1536	1547	1556	1557	1586	1615	1973	1849	1927	2157	1707	2208	2215	2234	2292	2308	2349	2395	2478	2508	2730	2732	2790	2791	2792	2797	2866	2906	2949	2993	3000	3050	2757	2802	2803	2804	2821	2865	2988	2991	3012	3058	2712	2904	2946	2939	3005	3419	3425	3648	4038	3641	3642	3643	3649	3727	3772	3782	3796	3820	3831	3894	3933	3562	3899	3735	3737	4136	4191	4197	4427	4148	4075	4265	4371	4503	4554	4738	4973	5170	4821	4965	5146	4753	5162	4834	4867	4987	5239	5095	5422	5400	5592	5388	5539	5692	5263	5401	5412	5433	5462	5493	5629	5658	5760	5806	5884	6008	6009	6084	6125	6161	6341	5899	5685	6156	5626	5814	6443	5609	6087	5744	6472	6185	5684	6004	7015	6827	6858	6910	6925	7022	6934	6999	6840	6695
5602	5603
159	169	179	223	317	320	322	379	394	396	251	402	219	220	228	239	369	371	463	529	563	449	450	473	551	601	483	484	486	502	513	536	626	1021	1061	1255	650	676	753	794	754	625	677	843	851	795	964	972	973	1107	1451	1564	1649	1452	1733	1867	1734	1951	2025	2106	2225	2248	2276	2277	2279	2280	2281	2297	2299	2338	2339	2341	2347	2348	2578	2619	2440	2441	2523	2537	2538	2668	2767	2862	3073	3216	3141	3220	3190	3564	4609	4464	4637	4706	4735	5033	5176	4820	5030	5034	5049	5303	6203	6122	6070	5323	5438	5765	5791	5792	5798	6020	6022	6168	6173	6478	6484	6503	6515	6260	5976	5443	6055	5313	5471	5322	6680	6765	6900	6804	6605	7024	6760	6692	6580	6979	6899	7026
748	749	908	1050	2475	2629
3750	4544	4545	4553	4560	5025	5118	6359	6696	6753	6697	6867	6905
2844	2845
5643	5644
1985	1986	2756	4734	5649	6320	5650	6681
36	70	71	110	135	148	152	623	624	857	1287	1882	1832	3004	3309	3314	3315	3345	3350	3353	3358	3360	3363	3387	3391	3394	3444	3445	3456	3457	3490	3465	3480	4113	4114	4190	4168	4182	4311	4431	4449	4507	4974	5291	5666	5647	6885
111	318	314	217	218	285	294	373	374	421	265	313	315	342	343	594	464	475	481	496	514	592	809	700	647	1150	911	1176	620	622	699	802	838	859	1022	1068	1083	646	701	730	737	844	865	875	901	1027	1098	1106	1122	1253	1226	714	680	681	691	790	833	862	932	764	948	829	789	852	923	1039	1282	1275	1227	1330	1331	1553	1349	1379	1396	1479	1500	1579	1338	1351	1352	1360	1380	1404	1409	1410	1438	1486	1493	1509	1510	1511	1523	1528	1555	1571	1598	1599	1606	1637	1647	1680	1400	1406	1408	1414	1415	1420	1444	1497	1513	1520	1589	1590	1591	1592	1604	1631	1673	1682	1664	1618	1554	1679	1855	1703	1735	1804	1852	1890	1913	1984	1991	1993	2027	2049	2117	2161	2218	1708	1712	1739	1757	1761	1792	1817	1851	1857	1881	1945	1949	1952	1982	2003	2004	2037	2045	2058	2080	2083	2095	2099	2152	2202	1736	1778	2005	2026	2111	1912	2022	1694	1727	1891	1919	1988	1998	2002	2034	2038	2192	1696	1802	1916	2032	2062	2135	2136	1896	2176	1737	1770	1781	1805	1977	2124	2203	1811	1878	2195	2237	2268	2294	2351	2264	2296	2324	2231	2244	2250	2260	2272	2289	2293	2317	2319	2321	2327	2328	2345	2355	2356	2255	2249	2330	2274	2515	2516	2544	2545	2438	2489	2447	2532	2570	2588	2592	2439	2690	2664	2622	2464	2504	2621	2491	2492	2620	2706	2708	2768	2789	2992	2696	2919	2722	2918	2714	2738	2860	2905	3029	2987	2834	2980	2713	2733	2809	2811	2937	3071	2721	2742	2749	2794	2795	2798	2846	2951	2985	3017	3019	3043	2820	2765	2725	2707	2861	3014	2999	2761	2762	2982	3010	2766	2801	2938	2973	3027	3168	3149	3287	3114	3267	3305	3088	3163	3120	3115	3177	3338	3377	3379	3380	3386	3398	3434	3440	3515	3361	3499	3337	3396	3507	3312	3341	3381	3383	3395	3397	3413	3416	3417	3418	3474	3509	3512	3538	3432	3482	3478	3389	3489	3449	3500	3535	3726	3937	3683	3713	3716	3666	3719	3767	4017	4031	3949	3578	3830	4009	3658	3785	4000	4029	3844	3981	3935	3787	3861	3909	3914	4012	4021	3605	3892	3760	3991	4242	4110	4214	4288	4057	4098	4118	4120	4198	4201	4282	4388	4448	4420	4058	4094	4221	4258	4285	4537	4577	4614	4636	4722	4487	4495	4547	4565	4712	4466	4501	4672	4724	4717	4528	4639	4691	4703	4705	4932	4769	5092	4795	4897	4927	4982	5068	4971	4869	4976	4981	4992	5229	4901	5378	5683	6093	5709	5399	5333	5667	5874	5440	5484	5446	5737	6067	6146	6148	6558	5423	5361	6546	5306	5445	5933	6330	6412	5498	6017	5946	6560	5691	5993	6224	5944	6252	5686	6183	5895	5481	5276	5606	5975	6533	5919	5694	5729	6267	5786	6288	6278	6279	6301	6548	5682	6390	5790	5668	5676	5688	6101	6216	6221	6240	6094	6276	6544	6266	6184	6592	6961	6653	6863	6919	7004	6869	6749	6836	6586	6615	6715	6595	6823	6853	6794	7019	6984	7001	6936	6577	6650	6824	6833	6940	6973	6994	7005	6924
1010	997	998	1333	1389	4646	4647
2871	2872	2874	2965	5812
2876	2877
4522	4523	4617	6250
10	11	23	24	116	68	405	280	212	261	279	283	428	368	579	543	627	628	1020	1048	1049	1075	1199	678	684	706	709	784	786	788	791	946	949	982	983	987	1095	1145	1160	1174	665	685	688	712	713	771	773	776	781	834	856	870	935	979	980	1013	1026	1046	1060	1074	1094	1099	1112	1123	1167	1179	1202	1205	1229	1300	1306	1317	1319	1118	743	683	841	1110	1130	1267	1269	1297	1323	1032	1033	1141	1621	1375	1384	1357	1537	1350	1471	1475	1487	1492	1495	1603	1608	1635	1983	1860	2164	1880	1918	1706	1972	1756	2061	2223	1753	2126	2127	2233	2309	2522	2364	2410	2967	2986	2972	3021	3063	2743	3057	2702	3022	2711	2793	2859	2897	2898	2912	2931	2932	2934	2971	3008	2771	2853	2858	3119	3089	3090	3093	3123	3125	3148	3150	3160	3165	3174	3185	3186	3193	3200	3213	3214	3215	3239	3247	3273	3275	3281	3286	3105	3107	3188	3203	3206	3253	3157	3096	3097	3112	3118	3128	3129	3248	3266	3130	3098	3101	3108	3137	3138	3198	3201	3222	3228	3262	3304	3217	3271	3091	3092	3136	3162	3171	3283	3285	3308	3142	3156	3159	3199	3256	3263	3265	3280	3282	3299	3302	3316	3393	3336	3368	3409	3493	3313	3399	3454	3470	3322	3346	3404	3408	3420	3423	3442	3464	3321	3324	3402	3403	3410	3414	3384	3385	3463	3483	3486	3491	3498	3514	3521	3527	3347	3351	3477	3537	3317	3340	3553	3684	3724	3815	3783	3923	3651	3731	3575	3629	3825	3870	3940	3579	3620	3906	3568	3580	3621	3636	3691	3710	3798	4018	3592	3584	3611	3765	3548	3563	3571	3574	3718	3769	3813	3816	3817	3826	3828	3847	3848	3941	3990	4042	4045	3632	3639	3734	3883	3896	3897	3921	4011	3778	3789	3814	3774	4061	4063	4072	4087	4089	4090	4091	4146	4153	4179	4215	4216	4232	4294	4317	4319	4320	4337	4357	4364	4366	4367	4373	4384	4395	4399	4411	4439	4447	4450	4151	4176	4279	4332	4167	4254	4330	4301	4344	4107	4456	4630	4557	4561	4666	4731	4530	4490	4508	4534	4474	4558	4668	4611	4586	4690	4457	4516	4653	4685	4686	4733	4674	4840	4754	5127	5138	4742	4758	4881	5015	5056	4781	4797	5021	5062	5097	5132	5139	5152	5157	5175	5246	4969	5156	4771	4787	4879	4883	4964	5017	5048	5076	4804	4829	4835	4902	4908	4912	5103	5109	5150	5160	5163	5224	4755	5283	5299	5841	5783	6499	6513	5382	5337	5630	5305	6264	6290	6292	6383	5420	5540	5600	5802	5442	5501	6408	5810	5338	5432	5489	5550	5601	5734	5926	5997	5304	5415	6038	6157	5568	5713	5913	6048	6411	6158	5530	6056	6062	6076	5271	5267	5952	5469	5980	5459	6106	6230	5597	5873	6458	5272	5344	5535	6452	6353	6136	5502	5599	5293	6037	5345	5897	5835	6160	6551	6032	6374	5470	5573	6388	6474	6338	6328	5421	5896	5428	6394	5627	5518	6482	6527	6387	6321	5353	5354	5590	5789	6107	6350	6421	6550	6465	5517	5705	6126	6259	6493	6339	6662	6815	6826	6782	6770	6587	6805	6996	6800	6604	6821	6876	6893
2922	2923	3066
162	176	177	178	198	233	298	354	383	392	452	494	499	453	460	461	508	520	530	537	542	554	567	576	582	583	588	596	521	522	599	618	775	915	1006	1149	1285	1512	1347	1392	1498	1655	1544	1545	1965	1828	1905	1714	1715	1922	1975	1996	2052	1910	1911	2090	2425	2436	2454	2458	2543	2550	2551	2624	2417	2418	2517	2518	2694	2778	2889	3046	2729	3485	3511	3801	3674	3799	3943	4675	4677	4678	4519	4520	4610	5159	5619	6099	5320	5328	6498	5605	5955	6092	6382	6529	6508	6074	6075	6115	6325	6326	6535	6589	6609	6596	6948	6985
