17	4540	22
17	4590	22
46	69	22
46	1636	22
46	1638	22
46	3040	22
65	5100	22
68	855	22
68	991	22
68	1597	22
68	2921	22
69	1654	22
73	7401	22
74	1066	22
75	92	22
75	143	22
83	2507	22
83	2535	22
86	991	22
86	1597	22
94	147	22
111	1175	22
111	1177	22
111	1199	22
111	3931	22
111	5231	22
111	6275	22
111	6366	22
111	6984	22
114	7373	22
116	507	22
116	678	22
116	863	22
116	1362	22
116	2123	22
116	2321	22
116	3533	22
116	4093	22
116	4732	22
116	5148	22
125	3040	22
127	991	22
127	1597	22
143	183	22
151	1557	22
171	990	22
171	2588	22
171	3840	22
171	4554	22
171	4639	22
171	6827	22
171	6858	22
183	6360	22
198	383	22
198	3479	22
215	3061	22
215	4365	22
229	390	22
229	463	22
229	2676	22
229	2680	22
229	2857	22
229	3161	22
229	4652	22
229	4656	22
230	230	22
230	411	22
230	878	22
230	2557	22
230	3867	22
230	4048	22
230	4096	22
230	4102	22
230	4103	22
230	4116	22
230	4119	22
230	4136	22
230	4234	22
230	4853	22
230	4855	22
230	5209	22
230	5217	22
230	5221	22
230	5886	22
230	6293	22
230	6317	22
248	678	22
249	4652	22
250	305	22
251	402	22
254	1175	22
254	1177	22
254	1966	22
254	5962	22
254	6086	22
256	4977	22
259	5282	22
259	6644	22
259	7339	22
259	7427	22
270	2676	22
270	2680	22
270	2857	22
270	4656	22
270	6767	22
277	7286	22
303	5051	22
305	353	22
305	500	22
305	518	22
305	3634	22
305	4038	22
305	5170	22
314	2794	22
314	2798	22
314	4094	22
314	7425	22
320	4371	22
320	5547	22
322	5547	22
336	424	22
343	4684	22
343	5967	22
347	2303	22
353	518	22
353	1155	22
353	2730	22
353	3820	22
353	4805	22
353	6188	22
353	6934	22
353	6999	22
353	7017	22
353	7157	22
353	7251	22
357	2676	22
357	2680	22
357	2857	22
357	4656	22
357	6767	22
368	679	22
368	3150	22
368	3351	22
368	4490	22
383	3479	22
390	2857	22
390	2880	22
390	4465	22
390	4650	22
390	4656	22
393	4505	22
393	4977	22
397	1813	22
397	2473	22
397	4040	22
397	4404	22
402	6020	22
402	6900	22
403	3428	22
403	4505	22
403	4977	22
404	3428	22
404	4505	22
404	4977	22
408	617	22
408	993	22
408	2588	22
411	4234	22
411	4505	22
411	4977	22
412	1196	22
427	3400	22
427	3807	22
429	3598	22
429	3631	22
443	4805	22
448	6630	22
451	519	22
451	1716	22
451	2875	22
451	2939	22
451	3772	22
451	3782	22
451	4130	22
451	5546	22
451	5626	22
451	5806	22
451	5884	22
460	547	22
460	576	22
460	596	22
461	547	22
461	576	22
462	1504	22
462	2967	22
463	592	22
463	2857	22
463	4652	22
463	4861	22
464	1966	22
464	2776	22
464	3425	22
464	3497	22
464	4592	22
474	546	22
489	1847	22
489	5046	22
495	4228	22
495	5217	22
500	4805	22
507	1343	22
507	3058	22
507	4386	22
507	4441	22
507	5671	22
507	6220	22
509	4805	22
514	910	22
514	1691	22
514	2857	22
514	3251	22
516	3616	22
518	545	22
519	2326	22
519	5806	22
537	547	22
537	576	22
537	596	22
539	1557	22
542	547	22
542	576	22
542	596	22
545	547	22
545	570	22
545	4612	22
545	5905	22
546	1578	22
547	567	22
547	570	22
547	618	22
547	775	22
547	1905	22
547	4612	22
548	595	22
548	5659	22
550	4305	22
571	5512	22
576	596	22
576	618	22
576	775	22
576	1905	22
588	596	22
590	4958	22
592	875	22
592	2857	22
592	2918	22
592	4652	22
592	4656	22
596	775	22
596	1905	22
598	2032	22
604	4700	22
604	6132	22
611	5365	22
612	2929	22
617	1584	22
617	2385	22
617	2388	22
617	2612	22
617	5117	22
617	6581	22
624	5077	22
637	991	22
637	1597	22
644	1046	22
644	4216	22
645	3038	22
646	5967	22
678	788	22
678	872	22
678	1145	22
678	1160	22
678	2806	22
678	4577	22
679	725	22
679	982	22
679	987	22
679	2257	22
679	2463	22
679	3089	22
679	3148	22
679	3150	22
679	3351	22
679	4490	22
679	4586	22
689	4732	22
690	991	22
690	1597	22
693	1196	22
693	6759	22
698	842	22
701	3367	22
701	3438	22
701	5484	22
701	5967	22
701	6216	22
701	6221	22
701	6615	22
701	6616	22
706	1174	22
706	1375	22
706	1384	22
706	1597	22
706	4490	22
706	4807	22
706	5489	22
706	5707	22
706	6321	22
706	6465	22
706	6782	22
709	725	22
709	982	22
709	2463	22
709	3193	22
709	3351	22
709	4490	22
709	4586	22
709	5489	22
709	5926	22
709	6984	22
709	6995	22
711	991	22
711	1597	22
711	5429	22
713	3160	22
713	5148	22
720	5365	22
721	3529	22
721	5756	22
722	991	22
722	1597	22
722	4873	22
724	7004	22
725	4490	22
727	7407	22
732	2942	22
732	2972	22
733	2942	22
733	7357	22
734	815	22
734	992	22
736	815	22
736	4235	22
741	4930	22
741	4931	22
741	5341	22
741	6097	22
750	770	22
750	1264	22
750	4693	22
750	6105	22
751	3479	22
765	3064	22
768	1672	22
769	3438	22
769	4365	22
769	6615	22
769	6616	22
770	6105	22
775	5967	22
775	6615	22
775	6616	22
781	991	22
781	5472	22
782	991	22
782	1597	22
782	4731	22
782	5148	22
798	991	22
799	1082	22
800	1114	22
813	5381	22
815	917	22
815	921	22
815	970	22
815	992	22
815	1031	22
815	1237	22
816	4483	22
817	2187	22
817	4072	22
817	4871	22
817	5585	22
820	1264	22
824	4505	22
825	959	22
825	1080	22
825	1114	22
825	5001	22
835	906	22
835	974	22
835	990	22
835	1197	22
835	1712	22
835	1735	22
835	1852	22
835	1878	22
835	1881	22
835	1929	22
835	1942	22
835	2075	22
835	2714	22
835	2749	22
835	2794	22
835	2795	22
835	2798	22
835	2987	22
835	3014	22
835	3163	22
835	3196	22
835	3202	22
835	3337	22
835	3461	22
835	3489	22
835	4227	22
835	4236	22
835	4443	22
835	5579	22
835	5709	22
835	6025	22
835	6862	22
835	7391	22
835	7395	22
838	1175	22
838	1177	22
838	1199	22
838	1972	22
842	2424	22
846	2123	22
852	3161	22
855	968	22
855	991	22
855	1597	22
855	1849	22
855	2921	22
855	5390	22
856	2664	22
856	5421	22
856	6458	22
857	975	22
857	3205	22
857	3583	22
857	4543	22
857	5019	22
857	7033	22
860	4411	22
861	866	22
861	1180	22
861	1232	22
861	2741	22
861	3279	22
863	3093	22
866	1057	22
866	1180	22
866	1232	22
866	4479	22
866	4483	22
866	4616	22
866	4800	22
866	5127	22
867	875	22
867	3512	22
867	3683	22
867	6403	22
870	4366	22
870	5262	22
870	5472	22
870	5873	22
871	931	22
871	1105	22
871	1189	22
871	1866	22
871	2323	22
871	2326	22
871	2804	22
871	2974	22
871	2988	22
871	3229	22
871	3429	22
871	3599	22
871	3659	22
871	3713	22
871	3903	22
871	5009	22
871	5303	22
871	6153	22
872	910	22
875	3512	22
875	3683	22
875	6403	22
876	1175	22
876	1177	22
876	1199	22
876	6086	22
876	6377	22
878	4958	22
878	6767	22
880	2326	22
881	991	22
881	1597	22
882	3529	22
883	4871	22
890	4871	22
890	4941	22
901	3149	22
901	6615	22
901	6616	22
903	910	22
903	1175	22
903	1177	22
903	1877	22
903	3251	22
903	5419	22
903	5833	22
903	5962	22
904	992	22
904	6207	22
904	6958	22
905	4505	22
905	4977	22
906	4875	22
907	1099	22
910	951	22
910	1045	22
910	1097	22
910	1175	22
910	1177	22
910	1218	22
910	1242	22
910	1920	22
910	2047	22
910	2323	22
910	3251	22
910	3538	22
910	3622	22
910	3797	22
910	3903	22
910	3947	22
910	4702	22
910	4987	22
910	5419	22
910	5625	22
910	5907	22
910	6130	22
910	6133	22
910	6162	22
910	6227	22
910	6334	22
910	6432	22
917	992	22
920	991	22
920	1597	22
927	1672	22
927	2972	22
930	1175	22
930	1199	22
930	3839	22
931	1177	22
931	1877	22
931	3839	22
931	6377	22
951	1175	22
951	1177	22
951	3140	22
951	3251	22
951	5910	22
951	6377	22
951	7225	22
959	1114	22
968	991	22
968	2921	22
970	1507	22
970	4930	22
970	4931	22
974	1906	22
981	1136	22
981	6886	22
984	1956	22
984	2326	22
984	4634	22
988	4485	22
988	4490	22
990	1136	22
990	1896	22
990	1899	22
990	2979	22
990	3047	22
990	3569	22
990	3689	22
990	4102	22
990	4230	22
990	4234	22
990	4284	22
990	4338	22
990	4340	22
990	4365	22
990	5005	22
990	5047	22
990	5091	22
990	5141	22
990	5215	22
990	5217	22
990	5394	22
990	5559	22
990	5561	22
990	5613	22
990	5766	22
990	5769	22
990	5938	22
990	6274	22
991	1037	22
991	1038	22
991	1040	22
991	1190	22
991	1195	22
991	1229	22
991	1236	22
991	1375	22
991	1384	22
991	1446	22
991	1597	22
991	2187	22
991	2231	22
991	2743	22
991	2744	22
991	2921	22
991	3069	22
991	3078	22
991	3437	22
991	4109	22
991	4366	22
991	4551	22
991	4731	22
991	4797	22
991	5097	22
991	5175	22
991	5191	22
991	5239	22
991	5624	22
991	5804	22
991	6047	22
991	6290	22
991	6527	22
991	6715	22
991	6785	22
991	6994	22
991	7230	22
991	7352	22
991	7377	22
991	7420	22
992	1031	22
992	1237	22
992	1446	22
992	2187	22
993	1584	22
993	1942	22
993	1968	22
993	2184	22
993	2388	22
993	2588	22
993	2612	22
993	4208	22
993	5117	22
995	1446	22
995	2187	22
996	4505	22
996	4977	22
996	6982	22
1000	3429	22
1009	1175	22
1009	1199	22
1009	5231	22
1020	1175	22
1020	1177	22
1020	1199	22
1031	3160	22
1035	4943	22
1037	1597	22
1037	4731	22
1038	1597	22
1040	1597	22
1042	1063	22
1042	1073	22
1042	1235	22
1042	1803	22
1042	2890	22
1042	5571	22
1044	1175	22
1044	1177	22
1044	1199	22
1044	1877	22
1044	3172	22
1044	3251	22
1044	5419	22
1044	5833	22
1044	6377	22
1045	1175	22
1045	1177	22
1045	3251	22
1045	5419	22
1045	5833	22
1045	5962	22
1046	1130	22
1046	1196	22
1046	1229	22
1046	2754	22
1046	3028	22
1046	4600	22
1046	4781	22
1046	5542	22
1046	5573	22
1047	3047	22
1047	5008	22
1047	5047	22
1047	5769	22
1047	5938	22
1047	6057	22
1048	1972	22
1048	5387	22
1049	1175	22
1049	1199	22
1049	1972	22
1054	3160	22
1055	1175	22
1055	1199	22
1056	2972	22
1056	5997	22
1056	6411	22
1057	2134	22
1057	4616	22
1057	4930	22
1057	4931	22
1066	2921	22
1068	1175	22
1068	1199	22
1068	6984	22
1071	4494	22
1071	4731	22
1071	5006	22
1071	6176	22
1071	7064	22
1072	2105	22
1072	4931	22
1072	5341	22
1072	5756	22
1073	1278	22
1075	1175	22
1075	1877	22
1075	5231	22
1075	6086	22
1077	5073	22
1080	1114	22
1080	4988	22
1080	4999	22
1080	5001	22
1080	5004	22
1080	5006	22
1080	5089	22
1080	5112	22
1080	6200	22
1082	1093	22
1088	4162	22
1088	4237	22
1088	4239	22
1094	1557	22
1094	2257	22
1094	2463	22
1094	3584	22
1094	6984	22
1097	3251	22
1099	5229	22
1099	5874	22
1099	6446	22
1100	2507	22
1100	2603	22
1105	2326	22
1114	1298	22
1129	4650	22
1130	1921	22
1130	4958	22
1130	7358	22
1133	1969	22
1136	3662	22
1136	5495	22
1136	5544	22
1136	5697	22
1136	5773	22
1136	6858	22
1136	7041	22
1155	7251	22
1160	3584	22
1160	6984	22
1172	1931	22
1175	1177	22
1175	1199	22
1175	1257	22
1175	1533	22
1175	1877	22
1175	2047	22
1175	2275	22
1175	2323	22
1175	2464	22
1175	3194	22
1175	3251	22
1175	3690	22
1175	3797	22
1175	3818	22
1175	3903	22
1175	3947	22
1175	3948	22
1175	4140	22
1175	4687	22
1175	4809	22
1175	4987	22
1175	5419	22
1175	5527	22
1175	5625	22
1175	5715	22
1175	5833	22
1175	5907	22
1175	5962	22
1175	6086	22
1175	6100	22
1175	6133	22
1175	6162	22
1175	6194	22
1175	6227	22
1175	6334	22
1175	6432	22
1175	6559	22
1175	6742	22
1175	7019	22
1175	7184	22
1175	7225	22
1177	1199	22
1177	1257	22
1177	1877	22
1177	2047	22
1177	2275	22
1177	2323	22
1177	3194	22
1177	3251	22
1177	3797	22
1177	3818	22
1177	3903	22
1177	3948	22
1177	4140	22
1177	4687	22
1177	4987	22
1177	5419	22
1177	5625	22
1177	5715	22
1177	5833	22
1177	5907	22
1177	5962	22
1177	6100	22
1177	6133	22
1177	6162	22
1177	6227	22
1177	6230	22
1177	6377	22
1177	6432	22
1177	7019	22
1177	7184	22
1177	7225	22
1186	1636	22
1186	1638	22
1186	5695	22
1186	5805	22
1186	6116	22
1189	1213	22
1189	1866	22
1189	3429	22
1190	5365	22
1191	5962	22
1191	6377	22
1192	5910	22
1194	6615	22
1194	6616	22
1195	1597	22
1196	1215	22
1196	1229	22
1196	4441	22
1196	4483	22
1196	4648	22
1196	4674	22
1196	4800	22
1196	4988	22
1199	1257	22
1199	1446	22
1199	1718	22
1199	3931	22
1199	5231	22
1199	5625	22
1199	6275	22
1199	6366	22
1199	6984	22
1201	2972	22
1213	2949	22
1213	4629	22
1213	4652	22
1213	4656	22
1213	4987	22
1213	5009	22
1218	3251	22
1218	5910	22
1229	4215	22
1229	5821	22
1234	3160	22
1234	4494	22
1234	4731	22
1235	3438	22
1235	5967	22
1235	6615	22
1235	6616	22
1236	1597	22
1236	5148	22
1240	2727	22
1240	4693	22
1240	6050	22
1242	1691	22
1242	1877	22
1242	3251	22
1252	2069	22
1256	2916	22
1258	1691	22
1262	7251	22
1264	7346	22
1265	6795	22
1265	6937	22
1265	7308	22
1269	6615	22
1269	6616	22
1271	2307	22
1278	1674	22
1278	1699	22
1278	2229	22
1278	4126	22
1278	4343	22
1278	5248	22
1302	1816	22
1302	2879	22
1302	3068	22
1302	3236	22
1336	1418	22
1336	4365	22
1336	5869	22
1350	2232	22
1350	2755	22
1350	3018	22
1350	3690	22
1350	4755	22
1350	5489	22
1350	5926	22
1352	1409	22
1352	3713	22
1352	4099	22
1352	4587	22
1352	6949	22
1360	1380	22
1360	3438	22
1362	2134	22
1362	3099	22
1362	4616	22
1375	1597	22
1375	4490	22
1380	4301	22
1383	5514	22
1384	1597	22
1384	4490	22
1391	1593	22
1395	7004	22
1409	1523	22
1409	1555	22
1409	1637	22
1409	1647	22
1410	1703	22
1410	1804	22
1410	5709	22
1410	6390	22
1417	2760	22
1418	1518	22
1418	1540	22
1418	1600	22
1418	2075	22
1418	2288	22
1418	3081	22
1418	3663	22
1418	3699	22
1418	3810	22
1418	3821	22
1418	4365	22
1418	5846	22
1418	5961	22
1418	6409	22
1444	2777	22
1444	2789	22
1444	2979	22
1444	3503	22
1444	3569	22
1444	4031	22
1444	4099	22
1444	4228	22
1444	4344	22
1444	4884	22
1444	5217	22
1444	5221	22
1444	6019	22
1444	6146	22
1446	2758	22
1446	3438	22
1446	4215	22
1446	4216	22
1446	4235	22
1446	4254	22
1446	4685	22
1446	4762	22
1446	4870	22
1446	5035	22
1446	5246	22
1446	5347	22
1446	6616	22
1446	6795	22
1450	1476	22
1454	5282	22
1454	6795	22
1454	6937	22
1454	7308	22
1457	1490	22
1476	2626	22
1482	1565	22
1484	2942	22
1484	3038	22
1490	1514	22
1490	1607	22
1490	3073	22
1493	6615	22
1493	6616	22
1498	3673	22
1498	4036	22
1498	7154	22
1504	1972	22
1504	5387	22
1507	5665	22
1518	1711	22
1518	1896	22
1518	1899	22
1518	1906	22
1518	1935	22
1518	2588	22
1518	2979	22
1518	3488	22
1518	3689	22
1518	3782	22
1518	3935	22
1518	4284	22
1518	4365	22
1518	5394	22
1518	5559	22
1518	5613	22
1518	5641	22
1518	5758	22
1518	6511	22
1523	1647	22
1523	2153	22
1523	2737	22
1533	1691	22
1533	5833	22
1534	1866	22
1534	1956	22
1534	2326	22
1540	6679	22
1552	6195	22
1556	4821	22
1557	4849	22
1564	2857	22
1564	2880	22
1564	4650	22
1564	4656	22
1565	2414	22
1571	6275	22
1572	1602	22
1573	7178	22
1573	7310	22
1574	2949	22
1574	7426	22
1576	2604	22
1576	4465	22
1576	4650	22
1578	1593	22
1578	3479	22
1584	1732	22
1584	1968	22
1584	2555	22
1584	3140	22
1584	3400	22
1584	4875	22
1584	4884	22
1584	5357	22
1586	2472	22
1586	3713	22
1586	5273	22
1586	5547	22
1593	5887	22
1593	5905	22
1593	6582	22
1593	7068	22
1597	2743	22
1597	2921	22
1597	3069	22
1597	3437	22
1597	5191	22
1597	6785	22
1597	7230	22
1597	7352	22
1597	7420	22
1600	4228	22
1605	1711	22
1605	1881	22
1605	3047	22
1605	5008	22
1605	5047	22
1605	6039	22
1610	3839	22
1612	6854	22
1613	1655	22
1613	7133	22
1620	3708	22
1620	5012	22
1627	7004	22
1628	7004	22
1634	1732	22
1634	2588	22
1634	3400	22
1634	4488	22
1634	5124	22
1634	5805	22
1634	6105	22
1636	1638	22
1636	1654	22
1636	1916	22
1636	2054	22
1636	2948	22
1636	3040	22
1636	3129	22
1638	1654	22
1638	2948	22
1638	2950	22
1638	3129	22
1646	1732	22
1646	1735	22
1646	1968	22
1646	4884	22
1646	5444	22
1647	3766	22
1648	1916	22
1648	2054	22
1654	2950	22
1654	5695	22
1655	6219	22
1668	1956	22
1668	4505	22
1668	4977	22
1672	2053	22
1673	2222	22
1673	2999	22
1677	2103	22
1677	4284	22
1677	5536	22
1677	6511	22
1678	2066	22
1679	4031	22
1691	1920	22
1691	2029	22
1691	3538	22
1694	2719	22
1694	4639	22
1694	5626	22
1694	6472	22
1699	1916	22
1699	2054	22
1699	3047	22
1699	5008	22
1699	5047	22
1699	7130	22
1703	4130	22
1706	3150	22
1707	2395	22
1707	6008	22
1708	1716	22
1708	1735	22
1708	6795	22
1711	1879	22
1711	1881	22
1711	1998	22
1711	2075	22
1711	2421	22
1711	2796	22
1711	3047	22
1711	3812	22
1711	3822	22
1711	4882	22
1711	4929	22
1711	5192	22
1712	1906	22
1712	2762	22
1712	6330	22
1716	1889	22
1716	1906	22
1716	3664	22
1716	5544	22
1716	5626	22
1716	5709	22
1716	5806	22
1716	5884	22
1716	6084	22
1716	6448	22
1716	6472	22
1716	6886	22
1722	2079	22
1722	2979	22
1722	5055	22
1722	5817	22
1722	5837	22
1722	6332	22
1730	2942	22
1732	1968	22
1732	2108	22
1732	2372	22
1732	2399	22
1732	2471	22
1732	2555	22
1732	2612	22
1732	5117	22
1734	4637	22
1735	1914	22
1735	1919	22
1735	2162	22
1735	2239	22
1735	2317	22
1735	2939	22
1735	4075	22
1735	4639	22
1735	7337	22
1737	4031	22
1741	2942	22
1742	1972	22
1742	3931	22
1742	6275	22
1748	3599	22
1750	3438	22
1750	4684	22
1761	2043	22
1761	2588	22
1761	3776	22
1761	3842	22
1761	4015	22
1761	4639	22
1768	1916	22
1768	2040	22
1768	2054	22
1768	2317	22
1769	1916	22
1769	3488	22
1773	1889	22
1773	6795	22
1773	6937	22
1774	1896	22
1774	5769	22
1774	5938	22
1774	6016	22
1774	6057	22
1774	6511	22
1781	4505	22
1781	4977	22
1781	6982	22
1789	1896	22
1789	5613	22
1789	5869	22
1799	4505	22
1799	7249	22
1803	2942	22
1803	2972	22
1803	5304	22
1816	2646	22
1816	5748	22
1821	4356	22
1821	4540	22
1823	5365	22
1826	7330	22
1826	7331	22
1833	4485	22
1834	2603	22
1834	2775	22
1834	3161	22
1834	3236	22
1834	6707	22
1834	6787	22
1837	1894	22
1845	2181	22
1847	2310	22
1847	5000	22
1847	6523	22
1847	7293	22
1847	7353	22
1866	2326	22
1866	3229	22
1866	3429	22
1866	3599	22
1866	5009	22
1877	2123	22
1877	2275	22
1877	2323	22
1877	2371	22
1877	2576	22
1877	2619	22
1877	2645	22
1877	3797	22
1877	3903	22
1877	5419	22
1877	5833	22
1877	5962	22
1877	6133	22
1877	6162	22
1877	6194	22
1877	6227	22
1877	6432	22
1877	7147	22
1877	7150	22
1878	1881	22
1879	1881	22
1879	2017	22
1879	2421	22
1879	3822	22
1879	4886	22
1879	5192	22
1879	6061	22
1881	1928	22
1881	1998	22
1881	2050	22
1881	2075	22
1881	2421	22
1881	2796	22
1881	3822	22
1881	3907	22
1881	5047	22
1881	5192	22
1881	5932	22
1881	5959	22
1881	6061	22
1889	2719	22
1889	4174	22
1889	5016	22
1889	6084	22
1890	4355	22
1890	4505	22
1890	4977	22
1890	6982	22
1893	2240	22
1893	5817	22
1893	5837	22
1896	2075	22
1896	5385	22
1896	5613	22
1896	5869	22
1897	2979	22
1899	5287	22
1899	5394	22
1899	5504	22
1899	5508	22
1899	5561	22
1899	5945	22
1899	6274	22
1902	5365	22
1905	6615	22
1905	6616	22
1906	2057	22
1906	2466	22
1906	3900	22
1906	5306	22
1906	5445	22
1906	5579	22
1906	5933	22
1906	6330	22
1912	2240	22
1912	2690	22
1912	3400	22
1912	5167	22
1912	5640	22
1913	3766	22
1913	4031	22
1913	4099	22
1913	4505	22
1913	4977	22
1913	5016	22
1914	4505	22
1914	5769	22
1914	5938	22
1914	6057	22
1916	2040	22
1916	2054	22
1916	2116	22
1916	2230	22
1916	2250	22
1916	2293	22
1916	2317	22
1916	2327	22
1916	2328	22
1916	4128	22
1916	6268	22
1918	2410	22
1918	2967	22
1918	3142	22
1918	3198	22
1918	3199	22
1918	3321	22
1918	3514	22
1918	3731	22
1918	3921	22
1918	4151	22
1918	4332	22
1918	4474	22
1918	4964	22
1918	5056	22
1918	5138	22
1918	5272	22
1918	5305	22
1918	5344	22
1918	6307	22
1918	7260	22
1920	3251	22
1921	7358	22
1927	2395	22
1928	5192	22
1935	2075	22
1935	5126	22
1935	5561	22
1935	5945	22
1956	2736	22
1956	5783	22
1966	2292	22
1966	4965	22
1968	2108	22
1968	2372	22
1968	2399	22
1968	2471	22
1968	2555	22
1968	2612	22
1968	3140	22
1968	5117	22
1970	4154	22
1971	2707	22
1971	5769	22
1971	5914	22
1971	5938	22
1971	6057	22
1972	2410	22
1972	2741	22
1972	2755	22
1972	2771	22
1972	2940	22
1972	3018	22
1972	3127	22
1972	4613	22
1972	5387	22
1972	6211	22
1972	6891	22
1975	3796	22
1998	2317	22
1998	2588	22
2010	2916	22
2010	5193	22
2010	6713	22
2010	7014	22
2017	2979	22
2017	3211	22
2017	4284	22
2032	2075	22
2032	2532	22
2032	5047	22
2032	7268	22
2037	4875	22
2040	2136	22
2040	2293	22
2040	2317	22
2040	2327	22
2040	2328	22
2040	5122	22
2043	2588	22
2043	3700	22
2043	7130	22
2047	3251	22
2050	5047	22
2050	5769	22
2050	5938	22
2050	6057	22
2054	2116	22
2054	2230	22
2054	2250	22
2054	2293	22
2054	2317	22
2054	2327	22
2054	2328	22
2054	4128	22
2054	6268	22
2056	2123	22
2064	6866	22
2064	7363	22
2072	5819	22
2072	6050	22
2075	2916	22
2075	2918	22
2075	2979	22
2075	3047	22
2075	3488	22
2075	3689	22
2075	3810	22
2075	4339	22
2075	4365	22
2075	4565	22
2075	4884	22
2075	5047	22
2075	5394	22
2075	5536	22
2075	5613	22
2075	5746	22
2075	5769	22
2075	5817	22
2075	5869	22
2075	5938	22
2075	5959	22
2075	6057	22
2075	6108	22
2075	6274	22
2075	6332	22
2075	6679	22
2075	7046	22
2079	2635	22
2079	2979	22
2079	3365	22
2079	4946	22
2079	5050	22
2079	5055	22
2079	5764	22
2079	5817	22
2079	6189	22
2089	2240	22
2089	4339	22
2089	6332	22
2103	2979	22
2103	5528	22
2103	5529	22
2103	5693	22
2103	5764	22
2103	6141	22
2105	4393	22
2105	5127	22
2108	2319	22
2108	2555	22
2108	4884	22
2115	5769	22
2115	5938	22
2115	6057	22
2116	6764	22
2123	2502	22
2123	3675	22
2123	5011	22
2123	5387	22
2123	6275	22
2123	6299	22
2123	6366	22
2124	4977	22
2125	5769	22
2129	3172	22
2129	5910	22
2131	5769	22
2131	5938	22
2131	6016	22
2131	6057	22
2131	6511	22
2134	4988	22
2135	2789	22
2136	2317	22
2142	3708	22
2152	3569	22
2152	3782	22
2155	2181	22
2162	2317	22
2172	5811	22
2172	5878	22
2172	6294	22
2172	6295	22
2172	6308	22
2172	6562	22
2187	3367	22
2187	3409	22
2187	3438	22
2187	3445	22
2187	3547	22
2187	3610	22
2187	3680	22
2187	4215	22
2187	4216	22
2187	4218	22
2187	4235	22
2187	4254	22
2187	4684	22
2187	4685	22
2187	4870	22
2187	4930	22
2187	5035	22
2187	5510	22
2187	5967	22
2187	6166	22
2187	6514	22
2187	6795	22
2197	2240	22
2197	2319	22
2197	2918	22
2197	2979	22
2197	4112	22
2197	4946	22
2197	5411	22
2197	5622	22
2197	5764	22
2197	5817	22
2197	5837	22
2197	6332	22
2197	6679	22
2221	2555	22
2221	5357	22
2222	5805	22
2230	2317	22
2231	5967	22
2232	2257	22
2232	2290	22
2232	2463	22
2232	4490	22
2234	3429	22
2239	5865	22
2239	5899	22
2240	2314	22
2240	2319	22
2240	3140	22
2240	4792	22
2246	2307	22
2251	4103	22
2251	4333	22
2251	4338	22
2251	5047	22
2257	2463	22
2257	4849	22
2257	5135	22
2257	5489	22
2257	5997	22
2261	2317	22
2261	7431	22
2275	3172	22
2275	5419	22
2275	5833	22
2275	5962	22
2275	6377	22
2288	4365	22
2288	5488	22
2288	5758	22
2290	3193	22
2293	2317	22
2294	4897	22
2299	4637	22
2299	4735	22
2301	2326	22
2301	4634	22
2303	2410	22
2303	2672	22
2306	3530	22
2306	4305	22
2306	7052	22
2307	2350	22
2307	3822	22
2313	5046	22
2313	5155	22
2313	6222	22
2317	2327	22
2317	2328	22
2317	2720	22
2318	5106	22
2319	4792	22
2319	6946	22
2321	3058	22
2323	3839	22
2323	5419	22
2323	5833	22
2323	5962	22
2323	6086	22
2323	6377	22
2323	7225	22
2326	2790	22
2326	2804	22
2326	2988	22
2326	3229	22
2326	3429	22
2326	5009	22
2326	6226	22
2339	4637	22
2339	4735	22
2354	7001	22
2371	2576	22
2371	2619	22
2380	4610	22
2380	5085	22
2384	2573	22
2385	2676	22
2385	2680	22
2385	2857	22
2385	4656	22
2388	3400	22
2388	4875	22
2388	5769	22
2392	2667	22
2393	6795	22
2393	6937	22
2395	2395	22
2395	6008	22
2395	6390	22
2399	2555	22
2410	3921	22
2421	5192	22
2422	2528	22
2422	5847	22
2439	4977	22
2441	6765	22
2442	3569	22
2442	4230	22
2442	4233	22
2442	4338	22
2442	4340	22
2442	5005	22
2442	5091	22
2442	5141	22
2445	2979	22
2445	3569	22
2445	4230	22
2445	4233	22
2445	4338	22
2445	4340	22
2445	5005	22
2445	5091	22
2445	5141	22
2445	5217	22
2445	5221	22
2448	4587	22
2448	6225	22
2463	4490	22
2463	4849	22
2463	5135	22
2463	5489	22
2464	3172	22
2464	5419	22
2464	5833	22
2464	5962	22
2464	7225	22
2466	2588	22
2466	3488	22
2466	6511	22
2467	2549	22
2467	4031	22
2468	2549	22
2468	4031	22
2468	6366	22
2472	2914	22
2472	2915	22
2472	4129	22
2482	4230	22
2482	5141	22
2492	3664	22
2492	4027	22
2492	5012	22
2492	5581	22
2492	5698	22
2492	5769	22
2492	5800	22
2492	5801	22
2492	6040	22
2492	6298	22
2492	6448	22
2492	6656	22
2492	6955	22
2492	7087	22
2495	2507	22
2495	6597	22
2500	3679	22
2502	2549	22
2502	3931	22
2502	4031	22
2502	5011	22
2502	6275	22
2502	6366	22
2506	2646	22
2506	7231	22
2506	7354	22
2507	2651	22
2524	3547	22
2524	3610	22
2524	3680	22
2524	4215	22
2524	4685	22
2524	5510	22
2524	6166	22
2524	6514	22
2525	7330	22
2532	5047	22
2535	2603	22
2536	7302	22
2538	6765	22
2541	2542	22
2541	7300	22
2542	7300	22
2548	3438	22
2548	4684	22
2548	5967	22
2549	4031	22
2549	7086	22
2554	3794	22
2554	3800	22
2554	3910	22
2554	6648	22
2554	7328	22
2555	2612	22
2555	5117	22
2555	6001	22
2557	5748	22
2560	2588	22
2560	3149	22
2561	5860	22
2570	3489	22
2570	6309	22
2575	3009	22
2575	3583	22
2575	4488	22
2575	4543	22
2575	7144	22
2585	7309	22
2588	2612	22
2588	3014	22
2588	3026	22
2588	3700	22
2588	3776	22
2588	3811	22
2588	3842	22
2588	3957	22
2588	4015	22
2588	4040	22
2588	4639	22
2588	5117	22
2588	5488	22
2588	5581	22
2588	5884	22
2588	5936	22
2588	6042	22
2588	6180	22
2588	6267	22
2592	3766	22
2592	5016	22
2603	2775	22
2603	3161	22
2603	6787	22
2604	2875	22
2604	5536	22
2610	2758	22
2610	3438	22
2611	3438	22
2611	3680	22
2611	4215	22
2612	5357	22
2614	6468	22
2614	7386	22
2617	3367	22
2617	3438	22
2617	3547	22
2617	3610	22
2617	3680	22
2617	4215	22
2617	4218	22
2617	4685	22
2617	5035	22
2617	5510	22
2617	6166	22
2617	6514	22
2623	2676	22
2623	2680	22
2623	2857	22
2623	4656	22
2623	6767	22
2628	2979	22
2635	3700	22
2635	3717	22
2645	3226	22
2645	7357	22
2646	4151	22
2656	5962	22
2664	4977	22
2676	2680	22
2676	2949	22
2676	4656	22
2676	6575	22
2676	6622	22
2680	2880	22
2680	2949	22
2680	4656	22
2680	4861	22
2680	5983	22
2680	6575	22
2680	6622	22
2690	5737	22
2703	3064	22
2703	4733	22
2704	6431	22
2707	4031	22
2707	5224	22
2707	5899	22
2714	3267	22
2716	7047	22
2719	2758	22
2719	3438	22
2719	4684	22
2719	5967	22
2725	3434	22
2725	3438	22
2725	4684	22
2725	5769	22
2725	5938	22
2725	5967	22
2725	6057	22
2725	6615	22
2725	6616	22
2727	4693	22
2732	4505	22
2735	3438	22
2735	4684	22
2735	5967	22
2736	4505	22
2736	4977	22
2741	5387	22
2745	7173	22
2746	5512	22
2747	3616	22
2747	5512	22
2752	5950	22
2752	7253	22
2752	7281	22
2752	7343	22
2753	2857	22
2753	2875	22
2753	4652	22
2754	4494	22
2754	4648	22
2754	4731	22
2754	4941	22
2755	3690	22
2755	5387	22
2758	2869	22
2758	2987	22
2758	2997	22
2758	3328	22
2758	3438	22
2758	3522	22
2758	4084	22
2758	4979	22
2758	5153	22
2758	5873	22
2762	5911	22
2762	6845	22
2762	6846	22
2766	2801	22
2768	2789	22
2768	4344	22
2768	4884	22
2771	5387	22
2775	3161	22
2776	3429	22
2777	4048	22
2777	4096	22
2777	4103	22
2777	4231	22
2777	4482	22
2777	5209	22
2777	5215	22
2777	6929	22
2779	2956	22
2779	3367	22
2779	3547	22
2779	3610	22
2779	3680	22
2779	4215	22
2779	5035	22
2779	5510	22
2779	6514	22
2789	4344	22
2789	4884	22
2793	2898	22
2793	5124	22
2793	5805	22
2794	2798	22
2794	4094	22
2794	4221	22
2794	5068	22
2796	3047	22
2796	5008	22
2796	5047	22
2796	5908	22
2803	3149	22
2804	4958	22
2821	5419	22
2831	3020	22
2854	5695	22
2857	2880	22
2857	3236	22
2857	4465	22
2857	4629	22
2857	4650	22
2857	4651	22
2857	4652	22
2857	4656	22
2857	4861	22
2857	5983	22
2857	6023	22
2857	6575	22
2864	2942	22
2869	3438	22
2869	4599	22
2869	4625	22
2869	6615	22
2869	6616	22
2875	2918	22
2875	3005	22
2875	3026	22
2875	3569	22
2875	4236	22
2875	4333	22
2875	4338	22
2875	6187	22
2879	4958	22
2880	3161	22
2880	4650	22
2880	4652	22
2880	4656	22
2881	5547	22
2887	3438	22
2887	5967	22
2898	3008	22
2898	3198	22
2914	5512	22
2915	3616	22
2915	5547	22
2916	3061	22
2916	5102	22
2916	5883	22
2916	6349	22
2916	6679	22
2918	2979	22
2918	3005	22
2918	3026	22
2918	3061	22
2918	3649	22
2918	4133	22
2918	4174	22
2918	5373	22
2918	5546	22
2918	5565	22
2918	5622	22
2918	5817	22
2918	5883	22
2918	6187	22
2918	6946	22
2924	2929	22
2924	6820	22
2928	5547	22
2929	5547	22
2935	7297	22
2939	4505	22
2939	4977	22
2939	5806	22
2940	5387	22
2942	3063	22
2942	7408	22
2942	7419	22
2948	3040	22
2949	3014	22
2949	3782	22
2949	4371	22
2949	5512	22
2950	3040	22
2950	3129	22
2950	3809	22
2950	7436	22
2955	3036	22
2956	2999	22
2956	3067	22
2956	7304	22
2956	7320	22
2958	3036	22
2959	4587	22
2959	5364	22
2959	6333	22
2959	6892	22
2963	6391	22
2963	6466	22
2964	6377	22
2967	3198	22
2967	3299	22
2967	4958	22
2967	4964	22
2967	5272	22
2967	5305	22
2967	6307	22
2972	3021	22
2972	5415	22
2972	5713	22
2972	6038	22
2974	4371	22
2974	6403	22
2975	3438	22
2975	4684	22
2978	3040	22
2979	3365	22
2979	3488	22
2979	3664	22
2979	3802	22
2979	3810	22
2979	3912	22
2979	4174	22
2979	4209	22
2979	4300	22
2979	4339	22
2979	4368	22
2979	4393	22
2979	4443	22
2979	4792	22
2979	4909	22
2979	4962	22
2979	5047	22
2979	5141	22
2979	5204	22
2979	5209	22
2979	5277	22
2979	5356	22
2979	5411	22
2979	5541	22
2979	5565	22
2979	5594	22
2979	5614	22
2979	5622	22
2979	5672	22
2979	5746	22
2979	5773	22
2979	5831	22
2979	5883	22
2979	6057	22
2979	6164	22
2979	6189	22
2979	6448	22
2979	6473	22
2987	3438	22
2987	5928	22
2991	4093	22
2991	6795	22
2991	6937	22
2997	3438	22
3005	3061	22
3005	3569	22
3005	5883	22
3008	3092	22
3008	3803	22
3009	3092	22
3009	4488	22
3009	5444	22
3009	6106	22
3009	6107	22
3009	6259	22
3014	5433	22
3016	3616	22
3018	3690	22
3018	5387	22
3020	6763	22
3023	4236	22
3025	3429	22
3025	4227	22
3025	4333	22
3026	3061	22
3026	3428	22
3026	3569	22
3026	4103	22
3026	4505	22
3026	4977	22
3026	5883	22
3028	3569	22
3035	6377	22
3036	3669	22
3036	7283	22
3036	7351	22
3038	4561	22
3038	5960	22
3038	6158	22
3038	6263	22
3038	7405	22
3040	3565	22
3040	3918	22
3041	5512	22
3047	3644	22
3047	3652	22
3047	3812	22
3047	3822	22
3047	3925	22
3047	4876	22
3047	4882	22
3047	4958	22
3047	5008	22
3047	5047	22
3047	5356	22
3047	5560	22
3047	5672	22
3047	5764	22
3047	6486	22
3047	6837	22
3058	3429	22
3061	4116	22
3061	4133	22
3061	4174	22
3061	4792	22
3061	5008	22
3061	5317	22
3061	5546	22
3061	5565	22
3061	5622	22
3061	5817	22
3061	5883	22
3061	6187	22
3061	6188	22
3061	6946	22
3061	7112	22
3063	6795	22
3063	6937	22
3063	7357	22
3068	4958	22
3081	3689	22
3081	3699	22
3081	3810	22
3081	4365	22
3081	5536	22
3085	3631	22
3089	3148	22
3089	3150	22
3089	3669	22
3089	4490	22
3090	4186	22
3090	4216	22
3090	4254	22
3090	4941	22
3092	3136	22
3092	3285	22
3098	3409	22
3099	3680	22
3099	4599	22
3099	5148	22
3127	5387	22
3132	3196	22
3132	3202	22
3132	3249	22
3132	3254	22
3132	3276	22
3132	3594	22
3132	3595	22
3132	3708	22
3132	3837	22
3136	3283	22
3136	3285	22
3136	3803	22
3136	6106	22
3136	6107	22
3136	6259	22
3140	4365	22
3142	3533	22
3142	3921	22
3142	6500	22
3144	3631	22
3148	3669	22
3148	3793	22
3148	5550	22
3149	3440	22
3149	4997	22
3149	5195	22
3149	5481	22
3149	6650	22
3149	6824	22
3149	6833	22
3149	6973	22
3149	6994	22
3149	7005	22
3150	3793	22
3150	4490	22
3150	4586	22
3150	5926	22
3152	3839	22
3152	6377	22
3160	3535	22
3160	4483	22
3160	5404	22
3160	6097	22
3161	3236	22
3161	3347	22
3161	3570	22
3161	4629	22
3161	6787	22
3172	3903	22
3172	4140	22
3172	4166	22
3172	4687	22
3172	5625	22
3172	5833	22
3172	6100	22
3172	6432	22
3172	6742	22
3172	7019	22
3172	7341	22
3177	4897	22
3181	3569	22
3181	4505	22
3188	5469	22
3193	3347	22
3193	3351	22
3193	4490	22
3193	5550	22
3194	5419	22
3194	5833	22
3194	5962	22
3196	3202	22
3196	3249	22
3196	3276	22
3196	3594	22
3196	3595	22
3196	3708	22
3196	3900	22
3198	3921	22
3198	5813	22
3198	6032	22
3198	6915	22
3198	7249	22
3200	4731	22
3200	5148	22
3202	3900	22
3205	3210	22
3210	6984	22
3211	4886	22
3212	3631	22
3220	7296	22
3226	6795	22
3231	3438	22
3236	4656	22
3249	3708	22
3251	3622	22
3251	3797	22
3251	3903	22
3251	3947	22
3251	4987	22
3251	5625	22
3251	5833	22
3251	5907	22
3251	6100	22
3251	6133	22
3251	6162	22
3251	6227	22
3251	6334	22
3251	6432	22
3253	5469	22
3254	3708	22
3259	4871	22
3259	5148	22
3267	3830	22
3276	3708	22
3278	4505	22
3283	3285	22
3283	3385	22
3283	3583	22
3283	3789	22
3283	4543	22
3285	3470	22
3290	3932	22
3299	3921	22
3302	7064	22
3307	3598	22
3307	3631	22
3313	3353	22
3313	3445	22
3321	3921	22
3322	3385	22
3327	3438	22
3327	4684	22
3327	5967	22
3328	3438	22
3328	4684	22
3328	5967	22
3332	3438	22
3332	5967	22
3335	6615	22
3335	6616	22
3347	3351	22
3347	5011	22
3349	6195	22
3351	4490	22
3351	5926	22
3351	5997	22
3352	3367	22
3352	3438	22
3352	3547	22
3352	3610	22
3352	3680	22
3352	4215	22
3352	4216	22
3352	4218	22
3352	4254	22
3352	4684	22
3352	4685	22
3352	4870	22
3352	5035	22
3352	5510	22
3352	5967	22
3352	6166	22
3352	6514	22
3353	3409	22
3353	3444	22
3353	5647	22
3366	3472	22
3367	3547	22
3367	3559	22
3367	3610	22
3367	3680	22
3367	4091	22
3367	4173	22
3367	4188	22
3367	4215	22
3367	4218	22
3367	4294	22
3367	4457	22
3367	4557	22
3367	4685	22
3367	4780	22
3367	4839	22
3367	4870	22
3367	5035	22
3367	5468	22
3367	5510	22
3367	5585	22
3367	5593	22
3367	5853	22
3367	6026	22
3367	6166	22
3367	6469	22
3367	6514	22
3367	6962	22
3367	6963	22
3367	7406	22
3385	5444	22
3385	6106	22
3385	6259	22
3387	3409	22
3387	3445	22
3400	3807	22
3400	5192	22
3400	6471	22
3409	3444	22
3409	3445	22
3409	3493	22
3409	4668	22
3409	4966	22
3409	5077	22
3409	5108	22
3409	5897	22
3428	3762	22
3428	4014	22
3428	4131	22
3428	4505	22
3428	4729	22
3428	5071	22
3428	7241	22
3428	7439	22
3434	4027	22
3438	3440	22
3438	3461	22
3438	3465	22
3438	3522	22
3438	3523	22
3438	4084	22
3438	4162	22
3438	4188	22
3438	4237	22
3438	4313	22
3438	4684	22
3438	4819	22
3438	4966	22
3438	4979	22
3438	5057	22
3438	5108	22
3438	5153	22
3438	5470	22
3438	5754	22
3438	5835	22
3438	5874	22
3438	5956	22
3438	5967	22
3438	6047	22
3441	5318	22
3444	3493	22
3444	4301	22
3444	4355	22
3444	4668	22
3444	7294	22
3445	4966	22
3445	5108	22
3445	5585	22
3455	3533	22
3455	6500	22
3455	6854	22
3460	3530	22
3460	4305	22
3460	7369	22
3462	3547	22
3462	4215	22
3463	3921	22
3470	3803	22
3470	6106	22
3470	6107	22
3472	7301	22
3479	5619	22
3479	6468	22
3479	7386	22
3479	7440	22
3488	3583	22
3488	3934	22
3488	4028	22
3488	4368	22
3488	4543	22
3488	6111	22
3489	6309	22
3493	7294	22
3500	7004	22
3503	7130	22
3514	3921	22
3520	5318	22
3522	4684	22
3522	5967	22
3522	6615	22
3522	6616	22
3529	3536	22
3530	4055	22
3530	4076	22
3530	4256	22
3530	4305	22
3530	4374	22
3530	7016	22
3533	4593	22
3533	5330	22
3533	5909	22
3533	6500	22
3533	6854	22
3536	6624	22
3547	3559	22
3547	3610	22
3547	3680	22
3547	4091	22
3547	4188	22
3547	4215	22
3547	4218	22
3547	4294	22
3547	4328	22
3547	4457	22
3547	4557	22
3547	4619	22
3547	4685	22
3547	4839	22
3547	4947	22
3547	5035	22
3547	5510	22
3547	5582	22
3547	5583	22
3547	5585	22
3547	5593	22
3547	5822	22
3547	5853	22
3547	5957	22
3547	6166	22
3547	6277	22
3547	6514	22
3547	7011	22
3559	3610	22
3559	3680	22
3559	4215	22
3559	6514	22
3565	3918	22
3568	3803	22
3569	3646	22
3569	3963	22
3569	4102	22
3569	4125	22
3569	4127	22
3569	4129	22
3569	4195	22
3569	4196	22
3569	4206	22
3569	4213	22
3569	4217	22
3569	4236	22
3569	4288	22
3569	4309	22
3569	4339	22
3569	4340	22
3569	4377	22
3569	4385	22
3569	4853	22
3569	4960	22
3569	4967	22
3569	4983	22
3569	4998	22
3569	5005	22
3569	5072	22
3569	5091	22
3569	5123	22
3569	5221	22
3569	5248	22
3569	5250	22
3569	5456	22
3569	6293	22
3569	6590	22
3569	6729	22
3569	6732	22
3569	6733	22
3569	6797	22
3569	6857	22
3569	6903	22
3569	6967	22
3569	7183	22
3569	7217	22
3570	4656	22
3583	4488	22
3583	5124	22
3584	3815	22
3584	4490	22
3584	5550	22
3590	7291	22
3594	3708	22
3595	3708	22
3598	3631	22
3598	3730	22
3598	6068	22
3599	5181	22
3604	4565	22
3604	6833	22
3610	3680	22
3610	4091	22
3610	4173	22
3610	4188	22
3610	4215	22
3610	4218	22
3610	4294	22
3610	4457	22
3610	4557	22
3610	4685	22
3610	4780	22
3610	4839	22
3610	4870	22
3610	4947	22
3610	5035	22
3610	5468	22
3610	5510	22
3610	5582	22
3610	5583	22
3610	5585	22
3610	5593	22
3610	5754	22
3610	5822	22
3610	5853	22
3610	5957	22
3610	6026	22
3610	6166	22
3610	6514	22
3610	7011	22
3616	3747	22
3616	5074	22
3616	5078	22
3616	5512	22
3616	6121	22
3616	6322	22
3616	6443	22
3616	6490	22
3616	6711	22
3616	6727	22
3631	6648	22
3631	7131	22
3631	7158	22
3631	7165	22
3631	7379	22
3644	5008	22
3644	5047	22
3644	5769	22
3644	5938	22
3644	6057	22
3646	4230	22
3652	5008	22
3652	5047	22
3654	7046	22
3659	5419	22
3662	5769	22
3662	6016	22
3662	6511	22
3663	3689	22
3663	4365	22
3663	5613	22
3663	6314	22
3664	5769	22
3664	5938	22
3664	6057	22
3666	4031	22
3669	3793	22
3669	5020	22
3675	3931	22
3675	6275	22
3676	6275	22
3680	4091	22
3680	4162	22
3680	4173	22
3680	4188	22
3680	4201	22
3680	4215	22
3680	4294	22
3680	4457	22
3680	4557	22
3680	4685	22
3680	4780	22
3680	4839	22
3680	4870	22
3680	4947	22
3680	5035	22
3680	5468	22
3680	5510	22
3680	5582	22
3680	5583	22
3680	5585	22
3680	5593	22
3680	5754	22
3680	5822	22
3680	5853	22
3680	5957	22
3680	6026	22
3680	6166	22
3680	6177	22
3680	6277	22
3680	6514	22
3680	7011	22
3689	3753	22
3689	3810	22
3689	4297	22
3689	4360	22
3689	5126	22
3689	5287	22
3689	5336	22
3689	5613	22
3689	5836	22
3689	6314	22
3689	6834	22
3689	6991	22
3690	3788	22
3690	3839	22
3690	3931	22
3690	4033	22
3690	4613	22
3690	5011	22
3690	5387	22
3690	6086	22
3690	6211	22
3690	6275	22
3690	6377	22
3690	6417	22
3690	6464	22
3690	6559	22
3699	4365	22
3700	4284	22
3700	4365	22
3700	5047	22
3700	5102	22
3700	5192	22
3700	5408	22
3700	5536	22
3700	5559	22
3700	5662	22
3700	5764	22
3700	5999	22
3700	6039	22
3700	6376	22
3700	6486	22
3702	5456	22
3707	7308	22
3708	3900	22
3708	6375	22
3708	6691	22
3708	6752	22
3708	7136	22
3713	3892	22
3715	4030	22
3717	6163	22
3727	5512	22
3729	4159	22
3743	4240	22
3743	4262	22
3743	6615	22
3743	6616	22
3753	3810	22
3753	3935	22
3753	5769	22
3753	5938	22
3753	6016	22
3753	6057	22
3753	6511	22
3753	6834	22
3766	5016	22
3766	5225	22
3766	5543	22
3766	5707	22
3766	5914	22
3766	6165	22
3772	3782	22
3772	4371	22
3772	4805	22
3772	5806	22
3782	4174	22
3782	4371	22
3782	5433	22
3782	5626	22
3782	5806	22
3782	6180	22
3782	6267	22
3785	5769	22
3785	5938	22
3785	6057	22
3786	3935	22
3787	4897	22
3787	5769	22
3788	3931	22
3788	5735	22
3788	6086	22
3788	6130	22
3788	6275	22
3788	6366	22
3788	6559	22
3789	4488	22
3789	5444	22
3790	6980	22
3793	4490	22
3794	7328	22
3796	5170	22
3796	7188	22
3797	3839	22
3797	5419	22
3797	5833	22
3797	5962	22
3797	7225	22
3798	5444	22
3800	7328	22
3802	4112	22
3802	4377	22
3803	4493	22
3803	6482	22
3807	6957	22
3810	3840	22
3810	4670	22
3810	4884	22
3810	5287	22
3810	5336	22
3810	5356	22
3810	5697	22
3810	5831	22
3810	5846	22
3810	5866	22
3810	6274	22
3811	4347	22
3811	5817	22
3812	5008	22
3812	5047	22
3812	5192	22
3814	5444	22
3815	4490	22
3818	5419	22
3818	5833	22
3818	5962	22
3818	7225	22
3820	4805	22
3821	4365	22
3822	5008	22
3822	5047	22
3838	6377	22
3839	3948	22
3839	4140	22
3839	4687	22
3839	4824	22
3839	4986	22
3839	5011	22
3839	5085	22
3839	6086	22
3839	6377	22
3839	6417	22
3839	6432	22
3839	6464	22
3839	6559	22
3839	6848	22
3839	7077	22
3839	7184	22
3839	7225	22
3840	6886	22
3867	4234	22
3881	4882	22
3881	6239	22
3881	7124	22
3881	7325	22
3881	7447	22
3903	5419	22
3903	5833	22
3903	5962	22
3903	7225	22
3907	6679	22
3910	7328	22
3912	5769	22
3918	6977	22
3921	4151	22
3921	4332	22
3921	4593	22
3921	4964	22
3921	5138	22
3921	5272	22
3921	5344	22
3921	6307	22
3921	6587	22
3921	7260	22
3922	6039	22
3925	5008	22
3925	5047	22
3931	4613	22
3931	5011	22
3931	5214	22
3931	5735	22
3931	5951	22
3931	6130	22
3931	6211	22
3931	6275	22
3931	6366	22
3932	5534	22
3932	5614	22
3932	6203	22
3934	5664	22
3935	5373	22
3935	5846	22
3935	6426	22
3945	6162	22
3947	5910	22
3948	5011	22
3948	6377	22
3957	4230	22
3957	4233	22
3957	4340	22
3957	5141	22
3963	4102	22
3963	4230	22
3963	4233	22
3963	4340	22
3963	5005	22
3963	5091	22
3963	5141	22
3965	6512	22
3980	6360	22
4009	7297	22
4019	4084	22
4027	5047	22
4027	5536	22
4027	7248	22
4028	5536	22
4028	5908	22
4029	5769	22
4029	6457	22
4031	4484	22
4031	4621	22
4031	4912	22
4031	7086	22
4031	7100	22
4031	7177	22
4033	6086	22
4036	7066	22
4046	4230	22
4048	4231	22
4048	4234	22
4055	4305	22
4055	7016	22
4069	4155	22
4069	4156	22
4072	4215	22
4072	4930	22
4072	4931	22
4075	5008	22
4075	5016	22
4075	6910	22
4076	4305	22
4076	4374	22
4083	4565	22
4084	4762	22
4084	5304	22
4084	5550	22
4084	6615	22
4084	6616	22
4085	4159	22
4089	4732	22
4089	5148	22
4090	4505	22
4091	4215	22
4091	4218	22
4091	4685	22
4091	4870	22
4091	5035	22
4091	5510	22
4091	6166	22
4091	6514	22
4096	4119	22
4096	4234	22
4096	5210	22
4096	5886	22
4096	7227	22
4099	4214	22
4099	6558	22
4099	6949	22
4099	7272	22
4102	4125	22
4102	4129	22
4102	4196	22
4102	4233	22
4102	4234	22
4102	4340	22
4102	4960	22
4102	4967	22
4102	5005	22
4102	5141	22
4103	4128	22
4103	4234	22
4103	4333	22
4103	4836	22
4108	4230	22
4108	4233	22
4108	4340	22
4108	5005	22
4108	5091	22
4108	5141	22
4108	5145	22
4111	4230	22
4111	4233	22
4111	4340	22
4111	5005	22
4111	5141	22
4116	4228	22
4116	4234	22
4116	4338	22
4116	5217	22
4116	5221	22
4117	5217	22
4119	5141	22
4119	5145	22
4119	5217	22
4119	5221	22
4125	4230	22
4125	4233	22
4125	4340	22
4125	5141	22
4127	4230	22
4127	5141	22
4129	4230	22
4129	4233	22
4129	4340	22
4129	5141	22
4130	5709	22
4131	4505	22
4131	4977	22
4133	4230	22
4133	4338	22
4136	5806	22
4140	5419	22
4140	5833	22
4140	6086	22
4140	6377	22
4146	4954	22
4147	4355	22
4156	6454	22
4159	4263	22
4159	4264	22
4159	4281	22
4159	4370	22
4159	4498	22
4159	4591	22
4159	6847	22
4171	6615	22
4171	6616	22
4173	4215	22
4173	4685	22
4173	5510	22
4173	6166	22
4173	6514	22
4174	4347	22
4174	4684	22
4174	5806	22
4174	5817	22
4174	5837	22
4174	5883	22
4174	6332	22
4181	4230	22
4181	4505	22
4181	4977	22
4184	5954	22
4184	5957	22
4188	4215	22
4188	4218	22
4188	4685	22
4188	5035	22
4188	5510	22
4188	6166	22
4188	6514	22
4195	4230	22
4195	4340	22
4195	5141	22
4196	4230	22
4197	4371	22
4199	5273	22
4202	5910	22
4206	4233	22
4206	4340	22
4206	5005	22
4206	5141	22
4213	4230	22
4215	4216	22
4215	4218	22
4215	4235	22
4215	4294	22
4215	4301	22
4215	4328	22
4215	4411	22
4215	4457	22
4215	4557	22
4215	4619	22
4215	4621	22
4215	4685	22
4215	4780	22
4215	4839	22
4215	4870	22
4215	4947	22
4215	4979	22
4215	5035	22
4215	5260	22
4215	5468	22
4215	5490	22
4215	5510	22
4215	5542	22
4215	5573	22
4215	5582	22
4215	5583	22
4215	5585	22
4215	5593	22
4215	5822	22
4215	5853	22
4215	5873	22
4215	5957	22
4215	6026	22
4215	6166	22
4215	6177	22
4215	6277	22
4215	6514	22
4215	6721	22
4215	7011	22
4216	4254	22
4216	4301	22
4216	4411	22
4216	4557	22
4216	4619	22
4216	4685	22
4216	4870	22
4216	4979	22
4216	5035	22
4216	5153	22
4217	4230	22
4217	4340	22
4217	5141	22
4218	4235	22
4218	4294	22
4218	4457	22
4218	4557	22
4218	4685	22
4218	4780	22
4218	4839	22
4218	4870	22
4218	5035	22
4218	5468	22
4218	5510	22
4218	5583	22
4218	5585	22
4218	5593	22
4218	6026	22
4218	6514	22
4221	4344	22
4221	4884	22
4227	4236	22
4227	4333	22
4227	4338	22
4228	4340	22
4228	4855	22
4228	5208	22
4228	5210	22
4228	5217	22
4228	5221	22
4228	5886	22
4228	6019	22
4228	6293	22
4228	6317	22
4230	4231	22
4230	4233	22
4230	4234	22
4230	4236	22
4230	4306	22
4230	4309	22
4230	4340	22
4230	4377	22
4230	4378	22
4230	4381	22
4230	4385	22
4230	4656	22
4230	4853	22
4230	4909	22
4230	4960	22
4230	4962	22
4230	4998	22
4230	5005	22
4230	5072	22
4230	5081	22
4230	5091	22
4230	5123	22
4230	5141	22
4230	5187	22
4230	5209	22
4230	5250	22
4230	5883	22
4230	6164	22
4230	6188	22
4230	6497	22
4230	6568	22
4230	6583	22
4230	6590	22
4230	6729	22
4230	6732	22
4230	6733	22
4230	6744	22
4230	6745	22
4230	6797	22
4230	6832	22
4230	6857	22
4230	6912	22
4230	6920	22
4230	7036	22
4230	7144	22
4230	7217	22
4231	5187	22
4231	5209	22
4231	5215	22
4231	6929	22
4233	4309	22
4233	4340	22
4233	4960	22
4233	4998	22
4233	5005	22
4233	5072	22
4233	5091	22
4233	5141	22
4233	5209	22
4233	5250	22
4233	6797	22
4234	4853	22
4234	4855	22
4234	5209	22
4234	5217	22
4234	5221	22
4234	5886	22
4234	6293	22
4234	6317	22
4235	4294	22
4235	4780	22
4235	4870	22
4235	5035	22
4235	5468	22
4236	4333	22
4240	4262	22
4240	4304	22
4254	4685	22
4254	5304	22
4254	5510	22
4254	5873	22
4256	4305	22
4256	4374	22
4256	7016	22
4263	4591	22
4280	4285	22
4280	5581	22
4280	6656	22
4280	6725	22
4280	7417	22
4284	5405	22
4284	5406	22
4284	5408	22
4284	5504	22
4284	5508	22
4284	5536	22
4284	5559	22
4284	5867	22
4284	6039	22
4284	6395	22
4284	6909	22
4284	7305	22
4285	5769	22
4285	5938	22
4285	6057	22
4287	6199	22
4290	4291	22
4294	4685	22
4294	4870	22
4294	5035	22
4294	5510	22
4294	6166	22
4294	6514	22
4300	5007	22
4301	4762	22
4301	5304	22
4301	6166	22
4305	4374	22
4307	6105	22
4309	4340	22
4309	5005	22
4309	5141	22
4312	4344	22
4313	6615	22
4313	6616	22
4328	4930	22
4328	4931	22
4338	4656	22
4338	4744	22
4338	4853	22
4338	4855	22
4338	5210	22
4338	5886	22
4338	6317	22
4339	5622	22
4339	5764	22
4340	4385	22
4340	4853	22
4340	4960	22
4340	4998	22
4340	5005	22
4340	5072	22
4340	5141	22
4340	5209	22
4340	5250	22
4340	5883	22
4340	6797	22
4343	4873	22
4344	4917	22
4347	4750	22
4347	5541	22
4347	5769	22
4347	5900	22
4347	6036	22
4347	6749	22
4347	7021	22
4347	7218	22
4351	5193	22
4351	6864	22
4351	6865	22
4351	7342	22
4355	5011	22
4355	6275	22
4356	5817	22
4360	5394	22
4360	5488	22
4360	5758	22
4360	5766	22
4364	5148	22
4365	5285	22
4365	5374	22
4365	5581	22
4365	5945	22
4365	6274	22
4365	6409	22
4366	5472	22
4368	5541	22
4368	5613	22
4368	5869	22
4369	5536	22
4371	4805	22
4371	5433	22
4371	5626	22
4372	4871	22
4373	5967	22
4373	6615	22
4373	6616	22
4374	7016	22
4378	5005	22
4381	4505	22
4381	4977	22
4381	5141	22
4385	5141	22
4389	5805	22
4389	6615	22
4389	6616	22
4411	4685	22
4411	5148	22
4411	6615	22
4411	6616	22
4431	5124	22
4431	7396	22
4441	4483	22
4441	4634	22
4441	4988	22
4443	5936	22
4445	5636	22
4445	7228	22
4455	4503	22
4457	4685	22
4457	5510	22
4457	6166	22
4457	6514	22
4459	4658	22
4464	4637	22
4464	4735	22
4465	4650	22
4465	4656	22
4470	7369	22
4479	4483	22
4479	4616	22
4479	4732	22
4483	4494	22
4483	4616	22
4483	4674	22
4483	4731	22
4483	4800	22
4483	5127	22
4483	5460	22
4483	6176	22
4484	4621	22
4484	7100	22
4487	4599	22
4487	4625	22
4488	4543	22
4488	6826	22
4490	4586	22
4490	5489	22
4490	5926	22
4490	5997	22
4490	6559	22
4490	6995	22
4493	4696	22
4494	4550	22
4494	4731	22
4494	5097	22
4494	5112	22
4494	5349	22
4494	5708	22
4494	5738	22
4494	6306	22
4495	4599	22
4495	4625	22
4499	4563	22
4505	4729	22
4505	4977	22
4505	5071	22
4505	6142	22
4505	6202	22
4505	6203	22
4505	6230	22
4505	6564	22
4505	6836	22
4505	7118	22
4505	7170	22
4505	7171	22
4505	7183	22
4505	7272	22
4535	5148	22
4535	6615	22
4535	6616	22
4538	7373	22
4540	4590	22
4547	4565	22
4547	4599	22
4547	4625	22
4547	5967	22
4547	6615	22
4547	6616	22
4550	4731	22
4557	4870	22
4557	5035	22
4557	5304	22
4557	5510	22
4557	6166	22
4557	6514	22
4557	6950	22
4558	6795	22
4558	6937	22
4558	7308	22
4559	7280	22
4565	5231	22
4565	6398	22
4565	6824	22
4565	6833	22
4565	7005	22
4565	7090	22
4565	7199	22
4565	7200	22
4587	5364	22
4587	5984	22
4587	6225	22
4587	6333	22
4587	6888	22
4588	6458	22
4591	7281	22
4591	7282	22
4591	7445	22
4593	6500	22
4599	4625	22
4599	4712	22
4600	5958	22
4604	5464	22
4610	7394	22
4611	5444	22
4612	7251	22
4613	5011	22
4613	5387	22
4613	6275	22
4613	6366	22
4616	4732	22
4616	4800	22
4616	5490	22
4616	6248	22
4619	4685	22
4619	6514	22
4621	4941	22
4621	5224	22
4621	5341	22
4621	5756	22
4625	4712	22
4625	4731	22
4627	4652	22
4632	6446	22
4634	4781	22
4634	5127	22
4634	6097	22
4637	4735	22
4637	5792	22
4637	5798	22
4637	5976	22
4637	6680	22
4637	6760	22
4638	5007	22
4639	5488	22
4639	6062	22
4650	4656	22
4650	6023	22
4651	4656	22
4652	4656	22
4656	4861	22
4656	5181	22
4656	5983	22
4656	6575	22
4656	6767	22
4658	6525	22
4670	5613	22
4674	5821	22
4682	4732	22
4682	5372	22
4684	4966	22
4684	5108	22
4684	5470	22
4685	4780	22
4685	4839	22
4685	4870	22
4685	4947	22
4685	5035	22
4685	5304	22
4685	5468	22
4685	5510	22
4685	5582	22
4685	5583	22
4685	5593	22
4685	5822	22
4685	5853	22
4685	5873	22
4685	6026	22
4685	6166	22
4685	6950	22
4685	7011	22
4687	5419	22
4687	5833	22
4687	6086	22
4687	6366	22
4687	6377	22
4693	6050	22
4696	4723	22
4700	5979	22
4724	6112	22
4724	6679	22
4729	4977	22
4731	5097	22
4731	5349	22
4731	5738	22
4732	5148	22
4732	5349	22
4732	5466	22
4732	5574	22
4732	5618	22
4732	5818	22
4735	5798	22
4744	5217	22
4744	5221	22
4744	6019	22
4750	5012	22
4750	5769	22
4750	5938	22
4750	6057	22
4750	6471	22
4755	5469	22
4762	5128	22
4780	4870	22
4780	5035	22
4780	5148	22
4780	5510	22
4780	6166	22
4780	6514	22
4780	6615	22
4780	6616	22
4786	6786	22
4792	5047	22
4792	5817	22
4792	5883	22
4800	6176	22
4800	7064	22
4803	4871	22
4804	5163	22
4805	5512	22
4805	5871	22
4805	6121	22
4805	6443	22
4809	5011	22
4819	6615	22
4819	6616	22
4824	5011	22
4824	5085	22
4824	6377	22
4824	7225	22
4826	4958	22
4836	4958	22
4839	4870	22
4839	5035	22
4839	5510	22
4839	6166	22
4839	6514	22
4849	5997	22
4849	6411	22
4851	5011	22
4851	5085	22
4851	6377	22
4851	7225	22
4853	5005	22
4853	5141	22
4853	5217	22
4855	5145	22
4855	5217	22
4855	5221	22
4855	6019	22
4857	5091	22
4857	5141	22
4858	4941	22
4861	6767	22
4870	5035	22
4870	5490	22
4870	5510	22
4870	5585	22
4870	5593	22
4870	6166	22
4870	6514	22
4870	7011	22
4871	5113	22
4873	5007	22
4873	5098	22
4873	6706	22
4875	6351	22
4875	6893	22
4875	7078	22
4876	5008	22
4876	5047	22
4882	5008	22
4882	5047	22
4884	5330	22
4884	6001	22
4884	6142	22
4886	5192	22
4886	5769	22
4886	5900	22
4886	5938	22
4888	4958	22
4897	4992	22
4897	5786	22
4901	6679	22
4912	7349	22
4917	5099	22
4917	5458	22
4917	7038	22
4917	7187	22
4917	7254	22
4917	7273	22
4917	7344	22
4928	6866	22
4928	7323	22
4928	7363	22
4929	5008	22
4930	4931	22
4930	5490	22
4930	5585	22
4930	6248	22
4930	6398	22
4930	6628	22
4930	7199	22
4931	5114	22
4931	5490	22
4936	5088	22
4941	5150	22
4946	5837	22
4946	6679	22
4947	6166	22
4947	6514	22
4953	7312	22
4954	5246	22
4960	5005	22
4960	5091	22
4960	5141	22
4960	5215	22
4977	6203	22
4977	6230	22
4977	6564	22
4977	7170	22
4977	7171	22
4977	7183	22
4977	7272	22
4983	6458	22
4983	6625	22
4986	5011	22
4986	5085	22
4986	6377	22
4986	7225	22
4987	5419	22
4987	5833	22
4987	6377	22
4988	4999	22
4988	5001	22
4988	5004	22
4988	5006	22
4988	5089	22
4988	5642	22
4988	6200	22
4993	5007	22
4993	5112	22
4993	6136	22
4993	7116	22
4998	5005	22
4998	5141	22
4999	5001	22
4999	5089	22
4999	6200	22
5001	5004	22
5001	5089	22
5001	5094	22
5001	5112	22
5001	5128	22
5001	5191	22
5003	5938	22
5004	5089	22
5005	5072	22
5005	5204	22
5005	5209	22
5005	5250	22
5006	5112	22
5006	7371	22
5007	5857	22
5008	5047	22
5008	5560	22
5008	5672	22
5008	5764	22
5008	6486	22
5008	6837	22
5011	5387	22
5011	5735	22
5011	6086	22
5011	6275	22
5011	6464	22
5011	7077	22
5011	7150	22
5012	5698	22
5012	5769	22
5012	5876	22
5012	6298	22
5012	6471	22
5012	6725	22
5012	6752	22
5012	6941	22
5012	6955	22
5012	7021	22
5012	7137	22
5016	5225	22
5016	5622	22
5016	5705	22
5016	5707	22
5016	5764	22
5016	5914	22
5016	6165	22
5019	5124	22
5035	5468	22
5035	5510	22
5035	5583	22
5035	5585	22
5035	5593	22
5035	6166	22
5035	6514	22
5035	7011	22
5038	5318	22
5047	5367	22
5047	5560	22
5047	5672	22
5047	5764	22
5047	5999	22
5047	6486	22
5047	6837	22
5050	5055	22
5050	5664	22
5050	5769	22
5050	5900	22
5050	5938	22
5050	6016	22
5050	6036	22
5050	6511	22
5050	6834	22
5050	7133	22
5050	7288	22
5055	5541	22
5055	5664	22
5055	5764	22
5055	5769	22
5055	5900	22
5055	5938	22
5055	6016	22
5055	6154	22
5055	6511	22
5055	7133	22
5068	5306	22
5071	5141	22
5072	5141	22
5085	5143	22
5087	5819	22
5089	6200	22
5091	5209	22
5091	5250	22
5098	7064	22
5099	7207	22
5100	5963	22
5112	6200	22
5117	7046	22
5119	5769	22
5119	5938	22
5126	5541	22
5127	5642	22
5141	5145	22
5141	5187	22
5141	5204	22
5141	5209	22
5141	5250	22
5141	5883	22
5141	6797	22
5141	7217	22
5145	5209	22
5145	5217	22
5145	6317	22
5148	5489	22
5150	5341	22
5150	5756	22
5160	5224	22
5161	6679	22
5162	5806	22
5162	6016	22
5162	6457	22
5162	6511	22
5163	5341	22
5192	5491	22
5192	5536	22
5192	6486	22
5199	6795	22
5199	6937	22
5208	7130	22
5209	5217	22
5209	5221	22
5209	5883	22
5210	5217	22
5210	5221	22
5210	6019	22
5210	7130	22
5214	6275	22
5215	6928	22
5215	6929	22
5217	5221	22
5217	5248	22
5217	5250	22
5217	5886	22
5217	6019	22
5217	6293	22
5217	6317	22
5218	5979	22
5221	5250	22
5221	5886	22
5221	6019	22
5221	6293	22
5221	6317	22
5224	5691	22
5231	5664	22
5231	7334	22
5232	5613	22
5245	5695	22
5246	7376	22
5246	7392	22
5248	6019	22
5255	7153	22
5258	5774	22
5262	5472	22
5262	6458	22
5263	6008	22
5270	5821	22
5273	5547	22
5273	5989	22
5277	6039	22
5282	6795	22
5282	7289	22
5282	7335	22
5285	5559	22
5285	5561	22
5285	5613	22
5285	5869	22
5287	5561	22
5287	5869	22
5287	6274	22
5300	6488	22
5304	6458	22
5306	5445	22
5306	5933	22
5306	6330	22
5309	6488	22
5318	6447	22
5336	5613	22
5345	5821	22
5365	6456	22
5365	7287	22
5373	5883	22
5383	7153	22
5385	5769	22
5385	5938	22
5387	6086	22
5387	6559	22
5387	6891	22
5392	5641	22
5394	5561	22
5394	5581	22
5394	5613	22
5394	5758	22
5394	5766	22
5394	5869	22
5394	5945	22
5394	6159	22
5394	6274	22
5405	5559	22
5405	5613	22
5406	5769	22
5406	5938	22
5406	6057	22
5408	5559	22
5411	5817	22
5419	5625	22
5419	5715	22
5419	5833	22
5419	5907	22
5419	5962	22
5419	6100	22
5419	6133	22
5419	6162	22
5419	6227	22
5419	6334	22
5419	6432	22
5419	6913	22
5419	7019	22
5433	5936	22
5435	5769	22
5446	5469	22
5458	7038	22
5460	6263	22
5468	5510	22
5468	6166	22
5468	6514	22
5468	6615	22
5468	6616	22
5469	7222	22
5488	5581	22
5488	5769	22
5488	6409	22
5488	6655	22
5489	5997	22
5489	6411	22
5491	5536	22
5491	5559	22
5495	6886	22
5495	7046	22
5496	6759	22
5500	6514	22
5504	5536	22
5504	5559	22
5504	6039	22
5504	6274	22
5508	5536	22
5508	5559	22
5508	6039	22
5508	6274	22
5510	5542	22
5510	5582	22
5510	5583	22
5510	5585	22
5510	5593	22
5510	5822	22
5510	5853	22
5510	6026	22
5510	6166	22
5510	6514	22
5510	7011	22
5512	5887	22
5512	5905	22
5512	6261	22
5512	6443	22
5512	6490	22
5536	5559	22
5536	5662	22
5536	5729	22
5536	5764	22
5536	5836	22
5536	5867	22
5536	5898	22
5536	5995	22
5536	5999	22
5536	6486	22
5536	7414	22
5541	5769	22
5541	5900	22
5541	5938	22
5541	6016	22
5541	6511	22
5541	6834	22
5544	5817	22
5544	5837	22
5544	6332	22
5544	6457	22
5544	6886	22
5547	6203	22
5547	6334	22
5549	6980	22
5559	5613	22
5559	5620	22
5559	5662	22
5559	5867	22
5559	6039	22
5561	5945	22
5561	6274	22
5564	6615	22
5564	6616	22
5565	5817	22
5565	5883	22
5581	5766	22
5581	6056	22
5581	6113	22
5582	6166	22
5582	6514	22
5583	6166	22
5583	6514	22
5585	6166	22
5585	6514	22
5593	6166	22
5593	6514	22
5593	6950	22
5594	5806	22
5594	6457	22
5594	6886	22
5613	5620	22
5613	5697	22
5613	5846	22
5613	5869	22
5613	5945	22
5617	6685	22
5620	5869	22
5621	5695	22
5622	5746	22
5622	5817	22
5622	5837	22
5622	5883	22
5622	6332	22
5622	6679	22
5625	5833	22
5625	6377	22
5626	5806	22
5640	5898	22
5642	7292	22
5651	6679	22
5657	6624	22
5657	6677	22
5662	6039	22
5664	5773	22
5664	5900	22
5664	6016	22
5664	6094	22
5664	6252	22
5664	6511	22
5664	6641	22
5664	7403	22
5672	6016	22
5672	6511	22
5675	6029	22
5677	5690	22
5695	6234	22
5695	6268	22
5695	6269	22
5695	6714	22
5697	5869	22
5697	6886	22
5698	5769	22
5698	5938	22
5698	6057	22
5705	5899	22
5709	6886	22
5715	7153	22
5716	5967	22
5716	6615	22
5716	6616	22
5735	6275	22
5742	5911	22
5742	6370	22
5742	6764	22
5742	6977	22
5746	5764	22
5752	7064	22
5754	6514	22
5754	6615	22
5754	6616	22
5755	6795	22
5758	5766	22
5758	6159	22
5758	6274	22
5764	5806	22
5764	5817	22
5764	5837	22
5764	6016	22
5764	6141	22
5764	6332	22
5769	5837	22
5769	5900	22
5769	5935	22
5769	5938	22
5769	6016	22
5769	6036	22
5769	6057	22
5769	6094	22
5769	6154	22
5769	6412	22
5769	6494	22
5769	6511	22
5769	6635	22
5769	6834	22
5769	6896	22
5769	6909	22
5769	6941	22
5769	7041	22
5769	7087	22
5769	7133	22
5769	7218	22
5769	7290	22
5769	7295	22
5769	7337	22
5769	7338	22
5769	7368	22
5773	6016	22
5773	6511	22
5792	6022	22
5798	6765	22
5800	5938	22
5805	5955	22
5806	5884	22
5806	6084	22
5806	6448	22
5806	6472	22
5813	7204	22
5813	7278	22
5813	7319	22
5817	5837	22
5817	5883	22
5817	6167	22
5817	6189	22
5817	6332	22
5817	6473	22
5819	6050	22
5821	6136	22
5821	6446	22
5822	6166	22
5822	6514	22
5833	5907	22
5833	6100	22
5833	6133	22
5833	6162	22
5833	6227	22
5833	6432	22
5833	7019	22
5835	6615	22
5835	6616	22
5836	6108	22
5837	5938	22
5837	6057	22
5837	6167	22
5837	6189	22
5837	6332	22
5837	6473	22
5846	5883	22
5853	6166	22
5853	6514	22
5857	6570	22
5859	6039	22
5860	6058	22
5867	6039	22
5883	6187	22
5883	6189	22
5883	6472	22
5883	6946	22
5886	6019	22
5900	6016	22
5900	6094	22
5900	6511	22
5900	6834	22
5901	6500	22
5907	6377	22
5908	5959	22
5908	6061	22
5909	6500	22
5911	6764	22
5928	6830	22
5932	5959	22
5933	6330	22
5936	6180	22
5936	6267	22
5938	6016	22
5938	6036	22
5938	6057	22
5938	6094	22
5938	6412	22
5938	6494	22
5938	6511	22
5938	6834	22
5938	6862	22
5938	6896	22
5938	6909	22
5938	7041	22
5938	7133	22
5938	7218	22
5938	7290	22
5938	7295	22
5938	7337	22
5938	7338	22
5938	7368	22
5945	6274	22
5945	6886	22
5946	6216	22
5946	6221	22
5951	6275	22
5951	6366	22
5955	6615	22
5955	6616	22
5956	6615	22
5956	6616	22
5958	6348	22
5958	7307	22
5959	6061	22
5959	7288	22
5962	6100	22
5962	6133	22
5962	6432	22
5967	5972	22
5967	5986	22
5967	6130	22
5967	6615	22
5967	6616	22
5967	6785	22
5967	6995	22
5967	7303	22
5972	6615	22
5972	6616	22
5976	6900	22
5979	6132	22
5986	6615	22
5986	6616	22
5997	6411	22
6008	6125	22
6016	6057	22
6016	6094	22
6016	6323	22
6016	6494	22
6016	6511	22
6016	6834	22
6016	7041	22
6016	7288	22
6016	7338	22
6018	6042	22
6019	6293	22
6019	6317	22
6020	6503	22
6026	6166	22
6026	6514	22
6028	6105	22
6028	6112	22
6032	7319	22
6032	7367	22
6036	6057	22
6036	6471	22
6042	6108	22
6056	7315	22
6056	7443	22
6057	6412	22
6057	6494	22
6057	6511	22
6057	6834	22
6057	7041	22
6057	7133	22
6057	7290	22
6057	7295	22
6057	7337	22
6057	7338	22
6068	7418	22
6084	6886	22
6086	6377	22
6086	6417	22
6086	6464	22
6086	6559	22
6089	7141	22
6094	6511	22
6098	7390	22
6099	6730	22
6099	7400	22
6099	7441	22
6100	6377	22
6102	6487	22
6104	6502	22
6105	7361	22
6105	7444	22
6106	6107	22
6106	6259	22
6106	6493	22
6106	6821	22
6106	7051	22
6106	7064	22
6106	7311	22
6106	7375	22
6107	6259	22
6107	6493	22
6107	6821	22
6107	7051	22
6107	7311	22
6107	7375	22
6112	7361	22
6117	6166	22
6130	6275	22
6130	6366	22
6130	6615	22
6130	6616	22
6132	7399	22
6133	6377	22
6133	7225	22
6138	7220	22
6146	6148	22
6162	6377	22
6162	7296	22
6166	6514	22
6181	7153	22
6194	6377	22
6194	7225	22
6199	6458	22
6199	6625	22
6207	6958	22
6209	6454	22
6209	6685	22
6209	7366	22
6211	6275	22
6216	6221	22
6216	6240	22
6216	7001	22
6216	7279	22
6221	6240	22
6221	7279	22
6227	7296	22
6246	6642	22
6252	6511	22
6259	6493	22
6259	6821	22
6259	7051	22
6259	7311	22
6259	7375	22
6269	6764	22
6272	7137	22
6274	7028	22
6275	6366	22
6276	7302	22
6277	6514	22
6297	7014	22
6307	6500	22
6321	6947	22
6323	6511	22
6332	6473	22
6339	7428	22
6340	6673	22
6340	6771	22
6358	7014	22
6363	7153	22
6370	6764	22
6370	6893	22
6377	6417	22
6377	6432	22
6377	6464	22
6377	6559	22
6377	6816	22
6377	7019	22
6377	7077	22
6377	7147	22
6377	7184	22
6377	7208	22
6377	7225	22
6378	7153	22
6380	7422	22
6389	6980	22
6398	7066	22
6422	7365	22
6432	7225	22
6458	6598	22
6458	6625	22
6458	7275	22
6458	7332	22
6465	6947	22
6471	7021	22
6492	7369	22
6494	6511	22
6503	6900	22
6511	6834	22
6511	7041	22
6511	7338	22
6514	6962	22
6514	6963	22
6514	7011	22
6530	6625	22
6532	6642	22
6544	7302	22
6570	7178	22
6570	7277	22
6570	7310	22
6586	6795	22
6586	6937	22
6586	7308	22
6602	7297	22
6611	6982	22
6615	6616	22
6615	6715	22
6615	6995	22
6615	7117	22
6615	7303	22
6615	7340	22
6615	7378	22
6616	6715	22
6616	6995	22
6616	7008	22
6616	7303	22
6616	7340	22
6616	7378	22
6616	7423	22
6624	6677	22
6624	6783	22
6628	7064	22
6634	6795	22
6634	6937	22
6634	7308	22
6642	6786	22
6648	7328	22
6660	6901	22
6661	6989	22
6668	7312	22
6673	6771	22
6677	6783	22
6679	6946	22
6680	6765	22
6706	7064	22
6714	6916	22
6742	7341	22
6764	6972	22
6764	6977	22
6777	7435	22
6778	6813	22
6786	6952	22
6791	6952	22
6795	6836	22
6795	6937	22
6795	7289	22
6795	7308	22
6795	7324	22
6795	7329	22
6795	7335	22
6795	7402	22
6812	7269	22
6827	6858	22
6864	6865	22
6864	7342	22
6865	7114	22
6865	7342	22
6866	7323	22
6866	7363	22
6866	7437	22
6866	7438	22
6892	7302	22
6935	7393	22
6937	7289	22
6937	7308	22
6937	7324	22
6937	7329	22
6937	7335	22
6937	7402	22
6949	7272	22
6970	7050	22
6982	7431	22
6991	7084	22
7004	7446	22
7017	7251	22
7046	7188	22
7046	7387	22
7050	7354	22
7051	7064	22
7055	7233	22
7064	7375	22
7066	7155	22
7066	7160	22
7066	7199	22
7066	7200	22
7077	7225	22
7089	7092	22
7129	7152	22
7130	7227	22
7178	7276	22
7178	7277	22
7184	7225	22
7201	7334	22
7203	7382	22
7204	7278	22
7224	7306	22
7224	7411	22
7233	7234	22
7233	7247	22
7233	7316	22
7262	7333	22
7271	7418	22
7277	7310	22
7280	7336	22
7280	7364	22
7284	7285	22
7286	7287	22
7289	7308	22
7296	7432	22
7298	7299	22
7299	7404	22
7299	7442	22
7308	7329	22
7313	7314	22
7317	7318	22
7317	7424	22
7321	7322	22
7323	7363	22
7326	7327	22
7326	7374	22
7330	7331	22
7343	7345	22
7347	7348	22
7349	7350	22
7349	7448	22
7355	7356	22
7357	7362	22
7359	7360	22
7370	7371	22
7370	7372	22
7370	7410	22
7370	7421	22
7380	7381	22
7380	7409	22
7381	7409	22
7382	7383	22
7384	7385	22
7388	7389	22
7397	7398	22
7412	7413	22
7415	7416	22
7429	7430	22
7433	7434	22
