0	1	
2	3	17	34	36	4	5	
6	7	25	35	
8	9	33	40	
10	11	23	24	
12	13	44	
14	15	16	20	21	22	26	27	28	29	30	38	41	42	43	
18	19	
31	32	37	39	
45	46	57	69	77	79	81	90	91	95	102	105	106	107	113	117	118	122	125	138	139	140	149	151	
47	48	146	
49	50	100	101	
51	52	62	63	73	75	76	80	85	87	88	92	96	97	111	112	115	116	123	133	143	144	150	153	
53	54	55	56	66	67	68	72	74	78	82	84	86	89	109	124	126	127	128	142	155	
58	59	98	
60	61	108	
64	65	83	99	119	131	132	134	136	137	141	145	
70	71	110	135	148	152	
93	94	147	
103	104	114	154	
120	121	
129	130	
