61	1815	9
66	155	9
68	155	9
74	155	9
77	892	9
78	155	9
80	1467	9
84	155	9
91	1695	9
113	892	9
116	1467	9
116	1758	9
124	128	9
124	155	9
124	678	9
124	735	9
124	776	9
124	968	9
124	1145	9
124	1164	9
124	1809	9
124	1961	9
128	142	9
128	155	9
128	938	9
128	1961	9
139	1683	9
139	1695	9
142	155	9
155	735	9
155	745	9
155	920	9
155	968	9
155	1004	9
155	1164	9
155	1190	9
155	1359	9
155	1809	9
155	1819	9
155	1846	9
155	1921	9
155	2204	9
157	222	9
158	630	9
160	1111	9
163	1827	9
173	1728	9
176	1687	9
181	630	9
187	1684	9
193	1684	9
222	331	9
222	387	9
222	394	9
222	529	9
222	669	9
222	746	9
222	810	9
222	859	9
222	887	9
222	895	9
222	999	9
222	1011	9
222	1012	9
222	1102	9
222	1129	9
222	1140	9
222	1143	9
222	1243	9
222	1305	9
222	1340	9
222	1346	9
222	1413	9
222	1669	9
222	1692	9
222	1698	9
222	1702	9
222	1775	9
222	1785	9
222	1786	9
222	1858	9
222	1869	9
222	1920	9
222	1930	9
222	1955	9
222	1973	9
222	1987	9
222	2012	9
222	2016	9
222	2047	9
222	2123	9
222	2141	9
222	2172	9
225	1907	9
244	1915	9
269	1399	9
302	892	9
302	1111	9
306	631	9
306	2063	9
313	691	9
315	691	9
316	691	9
322	1445	9
322	1467	9
322	1731	9
328	1728	9
329	630	9
331	1467	9
337	1827	9
339	1305	9
350	1724	9
350	1999	9
397	1686	9
410	515	9
410	884	9
410	1454	9
410	1459	9
410	1501	9
410	1943	9
410	1969	9
410	2128	9
412	631	9
413	1695	9
423	1633	9
428	892	9
443	1684	9
447	983	9
456	511	9
456	1503	9
456	1722	9
456	1790	9
456	2066	9
456	2072	9
456	2079	9
456	2191	9
466	2205	9
471	1683	9
484	1733	9
494	915	9
513	1733	9
537	915	9
537	1965	9
541	1467	9
541	1728	9
542	915	9
548	1827	9
551	1867	9
552	1467	9
564	1825	9
576	915	9
588	1828	9
596	915	9
598	1467	9
620	631	9
630	634	9
630	699	9
630	801	9
630	823	9
630	879	9
630	909	9
630	931	9
630	933	9
630	934	9
630	1039	9
630	1137	9
630	1162	9
630	1163	9
630	1252	9
630	1272	9
630	1373	9
630	1646	9
630	1746	9
630	1766	9
630	1793	9
630	1794	9
630	1796	9
630	1806	9
630	1807	9
630	1816	9
630	1824	9
630	1849	9
630	1871	9
630	1887	9
630	1892	9
630	1924	9
630	1925	9
630	1926	9
630	1976	9
630	1995	9
630	2001	9
630	2042	9
630	2069	9
630	2121	9
630	2129	9
630	2158	9
630	2190	9
630	2198	9
630	2199	9
631	719	9
631	822	9
631	1101	9
631	1109	9
631	1721	9
631	1729	9
631	1748	9
631	1760	9
631	1822	9
631	1844	9
631	2015	9
636	1443	9
640	1752	9
645	1467	9
647	1855	9
654	1683	9
660	1425	9
660	1795	9
661	1467	9
663	1443	9
669	1467	9
670	1305	9
681	1308	9
681	1379	9
681	1397	9
681	1618	9
681	1682	9
681	1700	9
681	1701	9
681	1703	9
681	1726	9
681	1732	9
681	1735	9
681	1804	9
681	1852	9
681	1868	9
681	1890	9
681	1913	9
681	1927	9
681	1932	9
681	1944	9
681	1948	9
681	1968	9
681	1984	9
681	1991	9
681	1993	9
681	2027	9
681	2049	9
681	2108	9
681	2117	9
681	2161	9
681	2214	9
681	2218	9
681	2221	9
682	1460	9
691	714	9
691	715	9
691	835	9
691	1027	9
691	1086	9
691	1193	9
691	1233	9
691	1276	9
691	1400	9
691	1424	9
691	1437	9
691	1518	9
691	1598	9
691	1697	9
691	1708	9
691	1710	9
691	1712	9
691	1739	9
691	1752	9
691	1754	9
691	1757	9
691	1761	9
691	1782	9
691	1792	9
691	1817	9
691	1851	9
691	1856	9
691	1857	9
691	1859	9
691	1881	9
691	1897	9
691	1945	9
691	1949	9
691	1952	9
691	1982	9
691	2003	9
691	2004	9
691	2037	9
691	2045	9
691	2058	9
691	2080	9
691	2083	9
691	2095	9
691	2099	9
691	2137	9
691	2152	9
691	2183	9
691	2202	9
691	2209	9
693	1683	9
695	1731	9
698	1683	9
699	1111	9
699	1486	9
699	1554	9
702	1684	9
715	1752	9
716	735	9
716	942	9
716	1749	9
716	2046	9
716	2056	9
720	1422	9
720	1472	9
731	1467	9
759	1467	9
763	1467	9
764	1736	9
769	892	9
772	1486	9
783	1683	9
790	1486	9
791	983	9
799	1800	9
806	1731	9
810	1467	9
822	1486	9
827	1467	9
831	885	9
831	887	9
831	952	9
831	1143	9
831	1467	9
831	1731	9
831	1882	9
835	892	9
835	1437	9
835	1697	9
835	1752	9
836	892	9
836	1758	9
842	1683	9
842	1731	9
849	1467	9
851	1867	9
859	1467	9
861	1683	9
862	1486	9
862	1778	9
862	1857	9
862	2005	9
866	1683	9
873	1443	9
877	1467	9
878	1460	9
885	1467	9
887	1467	9
887	1731	9
892	892	9
892	1002	9
892	1027	9
892	1137	9
892	1186	9
892	1202	9
892	1584	9
892	1671	9
892	1695	9
892	1810	9
892	1829	9
892	1983	9
892	2086	9
892	2185	9
892	2186	9
896	2070	9
903	1467	9
912	1724	9
915	1006	9
915	1149	9
915	1285	9
915	1905	9
931	1111	9
934	2030	9
937	1731	9
940	1903	9
947	1305	9
952	985	9
952	1305	9
952	1731	9
955	1014	9
957	1731	9
978	1686	9
983	1350	9
983	1379	9
983	1579	9
983	1682	9
983	1860	9
983	2026	9
983	2164	9
984	1467	9
985	1089	9
985	1731	9
1004	1961	9
1007	1684	9
1011	1305	9
1011	1445	9
1011	1467	9
1015	1467	9
1022	1752	9
1027	1752	9
1028	1683	9
1078	1683	9
1084	1467	9
1085	1305	9
1086	1437	9
1086	1697	9
1086	1752	9
1089	1731	9
1103	1467	9
1103	1486	9
1107	1467	9
1108	1731	9
1109	1749	9
1111	1254	9
1111	1592	9
1111	1732	9
1111	1735	9
1111	1824	9
1111	1875	9
1111	2111	9
1111	2162	9
1111	2217	9
1115	1752	9
1117	2170	9
1118	1443	9
1123	1683	9
1146	1467	9
1156	1467	9
1169	1683	9
1172	1467	9
1180	1683	9
1181	1467	9
1184	1467	9
1193	1425	9
1193	1710	9
1194	1683	9
1197	1683	9
1207	1683	9
1214	1684	9
1220	2060	9
1231	1554	9
1232	1683	9
1251	1683	9
1254	1467	9
1272	1752	9
1276	1437	9
1276	1697	9
1277	1731	9
1278	1486	9
1287	1683	9
1288	1683	9
1289	1683	9
1305	1416	9
1305	1652	9
1305	1731	9
1305	1749	9
1305	1785	9
1305	1797	9
1305	1823	9
1305	1953	9
1310	1683	9
1311	1683	9
1314	1683	9
1338	1736	9
1340	1445	9
1345	1445	9
1345	1467	9
1346	1467	9
1348	1958	9
1364	1443	9
1365	1445	9
1365	1467	9
1372	1827	9
1374	1467	9
1378	1467	9
1387	1467	9
1388	1468	9
1390	1686	9
1397	1749	9
1402	1467	9
1405	1695	9
1412	1908	9
1413	1445	9
1414	1736	9
1421	1443	9
1422	1472	9
1422	1870	9
1424	1425	9
1424	1437	9
1424	1460	9
1424	1697	9
1424	1710	9
1424	1751	9
1424	1752	9
1424	1856	9
1424	1859	9
1425	1518	9
1425	1618	9
1425	1677	9
1425	1732	9
1425	1774	9
1425	1788	9
1425	1789	9
1425	1817	9
1425	1880	9
1425	1888	9
1425	1912	9
1425	1935	9
1425	1992	9
1425	1994	9
1425	2008	9
1425	2017	9
1425	2022	9
1425	2028	9
1425	2075	9
1425	2089	9
1425	2103	9
1425	2154	9
1425	2157	9
1425	2169	9
1425	2171	9
1425	2180	9
1434	1958	9
1435	1961	9
1437	1694	9
1437	1697	9
1437	1710	9
1437	1752	9
1437	1855	9
1437	1856	9
1437	1859	9
1437	1929	9
1437	1957	9
1437	2036	9
1437	2142	9
1437	2166	9
1437	2216	9
1440	1488	9
1440	1559	9
1440	1566	9
1440	1667	9
1443	1489	9
1443	1600	9
1443	1918	9
1443	2035	9
1443	2065	9
1443	2173	9
1445	1467	9
1445	1533	9
1445	1535	9
1445	1585	9
1445	1630	9
1445	1641	9
1445	1843	9
1445	2018	9
1454	1467	9
1454	1731	9
1460	1801	9
1460	2196	9
1461	1683	9
1465	1539	9
1467	1525	9
1467	1526	9
1467	1527	9
1467	1533	9
1467	1534	9
1467	1535	9
1467	1539	9
1467	1543	9
1467	1563	9
1467	1572	9
1467	1585	9
1467	1602	9
1467	1630	9
1467	1639	9
1467	1641	9
1467	1642	9
1467	1664	9
1467	1669	9
1467	1691	9
1467	1702	9
1467	1706	9
1467	1707	9
1467	1718	9
1467	1723	9
1467	1741	9
1467	1742	9
1467	1759	9
1467	1779	9
1467	1780	9
1467	1786	9
1467	1824	9
1467	1831	9
1467	1832	9
1467	1834	9
1467	1835	9
1467	1838	9
1467	1839	9
1467	1840	9
1467	1861	9
1467	1866	9
1467	1868	9
1467	1877	9
1467	1893	9
1467	1904	9
1467	1914	9
1467	1923	9
1467	1930	9
1467	1934	9
1467	1936	9
1467	1938	9
1467	1941	9
1467	1944	9
1467	1950	9
1467	1956	9
1467	1957	9
1467	1966	9
1467	1971	9
1467	1972	9
1467	1981	9
1467	1984	9
1467	1987	9
1467	1997	9
1467	2021	9
1467	2029	9
1467	2051	9
1467	2053	9
1467	2081	9
1467	2082	9
1467	2087	9
1467	2088	9
1467	2091	9
1467	2094	9
1467	2096	9
1467	2097	9
1467	2115	9
1467	2125	9
1467	2131	9
1467	2143	9
1467	2149	9
1467	2150	9
1467	2174	9
1467	2177	9
1467	2179	9
1467	2182	9
1467	2208	9
1467	2212	9
1467	2213	9
1467	2215	9
1467	2219	9
1467	2220	9
1467	2224	9
1467	2226	9
1467	2228	9
1468	1738	9
1468	1767	9
1468	1876	9
1471	1695	9
1476	1568	9
1485	1989	9
1485	2105	9
1486	1542	9
1486	1653	9
1486	1727	9
1486	1777	9
1486	1783	9
1486	1852	9
1486	1891	9
1486	1919	9
1486	1954	9
1486	1988	9
1486	1998	9
1486	2002	9
1486	2034	9
1486	2038	9
1486	2085	9
1486	2168	9
1486	2192	9
1486	2229	9
1489	1687	9
1518	1710	9
1528	1751	9
1543	2064	9
1554	2175	9
1557	2044	9
1568	2140	9
1598	1710	9
1608	1695	9
1618	1710	9
1622	1695	9
1635	1695	9
1638	1695	9
1639	1723	9
1648	1695	9
1650	1758	9
1652	1731	9
1652	1791	9
1683	1693	9
1683	1709	9
1683	1717	9
1683	1719	9
1683	1720	9
1683	1725	9
1683	1730	9
1683	1755	9
1683	1776	9
1683	1803	9
1683	1814	9
1683	1818	9
1683	1841	9
1683	1848	9
1683	1863	9
1683	1864	9
1683	1865	9
1683	1895	9
1683	1936	9
1683	1937	9
1683	1939	9
1683	1940	9
1683	1960	9
1683	1974	9
1683	2000	9
1683	2024	9
1683	2033	9
1683	2071	9
1683	2076	9
1683	2112	9
1683	2113	9
1683	2114	9
1683	2119	9
1683	2134	9
1683	2200	9
1683	2206	9
1683	2207	9
1684	1685	9
1684	1743	9
1684	1842	9
1684	1845	9
1684	1847	9
1684	1873	9
1684	1874	9
1684	2006	9
1684	2098	9
1684	2151	9
1684	2155	9
1684	2163	9
1684	2181	9
1684	2201	9
1686	1713	9
1686	1813	9
1686	2222	9
1687	1688	9
1687	1767	9
1687	1799	9
1687	1833	9
1687	2023	9
1687	2165	9
1689	1690	9
1689	1798	9
1689	2156	9
1695	1696	9
1695	1699	9
1695	1703	9
1695	1747	9
1695	1756	9
1695	1768	9
1695	1769	9
1695	1783	9
1695	1784	9
1695	1802	9
1695	1808	9
1695	1850	9
1695	1872	9
1695	1916	9
1695	1927	9
1695	1980	9
1695	2032	9
1695	2039	9
1695	2040	9
1695	2054	9
1695	2061	9
1695	2062	9
1695	2093	9
1695	2116	9
1695	2135	9
1695	2136	9
1695	2145	9
1695	2194	9
1695	2210	9
1695	2211	9
1697	1752	9
1697	1757	9
1697	1856	9
1697	1859	9
1697	1929	9
1697	1945	9
1697	1957	9
1697	2146	9
1697	2197	9
1698	1752	9
1704	1705	9
1710	1711	9
1710	1716	9
1710	1739	9
1710	1740	9
1710	1752	9
1710	1754	9
1710	1761	9
1710	1773	9
1710	1774	9
1710	1789	9
1710	1856	9
1710	1859	9
1710	1862	9
1710	1879	9
1710	1880	9
1710	1881	9
1710	1889	9
1710	1896	9
1710	1899	9
1710	1906	9
1710	1928	9
1710	1942	9
1710	1992	9
1710	1994	9
1710	2008	9
1710	2028	9
1710	2043	9
1710	2057	9
1710	2102	9
1710	2118	9
1710	2120	9
1710	2122	9
1710	2130	9
1710	2137	9
1710	2138	9
1710	2139	9
1710	2147	9
1710	2148	9
1714	1715	9
1714	1922	9
1714	1975	9
1714	1996	9
1714	2052	9
1723	1898	9
1723	2107	9
1723	2159	9
1728	1729	9
1728	1748	9
1728	1760	9
1728	1844	9
1728	1933	9
1731	1785	9
1731	1821	9
1731	1915	9
1731	1970	9
1731	2012	9
1731	2055	9
1731	2176	9
1733	1734	9
1733	1951	9
1733	2025	9
1733	2106	9
1733	2110	9
1733	2225	9
1736	1737	9
1736	1770	9
1736	1781	9
1736	1805	9
1736	1890	9
1736	1913	9
1736	1977	9
1736	2109	9
1736	2124	9
1736	2153	9
1736	2203	9
1744	1745	9
1749	1750	9
1749	1834	9
1749	1931	9
1749	1936	9
1749	2092	9
1749	2178	9
1749	2187	9
1749	2223	9
1751	1928	9
1752	1753	9
1752	1757	9
1752	1792	9
1752	1811	9
1752	1812	9
1752	1820	9
1752	1830	9
1752	1851	9
1752	1856	9
1752	1859	9
1752	1878	9
1752	1945	9
1752	2041	9
1752	2050	9
1752	2101	9
1752	2195	9
1758	1759	9
1762	1763	9
1762	2144	9
1764	1765	9
1764	1787	9
1764	2073	9
1771	1772	9
1771	2059	9
1782	1795	9
1791	2011	9
1795	2104	9
1800	1917	9
1815	1999	9
1819	1961	9
1825	1826	9
1825	1900	9
1825	2100	9
1836	1837	9
1836	1894	9
1836	2031	9
1853	1854	9
1883	1884	9
1885	1886	9
1885	2193	9
1885	2227	9
1901	1902	9
1908	1909	9
1908	2160	9
1908	2167	9
1910	1911	9
1910	2090	9
1946	1947	9
1958	1959	9
1958	1990	9
1958	2007	9
1958	2132	9
1958	2133	9
1961	1962	9
1961	1967	9
1961	2084	9
1963	1964	9
1963	2073	9
1963	2074	9
1978	1979	9
1985	1986	9
1991	2063	9
2009	2010	9
2013	2014	9
2019	2020	9
2044	2048	9
2044	2184	9
2067	2068	9
2077	2078	9
2126	2127	9
2188	2189	9
