0	1	
6	7	25	35	93	94	147	165	166	187	193	195	204	235	240	243	244	262	263	273	274	292	311	312	326	337	375	429	293	391	443	444	446	474	489	495	500	503	504	509	545	546	547	548	570	595	702	1007	1035	1214	1342	1372	1391	1432	1578	1593	1684	1915	1685	1743	1842	1845	1847	1873	1874	2006	2098	2151	2155	2163	2181	2201	2310	2313	2419	2476	2614	3479	3528	3615	3630	3849	3549	3616	3747	3791	3850	
8	9	33	40	1407	1447	
10	11	23	24	579	
12	13	44	250	305	353	420	425	426	703	751	916	1155	1262	4038	
18	19	493	1016	1017	
47	48	146	
49	50	100	101	295	410	459	778	1943	1969	2128	3401	3431	3534	
51	52	62	63	73	75	76	80	85	87	88	92	96	97	111	112	115	116	123	133	143	144	150	153	290	161	245	264	296	297	302	316	319	361	364	406	1186	619	638	809	620	621	622	628	634	648	661	662	669	670	699	739	754	757	798	801	802	807	822	836	838	846	849	858	859	864	876	877	878	879	886	887	888	893	898	899	900	902	914	918	930	931	933	934	963	1009	1012	1015	1020	1022	1044	1045	1048	1049	1055	1064	1068	1073	1075	1083	1092	1103	1109	1116	1132	1175	1177	1199	1213	1217	1224	1231	1257	1278	1302	639	716	755	803	830	884	910	955	1014	1023	1076	1100	1133	1142	1156	1198	1200	1216	1228	1242	1258	819	827	850	852	903	907	923	999	1011	1039	1043	1059	1067	1079	1097	1129	1131	1146	1154	1218	1243	1263	1282	1309	1324	1325	1326	1327	1332	1334	1339	1426	1505	1617	1644	1656	1553	1366	1357	1338	1351	1352	1360	1380	1404	1409	1410	1438	1486	1493	1509	1510	1511	1523	1528	1537	1555	1571	1598	1599	1606	1637	1647	1680	1459	1501	1669	1340	1344	1345	1346	1348	1365	1371	1378	1387	1397	1401	1402	1416	1423	1445	1467	1525	1526	1532	1533	1534	1535	1563	1572	1574	1585	1602	1630	1639	1641	1652	1367	1453	1519	1550	1607	1554	1679	1651	1758	1749	2046	2056	2030	1958	1843	2018	1691	1706	1707	1718	1723	1741	1742	1759	1779	1780	1831	1832	1834	1835	1838	1839	1840	1861	1866	1877	1893	1904	1914	1923	1934	1936	1938	1941	1950	1956	1966	1971	1972	1981	1997	2021	2029	2051	2053	2081	2082	2087	2088	2091	2094	2096	2097	2115	2125	2131	2143	2149	2150	2174	2177	2179	2182	2208	2212	2213	2215	2219	2220	2224	2226	2228	1727	1777	1783	1891	1919	1954	1988	1998	2002	2034	2038	2085	2168	2192	2229	2175	1791	1898	2107	2159	1750	1931	2092	2178	2187	2223	2011	1959	1990	2007	2132	2133	2271	2312	2336	2357	2268	2294	2351	2275	2298	2326	2500	2414	2469	2604	2374	2411	2412	2432	2474	2484	2519	2606	2679	2368	2390	2525	2548	2610	2616	2673	2465	2645	2360	2396	2450	2547	2586	2632	2660	2438	2489	2583	2405	2495	2496	2507	2535	2559	2651	2656	2671	2622	2678	2470	2490	2493	2499	2503	2648	2674	2696	2787	2935	2959	2703	2704	2712	2722	2724	2728	2796	2807	2810	2812	2813	2816	2827	2879	2880	2904	2907	2908	2918	2944	2946	2974	2979	2995	3011	3023	3025	3028	3047	3061	3064	3068	3069	2936	3031	2832	2834	2980	2867	2888	2737	2741	2753	2755	2771	2800	2822	2823	2875	2885	2892	2893	2939	2940	2941	2957	3005	3018	3026	3032	3037	3039	3051	3054	3059	3060	3070	2765	2705	2828	2697	2766	2801	2938	2973	3027	2829	2900	2901	3048	3119	3076	3114	3135	3234	3268	3117	3251	3210	3077	3184	3115	3142	3156	3159	3177	3199	3256	3263	3265	3269	3280	3282	3299	3302	3494	3499	3314	3315	3336	3345	3350	3353	3355	3357	3358	3360	3363	3368	3387	3391	3394	3409	3422	3426	3444	3445	3455	3456	3457	3490	3493	3432	3482	3389	3500	3535	3679	3540	3726	3667	3855	3866	3913	3980	3773	3797	3818	3838	3903	3599	3614	3634	3683	3713	3908	3989	3659	3575	3629	3682	3688	3825	3870	3940	4023	3547	3607	3620	3625	3628	3640	3669	3680	3793	3824	3844	3906	3911	3944	3981	3584	3611	3907	3548	3563	3571	3574	3718	3720	3769	3813	3816	3817	3826	3828	3834	3847	3848	3941	3990	4042	4045	3605	3892	3541	3576	3582	3603	3604	3609	3644	3661	3663	3673	3689	3697	3698	3699	3700	3715	3717	3721	3722	3732	3733	3735	3737	3738	3739	3744	3745	3746	3750	3751	3754	3755	3756	3757	3776	3781	3795	3802	3803	3807	3810	3811	3812	3821	3822	3840	3842	3852	3853	3857	3858	3859	3862	3863	3874	3875	3876	3878	3885	3886	3887	3912	3915	3920	3924	3925	3934	3951	3953	3959	3960	3961	3962	3966	3967	3968	3969	3970	3973	3974	3975	3977	3978	3979	3982	3983	3985	3986	3987	3997	3998	3999	4001	4002	4003	4004	4013	4015	4022	4024	4026	4027	4028	4030	4032	4036	4040	4041	3880	3881	3950	3952	3971	3964	
58	59	98	2267	2354	2568	2840	3013	
60	61	108	167	168	184	275	332	350	355	427	349	423	726	674	675	897	912	919	1019	1065	1090	1117	1296	727	1313	1506	1522	1632	1633	1815	1724	1999	2170	2241	2242	3238	3270	3272	3295	3905	
70	71	110	135	148	152	217	218	285	294	373	374	342	343	700	647	990	1150	911	1176	1226	829	1115	1275	1227	1855	2706	2708	2768	2789	2992	2707	2861	3014	3316	3338	3377	3379	3380	3386	3398	3434	3440	3515	3323	3337	3354	3513	3317	3340	3484	
103	104	114	154	
120	121	
129	130	
170	171	325	338	1356	1393	1394	1455	1613	1655	1676	
174	175	299	372	378	
180	181	188	
182	183	248	289	393	405	413	2236	3468	
156	157	173	200	205	304	339	348	367	370	172	194	306	327	328	380	189	190	401	363	368	412	653	828	1105	1210	1144	763	810	1101	1102	1140	1241	1305	1358	1359	1499	1728	2063	1797	1823	1953	1933	2266	2322	2463	2600	2637	2669	2685	2378	2539	3007	3103	3111	3127	3194	3113	3145	3109	3143	3152	3205	3231	3257	3258	3120	3110	3339	3378	
191	192	199	252	286	433	208	209	251	259	309	323	402	430	437	1341	1427	1491	1462	1517	1529	1573	1428	1521	1562	1582	1657	1530	2295	2303	2306	2452	2453	2460	2552	2553	2574	2609	3333	3334	3366	3427	3472	3392	3421	3451	3543	3589	3637	3965	3590	4020	
201	202	
206	207	284	340	
53	54	55	56	66	67	68	72	74	78	82	84	86	89	109	124	126	127	128	142	155	212	213	261	279	283	428	472	629	627	678	679	682	684	706	709	725	759	784	786	788	791	824	872	895	946	949	950	951	956	982	983	984	987	988	1000	1018	1047	1084	1095	1104	1124	1145	1160	1168	1174	1254	630	631	637	640	643	644	645	646	649	654	655	656	657	664	665	666	667	668	673	685	686	687	688	689	690	694	698	701	710	711	712	713	717	718	719	720	721	722	724	730	732	733	734	735	736	737	738	740	741	742	744	745	747	758	761	762	765	766	767	768	769	771	772	773	774	776	777	779	780	781	782	783	785	792	793	796	797	813	814	815	816	817	821	823	834	835	842	844	855	856	857	860	861	863	865	866	867	870	871	875	880	881	882	883	889	890	892	901	904	905	906	917	920	921	922	924	925	926	927	928	935	936	938	939	940	943	944	945	947	958	960	966	967	968	969	970	971	974	979	980	989	991	992	993	994	995	1001	1002	1003	1004	1005	1010	1013	1024	1025	1026	1027	1028	1029	1030	1031	1034	1036	1037	1038	1040	1041	1042	1046	1051	1054	1056	1057	1058	1060	1063	1066	1069	1070	1071	1072	1074	1078	1085	1086	1094	1096	1098	1099	1106	1112	1113	1119	1120	1121	1122	1123	1128	1134	1137	1138	1147	1162	1163	1164	1165	1167	1169	1170	1171	1178	1179	1180	1181	1182	1188	1189	1190	1191	1192	1194	1195	1197	1201	1202	1203	1204	1205	1206	1207	1208	1209	1211	1212	1225	1229	1230	1232	1234	1235	1236	1237	1238	1244	1247	1248	1249	1251	1253	1259	1260	1261	1266	1272	1273	1274	1276	1279	1280	1281	1283	1286	1287	1288	1289	1290	1291	1292	1293	1294	1295	1299	1300	1301	1303	1304	1306	1308	1310	1311	1312	1314	1315	1316	1317	1318	1319	1320	1322	683	764	841	948	977	1087	1110	1130	1256	1267	1269	1297	1321	1323	1385	1349	1361	1379	1396	1479	1500	1579	1343	1363	1375	1376	1384	1484	1597	1620	1658	1350	1386	1400	1406	1408	1414	1415	1420	1444	1446	1497	1513	1516	1520	1589	1590	1591	1592	1604	1631	1672	1673	1682	1353	1373	1405	1471	1475	1481	1487	1492	1494	1495	1538	1584	1603	1608	1622	1624	1634	1635	1636	1638	1646	1648	1654	1674	1374	1403	1417	1419	1422	1424	1425	1430	1435	1436	1437	1461	1466	1472	1483	1508	1518	1524	1541	1542	1558	1581	1583	1605	1612	1616	1629	1642	1650	1653	1659	1660	1661	1663	1664	1671	1677	1390	1429	1515	1460	1362	1395	1458	1627	1628	1681	1567	1577	1580	1596	1611	1618	1666	1668	1809	1961	1819	1846	1921	2204	1746	1766	1793	1794	1796	1806	1807	1816	1824	1849	1871	1887	1892	1924	1925	1926	1976	1995	2001	2042	2069	2121	2129	2158	2190	2198	2199	1721	1729	1748	1760	1822	1844	2015	1752	1736	1810	1829	1983	2086	2185	2186	1903	1860	2026	2164	1870	1751	1774	1788	1789	1880	1888	1912	1935	1992	1994	2008	2017	2022	2028	2075	2089	2103	2154	2157	2169	2171	2180	1694	1929	1957	2036	2142	2166	2216	1801	2196	1737	1770	1781	1805	1977	2109	2124	2153	2203	1753	1811	1812	1820	1830	1878	2041	2050	2101	2195	1962	1967	2084	2237	2264	2296	2324	2262	2270	2286	2320	2273	2274	2305	2315	2430	2455	2577	2682	2681	2459	2375	2369	2437	2424	2388	2443	2613	2389	2505	2565	2478	2397	2571	2575	2584	2590	2408	2627	2631	2662	2370	2448	2524	2605	2611	2617	2376	2386	2477	2618	2620	2709	2784	2785	2890	2921	2942	2972	2981	3021	3038	3062	3063	2739	2961	2714	2738	2783	2860	2905	3029	2754	2743	2837	2864	2736	2855	2719	2758	2806	2869	2964	2987	2997	3035	3057	2759	2702	2760	2775	2777	2926	2947	2983	3044	2711	2793	2859	2897	2898	2912	2913	2920	2931	2932	2933	2934	2971	3008	3009	3053	2863	2917	2820	2710	2726	2731	2735	2744	2748	2750	2763	2772	2773	2779	2817	2818	2819	2835	2836	2841	2843	2850	2851	2852	2856	2868	2882	2883	2887	2945	2955	2956	2958	2966	2968	2969	2970	2975	2984	2999	3006	3036	3042	3055	3056	3067	3015	2858	3078	3089	3090	3093	3099	3100	3123	3124	3125	3126	3148	3149	3150	3160	3165	3174	3185	3186	3191	3193	3200	3213	3214	3215	3227	3239	3247	3259	3273	3275	3281	3284	3286	3287	3105	3107	3178	3188	3203	3206	3253	3157	3229	3278	3082	3164	3173	3267	3087	3161	3207	3236	3104	3181	3187	3147	3274	3096	3097	3112	3118	3128	3129	3209	3248	3266	3277	3083	3122	3130	3180	3226	3237	3279	3086	3098	3101	3108	3121	3137	3138	3198	3201	3222	3225	3228	3262	3304	3116	3151	3163	3166	3189	3192	3195	3197	3211	3217	3219	3240	3241	3271	3290	3294	3296	3297	3303	3390	3506	3367	3372	3502	3438	3508	3331	3400	3450	3327	3328	3332	3335	3352	3441	3461	3522	3523	3313	3399	3454	3470	3488	3489	3487	3329	3415	3446	3532	3533	3516	3356	3321	3324	3325	3402	3403	3406	3410	3414	3376	3384	3385	3463	3483	3486	3491	3498	3514	3521	3527	3495	3373	3405	3430	3529	3536	3937	3591	3716	3783	3923	3685	3666	3719	3767	4016	4017	4031	4009	3568	3580	3583	3621	3636	3657	3691	3710	3742	3798	4018	3550	3556	3559	3561	3725	3869	3873	3893	3868	3882	3938	3768	3775	3879	3928	3723	3760	3946	3991	
210	211	234	266	219	220	228	239	254	369	371	421	602	613	614	615	650	1250	1284	2365	2384	2395	2398	2415	2506	2573	2635	2657	2658	2686	2399	2422	2528	3221	3318	3369	
224	225	1907	1764	1765	1787	2073	1963	1964	2074	
231	232	
255	256	321	400	403	404	
257	258	1609	
333	334	
345	346	407	
414	415	436	3593	3594	3595	3606	3623	3627	3708	3792	3837	3843	3900	3996	4008	
416	417	696	697	787	1125	1159	1245	1246	1330	1331	1473	1474	1546	1614	2247	2302	2352	2254	2284	2318	2343	2891	2740	2826	3250	3305	3169	3175	3204	3246	3359	3407	3453	3558	3871	3787	3861	3909	3914	4012	4021	
418	419	
431	432	
449	450	473	551	601	483	484	486	502	513	536	676	794	677	808	795	964	1451	1452	1733	1867	1734	1951	2025	2106	2110	2225	2248	2276	2277	2279	2280	2281	2297	2299	2338	2339	2341	2347	2348	2769	2842	3216	3141	3190	
465	466	2205	
479	480	485	589	3860	
521	522	599	1512	1544	1545	3801	
527	528	550	
556	557	561	564	575	1825	1826	1900	2100	2952	2954	3242	3243	
603	604	607	
608	609	612	616	
610	611	
2	3	17	34	36	4	5	31	32	37	39	221	291	531	532	635	658	695	806	831	885	891	937	952	957	985	986	1089	1108	1277	623	624	636	873	874	894	913	942	1008	1118	1143	1172	1441	1354	1335	1336	1355	1364	1377	1388	1418	1421	1443	1454	1457	1464	1465	1489	1490	1496	1504	1514	1527	1539	1540	1600	1601	1619	1662	1665	1468	1480	1625	1882	1918	2035	2065	2173	1738	1767	1876	2235	2257	2301	3232	3288	3300	3309	3347	3351	3382	3462	3465	3477	3480	3537	3602	3557	3651	3731	3992	4010	3617	3650	3730	3800	3836	
632	633	847	929	1166	1268	2401	2446	2461	2462	2529	2531	2561	2572	2615	2644	2661	2663	2665	3139	
692	693	752	845	996	1196	1215	
707	708	1077	1139	
728	729	750	770	805	820	941	962	965	1081	1091	1185	1240	1264	1307	2265	3653	3633	4039	3654	3777	3872	
748	749	908	1050	2475	2629	
839	840	
853	854	1368	2569	
972	973	1107	2767	3564	
997	998	1333	1389	
1032	1033	1141	3393	
1052	1053	
1126	1127	1158	
1219	1220	2060	
1221	1222	1265	3102	3976	3993	
45	46	57	69	77	79	81	90	91	95	102	105	106	107	113	117	118	122	125	138	139	140	149	151	358	359	381	382	438	439	440	441	442	447	448	451	458	462	469	470	476	491	494	501	507	517	518	519	523	538	539	540	541	543	544	549	552	553	559	568	569	571	572	573	577	578	580	581	584	585	587	590	597	598	651	652	804	868	869	1223	1270	1271	1448	1463	1536	1547	1556	1557	1576	1586	1615	1337	1695	1683	2044	1693	1709	1717	1719	1720	1725	1730	1755	1776	1803	1814	1818	1841	1848	1863	1864	1865	1895	1937	1939	1940	1960	1974	2000	2024	2033	2071	2076	2112	2113	2114	2119	2134	2200	2206	2207	1696	1699	1747	1756	1768	1769	1784	1802	1808	1850	1872	1916	1980	2032	2039	2040	2054	2061	2062	2093	2116	2135	2136	2145	2194	2210	2211	2048	2184	2238	2269	2246	2256	2263	2283	2287	2288	2307	2316	2333	2350	2391	2371	2387	2426	2451	2486	2576	2603	2619	2659	2392	2406	2667	2687	2948	2950	2727	2978	3040	2730	2732	2764	2776	2790	2791	2792	2797	2866	2906	2949	2993	3000	3050	2757	2802	2803	2804	2821	2824	2865	2967	2988	2991	3012	3058	3022	2833	2989	3322	3346	3404	3408	3420	3423	3442	3464	3565	3702	3728	3736	3864	3865	3902	3918	3809	3566	3569	3570	3626	3641	3642	3643	3646	3647	3649	3686	3727	3772	3782	3796	3820	3831	3867	3891	3894	3895	3916	3917	3919	3926	3927	3933	3957	3963	4006	3562	3668	3681	3899	3932	4014	4044	3709	3889	3988	
1328	1329	
1381	1382	1560	
1433	1434	1626	
1439	1440	1488	1559	1566	1667	2479	2799	
1477	1478	1549	1575	1587	1610	1670	1675	
159	160	169	179	196	222	223	229	238	241	242	249	271	301	307	317	318	320	322	331	379	387	390	394	396	398	411	197	215	260	280	282	300	314	329	330	336	352	399	424	388	463	471	505	515	529	562	563	591	594	464	475	481	492	496	506	514	592	457	565	600	626	1021	1061	1255	641	753	746	1239	625	663	642	715	731	743	909	961	975	978	1062	1111	1161	1183	1184	1187	1233	1252	843	851	1413	1456	1640	1564	1649	1569	1570	1692	1698	1702	1775	1785	1786	1858	1869	1920	1930	1955	1973	1987	2012	2016	2047	2123	2141	2172	1731	1875	2111	2162	2217	1821	1970	2055	2176	2579	2578	2372	2373	2393	2400	2402	2407	2420	2429	2467	2468	2471	2472	2473	2485	2487	2488	2498	2502	2510	2515	2516	2521	2526	2533	2544	2545	2549	2555	2591	2593	2594	2595	2612	2646	2654	2655	2688	2689	2564	2630	2638	2522	2857	2986	2862	3073	2720	2723	2774	2805	2814	2884	2930	2943	2960	2998	3045	3052	2756	2725	3080	3168	3224	3252	3088	3132	3153	3170	3176	3179	3182	3196	3202	3208	3230	3249	3254	3264	3276	3289	3291	3292	3218	3158	3081	3106	3131	3146	3167	3220	3223	3306	3429	3519	3428	3448	3481	3503	3539	3567	3690	3701	3839	4037	3553	3560	3585	3622	3635	3648	3655	3675	3676	3677	3684	3724	3762	3788	3815	3819	3823	3841	3931	3948	4005	4019	4033	3660	3947	3586	3579	3592	3632	3639	3734	3883	3896	3897	3921	4011	3778	3789	3814	
1689	1690	1798	2156	
1704	1705	
1714	1715	1922	1975	1996	2052	
1744	1745	
1762	1763	2144	
1771	1772	2059	
1836	1837	1894	2031	
1853	1854	
1883	1884	
1885	1886	2193	2227	
1901	1902	
1910	1911	2090	
1946	1947	
1978	1979	
1985	1986	
2009	2010	
2013	2014	
2019	2020	2381	
2067	2068	
2077	2078	
2126	2127	
2188	2189	2563	2636	3743	3784	3939	
2331	2332	
2334	2335	
2358	2359	2394	2416	2497	2554	2558	2585	2643	2666	3712	3794	3910	
2361	2362	
2366	2367	
2379	2380	2556	2633	2634	
2382	2383	2695	2625	2647	2684	2780	3244	3245	
2403	2404	2534	2683	3326	3344	3349	3447	3492	3518	3524	
2417	2418	2517	2518	2694	
2427	2428	2530	3705	
2433	2434	
2440	2441	2523	2537	2538	2668	
185	186	253	272	356	360	397	445	454	455	467	468	482	487	488	497	499	510	512	516	524	525	526	533	534	535	555	560	566	574	586	593	953	811	812	832	837	976	1088	1148	1153	954	1157	1411	1412	1482	1502	1507	1551	1552	1561	1565	1623	1449	1450	1476	1568	1686	1908	2140	1713	1813	2222	1909	2160	2167	2589	2582	2413	2363	2364	2449	2480	2481	2483	2494	2501	2536	2562	2649	2650	2431	2513	2581	2626	2640	2456	2457	2698	2770	2825	2746	2747	2870	2881	2886	2895	2910	2924	2927	2928	2929	2976	3301	3808	3904	3542	3577	3645	3687	3766	3901	
226	227	287	265	313	315	384	385	456	511	659	660	981	1136	1193	671	672	714	818	680	681	691	790	833	862	932	789	1369	1594	1370	1442	1485	1503	1543	1548	1643	1645	1678	1722	1790	2066	2072	2079	2191	1795	1700	1701	1703	1726	1732	1735	1804	1852	1868	1890	1913	1927	1932	1944	1948	1968	1984	1991	1993	2027	2049	2108	2117	2161	2214	2218	2221	1697	1708	1710	1712	1739	1754	1757	1761	1782	1792	1817	1851	1856	1857	1859	1881	1897	1945	1949	1952	1982	2003	2004	2037	2045	2058	2080	2083	2095	2099	2137	2152	2183	2202	2209	1778	2005	1989	2105	2064	2146	2197	1711	1716	1740	1773	1862	1879	1889	1896	1899	1906	1928	1942	2043	2057	2102	2118	2120	2122	2130	2138	2139	2147	2148	2104	2230	2231	2234	2239	2243	2244	2250	2253	2258	2260	2261	2272	2289	2292	2293	2300	2308	2317	2319	2321	2325	2327	2328	2337	2345	2346	2349	2355	2356	2232	2233	2240	2245	2252	2255	2259	2278	2285	2290	2291	2304	2309	2311	2314	2323	2340	2342	2344	2249	2251	2330	2329	2435	2466	2527	2560	2421	2447	2532	2570	2588	2592	2439	2690	2675	2691	2664	2464	2504	2580	2621	2491	2492	2909	2919	2713	2733	2808	2809	2811	2916	2937	3071	2721	2742	2749	2794	2795	2798	2846	2853	2951	2953	2985	3004	3017	3019	3034	3043	2962	2963	3001	3140	3172	3233	3293	3361	3396	3507	3312	3341	3381	3383	3395	3397	3412	3413	3416	3417	3418	3419	3425	3458	3474	3497	3509	3512	3538	3478	3362	3610	3678	3851	3638	3608	3949	3578	3670	3771	3830	3596	3656	3658	3753	3785	3786	3898	4000	4029	3936	3942	3652	3662	3664	3854	3935	3958	3752	
2511	2512	
2540	2541	2542	
2566	2567	2670	
2598	2599	3758	3759	3835	
162	163	176	177	178	198	216	233	298	344	354	383	392	452	453	460	461	508	520	530	537	542	554	567	576	582	583	588	596	618	775	915	1006	1149	1285	1621	1347	1392	1498	1827	1687	1965	1828	1905	1688	1799	1833	2023	2165	2425	2436	2454	2458	2543	2550	2551	2624	2601	2602	2699	2778	2889	3046	2729	2786	2854	2911	2914	2915	3016	3041	3065	3485	3511	3581	3674	3598	3631	3799	3922	3943	
2641	2642	
2715	2716	2788	3761	
14	15	16	20	21	22	26	27	28	29	30	38	41	42	43	158	164	203	214	230	236	237	246	247	269	270	276	277	278	281	288	303	308	310	324	335	341	347	351	357	362	365	366	376	377	386	389	395	408	409	422	434	435	267	268	477	478	490	498	558	605	606	617	1135	1152	704	705	723	756	760	799	800	825	826	848	896	959	1080	1082	1093	1114	1151	1173	1298	1383	1431	1531	1588	1469	1470	1398	1399	1800	2070	1917	2282	2353	2409	2377	2385	2423	2442	2444	2445	2482	2508	2509	2514	2520	2557	2587	2596	2597	2607	2608	2623	2628	2639	2676	2680	2410	2546	2672	2677	2692	2693	2734	2838	2849	2896	2873	2717	2718	2815	2894	3439	3348	3310	3311	3388	3449	3452	3501	3505	3520	3597	
2751	2752	3072	
2761	2762	2982	3010	
64	65	83	99	119	131	132	134	136	137	141	145	1595	2652	2653	2700	2701	2745	2839	2925	2977	2990	2996	3024	2781	2782	3330	3600	3601	3729	3770	3804	3805	3884	
2830	2831	3020	3030	
2844	2845	
2847	2848	2878	2899	2994	3033	3049	
2871	2872	2874	2965	
2876	2877	
2902	2903	
2922	2923	3066	
3002	3003	
3074	3075	3079	3255	
3084	3085	3144	3155	3133	3091	3092	3136	3162	3171	3283	3285	3308	3134	3183	3212	3235	3298	3307	3154	3319	3320	3443	3466	3471	3467	3765	3774	
3094	3095	
3260	3261	
3342	3343	3469	3496	
3364	3365	3473	
3370	3371	3433	3475	3504	3510	3517	
3374	3375	3411	3424	3435	3531	
3436	3437	
3459	3460	3476	3530	
3525	3526	
3544	3545	3546	
3551	3552	3665	3790	3554	3555	3612	3613	3694	3711	3714	3806	3827	3856	3945	3972	3984	4007	
3572	3573	3740	3741	
3587	3588	3890	
3618	3619	3624	
3671	3672	
3692	3693	3888	
3695	3696	
3703	3704	3877	
3706	3707	3829	
3748	3749	
3763	3764	3930	
3779	3780	
3832	3833	4025	4043	
3845	3846	3929	
3954	3955	3956	
3994	3995	
4034	4035	
