3	1785	12
16	26	12
26	30	12
26	38	12
26	41	12
26	158	12
26	408	12
26	435	12
26	2422	12
26	2639	12
26	2734	12
26	2838	12
26	2849	12
26	2896	12
46	122	12
68	1273	12
80	2202	12
90	122	12
91	113	12
105	113	12
105	122	12
111	1323	12
113	117	12
113	118	12
113	140	12
113	780	12
113	1622	12
113	1636	12
113	1796	12
113	1916	12
113	2054	12
113	2948	12
113	2950	12
116	439	12
116	699	12
122	139	12
122	149	12
122	2727	12
122	2950	12
122	2978	12
122	3040	12
132	2700	12
145	2700	12
154	933	12
154	934	12
157	439	12
157	933	12
157	934	12
157	2192	12
160	1276	12
176	2699	12
178	392	12
213	2709	12
225	1765	12
225	1787	12
229	594	12
234	1124	12
238	439	12
242	2192	12
248	1321	12
254	447	12
260	2055	12
262	392	12
264	1321	12
271	933	12
271	934	12
279	2709	12
285	2080	12
285	2296	12
285	2545	12
285	2706	12
285	2708	12
285	2768	12
285	2789	12
285	2992	12
305	439	12
306	1348	12
306	3007	12
313	1817	12
315	1817	12
316	1107	12
329	909	12
343	2709	12
348	933	12
348	934	12
390	933	12
390	2192	12
392	1743	12
392	1842	12
392	2778	12
392	2889	12
392	3046	12
406	2709	12
413	1875	12
417	2891	12
420	439	12
421	447	12
426	439	12
439	440	12
439	442	12
439	447	12
439	469	12
439	470	12
439	506	12
439	518	12
439	540	12
439	553	12
439	568	12
439	577	12
439	578	12
439	682	12
439	999	12
439	1448	12
439	1547	12
439	1820	12
439	1973	12
439	2508	12
439	2730	12
439	2732	12
439	2764	12
439	2776	12
439	2790	12
439	2791	12
439	2792	12
439	2797	12
439	2866	12
439	2906	12
439	2949	12
439	2993	12
439	3000	12
439	3050	12
447	501	12
447	539	12
447	541	12
447	573	12
447	581	12
447	584	12
447	620	12
447	719	12
447	793	12
447	828	12
447	961	12
447	1189	12
447	1210	12
447	1416	12
447	1536	12
447	2292	12
447	2429	12
447	2484	12
447	2757	12
447	2802	12
447	2803	12
447	2804	12
447	2821	12
447	2824	12
447	2865	12
447	2967	12
447	2988	12
447	2991	12
447	3012	12
447	3058	12
454	2699	12
455	2698	12
455	2699	12
461	2729	12
467	1387	12
467	2698	12
468	2698	12
468	2699	12
475	2192	12
481	933	12
481	2192	12
492	2192	12
493	1017	12
494	2729	12
496	933	12
496	2192	12
497	2709	12
506	2192	12
508	2698	12
508	2699	12
510	2698	12
510	2699	12
511	2909	12
512	2698	12
512	2699	12
516	2698	12
516	2699	12
518	2192	12
524	2202	12
524	2709	12
525	2698	12
525	2699	12
526	2699	12
542	2729	12
552	2698	12
552	2699	12
553	2192	12
560	2698	12
560	2699	12
561	575	12
563	1107	12
563	2579	12
565	600	12
573	933	12
573	934	12
574	2698	12
574	2699	12
575	2952	12
575	2954	12
583	2729	12
584	933	12
584	934	12
588	2729	12
589	933	12
589	2192	12
592	933	12
592	2192	12
593	2698	12
593	2699	12
594	720	12
594	835	12
594	1027	12
594	1998	12
594	2202	12
594	2373	12
594	2857	12
594	2986	12
598	933	12
620	2696	12
640	933	12
640	2192	12
642	1273	12
645	758	12
648	963	12
656	1244	12
658	1785	12
667	758	12
667	1273	12
668	1273	12
669	2192	12
678	1273	12
684	758	12
684	1244	12
684	1273	12
685	1323	12
685	1860	12
690	1273	12
694	1086	12
695	1785	12
698	758	12
699	790	12
699	829	12
699	852	12
699	859	12
699	1086	12
699	1352	12
699	1404	12
699	1444	12
699	1511	12
699	1528	12
699	1567	12
699	1589	12
699	1591	12
699	1592	12
699	1682	12
699	2178	12
699	2202	12
699	2255	12
699	2545	12
699	2696	12
699	2706	12
699	2708	12
699	2787	12
699	2935	12
699	2959	12
701	1086	12
711	1273	12
714	2202	12
720	1274	12
722	1273	12
731	933	12
731	2170	12
732	758	12
745	1273	12
758	798	12
758	842	12
758	855	12
758	924	12
758	939	12
758	971	12
758	994	12
758	1026	12
758	1042	12
758	1063	12
758	1201	12
758	1247	12
758	1261	12
758	1343	12
758	1672	12
758	1730	12
758	1741	12
758	1755	12
758	1803	12
758	2207	12
758	2424	12
758	2784	12
758	2785	12
758	2890	12
758	2921	12
758	2942	12
758	2972	12
758	2981	12
758	3021	12
758	3038	12
758	3062	12
758	3063	12
762	1273	12
765	933	12
768	1273	12
780	1272	12
790	1404	12
790	2111	12
790	2919	12
798	1244	12
798	1273	12
801	933	12
801	934	12
802	1817	12
810	2192	12
817	1273	12
822	934	12
829	2202	12
829	2545	12
829	2706	12
832	2501	12
835	1086	12
835	1276	12
835	1817	12
835	1957	12
835	2202	12
835	2739	12
835	2961	12
838	2192	12
850	2192	12
852	934	12
855	1244	12
855	1272	12
855	1273	12
858	933	12
858	934	12
859	933	12
859	963	12
859	1086	12
859	1875	12
859	2192	12
864	963	12
871	933	12
878	933	12
878	934	12
879	1273	12
880	933	12
881	1273	12
887	1785	12
894	1785	12
896	934	12
898	2192	12
900	933	12
900	934	12
907	934	12
909	934	12
909	1252	12
909	2042	12
914	933	12
914	934	12
923	934	12
924	1273	12
926	2479	12
927	1273	12
931	933	12
931	934	12
933	934	12
933	950	12
933	956	12
933	1001	12
933	1073	12
933	1103	12
933	1140	12
933	1161	12
933	1162	12
933	1213	12
933	1650	12
933	1656	12
933	1674	12
933	1830	12
933	1849	12
933	1866	12
933	1892	12
933	2152	12
933	2224	12
933	2251	12
933	2312	12
933	2466	12
933	2539	12
933	2703	12
933	2704	12
933	2712	12
933	2722	12
933	2724	12
933	2728	12
933	2776	12
933	2790	12
933	2796	12
933	2807	12
933	2810	12
933	2812	12
933	2813	12
933	2816	12
933	2827	12
933	2879	12
933	2880	12
933	2904	12
933	2907	12
933	2908	12
933	2918	12
933	2944	12
933	2946	12
933	2974	12
933	2979	12
933	2995	12
933	3011	12
933	3023	12
933	3025	12
933	3028	12
933	3047	12
933	3061	12
933	3064	12
933	3068	12
933	3069	12
934	956	12
934	1073	12
934	1103	12
934	1116	12
934	1161	12
934	1263	12
934	1278	12
934	1576	12
934	1674	12
934	1699	12
934	1783	12
934	2001	12
934	2042	12
934	2062	12
934	2158	12
934	2539	12
934	2679	12
934	2712	12
934	2728	12
934	2807	12
934	2812	12
934	2827	12
934	2936	12
935	1321	12
939	1273	12
952	1785	12
955	3031	12
963	2374	12
963	2411	12
963	2412	12
963	2432	12
966	1259	12
967	1273	12
968	1273	12
969	1273	12
976	2709	12
984	1957	12
991	1244	12
991	1273	12
993	1276	12
994	1273	12
1002	1276	12
1027	1086	12
1027	1817	12
1027	2202	12
1030	1244	12
1030	1273	12
1038	1273	12
1039	2709	12
1040	1273	12
1058	1321	12
1060	1321	12
1066	1273	12
1067	2192	12
1068	1323	12
1075	1323	12
1084	1957	12
1086	1107	12
1086	1538	12
1086	1617	12
1086	1650	12
1086	1663	12
1086	1739	12
1086	1759	12
1086	1817	12
1086	1851	12
1086	1897	12
1086	1945	12
1086	2036	12
1086	2148	12
1086	2154	12
1086	2202	12
1086	2274	12
1086	2368	12
1086	2373	12
1086	2714	12
1086	2738	12
1086	2783	12
1086	2860	12
1086	2905	12
1086	3029	12
1089	1785	12
1097	2192	12
1098	1528	12
1103	1875	12
1107	2767	12
1120	1273	12
1143	1785	12
1145	1273	12
1145	1321	12
1147	1273	12
1153	2709	12
1173	2873	12
1177	2192	12
1181	1259	12
1192	1244	12
1192	1273	12
1193	1888	12
1202	1272	12
1205	1321	12
1244	1273	12
1244	2754	12
1244	2921	12
1246	1474	12
1254	1957	12
1254	2111	12
1259	2691	12
1261	1273	12
1267	1323	12
1272	1353	12
1272	1373	12
1272	1584	12
1272	1635	12
1272	1636	12
1272	1646	12
1272	2388	12
1272	2420	12
1272	2443	12
1272	2948	12
1273	1375	12
1273	1384	12
1273	1597	12
1273	2743	12
1273	2754	12
1273	2837	12
1273	2864	12
1274	1870	12
1274	2736	12
1274	2855	12
1276	1584	12
1276	2613	12
1306	2202	12
1321	1397	12
1321	2610	12
1321	2719	12
1321	2758	12
1321	2806	12
1321	2869	12
1321	2964	12
1321	2987	12
1321	2997	12
1321	3035	12
1323	3057	12
1348	1959	12
1348	1990	12
1348	2007	12
1348	2133	12
1352	1404	12
1352	2111	12
1355	1767	12
1374	1403	12
1374	2759	12
1379	2255	12
1379	2696	12
1379	2709	12
1387	1987	12
1387	2832	12
1403	1430	12
1403	1549	12
1403	1558	12
1403	1583	12
1403	1616	12
1403	1629	12
1403	1642	12
1403	1659	12
1403	1661	12
1403	1834	12
1403	2344	12
1403	2603	12
1403	2659	12
1403	2702	12
1403	2759	12
1403	2760	12
1403	2775	12
1403	2777	12
1403	2926	12
1403	2947	12
1403	2983	12
1403	3044	12
1404	1509	12
1404	2834	12
1412	2709	12
1417	2759	12
1444	2264	12
1444	2545	12
1444	2706	12
1444	2708	12
1454	1785	12
1456	2192	12
1461	2759	12
1474	2740	12
1474	2826	12
1483	2759	12
1511	2545	12
1511	2706	12
1518	1888	12
1518	2202	12
1520	2706	12
1520	2709	12
1528	2980	12
1534	1957	12
1558	2759	12
1561	2709	12
1576	2192	12
1579	2255	12
1579	2709	12
1589	2192	12
1589	2255	12
1591	2255	12
1592	2255	12
1592	2709	12
1610	2202	12
1612	2759	12
1642	2759	12
1645	2909	12
1649	2862	12
1649	3073	12
1652	1785	12
1661	1785	12
1661	1875	12
1664	2192	12
1665	2192	12
1673	2709	12
1677	1817	12
1678	2909	12
1682	2255	12
1707	1957	12
1735	1875	12
1739	1817	12
1739	2192	12
1742	2192	12
1750	2501	12
1761	1817	12
1774	1817	12
1784	1875	12
1785	1821	12
1788	1817	12
1789	1817	12
1817	1896	12
1817	1912	12
1817	1992	12
1817	1994	12
1817	2008	12
1817	2017	12
1817	2022	12
1817	2045	12
1817	2103	12
1817	2171	12
1817	2713	12
1817	2733	12
1817	2808	12
1817	2809	12
1817	2811	12
1817	2916	12
1817	2937	12
1817	3071	12
1820	2192	12
1850	3022	12
1852	2202	12
1855	2264	12
1855	2545	12
1855	2706	12
1855	2708	12
1860	2127	12
1860	2702	12
1860	2711	12
1860	2793	12
1860	2859	12
1860	2897	12
1860	2898	12
1860	2912	12
1860	2913	12
1860	2920	12
1860	2931	12
1860	2932	12
1860	2933	12
1860	2934	12
1860	2971	12
1860	3008	12
1860	3009	12
1875	1919	12
1875	2162	12
1875	2194	12
1875	2214	12
1875	2311	12
1875	2325	12
1875	2337	12
1875	2635	12
1875	2675	12
1875	2720	12
1875	2723	12
1875	2774	12
1875	2805	12
1875	2814	12
1875	2884	12
1875	2930	12
1875	2943	12
1875	2960	12
1875	2998	12
1875	3045	12
1875	3052	12
1878	2202	12
1881	2202	12
1888	1912	12
1888	2171	12
1888	2435	12
1888	2527	12
1888	3053	12
1923	2182	12
1924	2863	12
1929	2917	12
1938	2192	12
1956	1957	12
1957	2215	12
1968	2202	12
1991	2696	12
1998	2202	12
2000	2759	12
2008	2202	12
2011	2867	12
2011	2888	12
2026	2255	12
2026	2696	12
2036	2202	12
2066	2909	12
2080	2202	12
2080	2545	12
2080	2706	12
2080	2708	12
2082	2192	12
2083	2202	12
2101	2739	12
2111	2756	12
2137	2202	12
2146	2709	12
2153	2709	12
2167	2709	12
2168	2192	12
2175	2709	12
2178	2501	12
2192	2202	12
2192	2249	12
2192	2485	12
2192	2621	12
2192	2713	12
2192	2733	12
2192	2737	12
2192	2741	12
2192	2753	12
2192	2755	12
2192	2771	12
2192	2800	12
2192	2822	12
2192	2823	12
2192	2875	12
2192	2885	12
2192	2892	12
2192	2893	12
2192	2918	12
2192	2939	12
2192	2940	12
2192	2941	12
2192	2946	12
2192	2957	12
2192	3005	12
2192	3018	12
2192	3026	12
2192	3032	12
2192	3037	12
2192	3039	12
2192	3051	12
2192	3054	12
2192	3059	12
2192	3060	12
2192	3070	12
2195	2202	12
2202	2296	12
2202	2356	12
2202	2368	12
2202	2447	12
2202	2487	12
2202	2488	12
2202	2521	12
2202	2544	12
2202	2545	12
2202	2588	12
2202	2592	12
2202	2654	12
2202	2706	12
2202	2708	12
2202	2714	12
2202	2719	12
2202	2721	12
2202	2738	12
2202	2742	12
2202	2749	12
2202	2794	12
2202	2795	12
2202	2798	12
2202	2811	12
2202	2846	12
2202	2853	12
2202	2917	12
2202	2951	12
2202	2953	12
2202	2985	12
2202	3004	12
2202	3017	12
2202	3019	12
2202	3034	12
2202	3043	12
2203	2709	12
2257	2283	12
2264	2545	12
2264	2738	12
2264	2768	12
2264	2789	12
2264	2820	12
2267	2840	12
2267	3013	12
2268	2765	12
2283	2833	12
2283	2989	12
2296	2545	12
2296	2706	12
2296	2708	12
2297	2769	12
2325	2765	12
2351	2709	12
2357	2705	12
2368	2828	12
2383	2684	12
2407	2698	12
2407	2699	12
2457	2698	12
2457	2699	12
2479	2799	12
2501	2770	12
2501	2825	12
2545	2706	12
2545	2708	12
2545	2725	12
2545	2738	12
2545	2768	12
2545	2789	12
2545	2798	12
2545	2820	12
2653	2700	12
2684	2780	12
2696	2697	12
2698	2746	12
2698	2747	12
2698	2870	12
2698	2881	12
2698	2886	12
2698	2895	12
2698	2910	12
2698	2924	12
2698	2927	12
2698	2928	12
2698	2929	12
2698	2976	12
2699	2746	12
2699	2747	12
2699	2786	12
2699	2854	12
2699	2881	12
2699	2886	12
2699	2895	12
2699	2910	12
2699	2911	12
2699	2914	12
2699	2915	12
2699	2924	12
2699	2927	12
2699	2928	12
2699	2929	12
2699	2976	12
2699	3016	12
2699	3041	12
2699	3065	12
2700	2701	12
2700	2745	12
2700	2839	12
2700	2925	12
2700	2977	12
2700	2990	12
2700	2996	12
2700	3024	12
2706	2707	12
2706	2708	12
2706	2725	12
2706	2738	12
2706	2768	12
2706	2789	12
2706	2820	12
2706	2861	12
2706	3014	12
2708	2738	12
2708	2768	12
2708	2789	12
2708	2820	12
2709	2710	12
2709	2726	12
2709	2731	12
2709	2735	12
2709	2737	12
2709	2744	12
2709	2748	12
2709	2750	12
2709	2763	12
2709	2772	12
2709	2773	12
2709	2779	12
2709	2817	12
2709	2818	12
2709	2819	12
2709	2835	12
2709	2836	12
2709	2840	12
2709	2841	12
2709	2843	12
2709	2850	12
2709	2851	12
2709	2852	12
2709	2856	12
2709	2868	12
2709	2882	12
2709	2883	12
2709	2887	12
2709	2915	12
2709	2945	12
2709	2955	12
2709	2956	12
2709	2958	12
2709	2959	12
2709	2966	12
2709	2968	12
2709	2969	12
2709	2970	12
2709	2975	12
2709	2984	12
2709	2999	12
2709	3006	12
2709	3013	12
2709	3036	12
2709	3042	12
2709	3055	12
2709	3056	12
2709	3067	12
2715	2716	12
2715	2788	12
2717	2718	12
2717	2815	12
2717	2894	12
2739	3015	12
2751	2752	12
2751	3072	12
2759	2760	12
2761	2762	12
2761	2982	12
2761	3010	12
2765	2766	12
2765	2801	12
2765	2938	12
2765	2973	12
2765	3027	12
2769	2842	12
2781	2782	12
2828	2829	12
2829	2900	12
2830	2831	12
2830	3020	12
2830	3030	12
2844	2845	12
2847	2848	12
2847	2878	12
2847	2899	12
2847	2994	12
2847	3033	12
2847	3049	12
2858	2859	12
2871	2872	12
2871	2874	12
2871	2965	12
2876	2877	12
2900	2901	12
2902	2903	12
2922	2923	12
2922	3066	12
2936	3048	12
2962	2963	12
2962	3001	12
3002	3003	12
