3	885	17
3	1652	17
17	885	17
17	1652	17
73	1652	17
83	99	17
99	119	17
99	639	17
99	830	17
99	1023	17
99	2507	17
99	2535	17
99	2671	17
111	948	17
111	4141	17
142	4456	17
149	1240	17
149	2727	17
149	3176	17
149	3775	17
149	3988	17
149	4542	17
149	4584	17
149	4693	17
151	1096	17
152	3004	17
157	238	17
157	271	17
157	348	17
157	363	17
157	390	17
157	464	17
157	475	17
157	481	17
157	492	17
157	496	17
157	506	17
157	589	17
157	640	17
157	835	17
157	871	17
157	886	17
157	893	17
157	1177	17
157	1213	17
157	1242	17
157	1456	17
157	1576	17
157	1698	17
157	1820	17
157	1920	17
157	2168	17
157	2274	17
157	2539	17
157	2724	17
157	2741	17
157	2753	17
157	2764	17
157	2771	17
157	2823	17
157	2875	17
157	2880	17
157	2885	17
157	2892	17
157	2941	17
157	2944	17
157	2946	17
157	2957	17
157	3026	17
157	3059	17
157	3060	17
157	3127	17
157	3425	17
157	3497	17
157	3599	17
157	3634	17
157	3649	17
157	3655	17
157	3933	17
157	4325	17
157	4346	17
157	4465	17
157	4471	17
157	4477	17
157	4529	17
157	4592	17
157	4598	17
157	4612	17
157	4613	17
157	4627	17
157	4629	17
157	4650	17
157	4651	17
157	4652	17
157	4656	17
157	4708	17
171	4387	17
176	4456	17
176	4515	17
183	264	17
235	243	17
235	262	17
235	263	17
235	273	17
235	429	17
235	3598	17
235	3631	17
264	405	17
264	413	17
264	1802	17
264	2420	17
264	2951	17
264	3173	17
264	3854	17
264	3958	17
264	4057	17
264	4274	17
264	4451	17
264	4526	17
264	4605	17
264	4620	17
264	4687	17
307	1830	17
307	2630	17
307	2638	17
307	4356	17
313	2742	17
315	2742	17
441	1096	17
441	3106	17
454	2927	17
455	2927	17
458	2927	17
471	1459	17
476	1096	17
499	2927	17
507	1096	17
508	2927	17
512	2927	17
516	2927	17
525	2927	17
538	1096	17
549	1096	17
551	2338	17
552	2927	17
553	1096	17
560	2927	17
567	2927	17
574	2927	17
590	1096	17
590	4475	17
593	2927	17
599	4675	17
599	4677	17
599	4678	17
602	2415	17
607	4532	17
613	2415	17
621	4141	17
636	952	17
658	885	17
662	4141	17
664	1078	17
665	1078	17
667	4079	17
677	1452	17
678	948	17
679	2018	17
686	1078	17
688	1078	17
720	4467	17
722	1078	17
731	1116	17
734	1078	17
734	4467	17
736	1078	17
736	4467	17
741	1078	17
745	1078	17
759	4460	17
779	4467	17
782	1078	17
783	4079	17
784	4456	17
793	3012	17
796	1078	17
797	1078	17
797	3106	17
797	4467	17
815	4467	17
817	1078	17
827	1116	17
835	2742	17
835	3377	17
849	2291	17
849	4141	17
855	4456	17
856	4456	17
859	1116	17
860	977	17
860	1078	17
885	891	17
885	952	17
885	1821	17
885	2559	17
885	4356	17
885	4540	17
887	952	17
887	1652	17
887	4460	17
888	4141	17
894	1652	17
928	4467	17
936	977	17
936	1078	17
938	1078	17
942	1128	17
943	1078	17
944	1078	17
945	1078	17
945	4467	17
948	1145	17
948	1199	17
948	1571	17
948	1977	17
948	3110	17
948	3231	17
948	4057	17
948	4098	17
948	4118	17
948	4120	17
948	4175	17
948	4198	17
948	4282	17
948	4316	17
948	4388	17
948	4448	17
948	4537	17
948	4577	17
948	4614	17
948	4630	17
948	4636	17
948	4722	17
952	1143	17
952	3232	17
952	3288	17
952	3300	17
952	4536	17
954	1623	17
960	1078	17
960	3106	17
960	4467	17
961	1116	17
966	4141	17
977	995	17
977	1005	17
977	1006	17
977	1121	17
977	1149	17
977	1288	17
977	4144	17
977	4327	17
977	4480	17
977	4562	17
977	4575	17
977	4589	17
979	2971	17
979	3701	17
979	4456	17
984	4467	17
991	4467	17
995	1078	17
1003	4079	17
1005	1078	17
1005	4467	17
1025	3106	17
1028	4079	17
1030	4456	17
1036	1078	17
1036	4467	17
1040	4467	17
1046	1078	17
1056	3841	17
1057	4467	17
1058	4467	17
1060	4456	17
1072	1078	17
1072	4467	17
1073	4456	17
1078	1112	17
1078	1113	17
1078	1119	17
1078	1121	17
1078	1147	17
1078	1169	17
1078	1205	17
1078	1208	17
1078	1229	17
1078	1234	17
1078	1236	17
1078	1280	17
1078	1286	17
1078	1293	17
1078	1294	17
1078	1303	17
1078	1315	17
1078	1446	17
1078	2113	17
1078	2223	17
1078	3090	17
1078	3126	17
1078	3160	17
1078	3185	17
1078	3191	17
1078	3239	17
1078	3256	17
1078	3275	17
1078	3535	17
1078	3571	17
1078	3607	17
1078	4061	17
1078	4063	17
1078	4087	17
1078	4153	17
1078	4216	17
1078	4232	17
1078	4317	17
1078	4327	17
1078	4336	17
1078	4337	17
1078	4357	17
1078	4359	17
1078	4372	17
1078	4394	17
1078	4399	17
1078	4421	17
1078	4439	17
1078	4441	17
1078	4450	17
1078	4452	17
1078	4453	17
1078	4454	17
1078	4458	17
1078	4467	17
1078	4480	17
1078	4481	17
1078	4483	17
1078	4484	17
1078	4494	17
1078	4506	17
1078	4512	17
1078	4513	17
1078	4514	17
1078	4550	17
1078	4557	17
1078	4561	17
1078	4564	17
1078	4566	17
1078	4569	17
1078	4576	17
1078	4581	17
1078	4582	17
1078	4589	17
1078	4619	17
1078	4621	17
1078	4633	17
1078	4635	17
1078	4640	17
1078	4643	17
1078	4654	17
1078	4655	17
1078	4666	17
1078	4681	17
1078	4682	17
1078	4688	17
1078	4692	17
1078	4694	17
1078	4714	17
1078	4728	17
1078	4731	17
1096	1204	17
1096	1536	17
1096	3106	17
1096	3237	17
1096	3448	17
1096	3562	17
1096	3668	17
1096	3899	17
1096	4683	17
1098	1338	17
1098	1618	17
1098	2834	17
1098	2869	17
1098	3099	17
1098	3163	17
1098	4083	17
1098	4487	17
1098	4495	17
1098	4547	17
1098	4565	17
1098	4599	17
1098	4625	17
1098	4632	17
1098	4712	17
1116	2374	17
1116	2411	17
1116	2412	17
1116	2432	17
1118	3317	17
1119	4467	17
1122	4475	17
1128	1586	17
1128	2472	17
1128	2510	17
1128	2595	17
1167	4456	17
1169	4467	17
1172	1652	17
1200	2971	17
1231	3217	17
1242	4460	17
1249	4456	17
1261	4079	17
1280	4467	17
1312	4456	17
1315	4467	17
1338	3991	17
1350	2018	17
1350	2971	17
1350	3701	17
1350	4456	17
1364	1665	17
1386	3055	17
1390	4141	17
1446	4467	17
1452	4609	17
1459	3176	17
1459	4541	17
1459	4720	17
1462	2742	17
1482	1623	17
1502	1623	17
1504	3992	17
1505	1617	17
1511	3377	17
1537	2971	17
1537	3991	17
1539	1619	17
1558	1616	17
1565	1623	17
1567	4475	17
1578	4603	17
1596	1618	17
1596	2097	17
1598	2742	17
1601	3992	17
1616	1661	17
1617	4542	17
1618	2742	17
1622	2415	17
1634	2571	17
1646	4466	17
1652	1821	17
1652	3489	17
1652	3785	17
1652	4356	17
1652	4536	17
1652	4540	17
1652	4590	17
1661	1664	17
1664	1934	17
1664	2091	17
1664	2580	17
1664	3381	17
1664	3560	17
1664	3688	17
1665	3557	17
1665	3992	17
1692	3560	17
1693	4460	17
1699	2742	17
1699	4475	17
1730	4460	17
1735	4466	17
1738	2640	17
1755	4460	17
1776	4460	17
1779	2291	17
1783	4475	17
1799	3106	17
1814	4460	17
1835	3560	17
1843	2018	17
1843	2971	17
1843	3701	17
1865	4460	17
1865	4467	17
1880	2742	17
1881	2742	17
1895	1943	17
1895	4489	17
1912	2742	17
1919	4466	17
1936	3217	17
1940	4460	17
1940	4467	17
1948	4475	17
1952	3377	17
1960	4467	17
1972	3992	17
1981	2710	17
1988	2062	17
1988	2244	17
1988	2293	17
1988	2328	17
1988	3865	17
1988	4501	17
1989	3377	17
2018	2164	17
2018	2971	17
2018	3690	17
2018	3724	17
2018	3839	17
2018	4037	17
2018	4530	17
2018	4531	17
2043	2742	17
2046	2971	17
2046	3701	17
2056	2971	17
2056	3701	17
2061	4683	17
2062	4501	17
2068	2958	17
2068	2984	17
2068	4556	17
2076	4460	17
2083	2742	17
2091	3560	17
2097	2291	17
2105	3377	17
2113	4467	17
2119	4460	17
2119	4467	17
2123	2971	17
2134	4460	17
2134	4467	17
2139	2742	17
2155	4456	17
2162	4466	17
2164	2971	17
2164	3701	17
2168	4475	17
2171	2742	17
2178	3928	17
2187	4467	17
2194	2415	17
2203	3042	17
2203	3055	17
2206	4460	17
2207	4460	17
2220	3217	17
2243	2742	17
2244	4501	17
2280	2338	17
2281	2338	17
2285	4460	17
2291	4057	17
2299	2338	17
2325	2720	17
2325	2814	17
2325	2884	17
2325	4462	17
2325	4499	17
2325	4502	17
2325	4521	17
2325	4563	17
2325	4626	17
2325	4649	17
2338	2339	17
2338	2348	17
2338	2537	17
2338	4464	17
2338	4637	17
2338	4706	17
2338	4735	17
2388	3377	17
2392	4460	17
2397	2571	17
2407	2927	17
2415	2657	17
2415	2658	17
2415	3902	17
2415	4624	17
2415	4659	17
2415	4680	17
2415	4697	17
2415	4701	17
2439	3377	17
2451	4460	17
2457	2927	17
2462	2572	17
2470	4567	17
2472	4079	17
2519	2971	17
2519	3701	17
2561	2572	17
2571	2584	17
2571	2590	17
2571	3008	17
2571	3583	17
2571	4488	17
2571	4543	17
2571	4552	17
2572	2602	17
2572	2615	17
2572	2665	17
2572	4664	17
2572	4673	17
2588	2742	17
2602	3890	17
2620	4456	17
2638	4362	17
2638	4570	17
2640	4470	17
2640	4671	17
2646	3377	17
2655	3217	17
2655	3317	17
2667	4460	17
2670	3056	17
2710	3106	17
2710	3503	17
2720	4462	17
2735	3841	17
2741	4475	17
2742	2860	17
2742	3071	17
2742	3166	17
2742	3652	17
2742	3661	17
2742	3662	17
2742	3746	17
2742	3812	17
2742	3822	17
2742	3891	17
2742	3970	17
2742	4244	17
2742	4420	17
2742	4527	17
2742	4543	17
2742	4672	17
2742	4724	17
2746	2927	17
2747	2927	17
2756	4734	17
2768	4475	17
2771	4475	17
2786	2927	17
2789	4475	17
2835	3056	17
2870	2927	17
2881	2927	17
2886	2927	17
2893	2971	17
2910	2927	17
2915	2927	17
2921	4456	17
2924	2927	17
2927	2928	17
2927	2929	17
2927	3016	17
2927	3641	17
2927	3808	17
2927	3904	17
2940	4475	17
2941	4475	17
2952	3024	17
2952	4459	17
2952	4496	17
2952	4658	17
2957	4475	17
2959	3042	17
2959	3055	17
2964	3841	17
2967	3217	17
2971	3105	17
2971	3130	17
2971	3299	17
2971	3412	17
2971	3487	17
2971	3701	17
2971	3724	17
2971	3819	17
2971	4151	17
2971	4490	17
2971	4508	17
2971	4530	17
2971	4531	17
2971	4533	17
2971	4534	17
3042	3055	17
3042	3151	17
3042	3225	17
3042	3357	17
3042	3382	17
3042	3426	17
3042	4275	17
3042	4362	17
3042	4548	17
3042	4587	17
3055	3357	17
3055	3426	17
3055	4275	17
3055	4362	17
3055	4539	17
3055	4548	17
3055	4555	17
3055	4587	17
3056	3742	17
3056	4101	17
3056	4727	17
3059	4475	17
3097	3222	17
3106	3237	17
3106	3428	17
3106	3487	17
3106	3879	17
3106	4014	17
3106	4352	17
3106	4505	17
3106	4670	17
3106	4713	17
3106	4729	17
3107	3217	17
3110	4456	17
3110	4467	17
3116	4456	17
3122	3217	17
3124	4467	17
3135	4460	17
3140	4475	17
3151	3217	17
3151	4362	17
3174	3217	17
3174	3317	17
3174	4362	17
3185	4467	17
3188	3217	17
3191	4467	17
3198	3217	17
3217	3277	17
3217	3303	17
3217	3317	17
3217	3336	17
3217	3340	17
3217	3409	17
3217	3486	17
3217	3491	17
3217	3493	17
3217	3548	17
3217	3571	17
3217	3629	17
3217	3816	17
3217	3825	17
3217	3828	17
3217	3838	17
3217	3847	17
3217	3940	17
3217	3941	17
3217	3990	17
3217	4042	17
3217	4362	17
3217	4474	17
3217	4558	17
3217	4631	17
3217	4668	17
3217	4717	17
3222	3322	17
3222	3346	17
3222	3385	17
3222	3402	17
3222	3403	17
3222	3404	17
3222	3414	17
3222	3423	17
3222	3442	17
3222	3778	17
3222	4611	17
3296	4524	17
3313	3377	17
3314	4507	17
3317	3336	17
3317	3340	17
3317	3409	17
3317	3486	17
3317	3493	17
3317	3548	17
3317	3629	17
3317	3825	17
3317	3940	17
3317	3990	17
3317	4275	17
3317	4362	17
3317	4474	17
3317	4555	17
3323	3357	17
3323	4436	17
3340	4362	17
3357	4362	17
3368	3701	17
3377	3380	17
3377	3398	17
3377	3440	17
3377	3953	17
3377	4528	17
3377	4639	17
3377	4691	17
3377	4703	17
3377	4705	17
3412	3701	17
3426	4362	17
3455	4524	17
3477	3841	17
3490	4456	17
3560	3760	17
3560	4606	17
3571	4467	17
3586	4467	17
3588	3890	17
3597	4461	17
3623	4467	17
3669	3841	17
3678	3841	17
3701	3710	17
3701	3819	17
3701	4490	17
3701	4508	17
3701	4509	17
3701	4531	17
3701	4533	17
3720	4475	17
3729	4469	17
3732	4475	17
3743	3841	17
3778	4461	17
3780	4269	17
3841	4310	17
3841	4485	17
3841	4490	17
3841	4509	17
3841	4586	17
3841	4684	17
3841	4690	17
3887	4475	17
3907	4362	17
3928	4186	17
3928	4245	17
3961	4507	17
3970	4475	17
3983	4472	17
3991	4432	17
3992	4695	17
4003	4456	17
4061	4456	17
4063	4456	17
4072	4456	17
4079	4455	17
4079	4503	17
4079	4676	17
4079	4707	17
4087	4456	17
4087	4467	17
4116	4475	17
4141	4238	17
4159	4469	17
4205	4467	17
4226	4269	17
4249	4456	17
4261	4469	17
4263	4469	17
4264	4469	17
4267	4362	17
4275	4362	17
4281	4469	17
4283	4475	17
4317	4456	17
4336	4467	17
4352	4467	17
4354	4475	17
4358	4467	17
4359	4467	17
4362	4474	17
4362	4548	17
4362	4555	17
4367	4456	17
4370	4469	17
4379	4469	17
4386	4475	17
4387	4554	17
4387	4579	17
4387	4644	17
4387	4721	17
4399	4467	17
4401	4475	17
4452	4467	17
4453	4467	17
4456	4457	17
4456	4516	17
4456	4622	17
4456	4628	17
4456	4653	17
4456	4657	17
4456	4660	17
4456	4679	17
4456	4685	17
4456	4686	17
4456	4702	17
4456	4732	17
4456	4733	17
4460	4546	17
4460	4559	17
4460	4566	17
4460	4574	17
4460	4600	17
4460	4618	17
4460	4663	17
4460	4669	17
4460	4725	17
4461	4493	17
4461	4696	17
4461	4723	17
4461	4730	17
4462	4463	17
4462	4486	17
4462	4497	17
4462	4510	17
4462	4517	17
4462	4521	17
4462	4572	17
4462	4594	17
4462	4595	17
4462	4716	17
4466	4549	17
4467	4468	17
4467	4479	17
4467	4480	17
4467	4481	17
4467	4482	17
4467	4491	17
4467	4500	17
4467	4504	17
4467	4506	17
4467	4511	17
4467	4514	17
4467	4518	17
4467	4535	17
4467	4551	17
4467	4566	17
4467	4574	17
4467	4583	17
4467	4585	17
4467	4589	17
4467	4596	17
4467	4597	17
4467	4602	17
4467	4608	17
4467	4615	17
4467	4616	17
4467	4623	17
4467	4634	17
4467	4638	17
4467	4642	17
4467	4645	17
4467	4648	17
4467	4660	17
4467	4666	17
4467	4667	17
4467	4674	17
4467	4679	17
4467	4689	17
4467	4711	17
4467	4714	17
4467	4715	17
4469	4478	17
4469	4498	17
4469	4591	17
4469	4641	17
4469	4665	17
4469	4704	17
4472	4473	17
4472	4573	17
4475	4476	17
4475	4492	17
4475	4613	17
4515	4538	17
4519	4520	17
4519	4610	17
4522	4523	17
4522	4617	17
4524	4525	17
4524	4593	17
4532	4568	17
4532	4578	17
4532	4580	17
4532	4588	17
4532	4601	17
4532	4607	17
4532	4700	17
4544	4545	17
4544	4553	17
4544	4560	17
4570	4571	17
4570	4726	17
4603	4604	17
4646	4647	17
4661	4662	17
4698	4699	17
4709	4710	17
4718	4719	17
