0	1
3002	3003
6	7	25	35	702	1007	1035	1214	1684	1685	1743	1842	1845	1847	1873	1874	2006	2098	2151	2155	2163	2181	2469	2470	2490	2493	2499	2503	2648	2674
10	11	23	24	579
14	15	16	20	21	22	26	27	28	29	30	38	41	42	43	158	164	203	214	230	236	237	246	247	269	270	276	277	278	281	288	303	308	310	324	335	341	347	351	357	362	365	366	376	377	386	389	395	408	409	422	434	435	267	268	477	478	490	498	558	1135	1152	1383	1431	1531	1588	1469	1470	1398	1399	2734	2838	2849	2896
2	3	17	34	36	4	5	31	32	37	39	221	291	531	532	635	658	695	806	831	885	891	937	952	957	985	986	1089	1108	1277	887	873	874	894	913	942	1008	1118	1143	1172	1039	1441	1454	1569	1570	1785	2012	1731	1700	1932	2117	1882	1778	1821	1970	2055	2176	2372	2471	2472	2485	2498	2515	2544	2630	2638
2361	2362
1689	1690	1798	2156
839	840
853	854	1368	2569
2366	2367
771	2369	2370	2448	2524	2605	2611	2617
18	19	493	1016	1017
1032	1033	1141
1052	1053
1126	1127	1158
471	507	629	798	684	725	637	643	644	645	646	649	654	655	656	657	664	665	666	667	668	673	686	687	688	689	690	694	698	710	711	712	713	717	718	721	722	724	732	733	734	736	738	740	741	745	747	758	761	762	765	766	767	768	769	772	773	774	776	777	779	781	782	783	785	792	796	797	813	815	816	817	821	834	842	855	856	857	860	861	863	866	867	870	871	875	880	881	882	883	889	890	901	904	905	906	917	920	921	922	924	925	926	927	928	935	936	938	939	940	943	944	945	947	958	960	966	967	969	970	971	974	979	980	989	991	992	993	994	995	1001	1003	1005	1010	1013	1024	1025	1026	1028	1029	1030	1031	1034	1036	1037	1038	1040	1042	1046	1051	1054	1056	1057	1063	1066	1070	1071	1072	1078	1096	1099	1112	1113	1119	1120	1121	1123	1134	1138	1147	1162	1163	1167	1169	1171	1178	1179	1180	1182	1189	1190	1191	1192	1194	1195	1197	1201	1203	1204	1205	1206	1207	1208	1209	1211	1212	1225	1229	1230	1232	1234	1235	1236	1237	1244	1247	1248	1249	1251	1253	1259	1260	1261	1266	1273	1279	1280	1281	1283	1286	1287	1288	1289	1290	1291	1292	1293	1294	1295	1299	1300	1301	1303	1304	1306	1308	1310	1311	1312	1314	1315	1316	1317	1318	1319	1320	1322	1361	1343	1363	1375	1376	1384	1484	1620	1658	1461	1362	1395	1458	1627	1628	1681	1683	1903	1693	1709	1717	1719	1720	1725	1730	1755	1776	1803	1814	1818	1841	1848	1863	1864	1865	1895	1937	1939	1940	1960	1974	2000	2024	2033	2071	2076	2112	2113	2114	2119	2134	2200	2206	2207	2459	2424	2389	2371	2387	2426	2451	2486	2576	2603	2619	2659	2618	2784	2785	2890	2921	2942	2972	2981	3021	3038	3062	3063	2754	2743	2837	2864
1219	1220	2060
1221	1222	1265
1704	1705
45	46	57	69	77	79	81	90	95	102	105	106	107	113	117	118	122	125	138	139	140	149	151	358	359	651	780	652	804	868	869	1223	2269	2948	2950	2727	2978	3040
2241	2242
174	175	299	372	378
2331	2332
1328	1329
2334	2335
2379	2380	2556	2633	2634
170	171	325	338	1356	1393	1394	1455	1613	1655	1676
1330	1331
80	64	65	83	99	119	131	132	134	136	137	141	145	322	670	849	1085	1181	716	1023	1156	731	1184	763	1305	827	1011	1339	1595	1413	1669	1527	1340	1344	1345	1346	1365	1371	1378	1387	1401	1402	1416	1423	1445	1467	1525	1526	1532	1533	1534	1535	1563	1572	1574	1585	1602	1630	1639	1641	1652	1651	1702	1786	1930	1987	1749	2046	2056	1797	1823	1953	1843	2018	1691	1706	1707	1718	1723	1741	1742	1779	1780	1831	1832	1834	1835	1838	1839	1840	1861	1866	1877	1893	1904	1914	1923	1934	1936	1938	1941	1950	1956	1966	1971	1972	1981	1997	2021	2029	2051	2053	2081	2082	2087	2088	2091	2094	2096	2097	2115	2125	2131	2143	2149	2150	2174	2177	2179	2182	2208	2212	2213	2215	2219	2220	2224	2226	2228	1791	1898	2107	2159	1750	1931	2092	2187	2223	2011	2275	2298	2326	2235	2257	2301	2652	2463	2600	2637	2669	2685	2604	2465	2405	2378	2539	2495	2496	2507	2535	2559	2651	2656	2671	2678	2653	2700	2832	2867	2888	2701	2745	2839	2925	2977	2990	2996	3024
465	466	2205
58	59	98	185	186	253	272	356	360	397	445	552	454	455	467	468	482	487	488	497	510	512	516	524	525	526	533	534	535	555	560	566	574	586	593	953	811	812	832	837	976	1088	1148	1153	954	1157	1411	1412	1482	1502	1507	1551	1552	1561	1565	1623	1908	1909	2160	2167	2267	2354	2589	2582	2568	2456	2457	2699	2709	2698	2959	2737	2840	3013	2746	2747	2870	2881	2886	2895	2910	2924	2927	2928	2929	2976	2786	2854	2911	2914	2915	3016	3041	3065	2710	2726	2731	2735	2744	2748	2750	2763	2772	2773	2779	2817	2818	2819	2835	2836	2841	2843	2850	2851	2852	2856	2868	2882	2883	2887	2945	2955	2956	2958	2966	2968	2969	2970	2975	2984	2999	3006	3036	3042	3055	3056	3067
632	633	847	929	1166	1268	2401	2446	2461	2462	2529	2531	2561	2572	2615	2644	2661	2663	2665
1714	1715	1922	1975	1996	2052
2403	2404	2534	2683
47	48	146
189	190	401	2266	2322
51	52	62	63	73	75	76	85	87	88	92	96	97	111	112	115	116	123	133	143	144	150	153	290	161	245	264	296	297	316	319	361	364	406	1186	1505	1617	1644	1656	2500	2414
527	528	550
1381	1382	1560
2417	2418	2517	2518	2694
49	50	100	101	295	410	459	515	638	778	639	755	803	830	884	910	955	1014	1076	1100	1133	1142	1198	1200	1216	1228	1242	1258	1324	1325	1326	1327	1332	1334	1459	1501	1943	1969	2128	2645	3031
2427	2428	2530
2433	2434
201	202
663	636	1270	1271	1354	1366	1337	1335	1336	1355	1364	1377	1388	1418	1421	1443	1457	1464	1465	1489	1490	1496	1504	1514	1539	1540	1600	1601	1619	1662	1665	1468	1480	1625	1367	1453	1519	1550	1607	1687	1918	2035	2065	2173	1738	1767	1876	1688	1799	1833	2023	2165	2238	2246	2256	2263	2287	2288	2307	2316	2333	2350
2440	2441	2523	2537	2538	2668
8	9	33	40	1407	1447
206	207	284	340
603	604	607
1744	1745
605	606	617	2377	2588	2564	2385	2423	2442	2444	2445	2482	2508	2509	2514	2520	2557	2587	2596	2597	2607	2608	2623	2628	2639	2676	2680
53	54	55	56	66	67	68	72	74	78	82	84	86	89	109	124	126	127	128	142	155	472	1145	735	968	1004	1164	1358	1359	1499	1809	1961	1819	1846	1921	2204	1962	1967	2084	2430	2455	2577	2682	2681	2505	2620
302	313	315	594	641	836	1103	1254	640	742	744	814	835	892	1002	1027	1041	1069	1074	1086	1128	1137	1165	1170	1188	1202	1238	1272	1274	1276	642	715	743	909	961	975	978	1062	1111	1161	1183	1187	1233	1252	659	660	981	1136	1193	671	672	714	818	691	1598	1584	1634	1374	1403	1417	1419	1424	1425	1430	1435	1436	1437	1466	1483	1508	1518	1524	1541	1542	1558	1581	1583	1605	1612	1616	1629	1642	1650	1653	1659	1660	1661	1663	1664	1671	1677	1390	1429	1515	1758	1698	1686	1752	1855	1795	1732	2161	1697	1708	1710	1712	1739	1754	1757	1761	1782	1792	1817	1851	1856	1859	1881	1897	1945	1949	1952	1982	2003	2004	2037	2045	2058	2080	2083	2095	2099	2137	2152	2183	2202	2209	1810	1829	1983	2086	2185	2186	1875	2162	1751	1774	1788	1789	1880	1888	1912	1935	1992	1994	2008	2017	2022	2028	2075	2089	2103	2154	2157	2169	2171	2180	1694	1929	1957	2036	2142	2166	2216	1759	1919	1998	1713	1813	2222	2146	2197	1711	1716	1740	1773	1862	1879	1889	1896	1899	1906	1928	1942	2043	2057	2102	2118	2120	2122	2130	2138	2139	2147	2148	1753	1811	1812	1820	1830	1878	2041	2050	2101	2195	2104	2237	2271	2312	2336	2357	2296	2262	2270	2286	2320	2249	2251	2330	2273	2274	2305	2315	2435	2466	2527	2560	2368	2388	2443	2613	2373	2393	2400	2402	2407	2420	2429	2467	2468	2473	2487	2488	2502	2510	2516	2521	2526	2533	2545	2549	2555	2591	2593	2594	2595	2612	2646	2654	2655	2688	2689	2421	2447	2532	2570	2592	2565	2439	2690	2675	2691	2664	2478	2397	2571	2575	2584	2590	2408	2627	2631	2662	2464	2504	2580	2621	2857	2986	2739	2961	2714	2783	2860	2905	3029	2736	2855	2759	2760	2775	2777	2926	2947	2983	3044	2808	2809	2811	2916	2937	3071	2720	2723	2774	2805	2814	2884	2930	2943	2960	2998	3045	3052	3053	2917	2721	2742	2749	2794	2795	2798	2846	2853	2951	2953	2985	3004	3017	3019	3034	3043	2705	3015
608	609	612	616
610	611
210	211	234	266	602	613	614	615	1348	1433	1434	1626	1824	1958	1959	1990	2007	2132	2133	2184	2283	2365	2384	2395	2398	2415	2506	2573	2635	2657	2658	2686	2437	2399	2422	2528	2833	2989
1439	1440	1488	1559	1566	1667	2479	2799
1762	1763	2144
1449	1450	1476	1568	2140	2178	2413	2363	2364	2449	2480	2481	2483	2494	2501	2536	2562	2649	2650	2431	2513	2581	2626	2640	2770	2825
2491	2492
2511	2512
1245	1246	1473	1474	1546	1614	2740	2826
2540	2541	2542
1771	1772	2059
1477	1478	1549	1575	1587	1610	1670	1675
2566	2567	2670
556	557	561	564	575	1825	1826	1900	2100	2952	2954
2598	2599
2601	2602
2382	2383	2695	2625	2647	2684	2780
1836	1837	1894	2031
2641	2642
1853	1854
521	522	599	1512	1544	1545
2692	2693
1883	1884
231	232
1885	1886	2193	2227
70	71	110	135	148	152
255	256	321	400	403	404
1901	1902
12	13	44	93	94	147	250	305	353	420	425	426	165	163	166	187	193	195	204	235	240	243	244	262	263	273	274	292	311	312	326	337	375	429	293	391	443	444	446	474	489	495	500	503	504	509	545	546	547	548	570	595	703	751	916	1155	1262	1342	1372	1391	1432	1578	1593	1827	1915	2201	2310	2313	2419	2476	2614
1910	1911	2090
257	258	1609
226	227	287	265	456	511	1369	1594	1370	1442	1485	1503	1543	1548	1643	1645	1678	1722	1790	2066	2072	2079	2191	1989	2105	2064	2909
1946	1947
120	121
129	130
91	182	183	248	289	393	405	413	879	685	720	1058	1060	681	683	764	841	948	977	1087	1110	1130	1256	1267	1269	1297	1321	1323	1426	1385	1597	1353	1373	1405	1471	1475	1481	1487	1492	1494	1495	1538	1603	1608	1622	1624	1635	1636	1638	1646	1648	1654	1674	1422	1472	1397	1567	1577	1580	1596	1611	1618	1666	1668	1695	1701	1703	1726	1735	1804	1852	1868	1890	1913	1927	1944	1948	1968	1984	1993	2027	2049	2108	2214	2218	2221	1857	1736	1870	1783	2034	1696	1699	1747	1756	1768	1769	1784	1802	1808	1850	1872	1916	1980	2032	2039	2040	2054	2061	2062	2093	2116	2135	2136	2145	2194	2210	2211	1737	1770	1781	1805	1977	2109	2124	2153	2203	2236	2230	2231	2234	2239	2243	2244	2250	2253	2258	2260	2261	2272	2289	2292	2293	2300	2308	2317	2319	2321	2325	2327	2328	2337	2345	2346	2349	2355	2356	2232	2233	2240	2245	2252	2255	2259	2278	2285	2290	2291	2304	2309	2311	2314	2323	2340	2342	2344	2329	2360	2396	2450	2547	2586	2632	2660	2719	2758	2806	2869	2964	2987	2997	3035	3057	3022	2765	2766	2801	2938	2973	3027
333	334
224	225	1907	1764	1765	1787	2073	1963	1964	2074
1978	1979
345	346	407
1985	1986
2009	2010
2013	2014
381	382	2391	2392	2406	2667	2687
103	104	114	154	157	196	180	181	188	197	215	260	280	282	300	314	329	330	336	352	399	424	388	342	343	457	565	600	479	480	485	589	619	700	621	622	628	634	648	661	662	739	801	802	807	838	846	858	864	876	877	878	886	888	893	898	899	900	902	914	918	930	931	933	934	963	1009	1015	1020	1022	1044	1045	1048	1049	1055	1068	1073	1075	1092	1109	1116	1132	1175	1177	1199	1213	1217	1224	1231	1257	1278	1302	630	701	823	1115	1349	1513	1460	1746	1766	1793	1794	1796	1806	1807	1816	1849	1871	1887	1892	1924	1925	1926	1976	1995	2001	2042	2069	2121	2129	2158	2190	2198	2199	2030	1801	2196	2375	2374	2411	2412	2432	2474	2484	2519	2606	2679	2390	2525	2548	2610	2616	2673	2376	2386	2477	2703	2704	2712	2722	2724	2728	2796	2807	2810	2812	2813	2816	2827	2879	2880	2904	2907	2908	2918	2944	2946	2974	2979	2995	3011	3023	3025	3028	3047	3061	3064	3068	3069	2936	2863	3048
2019	2020	2381
384	385
692	693	752	845	996	1196	1215
414	415	436
2067	2068
2077	2078
416	417	696	697	787	1125	1159	2247	2302	2352	2254	2284	2318	2343	2891
418	419
431	432
2188	2189	2563	2636
191	192	199	252	286	433	208	209	251	259	309	323	402	430	437	1341	1427	1491	1462	1517	1529	1573	1428	1521	1562	1582	1657	1530	2295	2303	2306	2409	2452	2410	2546	2672	2677	2453	2460	2552	2553	2574	2609
704	705	723	756	760	799	800	825	826	848	896	959	1080	1082	1093	1114	1151	1173	1298	1800	2070	1917	2282	2353	2873
2715	2716	2788
2717	2718	2815	2894
707	708	1077	1139
2751	2752	3072
60	61	108	167	168	184	275	332	350	355	427	349	423	726	674	675	897	912	919	1019	1065	1090	1117	1296	727	1313	1506	1522	1632	1633	1815	1724	1999	2170
2761	2762	2982	3010
728	729	750	770	805	820	941	962	965	1081	1091	1185	1240	1264	1307	2265
156	173	200	205	304	339	348	367	370	172	194	306	327	328	380	212	213	261	279	283	428	363	368	412	627	653	1105	1210	1144	822	678	679	706	709	759	784	786	788	791	824	872	895	946	949	950	951	956	982	984	987	988	1000	1018	1047	1084	1095	1104	1124	1160	1168	1174	631	719	1101	1102	1241	1728	2063	1721	1729	1748	1760	1822	1844	2015	1991	2217	1933	2522	3007
2781	2782
318	219	220	228	239	254	369	371	421	438	464	475	481	492	496	506	514	592	439	440	441	442	447	448	451	458	462	469	470	476	491	501	517	518	519	523	538	539	540	541	543	544	549	553	559	568	569	571	572	573	577	578	580	581	584	585	587	590	597	598	828	650	1250	1284	757	682	793	1448	1463	1536	1547	1556	1557	1576	1586	1615	2044	2048	2730	2732	2764	2776	2790	2791	2792	2797	2866	2906	2949	2993	3000	3050	2757	2802	2803	2804	2821	2824	2865	2967	2988	2991	3012	3058
159	160	169	179	222	223	229	238	241	242	249	271	301	307	317	320	331	379	387	390	394	396	398	411	217	218	285	294	373	374	463	505	529	562	563	591	809	626	1021	1061	1255	647	990	1150	911	1176	753	746	1239	620	669	699	754	859	1012	1064	1083	625	983	730	737	844	865	1094	1098	1106	1122	1226	810	1140	680	790	833	862	932	829	843	851	789	819	850	852	903	907	923	999	1043	1059	1067	1079	1097	1129	1131	1146	1154	1218	1243	1263	1282	1309	972	973	1107	1275	1227	1456	1640	1553	1379	1396	1479	1500	1579	1357	1338	1351	1352	1360	1380	1404	1409	1410	1438	1486	1493	1509	1510	1511	1523	1528	1537	1555	1571	1599	1606	1637	1647	1680	1350	1386	1400	1406	1408	1414	1415	1420	1444	1446	1497	1516	1520	1589	1590	1591	1592	1604	1631	1672	1673	1682	1564	1649	1554	1679	1692	1775	1858	1869	1920	1955	1973	2016	2047	2123	2141	2172	2005	2026	2164	2111	1727	1777	1891	1954	1988	2002	2038	2085	2168	2192	2229	2175	2268	2294	2351	2264	2324	2579	2578	2438	2489	2583	2622	2706	2708	2768	2789	2992	2696	2787	2935	2919	2738	2767	2834	2980	2862	3073	2713	2733	2756	2741	2753	2755	2771	2800	2822	2823	2875	2885	2892	2893	2939	2940	2941	2957	3005	3018	3026	3032	3037	3039	3051	3054	3059	3060	3070	2820	2725	2697	2707	2861	3014
2830	2831	3020	3030
748	749	908	1050	2475	2629
2844	2845
2847	2848	2878	2899	2994	3033	3049
449	450	473	551	601	483	484	486	502	513	536	676	794	677	808	795	964	1451	1452	1733	1867	1734	1951	2025	2106	2110	2225	2248	2276	2277	2279	2280	2281	2297	2299	2338	2339	2341	2347	2348	2769	2842
997	998	1333	1389
1860	2126	2127	2702	2711	2793	2859	2897	2898	2912	2913	2920	2931	2932	2933	2934	2971	3008	3009	2858
2871	2872	2874	2965
2876	2877
2828	2829	2900	2901
623	624
2902	2903
2922	2923	3066
162	176	177	178	198	216	233	298	344	354	383	392	452	494	499	453	460	461	508	520	530	537	542	554	567	576	582	583	588	596	618	775	915	1006	1149	1285	1621	1347	1392	1498	1965	1828	1905	2425	2436	2454	2458	2543	2550	2551	2624	2778	2889	3046	2729
2358	2359	2394	2416	2497	2554	2558	2585	2643	2666
2962	2963	3001
