0	1
6	7	25	35	702	1007	1035	1214
10	11	23	24	579
14	15	16	20	21	22	26	27	28	29	30	38	41	42	43	158	164	203	214	230	236	237	246	247	269	270	276	277	278	281	288	303	308	310	324	335	341	347	351	357	362	365	366	376	377	386	389	395	408	409	422	434	435	267	268	477	478	490	498	558	1135	1152	1383	1431	1531	1588	1469	1470	1398	1399
811	812	832	837	976	1088	1148	1153
2	3	17	34	36	4	5	31	32	37	39	221	291	531	532	635	658	695	806	831	885	891	937	952	957	985	986	1089	1108	1277	874	894	913	942	1008	1118	1143	1172	1441
839	840
853	854	1368
18	19	493	1016	1017
1032	1033	1141
1052	1053
1126	1127	1158
507	629	798	684	630	631	637	643	644	645	646	649	654	655	656	657	664	665	666	667	668	673	686	687	688	689	690	694	698	710	711	712	713	717	718	721	722	732	733	734	735	736	738	740	741	747	758	761	762	765	766	767	768	769	772	773	774	776	777	779	781	782	783	785	792	796	797	813	815	816	817	821	834	835	842	855	856	857	860	861	863	866	867	870	871	875	880	881	882	883	889	890	901	904	905	906	917	920	921	922	924	925	926	927	935	936	938	939	940	943	944	945	947	958	960	966	967	968	969	970	971	974	979	980	989	991	992	993	994	995	1001	1002	1003	1004	1005	1010	1013	1024	1025	1026	1027	1028	1029	1031	1034	1036	1037	1038	1040	1042	1046	1051	1054	1056	1057	1058	1063	1066	1070	1071	1072	1078	1085	1096	1099	1112	1113	1119	1120	1121	1123	1134	1147	1162	1163	1164	1167	1169	1171	1178	1179	1180	1182	1189	1190	1191	1192	1194	1195	1197	1201	1203	1204	1205	1206	1207	1208	1209	1211	1212	1225	1229	1230	1232	1234	1235	1236	1237	1244	1247	1248	1249	1251	1253	1259	1260	1261	1266	1273	1276	1279	1280	1281	1283	1286	1287	1288	1289	1290	1291	1292	1293	1294	1295	1299	1300	1301	1303	1304	1306	1308	1310	1311	1312	1314	1315	1316	1317	1318	1319	1320	1322	1343	1363	1375	1376	1384	1484	1620	1658
1219	1220
1221	1222	1265
1270	1271	1337
45	46	57	69	77	79	81	90	91	95	102	105	106	107	113	117	118	122	125	138	139	140	149	151	358	359	651	652	804	868	869	1223
174	175	299	372	378
1328	1329
170	171	325	338	1356	1393	1394	1455	1613	1655	1676
180	181	188
1330	1331
80	849	873	1184	763	1305	1011	1243	1339	1413	1340	1344	1345	1346	1348	1365	1371	1378	1387	1401	1402	1416	1423	1445	1467	1525	1526	1532	1533	1534	1535	1572	1574	1585	1602	1630	1639	1641	1652	1651
182	183	248	289	393	405	413
1358	1359	1499
465	466
185	186	253	272	356	360	397	445	454	455	467	468	482	487	488	497	510	512	516	524	525	526	533	534	535	555	560	566	574	586	593	953	954	1157	1411	1412	1482	1502	1507	1551	1552	1561	1565	1623
632	633	847	929	1166	1268
479	480	485	589
47	48	146
189	190	401
483	484	486	502	513	536
191	192	199	252	286	433	1341	1462	1517	1529	1573
51	52	62	63	73	75	76	85	87	88	92	96	97	111	112	115	116	123	133	143	144	150	153	290	161	245	264	296	297	316	319	361	364	406	1186	1426	1505	1617	1644	1656
527	528	550
1381	1382	1560
556	557	561	564	575
49	50	100	101	295	410	459	515	638	778	639	716	755	803	830	884	910	955	1014	1023	1076	1100	1133	1142	1156	1198	1200	1216	1228	1242	1258	1324	1325	1326	1327	1332	1334	1459	1501	1669
201	202
887	663	636	1354	1366	1335	1336	1355	1364	1377	1388	1418	1421	1443	1454	1457	1464	1465	1489	1490	1496	1504	1514	1527	1539	1540	1600	1601	1619	1662	1665	1563	1468	1480	1625	1367	1453	1519	1550	1607
8	9	33	40	1407	1447
206	207	284	340
603	604	607
605	606	617
724	928	1361	1362	1395	1458	1627	1628	1681
53	54	55	56	66	67	68	72	74	78	82	84	86	89	109	124	126	127	128	142	155	472
608	609	612	616
641	864	963	1012	1103	1109	1116	682	640	742	744	745	814	823	892	1030	1041	1069	1074	1086	1128	1137	1138	1165	1170	1181	1188	1238	1274	642	715	731	743	909	961	975	978	1062	1111	1161	1183	1187	1233	1252	659	660	981	1136	1193	1374	1403	1417	1419	1424	1425	1430	1435	1436	1437	1461	1466	1472	1483	1508	1518	1524	1541	1542	1558	1581	1583	1605	1612	1616	1629	1642	1650	1653	1659	1660	1661	1663	1664	1671	1677	1390	1429	1515
610	611
1433	1434	1626
210	211	234	266	602	613	614	615
1439	1440	1488	1559	1566	1667
1449	1450	1476	1568
217	218	285	294	373	374	647	990	1150	911	1176	1226	1275	1227
1245	1246	1473	1474	1546	1614
58	59	98
1477	1478	1549	1575	1587	1610	1670	1675
318	219	220	228	239	254	369	371	421	464	475	481	492	496	506	514	592	650	1250	1284
60	61	108
64	65	83	99	119	131	132	134	136	137	141	145	1595
224	225
521	522	599	1512	1544	1545
671	672	714	818
208	209	251	259	309	323	402	430	437	1427	1491	1428	1521	1562	1582	1657	1530
231	232
70	71	110	135	148	152
1569	1570
255	256	321	400	403	404
1632	1633
12	13	44	93	94	147	250	305	353	420	425	426	165	166	187	193	195	204	235	240	243	244	262	263	273	274	292	311	312	326	337	375	429	293	391	443	444	446	474	489	495	500	503	504	509	545	546	547	548	570	595	703	751	916	1155	1262	1342	1372	1391	1432	1578	1593
257	258	1609
103	104	114	154
226	227	287	265	313	315	456	511	1369	1594	1370	1442	1485	1503	1543	1548	1643	1645	1678
120	121
129	130
302	879	685	720	771	780	1060	1202	1272	683	764	841	948	977	1087	1110	1130	1256	1267	1269	1297	1321	1323	1385	1597	1353	1373	1405	1471	1475	1481	1487	1492	1494	1495	1538	1584	1603	1608	1622	1624	1634	1635	1636	1638	1646	1648	1654	1674	1422	1397	1567	1577	1580	1596	1611	1618	1666	1668
333	334
345	346	407
381	382
196	197	215	260	280	282	300	314	329	330	336	352	399	424	388	342	343	457	565	600	619	700	620	621	622	628	634	648	661	662	669	670	739	801	802	807	822	836	838	846	858	876	877	878	886	888	893	898	899	900	902	914	918	930	931	933	934	1009	1015	1020	1022	1044	1045	1048	1049	1055	1068	1073	1075	1092	1132	1175	1177	1199	1213	1217	1224	1231	1257	1278	1302	701	829	1115	1349	1513	1460
384	385
692	693	752	845	996	1196	1215
414	415	436
416	417
418	419
696	697	787	1125	1159
431	432
704	705	723	756	760	799	800	825	826	848	896	959	1080	1082	1093	1114	1151	1173	1298
707	708	1077	1139
167	168	184	275	332	350	355	427	349	423	726	674	675	897	912	919	1019	1065	1090	1117	1296	727	1313	1506	1522
728	729	750	770	805	820	941	962	965	1081	1091	1185	1240	1264	1307
156	157	173	200	205	304	339	348	367	370	172	194	306	327	328	380	212	213	261	279	283	428	363	368	412	627	653	1105	1210	1144	746	678	679	706	709	725	759	784	786	788	791	824	872	895	946	949	950	951	956	982	983	984	987	988	1000	1018	1047	1084	1095	1104	1124	1145	1160	1168	1174	1254	719	810	1101	1102	1241
438	439	440	441	442	447	448	451	458	462	469	470	476	491	501	517	518	519	523	538	539	540	541	543	544	549	552	553	559	568	569	571	572	573	577	578	580	581	584	585	587	590	597	598	828	757	793	1448	1463	1536	1547	1556	1557	1576	1586	1615
159	160	169	179	222	223	229	238	241	242	249	271	301	307	317	320	322	331	379	387	390	394	396	398	411	463	471	505	529	562	563	591	594	809	626	1021	1061	1255	753	1239	699	754	859	1064	1083	625	730	737	844	865	1094	1098	1106	1122	1140	680	681	691	790	833	862	932	843	851	789	819	827	850	852	903	907	923	999	1039	1043	1059	1067	1079	1097	1129	1131	1146	1154	1218	1263	1282	1309	972	973	1107	1456	1640	1553	1379	1396	1479	1500	1579	1357	1338	1351	1352	1360	1380	1404	1409	1410	1438	1486	1493	1509	1510	1511	1523	1528	1537	1555	1571	1598	1599	1606	1637	1647	1680	1350	1386	1400	1406	1408	1414	1415	1420	1444	1446	1497	1516	1520	1589	1590	1591	1592	1604	1631	1672	1673	1682	1564	1649	1554	1679
748	749	908	1050
449	450	473	551	601	676	794	677	808	795	964	1451	1452
997	998	1333	1389
623	624
162	163	176	177	178	198	216	233	298	344	354	383	392	452	494	499	453	460	461	508	520	530	537	542	554	567	576	582	583	588	596	618	775	915	1006	1149	1285	1621	1347	1392	1498
