0	1
3002	3003
2	3	17	34	4	5	32	221	291	635	658	695	806	831	885	891	937	952	957	985	986	1089	1108	1277	887	874	894	913	1008	1143	1172	1441	1366	1454	1457	1367	1453	1519	1550	1607	1785	2012	1915	1731	1741	1821	1970	3232	3288	3300	3602	3617	3650	3730	3800	3836
6	7	25	35	296	297	178	392	187	193	204	235	243	262	263	429	443	702	1007	1035	1214	1684	1685	1743	1842	1845	1847	1873	1874	2006	2098	2151	2155	2163	2181	2469	2470	2490	2493	2499	2503	2648	2674	2778	2889	3046	3076	3077	3184	3528	3581	3630	3849	3549	3598	3631	3850
8	9	33	40	1407	1447
10	11	23	24	579	1075	1492	1850	3022	2853	3173	3097	3128	3248	3455	3322	3346	3404	3408	3420	3423	3442	3464	3415	3321	3324	3325	3402	3403	3406	3410
12	13	44	250	305	353	420	425	426	238	500	503	509	439	440	469	470	518	540	544	568	577	578	585	703	682	751	916	1155	1262	999	1656	1448	1547	1973	1795	1782	2104	2349	2508	2730	2732	2764	2790	2791	2792	2797	2866	2906	2949	2993	3000	3050	2904	2944	2979	3479	3425	4038	3569	3570	3626	3642	3643	3646	3647	3649	3686	3727	3772	3796	3820	3831	3867	3891	3894	3895	3916	3917	3919	3926	3927	3933	3957	3963	4006
811	812	832	837	976	1088	1148	1153	2271	2774	2697	3006	3089	3148	3231	3482	3542	3547	3607	3620	3625	3628	3640	3669	3680	3793	3824	3844	3906	3911	3944	3981	3577	3645	3687	3766	3901
14	15	16	20	21	22	26	27	28	29	30	38	41	42	43	112	158	164	203	214	230	236	237	246	247	269	270	276	277	278	281	288	303	308	310	335	341	347	351	362	366	377	386	389	395	408	409	422	434	435	267	268	477	448	478	490	498	558	1135	1152	704	993	1204	1062	705	723	756	760	799	800	825	826	848	896	959	1080	1082	1093	1114	1151	1173	1298	1313	1383	1431	1531	1588	1469	1470	1581	1398	1399	1995	1800	2070	2169	1954	1879	1942	2043	2102	1811	1917	2282	2242	2353	2613	2594	2478	2734	2838	2849	2896	2824	2873	2937	3009	3053	2823	2953	3227	3238	3270	3272	3295	3166	3081	3439	3310	3488	3311	3388	3449	3452	3501	3505	3520	3484	3540	3597	3641	3782	3660	3898	3905	3652	3662	3664	3541	3576	3582	3603	3604	3609	3644	3661	3663	3673	3689	3697	3698	3699	3700	3715	3717	3721	3722	3732	3733	3735	3737	3738	3739	3744	3745	3746	3750	3751	3754	3755	3756	3757	3776	3781	3795	3802	3803	3807	3810	3811	3812	3821	3822	3840	3842	3852	3853	3857	3858	3859	3862	3863	3874	3875	3876	3878	3885	3886	3887	3912	3915	3920	3924	3925	3934	3951	3953	3959	3960	3961	3962	3966	3967	3968	3969	3970	3973	3974	3975	3977	3978	3979	3982	3983	3985	3986	3987	3997	3998	3999	4001	4002	4003	4004	4013	4015	4022	4024	4026	4027	4028	4030	4032	4036	4040	4041	3880	3881	3950	3952	3971	3964
18	19	493	1016	1017
2361	2362
31	37	39	2315
1689	1690	1798	2156
839	840
853	854	1368	2569
316	972	973	1107	2578	2767	3564
2366	2367
997	998	1333	1389
1032	1033	1141	2793	3393
1052	1053
167	168	184	275	332	350	355	427	349	423	726	674	675	897	912	919	1019	1065	1090	1117	1296	727	1506	1522	1724	2170
1126	1127	1158
1219	1220	2060
1221	1222	1265	3102	3976	3993
170	171	325	338	1356	1393	1394	1455	1613	1655	1676
449	450	473	551	601	676	794	677	808	851	795	964	1451	1452	1867	1734	2248	2276	2277	2279	2280	2281	2297	2299	2338	2339	2341	2347	2348	2769	2842	3141	3190
1245	1246	1473	1474	1546	1614	2740	2826
1704	1705	3197	3241	3106	3775	3879	3928
1270	1271	1337
45	46	57	69	77	79	90	91	95	102	105	106	107	113	117	118	122	125	138	139	140	149	302	358	160	413	359	1186	651	621	888	930	1044	1055	1224	1254	769	780	892	1137	1202	1272	1111	652	804	868	869	1223	1110	1353	1373	1405	1471	1475	1481	1487	1495	1584	1603	1608	1622	1624	1635	1636	1638	1646	1648	1654	1695	1796	1703	1735	1927	1944	1810	1983	2086	2185	2186	1875	2111	2162	2114	1696	1699	1747	1756	1768	1769	1784	1808	1872	1916	2039	2040	2054	2061	2093	2116	2135	2194	2210	2211	2269	2320	2325	2337	2232	2233	2240	2245	2278	2285	2290	2291	2311	2314	2323	2340	2388	2443	2675	2948	2950	2727	2978	3040	2720	2723	2805	2814	2884	2930	2943	2960	2998	3045	3052	2756	2765	2766	2801	2938	3027	3135	3234	3172	3233	3293	3129	3565	3702	3728	3736	3864	3865	3902	3918	3809	3783	3923
2241
174	175	299	372	378
2331	2332
1328	1329
2334	2335
2379	2380	2556	2633	2634
180	181	188
1330	1331	2268	2973	3250	3305	3359	3407	3453	3787	3861	3909	3914	4012	4021
182	183	289	393	405	2236
2382	2383	2695	2625	2647	2684	2780	3244	3245
264	248	958	1321	1358	1359	1499	1822	2637	2525	2610	2505	2504	2620	2758	2806	2869	2964	2987	2997	3035	3143	3152	3205	3257	3258	3468	3414
465	466	2205
185	186	253	272	356	360	397	445	552	454	455	467	468	482	487	488	497	510	512	516	524	525	526	533	534	535	555	560	566	574	586	593	953	954	1157	1411	1482	1502	1507	1551	1552	1565	1623	1908	1750	2178	1909	2252	2309	2589	2582	2407	2363	2364	2449	2480	2481	2483	2494	2501	2562	2649	2650	2457	2699	2698	2770	2825	2746	2747	2881	2886	2895	2910	2924	2927	2928	2929	2976	2786	2911	2914	3016	3041	3065	2882	3301	3105	3178	3203	3808	3904	3614	3868	3882	3938
632	633	847	929	1166	1268	2401	2446	2461	2462	2529	2531	2561	2572	2615	2644	2661	2663	2665	3139
1714	1715	1922	1975	1996	2052
479	480	485	3860
2403	2404	2534	2683	3326	3344	3447	3492	3524
47	48	146
189	190	401	2266	2322	3103	3109	3209	3120	3110
483	484	486	502	513	536	1733	1951	2025	2106	2110	2225	3216
81	49	50	100	101	295	410	515	638	778	942	716	755	803	884	910	955	1014	1023	1076	1133	1142	1156	1198	1216	1324	1325	1326	1327	1332	1334	1459	1501	1969	2128	2056	1738	1876	2238	2246	2256	2263	2287	2288	2307	2316	2333	2350	2465	3031	3268	3494	4044
324	191	192	199	252	286	433	209	1341	1462	1517	1529	1573	2048	2295	2303	2306	2409	2452	2410	2546	2672	2677	2453	2460	2552	2553	2574	2609	3333	3334	3366	3427	3472	3392	3421	3451
3544	3545	3546
51	52	62	63	73	75	76	85	87	88	92	96	97	111	115	116	123	133	143	144	150	153	290	161	245	319	361	364	471	458	1250	634	836	654	720	783	1028	1123	1138	1188	1194	1197	1274	1287	1288	1426	1505	1617	1644	1634	1374	1403	1417	1419	1422	1430	1435	1436	1461	1466	1472	1483	1508	1524	1541	1542	1558	1583	1605	1612	1616	1629	1642	1650	1653	1659	1661	1663	1671	1596	1758	1683	2016	1993	1870	1759	1838	1861	1877	1923	2182	1693	1709	1717	1719	1720	1725	1730	1755	1776	1814	1818	1841	1848	1863	1864	1865	1895	1937	1939	1940	1960	2000	2033	2071	2076	2112	2113	2119	2134	2200	2206	2207	2312	2336	2357	2262	2270	2286	2342	2344	2500	2414	2606	2389	2360	2396	2450	2547	2586	2632	2660	2371	2387	2426	2451	2486	2576	2603	2619	2659	2571	2575	2584	2590	2408	2627	2631	2662	2736	2855	2759	2760	2775	2777	2926	2947	2983	3044	2705	3157	3087	3161	3207	3236	3104	3187	3117	3096	3112	3266	3679	3566	3709	3889	3988
521	522	599	1512	1544	1545	3801
3551	3552	3790
527	528	550
1381	1382	1560
3665	3554	3555	3612	3613	3694	3711	3714	3806	3827	3856	3945	3972	3984	4007
2417	2418	2517	2518	2694
459	531	532	3401	3431	3534
556	557	561	564	575	1825	1826	1900	2100	2952	2954	3242	3243
2427	2428	2530	3705
2433	2434
201	202
2440	2441	2523	2537	2538	2668
206	207	284	340
603	604	607
1744	1745
357	605	606	617	2346	2377	2564	2385	2423	2442	2444	2445	2482	2509	2514	2520	2557	2587	2596	2597	2607	2608	2623	2628	2639	2676	2680
208	251	259	309	323	402	430	437	1427	1491	1428	1521	1562	1582	1657	1530	3543	3589	3637	3965	3590	4020
3572	3573	3740	3741
53	54	55	56	66	67	68	72	74	78	82	84	86	89	109	124	126	127	128	142	155	329	472	563	491	629	641	628	648	798	879	1012	1068	678	684	706	725	784	946	949	982	1095	1145	1168	1174	630	637	643	644	645	649	655	656	657	664	665	666	667	668	673	685	686	687	688	689	690	698	710	711	712	713	717	718	721	722	724	732	733	734	735	736	738	740	741	742	744	745	747	758	761	762	767	768	771	773	774	776	777	779	781	782	785	792	796	797	813	814	815	816	817	821	823	842	855	856	857	860	863	867	870	881	882	883	889	890	901	904	905	917	920	921	922	924	925	927	928	935	936	938	939	940	943	944	945	960	966	967	968	969	970	971	974	979	980	989	991	992	994	995	1001	1003	1004	1005	1010	1013	1024	1025	1026	1029	1030	1031	1034	1036	1037	1038	1040	1041	1042	1046	1051	1054	1056	1057	1058	1060	1063	1066	1069	1070	1071	1072	1074	1078	1094	1099	1112	1113	1119	1120	1121	1128	1134	1147	1162	1163	1164	1165	1167	1170	1171	1178	1179	1181	1182	1190	1191	1192	1195	1201	1203	1205	1206	1208	1209	1211	1212	1225	1229	1230	1234	1235	1236	1237	1238	1244	1247	1248	1249	1259	1260	1261	1266	1273	1279	1280	1281	1283	1286	1290	1291	1292	1293	1294	1295	1299	1300	1301	1303	1304	1306	1312	1315	1316	1317	1318	1319	1320	1322	642	909	975	978	1187	1252	683	841	948	977	1087	1130	1256	1267	1269	1297	1323	1385	1361	1343	1363	1375	1376	1384	1484	1597	1620	1658	1672	1390	1429	1515	1362	1395	1458	1627	1628	1681	1577	1580	1611	1666	1668	1809	1961	1819	1846	1921	2204	2141	1686	1746	1766	1793	1794	1806	1807	1824	1871	1887	1892	1924	1925	1926	1976	2001	2042	2069	2121	2129	2158	2190	2198	2199	1903	1803	1713	1813	2222	1962	2430	2455	2577	2682	2681	2579	2459	2369	2424	2691	2370	2448	2524	2605	2611	2617	2618	2784	2785	2890	2921	2942	2972	2981	3021	3038	3062	3063	2754	2743	2837	2864	3057	2863	3224	3252	3078	3090	3093	3099	3100	3123	3124	3125	3126	3149	3150	3160	3165	3185	3186	3191	3200	3213	3214	3215	3239	3247	3259	3273	3275	3284	3286	3287	3206	3253	3278	3114	3115	3390	3506	3367	3372	3502	3373	3405	3430	3529	3536	3667	3855	3866	3913	3980	3936	3942
608	609	612	616
610	611
2456
1348	1433	1434	1626	1958	1959	1990	2007	2132	2133	2184	2283	2437	2833	2989
210	211	234	266	602	613	615	1124	2145	2365	2384	2395	2398	2415	2506	2573	2635	2657	2658	2686	2399	2422	2528
926	1439	1440	1488	1559	1566	1667	2479	2799
212	213	261	279	283	428	406	1673	1412	1561	2175	2146	2153	2160	2167	2536	2709	2959	2737	2915	2710	2731	2735	2744	2748	2763	2772	2773	2779	2817	2818	2819	2835	2836	2841	2843	2850	2851	2852	2856	2868	2883	2945	2955	2956	2958	2966	2968	2969	2970	2975	2984	2999	3036	3042	3056	3067	3158	3274	3382	3550	3556	3559	3561	3725	3869	3873	3893	3768
3587	3588	3890
1762	1763	2144
1449	1450	1476	1568	2140	2413	2431	2513	2581	2626	2640
2491	2492
1764	1787
217	218	294	373	374	647	990	1150	911	1176	1226	1275	1227
2511	2512
2540	2541	2542
1771	1772	2059
58	59	98	2267	2354	2568	2840	3013
1477	1478	1549	1575	1587	1610	1670	1675
2566	2567	2670
242	318	219	220	228	239	254	369	371	421	464	475	492	496	506	514	592	614	650	1284	875	1200	1242	1258	903	1309	1692	2046	1691	1835	1934	1938	2029	2298	2304	2249	2604	2580	2621	2722	2724	3039	3221	3111	3251	3318	3428	3312	3341	3381	3383	3395	3397	3412	3413	3416	3417	3418	3419	3458	3474	3497	3509	3512	3538	3369	3690	3701	3560	3585	3622	3635	3648	3655	3675	3676	3677	3724	3762	3788	3815	3819	3823	3931	3948	4005	4019	4033	3903	3685	3688	3611	3907	3760
60	61	108	1815	1999
2598	2599	3758	3759	3835
64	65	83	99	119	131	132	134	136	137	141	145	639	830	1100	1228	1595	2123	1834	1936	2149	2174	2213	2220	2109	2652	2655	2405	2495	2496	2507	2535	2559	2651	2656	2671	2678	2653	2700	2933	2701	2745	2839	2925	2977	2990	2996	3024	3055	3218	3277	3116	3151	3163	3189	3192	3195	3211	3217	3219	3240	3271	3290	3294	3296	3297	3303	3330	3329	3446	3532	3533	3356	3495	3600	3638	3601	3729	3770	3804	3805	3884	3752
1905	2601	2602	3674	3799	3922	3943
1836	1837	1894	2031
659	981	1136
224	225	1907	1765
2641	2642
226	227	287	265	456	511	1369	1594	1660	1370	1442	1485	1503	1543	1548	1643	1645	1678	1722	1790	2066	2072	2079	2191	1989	2105	2064	2909	3147
1853	1854
365	376	2692	2693
671	672	818
1883	1884
231	232
1885	1886	2193	2227
70	71	110	135	148	152
1569	1570
255	256	321	400	403	404
1901	1902
1632	1633
93	94	147	165	163	216	298	354	166	195	240	244	273	292	311	312	326	337	375	293	391	444	446	474	489	495	504	545	546	547	548	570	595	1342	1372	1391	1432	1578	1593	1827	2201	2310	2313	2419	2476	2614	2870	3508	3615	3616	3747	3791
1910	1911	2090
3618	3619	3624
257	258	1609
103	104	114
1946	1947
313	315	594	802	1009	1015	1049	1064	1302	984	1084	646	694	730	835	865	906	1002	1027	1086	1253	1276	1308	715	1233	660	1193	714	680	681	691	833	862	932	789	1598	1538	1424	1425	1437	1518	1677	1416	1423	1618	2063	1816	1752	1700	1701	1726	1732	1804	1852	1932	1948	1968	1984	1991	2027	2049	2108	2117	2161	2214	2218	2221	1697	1708	1710	1712	1739	1754	1757	1761	1792	1817	1851	1856	1857	1859	1881	1897	1945	1949	1952	1982	2003	2004	2037	2045	2058	2083	2095	2099	2137	2183	2202	2209	1778	2005	1829	1751	1774	1788	1789	1880	1888	1912	1935	1992	1994	2008	2017	2022	2028	2075	2089	2103	2154	2157	2171	2180	1694	1929	1957	2036	2142	2166	2216	1707	1956	2081	2087	2215	1919	1998	2034	1802	1980	2032	2136	2197	1711	1716	1740	1773	1862	1889	1896	1899	1928	2057	2118	2120	2122	2130	2138	2139	2147	2148	2055	2176	2124	1753	1812	1830	1878	2041	2050	2101	2195	2237	2230	2231	2234	2239	2243	2244	2250	2253	2258	2260	2261	2272	2289	2293	2300	2308	2317	2319	2321	2327	2328	2345	2355	2356	2251	2330	2329	2274	2305	2435	2527	2560	2368	2372	2373	2393	2400	2402	2420	2467	2468	2471	2472	2485	2487	2488	2498	2502	2510	2515	2516	2521	2526	2533	2544	2549	2555	2591	2593	2595	2612	2646	2654	2688	2689	2421	2447	2532	2570	2588	2592	2565	2439	2690	2664	2630	2638	2857	2739	2961	2796	2810	3028	3047	2714	2783	2860	2905	3029	2733	2808	2809	2811	2916	3071	2917	2721	2742	2749	2794	2795	2798	2846	2951	2985	3017	3019	3034	3043	2828	3015	2829	2900	2901	3082	3164	3267	3088	3153	3176	3179	3182	3208	3230	3264	3291	3210	3379	3361	3337	3396	3507	3478	3489	3362	3608	3591	3949	3578	3670	3771	3830	3596	3656	3658	3753	3785	3786	4000	4029	3586	3854	3935	3958	3723
120	121
3671	3672
129	130
333	334
3134	3319	3320	3443	3466	3471	3467
2073	1963	1964	2074
3692	3693	3888
342	343	700	701	1115	1349	1513	1460	1801	2196	3937
1978	1979
3695	3696
345	346	407
1985	1986
3703	3704	3877
2009	2010
3706	3707	3829
2013	2014
381	382	1974	2391	2392	2406	2667	2687
3342	3343	3469	3496
2019	2020	2381
384	385	2259	3841	3610	3678	3851
692	693	752	845	996	1196	1215
414	415	436	1906	2273	3132	3170	3196	3202	3249	3254	3276	3292	3593	3594	3595	3606	3623	3627	3708	3792	3837	3843	3900	3996	4008
2067	2068	2726	3331	3400	3450
3364	3365	3473
416	417	2284	2891
2077	2078
3748	3749
280	591	543	1022	834	861	866	1169	1180	1207	1232	1251	1289	1310	1311	1314	743	1943	1860	2164	2143	1931	2092	2126	2127	2294	2645	2522	2397	2967	2986	2702	2711	2859	2897	2898	2912	2913	2920	2931	2932	2934	2971	3008	2771	2893	2957	3059	2854	2858	3119	3080	3168	3174	3188	3145	3140	3118	3083	3122	3130	3180	3226	3086	3098	3101	3108	3121	3137	3138	3198	3201	3222	3225	3262	3304	3131	3146	3167	3220	3223	3306	3136	3142	3156	3159	3177	3199	3256	3263	3265	3269	3280	3282	3299	3302	3313	3399	3454	3470	3487	3376	3384	3385	3483	3486	3491	3498	3514	3521	3527	3553	3684	3575	3629	3682	3825	3870	3940	3579	3568	3580	3583	3621	3636	3657	3691	3710	3742	3798	4018	3592	3584	3548	3563	3571	3574	3718	3720	3769	3813	3816	3817	3826	3828	3834	3847	3848	3941	3990	4042	4045	3632	3639	3734	3883	3896	3897	3921	4011	3778	3789	3814
418	419
696	697	787	1125	1159	2247	2302	2352	2254	2318	2343	3169	3175	3204	3246	3558	3871
3370	3371	3433	3475	3504	3510	3517
431	432
2188	2189	2563	2636	3743	3784	3939
3763	3764	3930
3074	3075	3079	3255
3779	3780
3832	3833	4025	4043
3374	3375	3411	3424	3435	3531
3845	3846	3929
3084	3085	3144	3155	3133	3183	3212	3235	3298	3307	3154
3954	3955	3956
3091	3092	3162	3171	3283	3285	3308	3765	3774
3436	3437
2715	2716	2788	3761
3459	3460	3476	3530
3994	3995
2717	2718	2815	2894	3348	3349	3518
4034	4035
707	708	1077	1139
3094	3095
2751	2752	3072
3525	3526
2761	2762	2982	3010
274	728	729	750	770	805	820	941	962	965	1081	1091	1185	1240	1264	1307	2265	3653	3633	4039	3654	3777	3872
154	156	157	173	200	205	304	339	348	367	370	271	390	172	194	306	327	328	380	285	363	412	481	589	619	809	627	653	1144	620	622	661	662	669	670	699	739	757	801	807	822	838	846	858	859	864	876	877	878	886	893	898	899	900	902	914	918	931	933	934	963	1020	1045	1048	1073	1083	1092	1103	1109	1116	1132	1175	1177	1199	1213	1217	1231	1257	1278	679	709	786	788	791	824	872	895	950	951	956	983	987	988	1000	1018	1047	1104	1160	631	640	719	737	765	766	772	844	880	947	1085	1098	1106	1122	961	1161	810	1101	1102	1241	1305	790	764	829	819	850	852	907	923	1039	1043	1059	1067	1079	1097	1154	1218	1263	1282	1576	1553	1379	1396	1479	1500	1579	1338	1351	1352	1360	1380	1404	1409	1410	1438	1486	1493	1509	1510	1511	1523	1528	1537	1555	1571	1599	1606	1637	1647	1680	1350	1386	1400	1406	1408	1414	1415	1420	1444	1446	1497	1516	1520	1589	1590	1591	1592	1604	1631	1682	1674	1664	1554	1679	1728	1849	1721	1729	1748	1760	1844	2015	1855	1890	1913	2080	2152	1749	1736	2030	2026	2217	1797	1823	1953	1742	2082	1727	1777	1783	1891	1988	2002	2038	2085	2168	2192	2229	2062	1737	1770	1781	1805	1977	2203	2187	2223	1820	2084	2351	2264	2296	2324	2255	2466	2375	2374	2411	2412	2432	2474	2519	2679	2390	2548	2616	2673	2545	2438	2489	2583	2378	2539	2622	2464	2376	2386	2477	2706	2708	2768	2789	2992	3007	2776	2696	2787	2935	2919	2703	2704	2712	2728	2807	2812	2813	2816	2827	2879	2880	2907	2908	2918	2946	2974	2995	3011	3023	3025	3061	3064	3068	3069	2936	2738	2719	2834	2980	2713	2741	2753	2755	2800	2822	2875	2885	2892	2939	2940	2941	3005	3018	3026	3032	3037	3051	3054	3060	3070	2820	2725	2707	2861	3014	2750	2887	3048	3107	3127	3194	3113	3339	3316	3338	3377	3380	3386	3398	3434	3440	3515	3499	3323	3354	3513	3432	3327	3328	3332	3335	3352	3441	3461	3522	3523	3389	3317	3340	3500	3535	3726	3773	3797	3818	3838	3599	3634	3683	3713	3908	3989	3716	3666	3719	3767	4016	4017	4031	4009	3605	3892	3946	3991
2781	2782
80	159	169	179	196	222	223	229	241	249	301	307	317	320	322	331	379	387	394	396	398	411	197	215	260	282	300	314	330	336	352	399	424	388	463	505	529	562	457	598	565	600	626	1021	1061	1255	1105	753	746	754	849	625	759	871	731	1183	1184	763	1140	843	827	1011	1129	1131	1146	1243	1339	1413	1456	1640	1669	1564	1649	1527	1340	1344	1345	1346	1365	1371	1378	1387	1397	1401	1402	1445	1467	1525	1526	1532	1533	1534	1535	1563	1572	1574	1585	1602	1630	1639	1641	1652	1651	1698	1702	1775	1786	1858	1869	1920	1930	1955	1987	2047	2172	1868	1843	2018	1706	1718	1723	1779	1780	1831	1839	1840	1866	1893	1904	1914	1941	1950	1966	1971	1972	1981	1997	2021	2051	2053	2088	2091	2094	2096	2097	2115	2125	2131	2150	2177	2179	2208	2212	2219	2224	2226	2228	1791	1898	2107	2159	2011	2275	2326	2235	2257	2301	2463	2600	2669	2685	2804	2832	2862	3073	2867	2888	3229	3429	3519	3516	3567	3839	4037	3659	3947	4023
2830	2831	3020	3030
748	749	908	1050	2475	2629
2844	2845
2847	2848	2878	2899	2994	3033	3049
3260	3261
663	636	873	1118	1354	1335	1336	1355	1364	1377	1388	1418	1421	1443	1464	1465	1489	1490	1496	1504	1514	1539	1540	1600	1601	1619	1662	1665	1468	1480	1625	1687	1918	2035	2065	2173	1767	1688	1799	1833	2023	2165	3289	3463	3557	3651	3731	3992	4010
2871	2872	2874	2965
2876	2877
36	368	623	624	1357	1494	1882	1832	2473	3004	3193	3281	3228	3309	3314	3315	3336	3345	3350	3353	3355	3357	3358	3360	3363	3368	3387	3391	3394	3409	3422	3426	3444	3445	3456	3457	3490	3493	3438	3347	3351	3462	3465	3477	3480	3537
2902	2903
2922	2923	3066
151	162	176	177	198	233	344	383	438	452	441	442	447	451	462	476	494	501	507	517	519	523	538	539	541	549	553	559	569	571	572	573	580	581	584	587	590	597	499	453	460	461	508	520	530	537	542	554	567	576	582	583	588	596	828	1210	618	775	915	1006	1149	1285	1239	793	1096	1189	1621	1463	1536	1556	1557	1586	1615	1347	1392	1498	1567	1965	1828	2044	2024	1933	1967	2292	2425	2436	2454	2458	2543	2550	2551	2624	2484	2429	2757	2802	2803	2821	2865	2988	2991	3012	3058	2729	3181	3237	3279	3485	3448	3481	3503	3539	3378	3511	3562	3668	3681	3899	3932	4014
2358	2359	2394	2416	2497	2554	2558	2585	2643	2666	3712	3794	3910
2962	2963	3001
