0	1	
6	7	25	35	93	94	147	165	166	187	193	195	204	235	240	243	244	262	263	273	274	292	311	312	326	337	375	429	293	391	443	444	446	474	489	495	500	503	504	509	545	546	547	548	570	595	702	1007	1035	1214	1342	1372	1391	1432	1578	1593	1684	1915	1685	1743	1842	1845	1847	1873	1874	2006	2098	2151	2155	2163	2181	2201	
8	9	33	40	1407	1447	
10	11	23	24	579	
12	13	44	250	305	353	420	425	426	703	751	916	1155	1262	
14	15	16	20	21	22	26	27	28	29	30	38	41	42	43	158	164	203	214	230	236	237	246	247	269	270	276	277	278	281	288	303	308	310	324	335	341	347	351	357	362	365	366	376	377	386	389	395	408	409	422	434	435	267	268	477	478	490	498	558	1135	1152	704	705	723	756	760	799	800	825	826	848	896	959	1080	1082	1093	1114	1151	1173	1298	1383	1431	1531	1588	1469	1470	1398	1399	1800	2070	1917	
18	19	493	1016	1017	
45	46	57	69	77	79	81	90	91	95	102	105	106	107	113	117	118	122	125	138	139	140	149	151	358	359	438	439	440	441	442	447	448	451	458	462	469	470	476	491	494	501	507	517	518	519	523	538	539	540	541	543	544	549	552	553	559	568	569	571	572	573	577	578	580	581	584	585	587	590	597	598	651	652	804	868	869	1223	1448	1463	1536	1547	1556	1557	1576	1586	1615	1695	1683	2044	1693	1709	1717	1719	1720	1725	1730	1755	1776	1803	1814	1818	1841	1848	1863	1864	1865	1895	1937	1939	1940	1960	1974	2000	2024	2033	2071	2076	2112	2113	2114	2119	2134	2200	2206	2207	1696	1699	1747	1756	1768	1769	1784	1802	1808	1850	1872	1916	1980	2032	2039	2040	2054	2061	2062	2093	2116	2135	2136	2145	2194	2210	2211	2048	2184	
47	48	146	
49	50	100	101	295	410	459	778	1943	1969	2128	
51	52	62	63	73	75	76	80	85	87	88	92	96	97	111	112	115	116	123	133	143	144	150	153	290	161	245	264	296	297	302	316	319	361	364	406	1186	619	638	809	620	621	622	628	634	648	661	662	669	670	699	739	754	757	798	801	802	807	822	836	838	846	849	858	859	864	876	877	878	879	886	887	888	893	898	899	900	902	914	918	930	931	933	934	963	1009	1012	1015	1020	1022	1044	1045	1048	1049	1055	1064	1068	1073	1075	1083	1092	1103	1109	1116	1132	1175	1177	1199	1213	1217	1224	1231	1257	1278	1302	639	716	755	803	830	884	910	955	1014	1023	1076	1100	1133	1142	1156	1198	1200	1216	1228	1242	1258	819	827	850	852	903	907	923	999	1011	1039	1043	1059	1067	1079	1097	1129	1131	1146	1154	1218	1243	1263	1282	1309	1324	1325	1326	1327	1332	1334	1339	1426	1505	1617	1644	1656	1553	1366	1357	1338	1351	1352	1360	1380	1404	1409	1410	1438	1486	1493	1509	1510	1511	1523	1528	1537	1555	1571	1598	1599	1606	1637	1647	1680	1459	1501	1669	1340	1344	1345	1346	1348	1365	1371	1378	1387	1397	1401	1402	1416	1423	1445	1467	1525	1526	1532	1533	1534	1535	1563	1572	1574	1585	1602	1630	1639	1641	1652	1367	1453	1519	1550	1607	1554	1679	1651	1758	1749	2046	2056	2030	1958	1843	2018	1691	1706	1707	1718	1723	1741	1742	1759	1779	1780	1831	1832	1834	1835	1838	1839	1840	1861	1866	1877	1893	1904	1914	1923	1934	1936	1938	1941	1950	1956	1966	1971	1972	1981	1997	2021	2029	2051	2053	2081	2082	2087	2088	2091	2094	2096	2097	2115	2125	2131	2143	2149	2150	2174	2177	2179	2182	2208	2212	2213	2215	2219	2220	2224	2226	2228	1727	1777	1783	1891	1919	1954	1988	1998	2002	2034	2038	2085	2168	2192	2229	2175	1791	1898	2107	2159	1750	1931	2092	2178	2187	2223	2011	1959	1990	2007	2132	2133	
58	59	98	
60	61	108	167	168	184	275	332	350	355	427	349	423	726	674	675	897	912	919	1019	1065	1090	1117	1296	727	1313	1506	1522	1632	1633	1815	1724	1999	2170	
64	65	83	99	119	131	132	134	136	137	141	145	1595	
70	71	110	135	148	152	
103	104	114	154	
120	121	
129	130	
156	157	173	200	205	304	339	348	367	370	172	194	306	327	328	380	363	368	412	653	828	1105	1210	1144	763	810	1101	1102	1140	1241	1305	1728	2063	1797	1823	1953	1933	
159	160	169	179	196	222	223	229	238	241	242	249	271	301	307	317	318	320	322	331	379	387	390	394	396	398	411	197	215	260	280	282	300	314	329	330	336	352	399	424	388	463	471	505	515	529	562	563	591	594	464	475	481	492	496	506	514	592	457	565	600	626	1021	1061	1255	641	753	746	1239	625	663	642	715	731	743	909	961	975	978	1062	1111	1161	1183	1184	1187	1233	1252	843	851	1413	1456	1640	1564	1649	1692	1698	1702	1775	1785	1786	1858	1869	1920	1930	1955	1973	1987	2012	2016	2047	2123	2141	2172	1731	1875	2111	2162	2217	1821	1970	2055	2176	
162	163	176	177	178	198	216	233	298	344	354	383	392	452	453	460	461	508	520	530	537	542	554	567	576	582	583	588	596	618	775	915	1006	1149	1285	1621	1347	1392	1498	1827	1687	1965	1828	1905	1688	1799	1833	2023	2165	
170	171	325	338	1356	1393	1394	1455	1613	1655	1676	
174	175	299	372	378	
180	181	188	
182	183	248	289	393	405	413	
185	186	253	272	356	360	397	445	454	455	467	468	482	487	488	497	499	510	512	516	524	525	526	533	534	535	555	560	566	574	586	593	953	954	1157	1411	1412	1482	1502	1507	1551	1552	1561	1565	1623	1686	1908	1713	1813	2222	1909	2160	2167	
189	190	401	
191	192	199	252	286	433	1341	1462	1517	1529	1573	
201	202	
206	207	284	340	
208	209	251	259	309	323	402	430	437	1427	1491	1428	1521	1562	1582	1657	1530	
210	211	234	266	602	613	614	615	
53	54	55	56	66	67	68	72	74	78	82	84	86	89	109	124	126	127	128	142	155	212	213	261	279	283	428	472	629	627	678	679	682	684	706	709	725	759	784	786	788	791	824	872	895	946	949	950	951	956	982	983	984	987	988	1000	1018	1047	1084	1095	1104	1124	1145	1160	1168	1174	1254	630	631	637	640	643	644	645	646	649	654	655	656	657	664	665	666	667	668	673	685	686	687	688	689	690	694	698	701	710	711	712	713	717	718	719	720	721	722	724	730	732	733	734	735	736	737	738	740	741	742	744	745	747	758	761	762	765	766	767	768	769	771	772	773	774	776	777	779	780	781	782	783	785	792	793	796	797	813	814	815	816	817	821	823	834	835	842	844	855	856	857	860	861	863	865	866	867	870	871	875	880	881	882	883	889	890	892	901	904	905	906	917	920	921	922	924	925	926	927	928	935	936	938	939	940	943	944	945	947	958	960	966	967	968	969	970	971	974	979	980	989	991	992	993	994	995	1001	1002	1003	1004	1005	1010	1013	1024	1025	1026	1027	1028	1029	1030	1031	1034	1036	1037	1038	1040	1041	1042	1046	1051	1054	1056	1057	1058	1060	1063	1066	1069	1070	1071	1072	1074	1078	1085	1086	1094	1096	1098	1099	1106	1112	1113	1119	1120	1121	1122	1123	1128	1134	1137	1138	1147	1162	1163	1164	1165	1167	1169	1170	1171	1178	1179	1180	1181	1182	1188	1189	1190	1191	1192	1194	1195	1197	1201	1202	1203	1204	1205	1206	1207	1208	1209	1211	1212	1225	1229	1230	1232	1234	1235	1236	1237	1238	1244	1247	1248	1249	1251	1253	1259	1260	1261	1266	1272	1273	1274	1276	1279	1280	1281	1283	1286	1287	1288	1289	1290	1291	1292	1293	1294	1295	1299	1300	1301	1303	1304	1306	1308	1310	1311	1312	1314	1315	1316	1317	1318	1319	1320	1322	683	764	841	948	977	1087	1110	1130	1256	1267	1269	1297	1321	1323	1385	1349	1361	1379	1396	1479	1500	1579	1343	1363	1375	1376	1384	1484	1597	1620	1658	1350	1386	1400	1406	1408	1414	1415	1420	1444	1446	1497	1513	1516	1520	1589	1590	1591	1592	1604	1631	1672	1673	1682	1353	1373	1405	1471	1475	1481	1487	1492	1494	1495	1538	1584	1603	1608	1622	1624	1634	1635	1636	1638	1646	1648	1654	1674	1374	1403	1417	1419	1422	1424	1425	1430	1435	1436	1437	1461	1466	1472	1483	1508	1518	1524	1541	1542	1558	1581	1583	1605	1612	1616	1629	1642	1650	1653	1659	1660	1661	1663	1664	1671	1677	1390	1429	1515	1460	1362	1395	1458	1627	1628	1681	1567	1577	1580	1596	1611	1618	1666	1668	1809	1961	1819	1846	1921	2204	1746	1766	1793	1794	1796	1806	1807	1816	1824	1849	1871	1887	1892	1924	1925	1926	1976	1995	2001	2042	2069	2121	2129	2158	2190	2198	2199	1721	1729	1748	1760	1822	1844	2015	1752	1736	1810	1829	1983	2086	2185	2186	1903	1860	2026	2164	1870	1751	1774	1788	1789	1880	1888	1912	1935	1992	1994	2008	2017	2022	2028	2075	2089	2103	2154	2157	2169	2171	2180	1694	1929	1957	2036	2142	2166	2216	1801	2196	1737	1770	1781	1805	1977	2109	2124	2153	2203	1753	1811	1812	1820	1830	1878	2041	2050	2101	2195	1962	1967	2084	
217	218	285	294	373	374	647	990	1150	911	1176	1226	1275	1227	1855	
219	220	228	239	254	369	371	421	650	1250	1284	
224	225	1907	
226	227	287	265	313	315	456	511	659	660	981	1136	1193	671	672	714	818	680	681	691	790	833	862	932	789	1369	1594	1370	1442	1485	1503	1543	1548	1643	1645	1678	1722	1790	2066	2072	2079	2191	1795	1700	1701	1703	1726	1732	1735	1804	1852	1868	1890	1913	1927	1932	1944	1948	1968	1984	1991	1993	2027	2049	2108	2117	2161	2214	2218	2221	1697	1708	1710	1712	1739	1754	1757	1761	1782	1792	1817	1851	1856	1857	1859	1881	1897	1945	1949	1952	1982	2003	2004	2037	2045	2058	2080	2083	2095	2099	2137	2152	2183	2202	2209	1778	2005	1989	2105	2064	2146	2197	1711	1716	1740	1773	1862	1879	1889	1896	1899	1906	1928	1942	2043	2057	2102	2118	2120	2122	2130	2138	2139	2147	2148	2104	
231	232	
255	256	321	400	403	404	
257	258	1609	
333	334	
342	343	700	829	1115	
345	346	407	
381	382	
384	385	
414	415	436	
416	417	
418	419	
431	432	
449	450	473	551	601	676	794	677	808	795	964	1451	1452	1867	
465	466	2205	
479	480	485	589	
483	484	486	502	513	536	1733	1734	1951	2025	2106	2110	2225	
521	522	599	1512	1544	1545	
527	528	550	
556	557	561	564	575	1825	1826	1900	2100	
603	604	607	
605	606	617	
608	609	612	616	
610	611	
623	624	
632	633	847	929	1166	1268	
692	693	752	845	996	1196	1215	
696	697	787	1125	1159	
707	708	1077	1139	
728	729	750	770	805	820	941	962	965	1081	1091	1185	1240	1264	1307	
748	749	908	1050	
811	812	832	837	976	1088	1148	1153	
839	840	
853	854	1368	
972	973	1107	
997	998	1333	1389	
1032	1033	1141	
1052	1053	
1126	1127	1158	
1219	1220	2060	
1221	1222	1265	
1245	1246	1473	1474	1546	1614	
1270	1271	1337	
1328	1329	
1330	1331	
2	3	17	34	36	4	5	31	32	37	39	221	291	531	532	635	658	695	806	831	885	891	937	952	957	985	986	1089	1108	1277	636	873	874	894	913	942	1008	1118	1143	1172	1441	1354	1335	1336	1355	1364	1377	1388	1418	1421	1443	1454	1457	1464	1465	1489	1490	1496	1504	1514	1527	1539	1540	1600	1601	1619	1662	1665	1468	1480	1625	1882	1918	2035	2065	2173	1738	1767	1876	
1358	1359	1499	
1381	1382	1560	
1433	1434	1626	
1439	1440	1488	1559	1566	1667	
1449	1450	1476	1568	2140	
1477	1478	1549	1575	1587	1610	1670	1675	
1569	1570	
1689	1690	1798	2156	
1704	1705	
1714	1715	1922	1975	1996	2052	
1744	1745	
1762	1763	2144	
1771	1772	2059	
1836	1837	1894	2031	
1853	1854	
1883	1884	
1885	1886	2193	2227	
1901	1902	
1910	1911	2090	
1946	1947	
1764	1765	1787	2073	1963	1964	2074	
1978	1979	
1985	1986	
2009	2010	
2013	2014	
2019	2020	
2067	2068	
2077	2078	
2126	2127	
2188	2189	
