2511	2512	
2540	2541	2542	
2566	2567	2670	
2598	2599	
2601	2602	
2641	2642	
2692	2693	
49	50	100	101	64	65	83	99	119	131	132	134	136	137	141	145	295	410	459	515	638	778	942	639	716	755	803	830	884	910	955	1014	1023	1076	1100	1133	1142	1198	1200	1216	1228	1242	1258	1324	1325	1326	1327	1332	1334	1595	1459	1501	2123	1943	1969	2128	2046	2056	2149	2220	2652	2645	2495	2496	2507	2535	2559	2651	2656	2671	2653	2700	3031	2701	2745	2839	2925	2977	2990	2996	3024	
60	61	108	103	104	114	154	348	271	167	168	184	275	332	350	355	427	342	343	349	423	562	496	598	619	809	653	726	700	674	1239	621	622	628	648	662	699	739	801	807	822	846	858	859	864	876	877	878	886	888	893	899	900	902	914	918	931	933	934	963	1012	1020	1044	1045	1048	1064	1073	1083	1092	1103	1109	1116	1132	1175	1199	1213	1217	1224	1231	1257	1278	1302	791	872	950	956	983	701	730	737	765	772	844	865	871	880	980	1001	1094	1098	1106	1122	1162	1161	1241	675	897	912	919	1019	1065	1090	1117	1296	680	790	833	862	932	1196	829	727	1313	789	819	852	907	923	1043	1059	1079	1131	1154	1218	1263	1282	1309	972	1656	1506	1576	1553	1349	1396	1479	1500	1579	1357	1351	1352	1360	1380	1404	1409	1410	1438	1486	1493	1509	1510	1511	1523	1528	1537	1555	1571	1599	1606	1637	1647	1680	1350	1386	1400	1406	1408	1415	1420	1446	1497	1513	1516	1589	1590	1591	1604	1631	1682	1674	1601	1460	1522	1554	1679	1632	1633	1815	1724	1999	1892	2001	2158	2152	2005	2030	2164	2170	1801	2196	1866	1727	1777	1783	1891	1954	1988	2002	2038	2085	2229	1699	2062	2312	2268	2294	2324	2326	2466	2374	2411	2412	2432	2474	2519	2606	2679	2390	2525	2548	2616	2673	2438	2489	2583	2539	2622	2787	2935	2919	2703	2704	2712	2722	2724	2728	2796	2807	2810	2812	2813	2816	2827	2879	2880	2904	2907	2908	2918	2944	2974	2979	2995	3011	3023	3025	3028	3047	3061	3064	3068	3069	2936	2834	2980	3048	
58	59	98	185	186	253	272	356	360	397	213	279	406	445	552	454	455	467	468	482	487	488	497	510	512	516	524	525	526	533	534	535	555	560	566	574	586	593	953	811	812	832	837	976	1088	1148	1153	954	1157	1411	1520	1673	1390	1412	1482	1502	1507	1552	1561	1565	1623	1686	1908	2175	1713	1813	2222	2146	2153	2203	1909	2160	2167	2267	2354	2351	2589	2582	2407	2568	2456	2457	2699	2709	2698	2959	2737	2840	3013	2746	2747	2870	2881	2886	2895	2910	2924	2927	2928	2929	2976	2786	2854	2911	2914	2915	3016	3041	3065	2710	2726	2731	2735	2744	2748	2750	2763	2772	2773	2779	2817	2818	2819	2835	2836	2841	2843	2850	2851	2852	2856	2868	2882	2883	2887	2945	2955	2956	2958	2966	2968	2969	2970	2975	2984	2999	3006	3036	3042	3055	3056	3067	
180	181	188	280	329	313	315	594	634	1009	1015	1022	1049	630	694	796	835	906	993	1002	1027	1086	1137	1163	1276	1306	715	909	1233	1252	660	1193	671	672	714	818	691	1115	1039	1586	1598	1424	1425	1437	1518	1423	1569	1570	1698	1746	1766	1793	1794	1796	1806	1807	1816	1849	1871	1887	1924	1925	1926	1976	1995	2042	2069	2121	2129	2190	2198	2199	1752	1700	1852	1932	1968	2117	2161	1697	1708	1710	1712	1739	1754	1757	1761	1792	1817	1851	1856	1859	1881	1897	1945	1952	1982	2003	2004	2037	2045	2058	2083	2095	2099	2137	2183	2202	2209	1778	1751	1774	1788	1789	1880	1888	1912	1935	1992	1994	2008	2017	2022	2028	2075	2089	2103	2154	2157	2169	2171	2180	1694	1929	1957	2036	2142	2166	2216	1707	1956	2081	2215	1998	2034	1696	2197	1711	1716	1740	1773	1862	1879	1889	1896	1899	1906	1928	1942	2043	2057	2102	2118	2122	2130	2138	2139	2147	2148	2176	1753	1811	1812	1830	1878	2041	2050	2101	2195	2237	2272	2356	2249	2251	2330	2329	2273	2274	2305	2315	2435	2527	2560	2375	2368	2613	2372	2373	2393	2400	2402	2467	2468	2471	2472	2473	2485	2487	2488	2498	2502	2510	2515	2516	2521	2526	2533	2544	2549	2555	2591	2593	2594	2595	2612	2646	2654	2655	2688	2689	2421	2447	2532	2570	2592	2565	2439	2690	2664	2478	2630	2638	2464	2504	2580	2376	2386	2477	2857	2986	2739	2961	2714	2783	2860	2905	3029	2808	2809	2811	2916	2937	3071	3053	2863	2917	2721	2742	2749	2794	2795	2846	2853	2951	2953	2985	3004	3017	3019	3034	3043	2828	3015	2829	2900	2901	
53	54	55	56	66	67	68	72	74	78	82	84	86	89	109	124	126	127	128	142	155	264	248	212	261	283	428	472	627	757	1068	1075	678	679	706	709	759	784	786	788	824	946	949	951	984	987	988	1000	1018	1047	1084	1095	1104	1145	1160	1168	1174	1254	685	735	771	776	920	935	938	968	1004	1058	1060	1164	1190	1205	683	841	948	977	1087	1130	1256	1267	1269	1297	1321	1323	1435	1358	1359	1499	1809	1961	1819	1846	1921	2204	2111	1962	1967	2084	2430	2455	2577	2682	2681	2369	2610	2505	2370	2448	2524	2605	2611	2617	2620	2719	2758	2806	2869	2964	2987	2997	3035	3057	2756	
217	218	285	294	373	374	647	990	1150	911	1176	1226	1275	1227	1444	1855	2080	2264	2296	2545	2706	2708	2768	2789	2992	2738	2798	2820	2725	2707	2861	3014	
416	417	696	697	787	1125	1159	2247	2302	2352	2254	2284	2318	2343	2891	
18	19	493	1016	1017	
6	7	25	35	93	94	147	297	165	162	163	176	177	178	198	216	233	298	344	354	383	392	166	187	193	195	204	235	240	243	244	262	263	273	274	292	311	312	326	337	375	429	293	391	452	443	444	446	474	489	495	500	503	504	509	545	546	547	548	570	595	494	499	453	460	461	508	520	530	537	542	554	567	576	582	583	588	596	702	1007	1035	1214	703	618	775	915	1006	1149	1285	751	916	1155	1262	1342	1621	1347	1372	1391	1432	1578	1593	1392	1498	1827	1684	1915	1965	1828	1905	1685	1743	1842	1845	1847	1873	1874	2006	2098	2151	2155	2163	2181	2201	2310	2313	2469	2425	2436	2454	2458	2543	2550	2551	2624	2419	2476	2614	2470	2490	2493	2499	2503	2648	2674	2778	2889	3046	2729	
556	557	561	564	575	1825	1826	1900	2100	2952	2954	
45	46	57	69	77	79	90	91	95	102	105	106	107	113	117	118	122	125	138	139	140	149	151	302	358	182	183	289	393	405	413	359	491	1186	651	802	930	1055	769	780	892	1202	1272	1308	1111	652	804	868	869	1223	681	764	1110	1379	1338	1414	1592	1353	1373	1405	1471	1475	1481	1487	1492	1494	1495	1538	1584	1603	1608	1622	1624	1635	1636	1638	1646	1648	1654	1618	1695	2063	1701	1703	1726	1732	1735	1804	1868	1890	1913	1927	1944	1948	1984	1991	2027	2049	2108	2214	2218	2221	1857	1949	1736	1810	1829	1983	2086	2185	2186	2026	1875	2162	1919	1747	1756	1768	1769	1784	1802	1808	1850	1872	1916	1980	2032	2039	2040	2054	2061	2093	2116	2135	2136	2194	2210	2211	2120	1737	1770	1781	1805	1977	2109	2124	2236	2269	2230	2231	2234	2239	2243	2244	2250	2253	2258	2260	2261	2289	2293	2300	2308	2317	2319	2321	2325	2327	2328	2337	2345	2349	2355	2232	2233	2240	2245	2252	2255	2259	2278	2285	2290	2291	2304	2309	2311	2314	2323	2340	2635	2388	2443	2420	2675	2948	2950	2727	2978	3040	2696	3022	2720	2723	2774	2805	2814	2884	2930	2943	2960	2998	3045	3052	2765	2697	2766	2801	2938	2973	3027	
278	704	705	723	756	760	799	800	825	826	848	896	959	1080	1082	1093	1114	1151	1173	1298	1800	2070	1917	2282	2353	2873	
1245	1246	1473	1474	1546	1614	2740	2826	
51	52	62	63	73	75	76	85	87	88	92	96	97	111	112	115	116	123	133	143	144	150	153	290	161	245	296	316	319	361	364	458	1250	836	720	1138	1188	1274	659	981	1136	1107	1426	1505	1617	1644	1385	1634	1374	1403	1417	1419	1422	1430	1436	1466	1472	1483	1508	1524	1541	1542	1558	1581	1583	1605	1612	1616	1629	1642	1650	1653	1659	1660	1661	1663	1671	1677	1567	1577	1580	1596	1611	1666	1668	1477	1478	1549	1575	1587	1610	1670	1675	1758	1795	1993	1782	1870	1759	1832	2104	2271	2336	2357	2262	2270	2286	2320	2342	2344	2500	2414	2389	2360	2396	2450	2547	2586	2632	2660	2603	2659	2397	2571	2575	2584	2590	2408	2627	2631	2662	2767	2736	2855	2759	2760	2775	2777	2926	2947	2983	3044	2705	
226	227	287	265	456	511	1369	1594	1370	1442	1485	1503	1543	1548	1643	1645	1678	1722	1790	2066	2072	2079	2191	1989	2105	2064	2909	
80	339	196	222	322	331	387	197	215	260	282	300	314	330	336	352	399	424	388	457	523	565	600	746	661	669	670	849	895	947	1085	1181	1172	1156	731	1183	1184	763	810	1102	1140	1305	827	903	1011	1129	1146	1243	1339	1413	1669	1527	1662	1340	1344	1345	1346	1365	1371	1378	1387	1397	1401	1402	1416	1445	1467	1525	1526	1532	1533	1534	1535	1563	1572	1574	1585	1602	1630	1639	1641	1652	1651	1692	1702	1775	1786	1858	1869	1920	1930	1955	1987	2012	2016	2047	2141	2172	1749	1797	1823	1953	1843	2018	1691	1706	1718	1723	1779	1780	1831	1834	1835	1838	1839	1840	1861	1893	1904	1914	1923	1934	1936	1941	1950	1966	1971	1972	1981	1997	2021	2029	2051	2053	2087	2088	2091	2094	2096	2097	2115	2125	2131	2143	2150	2174	2177	2179	2182	2208	2212	2213	2219	2224	2226	2228	1791	1688	2165	1898	2107	2159	1931	2092	2187	2223	2011	2275	2298	2235	2257	2301	2463	2600	2637	2669	2685	2604	2465	2405	2378	2678	2832	2867	2888	
210	211	234	266	602	613	614	615	1124	979	1348	1433	1434	1626	1824	1958	2145	1959	1990	2007	2132	2133	2184	2283	2365	2384	2395	2398	2415	2506	2573	2657	2658	2686	2437	2399	2422	2528	2833	2989	
2382	2383	2695	2625	2647	2684	2780	
926	1439	1440	1488	1559	1566	1667	2479	2799	
2715	2716	2788	
2717	2718	2815	2894	
2751	2752	3072	
2761	2762	2982	3010	
2781	2782	
2830	2831	3020	3030	
2844	2845	
2847	2848	2878	2899	2994	3033	3049	
1860	2126	2127	2702	2711	2793	2859	2897	2898	2912	2913	2920	2931	2932	2933	2934	2971	3008	3009	2858	
2871	2872	2874	2965	
2876	2877	
2902	2903	
2922	2923	3066	
2962	2963	3001	
3002	3003	
201	202	
206	207	284	340	
231	232	
255	256	321	400	403	404	
257	258	1609	
333	334	
345	346	407	
384	385	
414	415	436	
418	419	
431	432	
10	11	23	24	579	
465	466	2205	
527	528	550	
603	604	607	
14	15	16	20	21	22	26	27	28	29	30	38	41	42	43	158	164	203	214	230	236	237	246	247	269	270	276	277	281	288	303	308	310	324	335	341	347	351	357	362	365	366	376	377	386	389	395	408	409	422	434	435	267	268	477	478	490	498	558	605	606	617	1135	1152	1383	1431	1531	1588	1469	1470	1398	1399	2346	2409	2377	2588	2564	2385	2423	2442	2444	2445	2482	2508	2509	2514	2520	2557	2587	2596	2597	2607	2608	2623	2628	2639	2676	2680	2410	2546	2672	2677	2734	2838	2849	2896	
608	609	612	616	
610	611	
623	624	
632	633	847	929	1166	1268	2401	2446	2461	2462	2529	2531	2561	2572	2615	2644	2661	2663	2665	
707	708	1077	1139	
748	749	908	1050	2475	2629	
1551	1449	1450	1476	1568	2140	1750	2178	2413	2363	2364	2449	2480	2481	2483	2494	2501	2536	2562	2649	2650	2431	2513	2581	2626	2640	2770	2825	
839	840	
1032	1033	1141	
1052	1053	
1126	1127	1158	
1219	1220	2060	
1221	1222	1265	
70	71	110	135	148	152	
120	121	
129	130	
0	1	
47	48	146	
174	175	299	372	378	
1328	1329	
1330	1331	
8	9	33	40	1407	1447	
170	171	325	338	1356	1393	1394	1455	1613	1655	1676	
521	522	599	1512	1544	1545	
997	998	1333	1389	
1381	1382	1560	
159	160	169	179	223	229	241	249	301	307	317	320	379	394	396	398	411	463	471	505	529	563	591	449	450	473	551	601	483	484	486	502	513	536	626	1021	1061	1255	676	753	794	754	625	677	808	843	851	795	964	973	1640	1451	1564	1649	1452	1733	1867	1734	1951	2025	2106	2110	2225	2248	2276	2277	2279	2280	2281	2297	2299	2338	2339	2341	2347	2348	2579	2578	2862	3073	2769	2842	
224	225	1907	1764	1765	1787	2073	1963	1964	2074	
12	13	44	250	305	353	420	425	426	156	157	173	200	205	304	367	370	238	318	390	172	194	306	327	328	380	219	220	228	239	254	369	371	421	363	368	412	438	464	475	481	492	506	514	592	439	440	441	442	447	448	451	462	469	470	476	501	517	518	519	538	539	540	541	543	544	549	553	559	568	569	571	572	573	577	578	580	581	584	585	587	590	597	479	480	485	589	828	1105	1210	1144	650	1284	620	838	898	1177	682	631	719	793	1189	961	1101	850	999	1067	1097	1456	1448	1463	1536	1547	1556	1557	1615	1664	1665	1728	1973	1721	1729	1748	1760	1822	1844	2015	2217	1742	1938	2082	2168	2192	2044	1933	1820	2292	2484	2429	2522	2621	3007	2730	2732	2764	2776	2790	2791	2792	2797	2866	2906	2949	2993	3000	3050	2757	2802	2803	2804	2821	2824	2865	2967	2988	2991	3012	3058	2946	2713	2733	2741	2753	2755	2771	2800	2822	2823	2875	2885	2892	2893	2939	2940	2941	2957	3005	3018	3026	3032	3037	3039	3051	3054	3059	3060	3070	
1689	1690	1798	2156	
1704	1705	
1714	1715	1922	1975	1996	2052	
1744	1745	
1762	1763	2144	
1771	1772	2059	
1836	1837	1894	2031	
1853	1854	
1883	1884	
1885	1886	2193	2227	
1901	1902	
1910	1911	2090	
1946	1947	
1978	1979	
1985	1986	
2009	2010	
2013	2014	
2019	2020	2381	
2067	2068	
2077	2078	
2188	2189	2563	2636	
189	190	401	2266	2322	
728	729	750	770	805	820	941	962	965	1081	1091	1185	1240	1264	1307	2265	
2	3	17	34	36	4	5	31	32	37	39	81	221	291	531	532	635	658	695	806	831	885	891	937	952	957	985	986	1089	1108	1277	887	663	636	873	874	894	913	1008	1118	1143	1270	1271	1441	1354	1366	1337	1335	1336	1355	1364	1377	1388	1418	1421	1443	1454	1457	1464	1465	1489	1490	1496	1504	1514	1539	1540	1600	1619	1468	1480	1625	1367	1453	1519	1550	1607	1687	1785	1731	1882	1918	2035	2065	2173	1738	1767	1876	1799	1833	2023	1821	1970	2055	2238	2246	2256	2263	2287	2288	2307	2316	2333	2350	
2241	2242	
2331	2332	
2334	2335	
242	507	629	641	798	879	684	725	982	637	640	643	644	645	646	649	654	655	656	657	664	665	666	667	668	673	686	687	688	689	690	698	710	711	712	713	717	718	721	722	724	732	733	734	736	738	740	741	742	744	745	747	758	761	762	766	767	768	773	774	777	779	781	782	783	785	792	797	813	814	815	816	817	821	823	834	842	855	856	857	860	861	863	866	867	870	875	881	882	883	889	890	901	904	905	917	921	922	924	925	927	928	936	939	940	943	944	945	958	960	966	967	969	970	971	974	989	991	992	994	995	1003	1005	1010	1013	1024	1025	1026	1028	1029	1030	1031	1034	1036	1037	1038	1040	1041	1042	1046	1051	1054	1056	1057	1063	1066	1069	1070	1071	1072	1074	1078	1096	1099	1112	1113	1119	1120	1121	1123	1128	1134	1147	1165	1167	1169	1170	1171	1178	1179	1180	1182	1191	1192	1194	1195	1197	1201	1203	1204	1206	1207	1208	1209	1211	1212	1225	1229	1230	1232	1234	1235	1236	1237	1238	1244	1247	1248	1249	1251	1253	1259	1260	1261	1266	1273	1279	1280	1281	1283	1286	1287	1288	1289	1290	1291	1292	1293	1294	1295	1299	1300	1301	1303	1304	1310	1311	1312	1314	1315	1316	1317	1318	1319	1320	1322	642	743	975	978	1062	1187	692	693	752	845	996	1215	1361	1343	1363	1375	1376	1384	1484	1597	1620	1658	1672	1461	1429	1515	1362	1395	1458	1627	1628	1681	1683	1903	1741	1877	1693	1709	1717	1719	1720	1725	1730	1755	1776	1803	1814	1818	1841	1848	1863	1864	1865	1895	1937	1939	1940	1960	2000	2024	2033	2071	2076	2112	2113	2114	2119	2134	2200	2206	2207	2459	2424	2371	2387	2426	2451	2486	2576	2619	2691	2618	2784	2785	2890	2921	2942	2972	2981	3021	3038	3062	3063	2754	2743	2837	2864	
853	854	1368	2569	
191	192	199	252	286	433	208	209	251	259	309	323	402	430	437	1341	1427	1491	1462	1517	1529	1573	1428	1521	1562	1582	1657	1530	2048	2295	2303	2306	2452	2453	2460	2552	2553	2574	2609	
2358	2359	2394	2416	2497	2554	2558	2585	2643	2666	
2361	2362	
2366	2367	
2379	2380	2556	2633	2634	
381	382	1974	2391	2392	2406	2667	2687	
2403	2404	2534	2683	
2417	2418	2517	2518	2694	
2427	2428	2530	
2433	2434	
2440	2441	2523	2537	2538	2668	
2491	2492	
