0	1
7359	7360
5	14	15	16	20	21	22	26	27	28	29	30	38	41	42	43	158	164	203	214	236	237	246	247	269	276	277	278	281	288	303	308	335	341	351	362	365	366	376	386	389	395	409	422	434	435	267	189	401	294	268	477	478	490	498	558	1152	807	756	826	1151	1313	1126	1127	1158	1383	1431	1531	1588	1469	1470	1398	1399	2241	2242	2639	2422	2403	2404	2534	2683	2692	2693	2734	2838	2849	2896	2966	2717	2718	2815	2894	2847	2848	2878	2899	2994	3033	3049	3238	3272	3295	3439	3348	3310	3326	3344	3349	3447	3492	3518	3524	3441	3311	3388	3501	3505	3520	3597	3905	4097	4059	4092	4187	4189	4203	4211	4250	4353	4132	4142	4461	4493	4696	4723	4730	4813	4746	5104	5010	5038	4801	5172	5232	4802	4757	4822	5051	4838	4895	4896	4978	5058	5249	5351	5348	5525	6049	6191	5677	5687	5690	5970	6427	5610	6483	6336	5524	5513	5514	5548	6195	5448	5318	5607	5759	6349	6129	5352	5520	6152	6297	6358	6520	6537	6015	6447	6002	6003	6169	6731	6663	6626	6796	6751	6713	7014	7080	7089	7092	7561	7544
2361	2362
1689	1690	1798	2156
7384	7385
839	840
7388	7389
7397	7398
6617	6618	6689
7412	7413
7415	7416
2366	2367
7429	7430
18	19	493	1016	1017	7320	7467
1052	1053	2382	2383	2695	2625	2647	2684	2780	3244	3245	5927	6600	6676	7206	7205
7031	7032
5762	5763
116	68	72	86	89	127	59	160	180	181	188	329	428	412	333	334	563	507	629	641	648	798	879	684	784	786	1174	630	637	643	644	645	649	655	656	657	664	665	666	667	673	686	687	688	689	690	698	710	711	713	717	718	721	722	724	732	733	734	735	736	738	740	741	742	745	747	758	761	762	768	771	773	774	776	777	779	781	782	783	785	792	796	797	813	814	815	816	817	821	823	855	856	860	863	870	881	882	883	889	890	904	917	920	921	924	925	927	928	936	938	939	940	943	944	945	958	960	967	968	969	970	989	991	992	994	995	1001	1003	1005	1024	1025	1028	1030	1031	1034	1036	1037	1038	1040	1041	1042	1046	1051	1054	1057	1058	1063	1066	1069	1070	1072	1078	1098	1099	1112	1113	1119	1120	1121	1134	1137	1147	1164	1165	1167	1169	1170	1171	1178	1179	1181	1182	1190	1192	1195	1197	1201	1203	1205	1207	1208	1209	1211	1212	1229	1234	1236	1237	1238	1244	1247	1248	1259	1260	1261	1266	1273	1279	1280	1283	1286	1288	1290	1291	1293	1294	1295	1299	1301	1303	1304	1306	1308	1311	1312	1314	1315	1316	1317	1318	1319	1320	1322	642	909	978	1187	1252	977	1087	1130	692	693	845	1196	1215	812	1361	1343	1375	1384	1484	1597	1658	1446	1604	1672	1362	1395	1458	1681	1611	1507	2141	1746	1793	1794	1806	1824	2001	2042	2069	2121	2190	2199	1903	1741	1709	1803	1864	1865	2024	1933	2187	2223	2253	2258	2579	2459	2424	2689	2691	2364	2528	2618	2787	2784	2785	2890	2921	2942	2981	3038	3062	3063	3069	2754	2743	2837	2864	3224	3252	3078	3090	3093	3099	3100	3123	3124	3125	3126	3160	3165	3185	3191	3200	3213	3215	3239	3247	3259	3275	3284	3286	3287	3075	3256	3302	3372	3422	3369	3373	3405	3430	3529	3536	3436	3437	3535	3667	3855	3980	3586	3942	3607	3571	4084	4430	4093	4109	4126	4061	4063	4072	4083	4087	4089	4146	4153	4160	4179	4216	4232	4235	4303	4308	4317	4319	4320	4327	4335	4336	4337	4352	4357	4358	4359	4361	4364	4366	4367	4372	4373	4384	4394	4395	4399	4411	4421	4438	4439	4447	4450	4343	4144	4079	4167	4254	4416	4123	4137	4246	4301	4456	4467	4480	4575	4589	4452	4453	4454	4458	4481	4483	4484	4494	4506	4512	4513	4514	4550	4561	4564	4566	4569	4576	4581	4582	4621	4633	4635	4640	4643	4666	4681	4682	4688	4692	4694	4714	4728	4731	4487	4495	4599	4625	4632	4712	4489	4676	4628	4686	4732	4574	4663	4468	4479	4482	4491	4500	4504	4518	4597	4602	4608	4615	4616	4623	4634	4642	4648	4689	4740	4745	4840	4858	4910	4941	5061	5121	5184	5203	4859	4925	4911	5233	4762	4832	4933	5199	4873	4926	5029	4781	4789	4797	4803	4871	4885	4890	4906	4918	4954	5021	5022	5062	5097	5113	5114	5132	5133	5139	5148	5152	5157	5175	5246	5057	4816	4899	4930	5032	5066	5096	5182	5188	4804	4828	4829	4835	4902	4908	4916	4931	5045	5103	5109	5110	5150	5160	5163	5169	5224	5178	5098	4860	5142	5283	5312	5379	5380	5398	5454	5847	5838	6456	5256	5259	5673	5429	5349	6220	5332	5496	5563	5598	6264	6290	6292	6383	5286	5296	5327	5389	5391	5404	5457	5482	5554	5618	5639	5702	5708	5733	5738	5767	5818	5844	5864	5973	6044	5346	6097	5308	5523	5604	5624	5771	6408	5584	5711	6306	5712	5432	5601	5304	6157	5772	6158	5262	6137	5390	5530	5804	5870	5531	5930	5942	6079	6083	6360	5257	5646	5755	6005	5552	5557	5567	6379	5881	5691	5472	5571	5597	5873	6458	5270	5487	5665	5689	6248	6136	6117	6303	5345	5919	5260	5490	5421	6528	5526	5428	5254	5341	5466	5569	5572	5574	5756	5996	6364	6386	6284	6119	6098	5671	6014	5696	5381	5518	6527	5347	5497	5974	6182	5517	6318	5726	5727	5960	6235	6236	5749	5750	6428	5882	6543	6263	6285	6759	6712	6657	6898	6881	6741	6706	6654	6976	6785	6598	6851	6997	7241	7121	7194	7105	7125	7172	7119	7258	7230	7082	7167	7214	7088	7357	7352	7377	7420	7408	7419	7405	7376	7392	7390	7332	7298	7299	7404	7442	7362	7433	7434	7449	7450	7462	7492	7517	7490
5787	5788
7042	7043
6665	6666
45	46	57	69	77	79	90	91	95	105	106	107	113	117	118	122	125	138	139	140	149	302	602	613	1186	651	780	892	1202	1272	652	804	868	869	1223	1110	1240	1405	1471	1475	1487	1495	1603	1622	1624	1635	1636	1638	1654	1695	2086	2186	2114	1850	2039	2194	2210	2211	2269	2365	2443	2948	2950	2727	2978	3040	3129	3565	3736	3865	3918	3809	3783	3923	4348	4693	6467	6444	6474	6576	6788	6789	6894	6897	7159	7075	7164	7436	7526
7054	7055	7233	7234	7247	7316
6700	6701
6702	6703
1328	1329
2334	2335
7058	7059	7186	7156
80	111	83	99	119	205	339	159	179	222	223	241	242	249	301	320	322	331	387	394	396	398	174	175	299	372	378	346	505	562	514	619	809	627	653	1255	1105	746	621	662	669	670	838	846	849	876	888	898	930	931	1009	1012	1015	1020	1044	1045	1048	1049	1055	1068	1073	1075	1175	1177	1199	1224	1231	1257	679	725	788	791	872	895	951	982	987	988	1018	1104	1124	668	720	766	767	844	947	966	971	980	1074	1085	1191	873	942	1172	639	716	830	910	1023	1100	1156	1200	1242	1258	731	1183	1184	763	810	1102	1140	1305	672	819	827	850	903	907	1011	1043	1059	1067	1079	1097	1131	1146	1154	1218	1243	1263	1282	1309	1339	1413	1640	1463	1385	1537	1422	1472	1664	1669	1515	1504	1527	1662	1340	1344	1345	1346	1371	1387	1397	1401	1402	1423	1445	1467	1525	1526	1532	1533	1534	1535	1563	1572	1585	1602	1630	1639	1641	1577	1580	1596	1666	1702	1775	1786	1858	1869	1920	1930	1955	1987	2047	2123	2172	1807	2129	1822	1868	1944	1749	2046	2056	1797	1953	1870	1843	2018	1691	1718	1723	1742	1779	1780	1831	1839	1840	1866	1877	1904	1923	1934	1936	1938	1941	1950	1956	1966	1972	1997	2029	2051	2081	2088	2091	2097	2149	2150	2174	2182	2212	2219	2220	2226	2228	2168	2192	1791	1833	2093	1898	2107	2159	1931	2092	2011	2275	2298	2326	2257	2301	2232	2252	2278	2290	2291	2304	2311	2323	2340	2342	2329	2589	2463	2600	2669	2685	2474	2519	2465	2402	2485	2502	2586	2405	2378	2495	2496	2507	2535	2559	2651	2656	2671	2464	2580	2621	2379	2380	2556	2633	2634	2678	2804	2988	2964	3035	2832	2723	2867	2741	2755	2771	2885	2893	2940	2941	2957	3018	3037	3039	3051	3059	2781	2782	3127	3194	3229	3113	3135	3234	3152	3251	3172	3122	3116	3189	3220	3330	3339	3519	3360	3412	3538	3487	3516	3567	3690	3701	3839	4037	3560	3585	3622	3635	3655	3675	3676	3677	3788	3823	3931	3948	4005	4033	3773	3797	3818	3838	3903	3659	3947	3685	3688	4023	4057	4140	4141	4175	4238	4293	4247	4314	4408	4202	4613	4687	4475	4531	4533	4606	4509	4485	4695	4702	4476	4809	4824	4851	4907	4919	4986	5011	5085	5143	5105	4987	5084	5186	5190	5135	5194	5231	5214	5255	5383	5715	5925	5964	6181	6378	6526	6542	5303	5547	6334	6363	5273	5326	5768	6226	5419	5854	5335	5910	5953	6086	5447	6006	5811	5288	5355	5823	5830	5387	5441	5951	6090	6130	6253	6283	6299	5595	5653	5877	5625	5833	5907	5962	6100	6133	6153	6227	6241	6432	6552	6162	5516	5527	5735	5934	5984	6211	6275	6366	6377	6417	6464	6559	6353	5502	5409	5410	6415	6194	5878	6295	6308	6562	6124	6509	6816	6913	6593	6742	6848	6891	7019	6870	6930	7123	7077	7184	7225	7153	7147	7150	7208	7242	7243	7341	7296	7334	7432	7504
5890	5891	6381
6718	6719
7062	7063
5892	5893
465	466	2205
58	98	166	170	325	338	185	186	253	272	356	360	445	458	571	454	455	467	468	482	487	488	497	510	512	516	524	525	526	533	534	535	555	560	566	574	586	593	608	609	612	616	623	624	824	646	701	769	1194	1235	1253	1256	1267	1269	811	832	837	976	1148	1153	954	1219	1220	1356	1411	1360	1380	1493	1386	1673	1393	1394	1613	1655	1676	1412	1482	1502	1551	1552	1561	1565	1623	1477	1478	1575	1587	1610	1670	1675	2005	2060	1908	2053	2175	2222	2153	1750	1909	2160	2167	1967	2084	2067	2068	2267	2354	2271	2309	2414	2582	2369	2548	2610	2407	2472	2568	2370	2448	2524	2611	2617	2456	2457	2566	2567	2670	2699	2709	2792	2698	2959	2905	2719	2758	2869	2987	2997	2737	2840	3013	2825	2725	2697	2746	2747	2870	2881	2886	2895	2910	2924	2927	2928	2929	2976	2786	2854	2911	2914	2915	3016	3041	3065	2726	2731	2735	2744	2748	2750	2763	2772	2773	2779	2817	2818	2819	2835	2836	2841	2843	2850	2851	2852	2856	2868	2882	2883	2887	2945	2955	2956	2958	2968	2969	2970	2975	2984	2999	3006	3036	3042	3055	3056	3067	2830	2831	3020	2963	3301	3089	3148	3178	3203	3231	3158	3274	3367	3499	3357	3426	3354	3438	3508	3450	3327	3328	3332	3335	3352	3461	3522	3523	3382	3462	3465	3500	3615	3762	4019	3610	3808	3904	3937	3614	3634	4016	3547	3625	3628	3669	3680	3793	3824	3911	3944	3742	3550	3556	3559	3561	3725	3869	3873	3893	3868	3882	3768	3834	3972	3616	3747	3791	4249	4252	4289	4313	4383	4152	4199	4091	4188	4215	4218	4294	4389	4115	4101	4162	4183	4237	4239	4328	4173	4056	4210	4292	4296	4363	4251	4362	4107	4171	4184	4100	4240	4262	4275	4304	4440	4557	4619	4547	4556	4548	4587	4539	4555	4727	4713	4684	4457	4516	4685	5074	4979	4776	5212	4947	4968	4780	4839	4870	5035	5153	4819	4865	4963	4975	5229	4852	4966	5108	4777	4810	4811	5060	5222	5245	4790	4791	5078	5244	4847	5087	5575	5967	5511	5331	5388	6035	6047	6095	5648	5269	5399	5333	5874	5955	5268	5484	5972	5716	6351	5437	6536	5990	6327	5521	5828	6177	6277	6425	5986	6034	5542	5975	5835	5468	6150	5403	5470	5473	5564	5573	5582	5585	5912	5954	5956	6010	6443	6322	6149	5826	5510	5896	5754	5745	6469	5819	6050	5298	6166	5994	6118	5558	5621	5695	5924	6073	6081	6116	6234	6268	6269	6391	6392	6510	5583	5593	5822	5853	5957	5966	5998	6026	6265	6324	6514	6278	6279	6301	6548	5499	5500	5512	5887	5905	6121	6490	5522	6225	6333	6218	6219	6429	7013	6616	6995	7008	6606	6793	6762	6892	6711	6615	6715	6888	6721	6630	6768	7007	6714	6916	6962	6963	7011	6820	6669	6670	6983	6726	6727	6763	7060	7255	7215	7139	7117	7120	7304	7283	7351	7406	7439	7303	7340	7378	7423	7380	7381	7409	7470	7459	7500	7461	7463	7464	7455	7555	7539	7541	7527	7528
632	633	847	929	1166	1268	2401	2446	2461	2462	2529	2531	2561	2572	2615	2644	2661	2663	2665	2715	2716	2788	3030	3139	4664	4673	4570	4571	4726	4959	4806	4949	4785	4786	5116	5158	5906	6246	6365	5872	6134	6445	6530	6532	5860	5832	5300	5309	5714	5820	6058	6488	5679	6256	6096	6078	6372	6642	6743	6786	6883	6790	6791	6952	7091	7047	7166	7048	7049	7491	7509
5917	5918
6756	6757	7000
7072	7073	7198
5920	5921
2	3	17	34	4	31	32	37	39	221	291	260	414	415	531	532	635	658	695	806	831	885	891	937	952	957	985	986	1089	1108	1277	887	974	874	894	913	1008	1143	1441	1652	1569	1570	1651	1785	2012	1731	1906	1821	1970	2055	2273	2305	2315	2358	2359	2394	2416	2497	2554	2558	2585	2643	2666	2888	3232	3288	3300	3132	3170	3179	3182	3196	3202	3208	3230	3249	3254	3264	3276	3291	3292	3163	3513	3593	3602	3712	3594	3595	3606	3623	3627	3708	3792	3837	3843	3900	3996	4008	3617	3650	3800	3836	3794	3910	3832	3833	4025	4043	4154	4356	4071	4540	4536	4590	4817	4934	4818	6091	6437	6430	6313	5579	6734	6573	6807	7061	7029	7169	7190	7328	7309	7481	7572
47	48	146
6772	6773
7094	7095
4134	4135
4830	4831	4937	5180
7098	7099
6776	6777	7435
51	52	62	63	73	75	76	85	87	88	92	96	97	123	133	143	144	150	153	290	245	316	319	361	364	406	926	1426	1505	1617	1644	1574	1455	1439	1440	1488	1559	1566	1667	1993	2185	2336	2500	2360	2396	2450	2547	2632	2660	2479	2799	2902	2903	3117	3679	3566	3577	3645	3709	3889	3988	4064	4170	4165	4166	4542	4584	5213	5013	5151	5635	5519	5780	6123	6197	5589	6399	6578	6878	7104	7246	7115	7138	7401	7426	7529
7101	7102
3551	3552	3665	3790	3554	3555	3612	3613	3694	3711	3714	3806	3827	3856	3945	3984	4007	4772	4773	4774	4961	5093	6198	5549	5743	6304	6389	6579	6980
5991	5992	6844
7107	7108
7044	7045	7109	7111	7151	7110
1381	1382	1560
6012	6013
7472	7473
12	44	49	50	100	101	295	317	210	211	234	410	459	471	515	529	638	778	755	803	884	955	1014	1076	1133	1142	1198	1216	1228	1324	1325	1326	1327	1332	1334	1459	1501	1649	1969	2128	3031	2862	3073	3268	3401	3494	3431	3534	4290	4291	4541	4707	5570	6207	6354	6367	5968	6958	6584	6597	6968	6585	6841	6906	6970	7050	7231	7354
7474	7475
7148	7149
7484	7485
81	556	557	561	564	575	663	636	1270	1271	1354	1366	1337	1335	1355	1364	1377	1421	1443	1457	1464	1465	1489	1490	1496	1514	1539	1540	1600	1601	1619	1665	1468	1480	1625	1367	1453	1519	1550	1607	1687	1825	1929	2065	2173	1738	1767	1876	1688	2023	2165	2062	1826	1900	2100	2238	2235	2246	2256	2263	2287	2307	2316	2333	2350	2565	2954	2917	3242	3243	3153	3289	3557	3992	4044	4161	4193	4065	4066	4229	5083	6814	7143	7330	7331
201	202
6051	6052	6861	6943	6959
6889	6890
224	225	1907	1764	1765	1787	2073	1963	1964	2074	4349	4350	4863
206	207	284	340
6907	6908	7191	7263
7195	7196	7270
1744	1745
7498	7499
4424	4425
7501	7502
6059	6060
7212	7213
6926	6927
7514	7515
53	54	55	56	66	67	74	78	82	84	109	124	126	128	142	155	472	610	611	1004	975	1435	1358	1359	1499	1809	1961	1819	1846	1921	2204	1823	1901	1902	1962	2430	2455	2577	2682	2681	2368	2525	2616	2601	2602	2828	2829	2900	2901	3143	3205	3257	3258	3210	3074	3079	3255	3390	3506	3544	3545	3546	3587	3588	3890	6007	5875	6011	5477	5365	6362	6418	6420	5889	5829	5855	6393	6217	5478	6027	5856	6819	7025	6856	7185	7221	7245	7264	7239	7240	7286	7358	7287
230	307	411	393	397	255	256	321	400	403	404	495	553	580	1210	1250	1284	1239	739	836	858	878	1103	682	950	744	905	1029	1188	1274	660	752	996	707	708	1077	1139	853	854	1368	1516	1374	1403	1417	1419	1436	1466	1483	1524	1558	1583	1612	1616	1629	1642	1650	1653	1659	1661	1671	1390	1460	1567	1668	1549	1758	1686	1795	1890	1782	2137	1810	1888	2089	2036	2142	1801	2196	1759	1834	1838	1861	1981	2082	1713	1813	1799	1980	2135	2120	2122	2130	2147	2148	2124	1830	2312	2357	2270	2286	2300	2325	2346	2349	2344	2251	2377	2435	2527	2569	2583	2603	2659	2664	2564	2630	2397	2571	2575	2584	2590	2408	2631	2662	2423	2442	2444	2445	2482	2509	2520	2557	2587	2596	2597	2608	2628	2676	2680	2732	2764	3000	2703	2724	2810	2816	2879	2907	2908	2918	2979	3023	3025	3028	3061	3068	2736	2855	2759	2760	2775	2777	2926	2983	2720	2814	2884	3045	3053	2800	2875	2939	3005	3026	3032	3054	3070	2705	2710	3111	3278	3087	3104	3181	3187	3303	3146	3428	3448	3481	3503	3458	3476	3702	3569	3626	3646	3647	3686	3867	3891	3895	3916	3917	3919	3926	3927	3957	3963	4006	3681	3913	3591	3936	3583	3657	3652	3938	3720	3609	3697	3859	3951	3970	4004	4030	4242	4046	4048	4052	4053	4054	4096	4099	4102	4103	4108	4111	4112	4116	4117	4119	4121	4124	4125	4127	4128	4129	4131	4133	4136	4149	4150	4163	4181	4195	4196	4206	4213	4217	4227	4228	4230	4231	4233	4234	4236	4243	4257	4270	4274	4283	4288	4306	4309	4322	4323	4324	4326	4333	4334	4338	4339	4340	4354	4377	4378	4381	4385	4386	4396	4400	4401	4409	4410	4413	4414	4422	4423	4426	4433	4434	4090	4345	4404	4244	4266	4268	4271	4248	4302	4342	4656	4462	4499	4502	4521	4563	4626	4649	4488	4543	4552	4505	4729	4463	4486	4497	4510	4517	4572	4594	4595	4716	4980	5071	4765	4970	4891	4977	4743	4909	4962	5081	4761	4782	4853	4855	4857	4877	4878	4880	4892	4893	4903	4905	4938	4939	4940	4944	4948	4950	4951	4952	4955	4956	4957	4960	4967	4983	4998	5003	5005	5018	5023	5072	5073	5080	5091	5123	5134	5141	5145	5149	5187	5196	5197	5198	5204	5205	5207	5208	5209	5210	5215	5217	5221	5248	5250	4744	4768	4815	4945	4989	4887	4766	4836	4843	5052	5086	5101	5227	6203	5586	6335	6143	6289	6407	5456	5546	5611	5840	6281	5631	6077	5886	5753	5868	6554	6230	6142	6202	6564	6237	5451	5334	6155	5746	5850	5883	5418	5815	5817	6019	6164	6305	5710	6293	6317	6331	6397	6433	5565	6187	6188	5292	6024	5723	5633	6280	6315	6361	6497	5724	6329	6535	6540	6541	6767	6625	6949	6797	6836	6707	6787	7023	6967	6568	6583	6590	6729	6732	6733	6744	6748	6832	6857	6887	6903	6912	6920	6835	6928	6929	6745	6683	6574	6627	6843	6825	7112	7036	7144	7217	7040	7252	7130	7201	7227	7118	7170	7171	7183	7272	7395	7458	7505	7471	7480	7486	7542	7562
7235	7236
6932	6933
7524	7525
114	603	604	607	2433	2434	3370	3371	3433	3475	3504	3510	3517	4049	4082	4341	4515	4532	4538	4568	4578	4580	4588	4601	4607	4700	4698	4699	4913	4914	4915	5024	5200	5218	6099	6103	5449	5979	6132	6213	5602	5603	6053	6054	6072	6402	6969	6882	6636	6730	6761	6799	6964	7106	7081	7373	7400	7441	7399	7496	7456
6965	6966
6974	6975	6978
266	345	407	614	615	650	2145	1885	1886	2193	2227	2384	2398	2415	2573	2657	2658	3052	3221	3318	3902	4624	4659	4680	4697	4701	5274	5275	6025	5722	5632	5543	6384	6481	5782	6728	6738	6780	6993	6566	6645	6570	6923	6956	6922	7211	7085	7176	7178	7276	7277	7175	7310
7266	7267
6987	6988	7012
6139	6140
7002	7003
6174	6175
7009	7010
5036	5037	5042	5044	5185
2511	2512
4661	4662
6286	6287	6477
6311	6312	6556
4709	4710
4718	4719	5937	6373	7067	7513
8	9	33	40	64	131	132	134	136	141	145	671	818	1407	1595	1429	1447	1762	1763	2144	1946	1947	2652	2653	2700	2952	2701	2745	2839	2925	2977	2990	2996	3024	2751	2752	3072	3600	3638	3687	3601	3729	3770	3804	3805	3884	3752	4070	4085	4159	4261	4263	4264	4281	4370	4379	4321	4406	4565	4459	4496	4658	4469	4478	4498	4591	4641	4665	4704	4917	5099	5165	4845	5120	4778	4779	4788	5427	5475	6242	6245	6251	5761	5515	5741	6346	6231	5669	6151	6398	5402	5950	5778	5779	5795	5929	6201	6271	6525	5458	6179	5670	6192	5680	5681	5703	5776	5903	5704	6342	5785	5794	6413	6249	6414	6806	6942	6708	6629	6722	6693	6686	6687	6808	6809	6736	6874	6716	6588	6758	6859	6860	6904	6911	6778	6813	6659	6660	6709	6877	6901	6944	6847	6938	6802	6803	6875	7056	7065	7146	7037	7253	7039	7132	7163	7038	7053	7187	7254	7273	7250	7066	7090	7154	7155	7160	7199	7200	7262	7173	7209	7261	7281	7343	7282	7445	7344	7333	7345	7466	7468
1071	1206	1230	1249	1281	1292	1080	1571	1719	1725	1960	2113	2134	2504	3110	4172	4441	4636	4562	4654	4655	4622	4657	4660	4679	4535	4551	4583	4585	4596	4638	4645	4667	4674	4711	4715	4844	4862	4868	4988	4993	4999	5001	5004	5006	5007	5039	5089	5111	5112	5125	5127	5128	5191	5219	5235	5240	5243	5168	4800	5094	4842	5067	5417	5310	5265	5266	5261	5252	5423	5461	5278	5307	5372	5777	5857	5885	6171	6017	5509	5460	5465	5752	5701	5987	6200	5642	5821	6176	5894	6387	5781	5888	6446	6823	6628	6817	6810	7116	7064	7074	7051	7371	7292	7370	7372	7410	7478	7531	7556
5201	5202
6355	6356	7129	7145	7152
2641	2642
1853	1854
7545	7546
1883	1884
6434	6435	6563	7069
231	232
6439	6440
7551	7552
6441	6442
7553	7554
7564	7565
6460	6461
7567	7568
13	93	94	147	305	353	425	165	163	216	298	354	187	193	195	204	235	240	243	262	263	273	292	311	312	337	375	429	293	443	444	446	474	489	500	503	504	509	545	546	548	570	595	559	703	751	916	1155	1262	1342	1372	1391	1432	1578	1593	1827	2163	2419	2476	2614	3176	3084	3085	3144	3155	3133	3134	3183	3212	3235	3298	3307	3154	3479	3319	3320	3443	3466	3471	3467	3581	3630	3598	3631	3730	4212	4612	4720	4603	4604	4805	4935	4936	4991	5026	5088	5137	6507	6257	5634	6529	5949	6068	5793	5807	5814	5871	5463	5464	6468	5656	5657	6082	6255	6449	6450	6661	6989	6812	6737	6931	6649	6849	7017	6648	6766	6934	6999	6623	6783	6582	6779	6624	6677	6638	6639	6873	7076	7251	7210	7131	7158	7165	7271	7068	7180	7181	7157	7182	7269	7386	7440	7379	7418	7550
6462	6463
7569	7570
264	182	183	289	413	190	384	385	1135	1062	1088	1995	2214	2008	1784	2188	2189	2236	2266	2259	2285	2322	2563	2636	2605	2962	3001	3103	3109	3293	3209	3101	3121	3225	3324	3376	3841	3678	3851	3660	3743	3640	3854	3958	3928	4147	4060	4062	4106	4145	4186	4219	4245	4255	4310	4432	4190	4451	4526	4605	4736	4874	5173	4854	5124	4825	4904	5216	4823	4737	4760	4767	5043	5077	6135	5279	5258	5774	6109	6368	6343	6300	6170	6774	6603	6671	6672	6845	6846	6631	6775	6950	7135	7070	7204	7278	7307	7488
257	258	1609
226	227	456	511	1369	1594	1660	1370	1442	1485	1503	1543	1548	1643	1645	1678	2066	2072	1897	1989	2105	2540	2541	2542	2909	3147	3478	3313	3399	3364	3473	3374	3375	3411	3424	3435	3531	4204	4077	4078	4185	4382	4393	4205	4299	4412	4850	5474	5728	5803	6495	5923	5503	6371	6102	6223	6310	6337	6396	5576	5827	5654	5655	6178	6647	6769	6612	6872	6829	6850	7034	7071	7300	7497	7479	7510
5375	5376	5775	6033
6475	6476
7573	7574
358	355	359	1541	1348	1433	1434	1626	1958	2044	1959	1990	2007	2132	2133	2048	2283	2437	2452	2453	2460	2552	2553	2574	2609	2833	2989	4067	4253	4783	4784	4922	5079	6233	6347	6114
6479	6480
381	382	591	441	953	759	654	842	861	866	922	1096	1123	1180	1232	1251	1289	1310	1157	1221	1222	1265	1461	1454	1683	1943	2096	1693	1717	1720	1730	1755	1776	1814	1818	1841	1848	1863	1895	1937	1939	1940	1974	2000	2033	2071	2076	2112	2119	2200	2206	2207	2391	2393	2645	2371	2387	2426	2486	2576	2619	2392	2406	2667	2687	2913	2998	3080	3083	3180	3226	3237	3279	3241	3106	3131	3167	3539	3323	3668	4014	3706	3707	3829	4047	4380	4415	4436	4437	4177	4178	4460	4683	4558	4546	4559	4600	4618	4669	4725	4807	4900	4827	4841	4898	4920	5211	5436	5551	5717	5281	5282	5425	5426	5958	6348	6406	6294	6633	6937	6795	6586	6634	7308	7280	7289	7335	7324	7329	7402	7336	7364	7503	7482	7494
7575	7576
120	121
3671	3672
129	130
6505	6506	6557
6	7	25	35	296	297	344	244	326	391	702	1007	1035	1214	1684	1915	1685	1743	1842	1845	1847	1873	1874	2006	2098	2151	2155	2181	2201	2110	2310	2313	2469	2427	2428	2530	2470	2490	2493	2499	2503	2648	2674	2769	2842	3076	3077	3184	3528	3849	3549	3705	3845	3846	3929	3850	4068	4069	4086	4143	4155	4156	4318	4567	4833	4837	4748	4751	4775	5000	5046	5082	5155	5189	4943	5115	5136	5206	5223	4972	5020	5075	5316	5678	5324	5659	6046	5430	5663	5435	6423	6451	5360	6496	6553	5506	6043	5537	5364	5366	5505	5816	6045	6172	6470	6222	6523	6404	6459	5431	5902	6243	6422	6619	6831	6678	6918	6879	6746	6811	7018	7189	7161	7293	7353	7365	7487	7483	7489	7559
6517	6518
6521	6522
1978	1979
3695	3696	5144
5413	5414	6455
2013	2014
3342	3343	3469	3496
65	103	104	154	270	357	156	157	200	304	348	367	196	229	238	271	390	197	282	300	330	336	352	399	424	388	463	457	565	600	479	480	485	589	634	661	801	877	886	893	899	900	902	918	933	934	1092	1132	1213	1217	1302	956	1095	640	765	867	871	880	1162	1163	1189	1161	1129	1456	1448	1576	1538	1564	1698	1973	2016	1766	1816	1887	1892	1924	1925	1926	1976	2158	2198	2152	2030	2390	2673	2539	2385	2508	2514	2623	2857	2704	2728	2807	2813	2827	2880	2944	2974	2995	3011	3064	3044	2943	2863	2753	2892	3060	3161	3207	3236	3260	3261	3860	3570	3894	3933	3599	3683	3989	3703	3704	3877	4192	4138	4325	4346	4139	4465	4471	4477	4529	4627	4629	4650	4651	4652	4708	4814	4846	5100	5181	5226	4861	4942	4995	5009	5140	5963	6244	5747	5748	6023	6080	5280	5253	6088	6403	6431	6212	6344	5982	5983	6622	6880	6954	6591	6951	6575	7122	7232	7256	7202	7257	7563	7571
2019	2020	2381
1704	1705	2109	2933	3218	3277	3151	3192	3195	3197	3219	3240	3294	3296	3297	3455	3329	3415	3446	3532	3533	3356	3495	3879	3618	3619	3624	4295	4312	4524	4525	4593	5342	5329	5842	5863	5948	5485	6000	5340	5587	5901	5909	6228	6500	5862	5904	6131	5588	6504	6210	6239	6854	6828	6723	6960	7124
3572	3573	3740	3741
3748	3749
2598	2599	3758	3759	3835
416	417	696	697	787	1125	1159	1245	1246	1473	1474	1546	1614	1771	1772	2059	2247	2302	2352	2254	2284	2318	2343	2891	2740	2826	3250	3169	3175	3204	3246	3359	3453	3558	3871	3750	4419	4544	4545	4553	4560	4763	4770	4799	5025	4764	4923	4924	5174	5118	5053	5054	5106	5241	5242	6400	6401	5699	6258	5739	6206	5849	6071	6359	5617	5577	5578	6104	5879	5880	5700	5720	5721	5740	5971	6209	6282	6302	6487	6454	6501	6502	6818	6684	6696	6724	6620	6621	6753	6685	6697	6867	6905	7134	7103	7238	7244	7469	7454	7536
418	419
431	432
3779	3780	4080	4081	4226	4269	5237	5238
5479	5480
324	347	191	192	252	433	208	209	259	309	323	430	437	527	528	550	1341	1427	1491	1517	1573	1428	1521	1562	1582	1657	1530	1836	1837	1894	2031	2295	2303	2306	2409	2546	2672	2677	3270	3333	3334	3366	3427	3472	3392	3421	3451	3459	3460	3530	3543	3589	3637	3965	3590	4020	4194	4055	4076	4220	4222	4225	4256	4273	4298	4305	4374	5107	5164	5069	5070	5797	6232	6545	6110	6369	6380	6512	6694	6855	6801	6646	6971	7016	6569	6868	6643	6644	7259	7162	7203	7192	7052	7339	7427	7301	7291	7422	7382	7383	7476	7477	7547	7560
137	704	705	723	760	799	800	825	848	896	959	1082	1093	1114	1173	1298	1800	2070	1917	2282	2353	2873	4519	4610	6021	5861	5736	6127	6519	7207	7394	7421	7451
161	2178	2413	2363	2449	2480	2481	2483	2494	2501	2536	2562	2649	2650	2513	2581	2640	2770	3692	3693	3888	4287	4470	4671	6093	6199	5628	6340	5424	5947	6205	6291	6453	6204	6276	6544	6491	6492	6673	6632	6682	6771	7126	7302	7369
3954	3955	3956
3994	3995
4034	4035
3094	3095
115	60	61	108	167	168	184	275	332	350	286	349	423	726	674	675	897	912	919	1019	1065	1090	1117	1296	727	1506	1522	1632	1633	1815	1724	1999	2170	2077	2078	4286	4050	4051	4088	4445	4856	4747	4953	4984	4985	5041	5059	5064	5371	6208	6229	5362	5636	5370	5985	6750	6986	6658	6798	6652	6667	6990	6675	6668	7223	7219	7228	7407	7312	7508	7530
3525	3526
112	310	377	408	427	199	215	287	265	313	315	436	605	606	617	990	802	1047	993	1128	1233	659	981	1136	1193	808	1363	1376	1620	1598	1353	1373	1494	1584	1634	1646	1425	1430	1508	1518	1542	1581	1605	1677	1336	1388	1418	1365	1378	1416	1462	1529	1498	1618	1449	1450	1476	1568	1722	1790	2079	2191	1871	1700	1701	1726	1732	1852	1932	1948	1968	2108	2117	2218	2221	1710	1739	1754	1761	1817	1851	1881	2045	2183	2209	1778	1774	1788	1789	1912	1935	1992	1994	2017	2022	2028	2075	2103	2154	2169	2171	2180	2166	2216	1893	1914	1971	2021	2087	2094	2115	2125	2131	2177	2213	1777	1891	1954	2085	2064	2140	1699	1769	2197	1711	1716	1740	1773	1862	1879	1889	1896	1899	1928	1942	2043	2057	2102	2118	2138	2139	2176	1812	2050	2104	2009	2010	2184	2262	2243	2319	2337	2240	2314	2288	2331	2332	2635	2686	2466	2560	2388	2613	2372	2400	2420	2471	2473	2487	2488	2498	2510	2515	2516	2521	2526	2544	2555	2591	2593	2594	2595	2612	2654	2655	2688	2421	2638	2607	2399	2431	2626	2491	2492	2824	2796	3047	2860	2947	2713	2808	2809	2811	2916	2937	3071	2920	2805	2930	2822	2823	2742	2953	2985	3034	3227	3102	3140	3233	3166	3211	3290	3081	3223	3306	3269	3434	3502	3368	3341	3331	3400	3488	3407	3484	3362	3365	3540	3864	3932	3608	4017	3670	3771	3596	3656	3658	3753	3785	3786	3898	4000	4029	4010	3939	3662	3664	3935	3907	3976	3993	3775	3541	3576	3582	3603	3604	3644	3661	3663	3673	3689	3698	3699	3700	3715	3717	3721	3722	3732	3733	3738	3739	3744	3745	3746	3751	3754	3755	3756	3757	3776	3781	3795	3802	3807	3810	3811	3812	3821	3822	3840	3842	3852	3853	3857	3858	3862	3863	3874	3875	3876	3878	3885	3886	3887	3912	3915	3920	3924	3925	3934	3953	3959	3960	3961	3962	3966	3967	3968	3969	3973	3974	3975	3977	3978	3979	3982	3983	3985	3986	3987	3997	3998	3999	4001	4002	4003	4013	4015	4022	4024	4026	4027	4028	4032	4036	4040	4041	3723	3654	3922	3946	3880	3881	3950	3952	3971	3964	4392	4110	4276	4429	4074	4157	4158	4164	4174	4180	4208	4209	4259	4260	4267	4272	4277	4278	4297	4300	4307	4315	4329	4347	4351	4397	4402	4418	4420	4169	4200	4073	4365	4221	4104	4284	4368	4369	4387	4398	4403	4405	4407	4417	4444	4446	4360	4285	4105	4280	4443	4375	4376	4620	4527	4672	4724	4670	4472	4579	4644	4721	4549	4511	4473	4573	4759	4990	4872	4741	4794	4808	4876	4882	4929	5008	5047	5102	5192	5247	4921	4769	4739	4792	4812	4866	4946	5040	5063	4756	5228	4798	4864	4894	4994	4996	5002	5014	5028	5050	5055	5090	5147	5161	4793	4848	4884	5065	5117	5167	4749	4796	5251	4752	4750	4886	4928	5012	5027	5119	5154	5166	5171	5179	5183	5234	5193	5016	5225	5230	5236	5126	4901	5220	5507	5491	5264	5284	5343	5439	5538	5319	5377	5393	5732	5706	6084	5384	5773	6067	6144	5336	5356	5373	5392	5416	5450	5453	5553	5641	5698	5751	5834	5846	5900	5922	6016	6085	6426	5339	5940	5839	5386	5995	5289	5314	5321	5407	5301	5317	5325	5368	5452	5614	5615	5616	5719	5977	6296	5290	5661	5825	5566	6412	5455	5622	5651	6190	5637	5799	5397	5467	5591	5613	5660	5796	5843	5805	5488	5581	5981	6031	5357	5534	6560	5623	5764	5285	5758	5287	5988	5672	5594	6252	5770	5876	6069	6196	5476	5394	5434	5504	5620	5640	5836	5961	5978	6018	6041	6042	6108	6111	6138	6159	6316	5295	5784	5831	6193	6214	6215	6238	6314	6165	5541	5664	5938	5800	5801	6040	6448	6466	6511	5969	5358	5662	5809	6128	6376	5374	5652	5766	5858	6262	5866	6516	6270	5483	5725	6272	6457	5411	5544	5560	5808	5837	5851	5852	6167	6189	5508	5297	6549	6089	5959	5561	5945	6274	6485	6547	5359	5369	5528	5529	5545	5596	5645	5693	5757	5769	5848	5935	6120	6141	6154	6323	6332	6472	6473	5385	5638	5824	5729	5405	5908	6409	6534	6561	6001	6163	5277	5406	6489	6030	5294	5408	5559	5697	5867	5869	6555	5315	5999	6486	5580	5536	6424	5330	5367	5363	6419	6524	5859	6039	6145	5494	5495	6565	5718	6061	6375	6436	6438	6531	6057	5898	6273	6395	6471	6319	6113	6494	5931	5932	5941	6063	6538	6036	6298	6094	6539	6567	6735	6571	6581	6637	6640	6688	6572	6599	6690	6869	6710	6656	6941	6955	6739	6749	6822	6781	6608	6837	6858	6698	6691	6834	6705	6752	6594	6664	6792	6946	6655	6896	6895	6601	6862	6607	6886	6784	6917	6651	6641	6635	6674	6679	6921	6717	6935	6725	6998	7021	6754	6909	6991	6842	7006	6704	6864	6865	6957	6866	6699	6839	7020	7128	7220	7035	7133	7030	7046	7179	7097	7226	7137	7087	7136	7248	7113	7218	7237	7140	7168	7041	7027	7028	7096	7083	7084	7114	7141	7337	7363	7325	7447	7417	7305	7342	7323	7288	7414	7403	7290	7295	7338	7368	7437	7438	7393	7387	7506	7452	7507	7519	7495	7465	7566	7532	7548	7538	7549
274	728	729	750	770	805	820	941	962	965	1081	1091	1185	1264	1307	2265	3653	3633	4039	3777	3872	5131	5129	5130	5731	5845	5730	6112	6028	6105	6385	6064	6065	7216	7346	7361	7444	7366	7457
5555	5556	6254
173	370	172	194	306	327	328	380	1144	822	864	914	963	1109	1116	631	719	1138	961	1101	1241	1648	1674	1728	2063	1796	1721	1729	1748	1844	2015	2217	1747	1808	2116	2320	2375	2374	2411	2412	2432	2484	2606	2389	2376	2386	2477	3007	2935	2936	3048	4009	4095	4207	4223	4224	4435	5177	6410	5562	5965	5742	5911	6186	5928	6370	6416	5675	6147	6247	5532	5533	6345	6352	5674	6029	5915	5916	5939	5943	6602	6764	6871	6939	6947	6972	6977	6755	6830	7057	7127	7297
102	151	250	420	426	171	254	363	438	506	439	440	442	447	448	451	462	469	470	476	491	501	517	518	519	523	538	539	540	541	544	549	552	568	569	572	573	577	578	581	584	585	587	590	597	598	828	757	984	1000	1084	1254	772	793	1204	1225	999	1656	1536	1547	1556	1557	1586	1615	1849	1927	1983	2157	1957	1707	1835	2179	2208	2215	2224	1872	2234	2292	2308	2245	2395	2679	2429	2489	2478	2730	2776	2790	2791	2797	2866	2906	2949	2993	3050	2757	2802	2803	2821	2865	2991	3012	3058	2712	2812	2904	2946	2960	2844	2845	3429	3419	3425	3378	3648	4038	3641	3642	3643	3649	3727	3772	3782	3796	3820	3831	3562	3899	3682	3735	3737	4122	4191	4197	4427	4428	4148	4075	4265	4371	4592	4455	4503	4554	4738	4973	5170	4821	4965	5146	4753	4958	5162	4834	4867	5239	5031	4888	5095	4826	5422	5400	5539	5692	5263	5401	5412	5433	5462	5493	5629	5658	5760	5806	5884	6008	6009	6125	6161	6341	5899	5492	5612	6076	5980	6405	5989	5685	6156	5626	5609	6087	5744	5705	6185	5684	6004	6953	7015	6605	6838	6827	6910	6925	7022	6840	6720	6695	6613	6614	6747	6884	6981	7229	7188	7511	7493	7516	7533	7543
3002	3003	7174	7224	7306	7411
169	379	251	402	219	220	228	239	369	371	449	450	473	551	601	483	484	486	502	513	536	626	1021	1061	676	753	794	754	625	677	843	851	795	964	972	973	1107	1451	1452	1733	1867	1734	1951	2025	2106	2225	2248	2276	2277	2279	2280	2281	2297	2299	2338	2339	2341	2347	2348	2578	2440	2441	2523	2537	2538	2668	2767	3216	3141	3190	3564	3761	4609	4464	4637	4706	4735	5033	5176	4820	5030	5034	5049	6122	6070	5323	5438	5765	5791	5792	5798	6020	6022	6168	6173	6478	6484	6503	6515	6260	5976	5443	6055	5313	5471	5322	6680	6765	6900	6804	7024	6760	6692	6580	6979	6899	7026	7079	7265
748	749	908	1050	2475	2629
5643	5644
1985	1986	2756	4734	5649	6320	5650	6681
7284	7285
36	70	71	110	135	148	152	1064	857	1287	1357	1882	1832	3004	3228	3309	3314	3315	3345	3350	3353	3358	3363	3387	3391	3394	3445	3456	3457	3490	3480	4113	4330	4114	4168	4182	4311	4431	4449	4507	4733	4492	4974	5019	5291	5666	5647	6885	7033	7093	7396
318	280	314	217	218	285	373	374	421	342	343	594	464	475	481	492	496	592	700	647	1150	911	1176	620	699	859	1022	1083	1278	983	694	730	737	835	865	875	901	906	1002	1027	1086	1106	1122	1276	715	1111	1226	714	680	681	691	790	833	862	932	764	948	829	1115	789	852	923	1039	1275	1227	1330	1331	1553	1349	1379	1396	1479	1500	1579	1338	1351	1352	1404	1409	1410	1438	1486	1509	1510	1511	1523	1528	1555	1599	1606	1637	1647	1680	1400	1406	1408	1414	1415	1420	1444	1497	1513	1520	1589	1590	1591	1592	1631	1682	1481	1424	1437	1663	1627	1628	1554	1679	1692	1760	1752	1855	1703	1735	1804	1913	1984	1991	2027	2049	2161	1697	1708	1712	1757	1792	1856	1857	1859	1945	1949	1952	1982	2003	2004	2037	2058	2080	2083	2095	2099	2202	1736	1829	2026	1875	2111	2162	1751	1694	1727	1783	1919	1988	1998	2002	2034	2038	2229	1696	1768	1802	1916	2032	2040	2054	2136	2146	1737	1770	1781	1805	1977	2203	1753	1811	1820	1878	2041	2101	2195	2237	2268	2294	2351	2264	2296	2324	2230	2231	2239	2244	2250	2260	2261	2272	2289	2293	2317	2321	2327	2328	2345	2355	2356	2255	2249	2330	2274	2506	2604	2373	2467	2468	2533	2545	2549	2646	2505	2438	2447	2532	2570	2588	2592	2451	2439	2690	2675	2622	2627	2620	2706	2708	2768	2789	2992	2696	2919	2739	2961	2722	2714	2738	2783	3029	2834	2980	2733	2774	2721	2749	2794	2795	2798	2846	2951	3017	3019	3043	2820	2765	2707	2861	3014	3015	2761	2762	2982	3010	2766	2801	2938	2973	3027	3168	3149	3107	3114	3082	3164	3173	3267	3305	3088	3120	3115	3177	3338	3377	3379	3380	3386	3398	3440	3515	3361	3337	3396	3507	3312	3381	3383	3395	3397	3413	3416	3417	3418	3474	3497	3509	3512	3432	3482	3389	3489	3449	3452	3728	3819	3726	3542	3713	3908	3716	3666	3719	3767	4031	3949	3578	3830	3784	3844	3981	3787	3861	3909	3914	4012	4021	3605	3892	3766	3901	3760	3991	4331	4390	4391	4214	4098	4118	4120	4198	4201	4282	4388	4448	4130	4241	4442	4058	4094	4258	4344	4537	4466	4501	4631	4717	4528	4639	4691	4703	4705	4932	4875	5092	4795	4897	4927	4982	5122	4997	5068	5195	4869	4976	4981	4992	4889	4912	5378	5683	5592	5709	5667	5440	5486	5737	6146	6148	5707	6558	6309	5350	5311	5361	5865	6546	5306	5445	5933	6330	6357	5498	5946	5993	6224	5944	5686	6183	5895	5481	5276	5606	5608	6533	5936	5694	5914	6180	6267	5786	6288	5682	6390	5790	5668	5676	5688	6101	6216	6221	6240	6266	6184	6662	6592	6961	6653	6863	6919	7004	6595	6853	6794	6982	7001	6936	6577	6650	6824	6833	6940	6973	6994	7005	6610	6611	6852	6902	6924	6876	6893	7078	7268	7086	7100	7177	7425	7391	7431	7349	7279	7446	7350	7448	7453	7522	7540	7557	7558	7534	7537
1010	997	998	1333	1389	4646	4647
5395	5396	6945	6992	7193	7197	7313	7314	7521
2871	2872	2874	2965	5812
7317	7318	7424	7518
2876	2877
7321	7322
7326	7327	7374
4522	4523	4617	6250
10	11	23	24	248	405	212	213	261	279	283	368	579	543	622	628	678	706	709	946	949	1145	1160	1168	685	712	834	935	979	1013	1026	1056	1060	1094	1300	1118	743	683	841	1297	1321	1323	1032	1033	1141	1621	1350	1492	1608	1860	2164	1880	1918	2035	1706	2143	1756	2061	2126	2127	2233	2637	2522	2410	2967	2986	2972	3021	2806	3057	2702	3022	2711	2793	2859	2897	2898	2912	2931	2932	2934	2971	3008	3009	2853	2858	3119	3150	3174	3186	3193	3214	3273	3281	3105	3188	3206	3253	3157	3145	3096	3097	3112	3118	3128	3248	3266	3130	3086	3098	3108	3137	3138	3198	3201	3222	3262	3304	3217	3271	3091	3092	3136	3162	3171	3283	3285	3308	3142	3156	3159	3199	3263	3265	3280	3282	3299	3468	3316	3393	3336	3355	3409	3444	3493	3454	3470	3322	3346	3404	3408	3420	3423	3442	3464	3321	3325	3402	3403	3406	3410	3414	3384	3385	3463	3483	3486	3491	3498	3514	3521	3527	3347	3351	3477	3537	3317	3340	3553	3684	3724	3815	3866	3651	3731	3575	3629	3825	3870	3940	3579	3620	3906	3568	3580	3621	3636	3691	3710	3798	4018	3592	3584	3611	3765	3548	3563	3574	3718	3769	3813	3816	3817	3826	3828	3847	3848	3941	3990	4042	4045	3803	3632	3639	3734	3883	3896	3897	3921	4011	3778	3789	3814	3774	4151	4176	4279	4332	4316	4355	4598	4577	4614	4630	4722	4530	4490	4508	4534	4474	4668	4611	4586	4690	4653	4754	4849	4971	5138	4742	4758	4881	5015	5056	4969	5156	4771	4787	4879	4883	4964	5017	5048	5076	4755	5299	5841	5783	6499	6513	5382	5337	5630	5305	5420	5540	5600	5802	5442	5501	5810	5338	5489	5550	5734	5926	5997	5415	6038	5568	5713	5913	6048	6411	6056	5446	6062	5271	5267	5952	5469	5459	6106	5302	5272	5344	5535	6452	5599	5444	5293	6037	5897	6066	6160	6551	5813	6032	6374	6388	6338	6328	6394	5627	6482	6321	6307	6261	5353	5354	5590	5789	6107	6350	6421	6550	6465	6126	6259	6493	6339	6815	6740	6826	6782	6770	6587	6805	6996	6984	6800	6604	6821	6914	6915	7260	7249	7222	7274	7275	7294	7319	7367	7315	7443	7311	7375	7428	7523	7460	7535
2922	2923	3066
7347	7348
162	176	177	178	198	233	383	392	452	547	494	499	453	460	461	508	520	530	537	542	554	567	576	582	583	588	596	521	522	599	618	775	915	1006	1149	1285	1512	1347	1392	1544	1545	1965	1828	1905	1714	1715	1922	1975	1996	2052	1910	1911	2090	2425	2436	2454	2458	2543	2550	2551	2624	2417	2418	2517	2518	2694	2778	2889	3046	2729	3485	3511	3801	3674	3799	3943	3763	3764	3930	4675	4677	4678	4520	5159	5619	5320	5328	6498	5605	6092	6382	6508	6074	6075	6115	6325	6326	6589	6609	6596	6948	6985	7142	7520	7512
7355	7356
