53	54	55	56	66	67	68	72	74	78	82	84	86	89	109	124	126	127	128	142	155	
58	59	98	
60	61	108	
64	65	83	99	119	131	132	134	136	137	141	145	
70	71	110	135	148	152	
103	104	114	154	
120	121	
129	130	
0	1	
6	7	25	35	
8	9	33	40	
10	11	23	24	
18	19	
31	32	37	39	
47	48	146	
12	13	44	250	305	353	420	425	426	
14	15	16	20	21	22	26	27	28	29	30	38	41	42	43	158	164	203	214	230	236	237	246	247	269	270	276	277	278	281	288	303	308	310	324	335	341	347	351	357	362	365	366	376	377	386	389	395	408	409	422	434	435	267	268	
2	3	17	34	36	4	5	221	291	
51	52	62	63	73	75	76	80	85	87	88	92	96	97	111	112	115	116	123	133	143	144	150	153	290	161	245	264	296	297	302	316	319	361	364	406	
49	50	100	101	295	410	
45	46	57	69	77	79	81	90	91	95	102	105	106	107	113	117	118	122	125	138	139	140	149	151	358	359	
159	160	169	179	222	223	229	238	241	242	249	271	301	307	317	318	320	322	331	379	387	390	394	396	398	411	
162	163	176	177	178	198	216	233	298	344	354	383	392	
93	94	147	165	166	187	193	195	204	235	240	243	244	262	263	273	274	292	311	312	326	337	375	429	293	391	
170	171	325	338	
156	157	173	200	205	304	339	348	367	370	172	194	306	327	328	380	363	368	412	
174	175	299	372	378	
180	181	188	
182	183	248	289	393	405	413	
185	186	253	272	356	360	397	
189	190	401	
191	192	199	252	286	433	
201	202	
206	207	284	340	
208	209	251	259	309	323	402	430	437	
210	211	234	266	
212	213	261	279	283	428	
217	218	285	294	373	374	
219	220	228	239	254	369	371	421	
224	225	
231	232	
255	256	321	400	403	404	
257	258	
226	227	287	265	313	315	
333	334	
196	197	215	260	280	282	300	314	329	330	336	352	399	424	388	
342	343	
345	346	407	
167	168	184	275	332	350	355	427	349	423	
381	382	
384	385	
414	415	436	
416	417	
418	419	
431	432	
