30	214	23
30	268	23
30	2075	23
30	5491	23
46	1186	23
46	2948	23
46	2978	23
46	3129	23
68	86	23
68	690	23
68	920	23
68	1037	23
68	1038	23
68	1375	23
68	3069	23
86	1190	23
89	4372	23
89	4789	23
89	4954	23
94	204	23
111	876	23
111	1044	23
111	1049	23
111	1055	23
111	1068	23
111	1075	23
114	4727	23
114	5847	23
114	6939	23
116	254	23
116	1072	23
116	2234	23
116	2802	23
116	3058	23
116	3093	23
116	3099	23
116	4089	23
116	4821	23
116	4965	23
116	5096	23
116	5404	23
116	6044	23
127	1190	23
127	1236	23
127	1375	23
137	7394	23
151	590	23
151	3058	23
204	429	23
211	5750	23
213	261	23
214	5999	23
215	1677	23
215	2075	23
215	5545	23
216	443	23
216	500	23
216	6779	23
229	249	23
229	357	23
229	2385	23
229	2623	23
229	3236	23
229	5715	23
229	6622	23
248	4577	23
249	3947	23
249	5255	23
249	5303	23
249	5715	23
249	6334	23
249	6363	23
249	6378	23
254	646	23
254	844	23
254	901	23
254	1000	23
254	1045	23
254	1131	23
254	1191	23
254	1218	23
254	2234	23
254	2292	23
254	2308	23
254	2802	23
254	2821	23
254	2991	23
254	3058	23
254	3279	23
254	3659	23
254	3797	23
254	3899	23
254	3903	23
254	4140	23
254	4191	23
254	4687	23
254	4821	23
254	4834	23
254	4965	23
254	4987	23
254	5239	23
254	6100	23
254	6133	23
254	6153	23
254	6432	23
254	6559	23
254	7019	23
254	7147	23
256	5071	23
261	2449	23
268	435	23
268	2057	23
268	6003	23
270	357	23
270	2385	23
270	2623	23
276	435	23
280	1753	23
320	322	23
320	516	23
320	2915	23
320	2928	23
320	2949	23
320	5715	23
322	1533	23
322	6334	23
336	6244	23
343	2476	23
343	2735	23
343	2911	23
343	2949	23
343	5986	23
347	2672	23
347	7476	23
357	2385	23
357	2623	23
357	3236	23
357	4861	23
357	6575	23
359	6233	23
368	1706	23
368	3089	23
368	3793	23
393	403	23
393	1608	23
393	1890	23
393	2233	23
393	2736	23
393	2853	23
393	2987	23
393	5783	23
393	6499	23
393	7170	23
393	7523	23
400	5071	23
402	5471	23
402	6503	23
403	1781	23
403	1890	23
403	1913	23
403	2439	23
403	2707	23
403	4729	23
403	5071	23
403	6230	23
403	6836	23
404	1890	23
404	1913	23
404	4131	23
404	4381	23
404	4729	23
404	5071	23
404	6230	23
408	2639	23
408	3313	23
408	7034	23
409	434	23
411	1890	23
411	2737	23
411	4729	23
411	5071	23
412	693	23
412	1180	23
412	1215	23
412	3279	23
412	4126	23
412	4343	23
412	4373	23
412	5111	23
427	6957	23
429	7165	23
429	7379	23
433	3366	23
435	2896	23
443	444	23
443	500	23
443	6779	23
444	500	23
444	6779	23
450	4464	23
460	537	23
460	542	23
460	567	23
460	6498	23
461	510	23
461	537	23
461	542	23
461	618	23
461	775	23
461	5605	23
461	6498	23
469	2790	23
469	2949	23
469	3425	23
470	2949	23
489	1578	23
493	7290	23
493	7320	23
493	7467	23
495	2444	23
495	2557	23
495	4116	23
495	4744	23
495	4855	23
495	5210	23
495	6317	23
497	2915	23
497	4474	23
500	1578	23
500	6779	23
510	516	23
510	537	23
510	542	23
510	588	23
510	4199	23
512	516	23
512	574	23
512	2786	23
512	2915	23
512	2928	23
512	4199	23
514	592	23
514	903	23
514	1045	23
514	1097	23
514	3762	23
516	574	23
516	2786	23
516	2881	23
516	2915	23
516	2928	23
516	4199	23
517	590	23
517	3425	23
517	5412	23
518	2949	23
518	3425	23
518	3820	23
518	3831	23
518	5401	23
519	2790	23
519	2949	23
519	5170	23
519	5401	23
519	5433	23
537	542	23
537	567	23
537	588	23
537	618	23
537	775	23
537	2350	23
537	2550	23
537	5328	23
537	6498	23
542	567	23
542	588	23
542	1975	23
542	2187	23
542	5328	23
555	598	23
555	4199	23
555	5388	23
555	5539	23
555	6009	23
567	588	23
571	2914	23
571	2949	23
571	3904	23
571	4199	23
571	5388	23
571	5539	23
571	6490	23
574	2928	23
574	3016	23
574	5539	23
585	2906	23
588	5328	23
590	597	23
590	2732	23
590	3058	23
590	4121	23
590	4124	23
592	2604	23
592	3425	23
592	3538	23
597	7118	23
597	7229	23
598	1706	23
598	2732	23
598	2914	23
598	2949	23
598	3634	23
598	5388	23
598	5539	23
611	1823	23
611	6819	23
616	6269	23
618	2550	23
618	5955	23
624	1750	23
624	2187	23
624	2611	23
624	2617	23
624	2735	23
624	2887	23
624	2975	23
624	3302	23
624	3328	23
624	3352	23
624	4171	23
624	4188	23
624	4239	23
624	4313	23
624	4457	23
624	4819	23
624	5108	23
624	5470	23
624	5716	23
624	5754	23
624	5954	23
624	5998	23
636	663	23
637	1038	23
637	1190	23
640	4651	23
643	3535	23
643	5466	23
644	1229	23
644	4301	23
644	4781	23
645	1706	23
645	5752	23
645	7241	23
663	1600	23
687	1036	23
687	5096	23
688	1179	23
689	5404	23
690	1038	23
690	1192	23
690	1252	23
693	1072	23
693	1180	23
693	5098	23
693	6005	23
693	6706	23
701	2735	23
701	4839	23
701	5972	23
701	5986	23
701	6240	23
701	7406	23
701	7423	23
710	5873	23
710	6026	23
711	1038	23
711	1040	23
711	1190	23
711	1236	23
711	1375	23
712	1073	23
712	1094	23
712	1190	23
713	1037	23
713	1054	23
713	1130	23
713	3259	23
713	4364	23
713	4411	23
713	4535	23
713	4780	23
713	4954	23
713	5496	23
713	7100	23
717	3069	23
717	4109	23
721	1179	23
721	5203	23
722	1066	23
722	1446	23
722	3259	23
722	4372	23
722	4373	23
722	4797	23
722	6005	23
724	1913	23
724	3536	23
725	1073	23
725	1201	23
725	2424	23
725	6552	23
727	1541	23
732	1056	23
732	1201	23
732	1803	23
732	2424	23
732	2785	23
733	2784	23
734	1031	23
736	1031	23
741	1037	23
741	1446	23
741	2187	23
741	4411	23
741	4535	23
741	4780	23
741	4803	23
741	5260	23
741	6248	23
751	7400	23
752	4116	23
752	4117	23
756	1151	23
765	1849	23
768	1073	23
769	2323	23
769	2869	23
769	2997	23
769	5911	23
769	6153	23
775	1058	23
775	1905	23
775	4547	23
775	5716	23
775	5955	23
775	7303	23
779	1234	23
779	5767	23
781	1195	23
782	1038	23
782	1040	23
782	1190	23
782	1236	23
782	1375	23
782	3259	23
785	1054	23
788	872	23
788	1073	23
788	4577	23
788	6519	23
788	6552	23
791	1073	23
798	1038	23
798	1040	23
798	1178	23
798	1190	23
800	1298	23
823	1610	23
824	1190	23
824	1890	23
824	2323	23
824	2911	23
824	3099	23
826	1151	23
838	850	23
838	876	23
838	907	23
838	1048	23
838	1049	23
838	1055	23
838	2741	23
838	2771	23
838	3675	23
838	4613	23
844	2323	23
844	2802	23
844	3797	23
844	4687	23
844	6153	23
844	6432	23
844	7019	23
845	1180	23
846	1048	23
846	1049	23
846	2502	23
846	3675	23
850	1018	23
850	1048	23
850	1049	23
850	1073	23
850	1218	23
850	1504	23
850	1742	23
850	2056	23
850	2093	23
850	2741	23
850	2755	23
850	2940	23
850	3018	23
850	3127	23
850	3823	23
850	4202	23
850	4613	23
850	5735	23
850	6891	23
852	907	23
852	923	23
852	1263	23
852	1444	23
854	4855	23
872	951	23
872	1018	23
872	1073	23
872	1145	23
872	1160	23
872	2806	23
872	3058	23
872	4202	23
872	4702	23
872	4821	23
873	1172	23
873	3815	23
876	930	23
876	1009	23
876	1020	23
876	1044	23
876	1048	23
876	1049	23
876	1055	23
876	1068	23
876	1075	23
876	1257	23
876	2323	23
876	2464	23
876	2755	23
876	3797	23
876	3948	23
876	5625	23
876	6432	23
877	6244	23
878	2152	23
878	2251	23
878	3028	23
878	3068	23
878	6591	23
878	7458	23
880	1849	23
880	2790	23
881	1038	23
881	1190	23
881	1375	23
882	1179	23
882	3536	23
882	5277	23
882	5406	23
883	1375	23
883	5489	23
889	5489	23
890	5278	23
901	2802	23
901	2803	23
901	6153	23
903	1044	23
903	1045	23
903	1075	23
903	1097	23
903	1218	23
903	1242	23
903	1533	23
903	2047	23
903	3194	23
903	3538	23
903	3947	23
903	4987	23
903	5527	23
903	5625	23
903	5715	23
903	5907	23
903	6133	23
903	6162	23
903	6227	23
903	6334	23
903	6432	23
905	4131	23
905	4381	23
905	5071	23
906	2439	23
906	7078	23
907	923	23
907	1079	23
907	1263	23
907	1504	23
907	1742	23
907	2940	23
907	3236	23
907	3990	23
907	4613	23
907	5854	23
907	6130	23
907	6211	23
917	1031	23
917	1237	23
919	1296	23
920	1038	23
920	1375	23
920	3069	23
920	4109	23
921	1031	23
921	1446	23
921	6164	23
922	7324	23
923	1263	23
923	1444	23
923	1504	23
923	2755	23
923	2771	23
923	3018	23
923	3236	23
923	4613	23
923	4621	23
923	5854	23
927	1181	23
927	5199	23
930	1044	23
930	1048	23
930	1049	23
930	1055	23
930	1068	23
930	1075	23
931	1044	23
931	1075	23
931	2047	23
931	2323	23
931	3797	23
931	6432	23
931	7184	23
947	1181	23
947	6630	23
951	1044	23
951	1073	23
951	2047	23
951	2323	23
951	3797	23
951	4687	23
951	5527	23
951	5715	23
951	6153	23
951	6194	23
951	6432	23
951	6552	23
951	7019	23
951	7184	23
960	4373	23
961	2804	23
968	1038	23
968	1040	23
968	1190	23
968	1192	23
970	1031	23
970	2187	23
970	5487	23
970	6248	23
970	6628	23
974	3595	23
975	2735	23
975	5986	23
982	1073	23
982	1201	23
982	2424	23
982	6552	23
987	1073	23
987	6552	23
988	1776	23
988	6552	23
990	2442	23
990	2445	23
990	2564	23
990	3957	23
990	3963	23
990	4108	23
990	4111	23
990	4116	23
990	4127	23
990	4129	23
990	4133	23
990	4360	23
990	4377	23
990	4385	23
990	4853	23
990	4855	23
990	4909	23
990	5204	23
990	5209	23
990	5210	23
990	5285	23
990	5620	23
990	5622	23
990	5886	23
990	6041	23
990	6164	23
990	6188	23
990	6583	23
990	7144	23
990	7217	23
996	1781	23
996	1890	23
996	1913	23
996	1914	23
996	2732	23
996	2736	23
996	3026	23
996	6230	23
996	7171	23
996	7272	23
1000	1073	23
1000	2323	23
1000	2802	23
1000	3058	23
1000	4821	23
1000	4965	23
1009	1044	23
1009	1048	23
1009	1049	23
1009	1055	23
1009	1068	23
1009	1075	23
1015	2741	23
1018	1073	23
1018	1235	23
1018	4202	23
1018	6552	23
1020	1044	23
1020	1048	23
1020	1049	23
1020	1055	23
1020	1068	23
1020	3611	23
1020	3684	23
1020	4140	23
1020	5952	23
1031	1037	23
1031	1237	23
1031	3259	23
1036	1446	23
1036	2187	23
1036	5457	23
1036	6364	23
1036	6386	23
1037	1058	23
1037	1130	23
1037	3123	23
1037	3200	23
1037	3259	23
1037	4089	23
1037	4364	23
1037	4954	23
1038	1236	23
1038	1375	23
1038	1384	23
1038	2743	23
1038	5191	23
1038	7352	23
1040	1236	23
1040	1375	23
1040	1384	23
1040	2743	23
1040	5191	23
1044	1045	23
1044	1049	23
1044	1055	23
1044	1068	23
1044	1075	23
1044	1257	23
1044	2047	23
1044	2275	23
1044	2464	23
1044	3194	23
1044	3903	23
1044	3948	23
1044	4140	23
1044	4687	23
1044	4987	23
1044	5625	23
1044	5715	23
1044	5907	23
1044	6100	23
1044	6133	23
1044	6432	23
1044	7019	23
1045	1097	23
1045	1218	23
1045	1242	23
1045	1533	23
1045	2047	23
1045	2174	23
1045	3194	23
1045	3538	23
1045	3797	23
1045	3947	23
1045	4687	23
1045	4987	23
1045	5907	23
1045	6133	23
1045	6334	23
1045	6432	23
1045	7019	23
1047	1774	23
1047	1914	23
1047	2075	23
1047	2115	23
1047	3644	23
1047	3785	23
1047	5764	23
1047	7133	23
1047	7290	23
1047	7295	23
1048	1049	23
1048	1257	23
1048	1742	23
1048	2741	23
1048	2755	23
1048	2771	23
1048	2940	23
1048	3018	23
1048	3127	23
1048	3629	23
1048	3870	23
1048	5625	23
1048	6299	23
1048	6891	23
1049	1055	23
1049	1068	23
1049	1075	23
1049	1257	23
1049	1742	23
1049	2741	23
1049	2755	23
1049	2940	23
1049	3018	23
1049	3127	23
1049	3629	23
1049	3870	23
1049	5625	23
1049	6299	23
1049	6891	23
1054	1057	23
1054	1071	23
1054	4411	23
1055	1068	23
1055	1075	23
1055	1257	23
1055	5625	23
1056	1375	23
1056	1484	23
1056	1803	23
1057	2187	23
1057	4072	23
1057	4328	23
1057	4479	23
1057	5270	23
1057	5487	23
1057	5490	23
1057	5665	23
1057	6248	23
1057	6628	23
1063	1073	23
1063	1235	23
1063	1803	23
1066	1375	23
1066	4694	23
1068	1075	23
1068	1257	23
1068	5625	23
1070	4674	23
1070	7405	23
1071	1195	23
1071	1234	23
1071	2754	23
1071	3200	23
1071	4800	23
1071	5098	23
1071	5278	23
1071	5349	23
1071	6628	23
1071	6706	23
1071	7051	23
1072	1215	23
1072	4308	23
1072	4954	23
1072	5111	23
1072	5585	23
1073	1097	23
1073	1160	23
1073	1218	23
1073	1235	23
1073	1242	23
1073	1446	23
1073	1872	23
1073	2093	23
1073	2991	23
1073	3302	23
1073	3622	23
1073	3675	23
1073	3676	23
1073	4202	23
1073	4441	23
1073	4503	23
1073	4702	23
1073	4821	23
1073	5214	23
1073	5229	23
1073	5972	23
1073	5986	23
1073	6158	23
1073	6226	23
1073	6253	23
1075	1257	23
1075	4702	23
1075	5625	23
1079	5854	23
1090	1296	23
1097	1218	23
1097	1242	23
1097	3538	23
1097	3903	23
1097	3947	23
1097	4987	23
1097	5907	23
1097	6334	23
1100	2535	23
1105	2804	23
1105	2988	23
1105	3229	23
1105	3659	23
1130	3099	23
1130	3259	23
1130	4364	23
1130	5530	23
1131	2323	23
1131	6153	23
1145	4577	23
1155	7017	23
1172	3229	23
1172	3800	23
1174	1375	23
1174	1384	23
1178	2323	23
1178	2464	23
1178	6133	23
1179	1395	23
1179	4621	23
1179	5150	23
1179	5203	23
1180	1215	23
1180	1232	23
1180	3252	23
1180	3279	23
1180	4126	23
1180	4343	23
1180	5127	23
1180	6706	23
1181	3448	23
1186	1654	23
1189	2776	23
1190	1375	23
1190	1823	23
1190	2743	23
1190	5071	23
1190	5530	23
1190	5804	23
1190	6047	23
1190	6290	23
1190	6527	23
1190	6785	23
1190	7230	23
1190	7352	23
1191	2323	23
1191	2802	23
1191	2821	23
1191	6153	23
1191	6162	23
1191	6559	23
1194	5972	23
1195	2803	23
1197	5581	23
1201	1484	23
1201	1803	23
1201	2424	23
1201	6321	23
1201	6465	23
1201	7449	23
1215	4126	23
1215	4373	23
1215	5098	23
1215	5111	23
1215	5781	23
1215	6005	23
1215	6706	23
1218	2323	23
1218	2802	23
1218	3947	23
1218	4202	23
1218	4821	23
1218	5527	23
1218	6153	23
1229	3437	23
1229	4441	23
1229	4619	23
1229	4781	23
1229	4954	23
1229	5270	23
1229	5573	23
1229	6387	23
1230	5278	23
1232	3279	23
1232	3539	23
1234	3535	23
1234	4803	23
1235	1360	23
1235	2611	23
1235	2617	23
1235	2735	23
1235	2975	23
1235	3327	23
1235	3461	23
1235	4188	23
1235	4202	23
1235	4457	23
1235	4503	23
1235	4702	23
1235	5835	23
1235	5986	23
1235	6715	23
1235	7470	23
1236	1375	23
1236	1384	23
1242	1920	23
1242	2047	23
1242	2323	23
1242	3622	23
1256	5998	23
1258	3622	23
1265	1454	23
1265	4558	23
1265	6586	23
1265	7289	23
1267	5998	23
1284	3058	23
1284	3481	23
1284	6843	23
1296	6322	23
1297	3611	23
1297	3684	23
1336	1540	23
1336	2075	23
1336	3821	23
1336	4010	23
1336	4792	23
1336	4946	23
1336	5161	23
1336	5367	23
1336	5545	23
1336	5651	23
1336	5672	23
1343	1484	23
1343	2981	23
1343	5930	23
1343	7449	23
1343	7450	23
1352	2737	23
1352	3253	23
1352	3337	23
1352	3557	23
1352	4109	23
1352	4121	23
1352	5071	23
1360	2548	23
1360	2725	23
1360	2735	23
1360	3352	23
1360	4966	23
1360	5986	23
1360	5998	23
1363	1376	23
1363	1620	23
1363	6063	23
1363	6375	23
1363	6752	23
1363	7137	23
1375	1384	23
1375	2743	23
1375	3069	23
1375	4109	23
1375	4122	23
1375	5097	23
1375	5191	23
1375	5804	23
1375	6785	23
1375	7420	23
1376	6375	23
1376	6691	23
1376	6752	23
1376	7136	23
1376	7137	23
1384	3069	23
1384	4109	23
1384	4122	23
1384	4797	23
1384	7255	23
1384	7420	23
1391	1578	23
1391	6649	23
1391	7068	23
1395	1913	23
1395	3536	23
1444	2707	23
1444	2748	23
1444	2911	23
1444	3028	23
1444	3337	23
1444	3481	23
1444	4119	23
1444	5210	23
1444	5248	23
1444	5886	23
1444	5956	23
1444	6177	23
1444	6277	23
1444	6293	23
1444	6843	23
1446	1706	23
1446	2187	23
1446	2911	23
1446	3090	23
1446	3352	23
1446	4091	23
1446	4301	23
1446	4373	23
1446	4411	23
1446	4561	23
1446	4619	23
1446	4800	23
1446	4839	23
1446	4954	23
1446	5098	23
1446	5457	23
1446	5573	23
1446	5585	23
1446	5986	23
1446	6248	23
1446	7117	23
1447	6709	23
1454	4558	23
1454	7324	23
1454	7335	23
1484	1803	23
1484	1933	23
1484	2424	23
1484	2784	23
1484	5930	23
1484	5942	23
1484	7450	23
1484	7462	23
1493	2548	23
1493	2735	23
1493	4966	23
1493	5986	23
1493	5998	23
1504	1600	23
1504	2410	23
1504	2741	23
1504	2755	23
1504	2771	23
1504	2940	23
1504	3018	23
1504	3557	23
1504	4695	23
1518	2057	23
1518	2075	23
1518	2421	23
1518	2466	23
1518	3912	23
1518	4360	23
1518	5285	23
1518	5336	23
1518	5392	23
1518	5622	23
1518	5672	23
1532	2323	23
1533	2047	23
1533	2323	23
1533	6432	23
1552	7188	23
1555	1637	23
1555	1647	23
1561	2744	23
1561	2779	23
1578	5000	23
1578	7068	23
1578	7386	23
1584	1646	23
1584	2221	23
1584	2399	23
1584	2473	23
1587	1610	23
1587	1670	23
1600	3153	23
1605	2017	23
1605	2635	23
1605	2796	23
1620	5277	23
1620	6375	23
1620	6752	23
1627	1647	23
1627	1913	23
1627	5707	23
1628	1913	23
1628	2707	23
1637	1647	23
1637	7453	23
1646	1706	23
1646	2162	23
1646	2399	23
1646	2612	23
1646	3789	23
1646	3824	23
1646	5117	23
1647	2737	23
1647	5707	23
1647	5914	23
1647	6165	23
1647	7453	23
1648	2116	23
1648	6939	23
1654	3118	23
1654	5576	23
1668	1703	23
1668	1890	23
1668	6230	23
1674	6977	23
1677	6486	23
1679	2707	23
1696	1878	23
1696	1919	23
1696	2327	23
1696	2532	23
1699	2017	23
1699	3812	23
1699	4126	23
1703	1804	23
1703	6390	23
1706	2881	23
1706	2914	23
1706	3058	23
1706	4681	23
1706	4800	23
1706	5516	23
1708	4639	23
1708	5495	23
1712	2719	23
1712	2725	23
1712	2987	23
1718	6782	23
1722	2075	23
1722	2635	23
1722	3365	23
1722	4127	23
1722	4946	23
1722	5209	23
1722	5622	23
1722	5764	23
1722	6164	23
1722	6167	23
1722	6189	23
1730	1755	23
1730	2076	23
1730	2200	23
1734	2299	23
1734	2339	23
1734	5438	23
1734	5792	23
1734	5798	23
1737	2707	23
1742	2468	23
1742	2502	23
1742	2741	23
1742	2771	23
1742	4613	23
1750	2187	23
1750	2548	23
1750	2719	23
1750	2725	23
1750	2735	23
1750	3352	23
1750	4966	23
1750	5986	23
1753	2853	23
1753	3819	23
1753	3844	23
1753	3981	23
1753	4152	23
1753	4639	23
1753	6390	23
1755	1776	23
1755	2076	23
1755	2380	23
1755	2392	23
1768	2136	23
1768	2250	23
1768	2293	23
1768	2327	23
1768	2328	23
1768	5122	23
1769	2075	23
1769	4074	23
1773	4558	23
1773	5071	23
1773	7324	23
1774	2075	23
1774	2115	23
1774	6494	23
1781	1890	23
1781	1913	23
1781	2592	23
1781	2736	23
1781	3026	23
1781	3181	23
1781	3578	23
1781	4381	23
1781	6230	23
1781	6558	23
1781	7170	23
1781	7171	23
1781	7272	23
1789	2075	23
1799	7118	23
1799	7241	23
1803	4301	23
1803	5415	23
1803	7449	23
1803	7462	23
1813	5101	23
1816	2943	23
1821	7481	23
1849	2790	23
1849	4152	23
1849	4207	23
1849	5255	23
1849	6125	23
1872	3069	23
1872	4109	23
1872	4122	23
1872	4202	23
1878	1998	23
1878	2239	23
1878	2327	23
1890	1913	23
1890	1914	23
1890	2592	23
1890	2732	23
1890	2736	23
1890	2939	23
1890	3026	23
1890	3181	23
1890	3578	23
1890	4075	23
1890	4090	23
1890	4131	23
1890	4381	23
1890	4729	23
1890	5071	23
1890	5127	23
1890	5914	23
1890	6203	23
1890	6230	23
1890	6564	23
1890	6836	23
1890	7170	23
1890	7171	23
1890	7183	23
1890	7272	23
1893	2089	23
1893	3365	23
1893	5764	23
1893	6167	23
1897	3313	23
1897	4393	23
1897	6310	23
1897	7034	23
1905	4547	23
1905	5955	23
1905	5986	23
1905	7303	23
1913	2592	23
1913	2732	23
1913	2736	23
1913	2939	23
1913	3026	23
1913	3181	23
1913	3578	23
1913	4090	23
1913	5707	23
1913	5914	23
1913	6230	23
1913	7170	23
1913	7171	23
1913	7272	23
1914	2115	23
1914	2125	23
1914	4639	23
1914	6230	23
1914	6494	23
1914	7041	23
1919	2939	23
1920	2029	23
1928	2421	23
1928	4882	23
1928	4929	23
1933	2784	23
1933	2785	23
1933	2981	23
1933	3062	23
1933	3448	23
1933	3707	23
1933	7449	23
1942	5277	23
1975	7511	23
2005	2737	23
2005	2773	23
2005	5071	23
2010	5620	23
2010	7506	23
2017	2421	23
2017	2466	23
2017	5126	23
2017	5408	23
2017	5622	23
2017	5672	23
2017	5999	23
2017	6376	23
2037	3153	23
2037	5068	23
2037	6876	23
2037	6893	23
2037	7078	23
2043	3776	23
2043	3842	23
2043	3915	23
2043	6042	23
2046	7123	23
2047	2323	23
2047	2464	23
2047	3194	23
2047	3797	23
2047	3818	23
2047	3903	23
2047	3947	23
2047	4687	23
2047	4987	23
2047	5383	23
2047	5527	23
2047	5715	23
2047	5907	23
2047	6100	23
2047	6133	23
2047	6227	23
2047	6334	23
2047	6432	23
2047	6559	23
2047	7019	23
2050	2115	23
2051	2298	23
2051	2323	23
2051	2519	23
2051	3675	23
2051	3676	23
2053	3069	23
2053	4109	23
2053	4122	23
2053	7420	23
2056	2741	23
2056	3675	23
2057	2466	23
2057	4074	23
2057	5773	23
2071	4841	23
2071	5211	23
2071	7503	23
2075	2288	23
2075	2466	23
2075	2560	23
2075	2628	23
2075	2796	23
2075	3005	23
2075	3223	23
2075	3365	23
2075	3440	23
2075	3644	23
2075	3662	23
2075	3663	23
2075	3664	23
2075	3753	23
2075	3785	23
2075	3840	23
2075	3907	23
2075	4027	23
2075	4028	23
2075	4036	23
2075	4041	23
2075	4092	23
2075	4174	23
2075	4209	23
2075	4443	23
2075	4670	23
2075	4750	23
2075	4876	23
2075	4962	23
2075	5102	23
2075	5209	23
2075	5277	23
2075	5285	23
2075	5287	23
2075	5330	23
2075	5336	23
2075	5356	23
2075	5367	23
2075	5373	23
2075	5385	23
2075	5392	23
2075	5508	23
2075	5545	23
2075	5565	23
2075	5581	23
2075	5594	23
2075	5596	23
2075	5614	23
2075	5616	23
2075	5622	23
2075	5647	23
2075	5672	23
2075	5698	23
2075	5773	23
2075	5831	23
2075	5836	23
2075	5866	23
2075	5932	23
2075	5945	23
2075	5961	23
2075	6042	23
2075	6084	23
2075	6159	23
2075	6164	23
2075	6252	23
2075	6267	23
2075	6319	23
2075	6323	23
2075	6409	23
2075	6448	23
2075	6635	23
2075	6655	23
2075	6656	23
2075	6674	23
2075	6735	23
2075	6792	23
2075	6896	23
2075	6909	23
2075	6935	23
2075	7036	23
2075	7144	23
2075	7403	23
2089	2314	23
2089	4112	23
2089	4792	23
2089	5764	23
2089	6946	23
2090	5605	23
2090	6730	23
2093	2741	23
2108	2221	23
2108	2612	23
2108	5117	23
2115	2125	23
2115	2131	23
2115	3644	23
2115	3785	23
2115	6036	23
2115	7133	23
2115	7338	23
2116	6939	23
2124	4729	23
2125	3785	23
2125	6036	23
2129	2323	23
2131	6323	23
2131	7338	23
2135	2623	23
2136	2250	23
2136	2327	23
2136	2328	23
2142	4882	23
2142	4929	23
2152	2251	23
2152	2703	23
2152	2704	23
2152	2790	23
2152	5622	23
2153	2737	23
2153	2773	23
2162	2939	23
2184	3812	23
2187	2370	23
2187	2519	23
2187	2524	23
2187	2548	23
2187	2611	23
2187	2617	23
2187	2719	23
2187	2725	23
2187	2735	23
2187	2975	23
2187	3090	23
2187	3328	23
2187	3352	23
2187	4072	23
2187	4084	23
2187	4091	23
2187	4171	23
2187	4188	23
2187	4301	23
2187	4313	23
2187	4328	23
2187	4373	23
2187	4411	23
2187	4457	23
2187	4557	23
2187	4561	23
2187	4780	23
2187	4839	23
2187	4947	23
2187	4966	23
2187	5098	23
2187	5108	23
2187	5262	23
2187	5421	23
2187	5470	23
2187	5487	23
2187	5490	23
2187	5583	23
2187	5585	23
2187	5593	23
2187	5754	23
2187	5954	23
2187	5957	23
2187	5986	23
2187	5994	23
2187	6026	23
2187	6117	23
2187	6177	23
2187	6721	23
2187	7172	23
2221	2612	23
2230	2250	23
2230	2327	23
2230	2328	23
2230	5764	23
2231	4083	23
2234	2292	23
2234	2308	23
2234	2991	23
2234	3058	23
2234	3899	23
2234	4191	23
2234	4821	23
2234	4834	23
2234	5239	23
2239	2532	23
2239	5823	23
2246	2350	23
2250	2261	23
2250	2293	23
2250	2327	23
2250	2328	23
2250	5122	23
2251	3023	23
2251	3025	23
2251	3028	23
2251	5710	23
2251	5886	23
2258	3069	23
2258	4109	23
2261	2327	23
2261	2328	23
2262	4074	23
2262	5911	23
2275	2323	23
2275	4140	23
2275	4202	23
2275	6153	23
2275	6162	23
2275	6194	23
2275	6432	23
2275	6559	23
2275	7019	23
2288	4360	23
2288	5374	23
2292	2802	23
2292	3058	23
2292	4821	23
2292	4965	23
2292	5612	23
2293	2328	23
2297	4464	23
2298	2519	23
2299	2339	23
2299	5438	23
2299	5792	23
2299	5798	23
2299	5976	23
2299	6680	23
2301	4441	23
2302	4478	23
2308	2802	23
2308	3058	23
2308	4821	23
2308	4965	23
2308	5612	23
2310	7353	23
2323	2656	23
2323	2821	23
2323	3194	23
2323	3797	23
2323	3818	23
2323	3838	23
2323	3903	23
2323	3948	23
2323	4140	23
2323	4687	23
2323	4824	23
2323	4986	23
2323	4987	23
2323	5625	23
2323	5830	23
2323	6100	23
2323	6133	23
2323	6153	23
2323	6162	23
2323	6194	23
2323	6227	23
2323	6334	23
2323	6432	23
2323	6559	23
2323	6742	23
2323	6816	23
2323	6870	23
2323	6913	23
2323	7019	23
2323	7077	23
2323	7147	23
2323	7150	23
2323	7184	23
2323	7208	23
2327	2720	23
2327	5122	23
2328	2720	23
2328	5122	23
2332	5581	23
2339	2441	23
2359	2394	23
2372	2471	23
2378	4202	23
2378	5989	23
2380	4851	23
2380	5143	23
2385	2587	23
2385	2623	23
2385	4861	23
2385	6575	23
2385	6622	23
2388	6893	23
2392	4600	23
2393	4558	23
2393	7324	23
2399	2612	23
2399	5117	23
2399	6581	23
2406	7364	23
2410	2869	23
2410	3198	23
2410	3463	23
2410	3990	23
2410	4695	23
2410	5344	23
2421	2796	23
2421	4886	23
2424	2864	23
2424	5930	23
2424	7408	23
2424	7419	23
2424	7449	23
2424	7462	23
2439	2592	23
2439	4836	23
2439	5068	23
2439	6836	23
2439	7078	23
2439	7170	23
2441	2537	23
2441	2538	23
2441	2668	23
2441	5976	23
2442	2445	23
2442	2879	23
2442	3023	23
2442	3646	23
2442	3957	23
2442	3963	23
2442	4046	23
2442	4108	23
2442	4111	23
2442	4119	23
2442	4125	23
2442	4127	23
2442	4129	23
2442	4133	23
2442	4181	23
2442	4195	23
2442	4196	23
2442	4213	23
2442	4217	23
2442	4306	23
2442	4309	23
2442	4377	23
2442	4378	23
2442	4385	23
2442	4909	23
2442	4960	23
2442	4962	23
2442	4998	23
2442	5072	23
2442	5123	23
2442	5187	23
2442	5196	23
2442	5205	23
2442	5209	23
2442	5250	23
2442	6164	23
2442	6188	23
2442	6497	23
2442	6568	23
2442	6583	23
2442	6590	23
2442	6729	23
2442	6732	23
2442	6744	23
2442	6745	23
2442	6748	23
2442	6797	23
2442	6832	23
2442	6857	23
2442	6887	23
2442	6912	23
2442	6920	23
2442	7036	23
2444	2557	23
2444	2587	23
2444	2639	23
2444	3023	23
2444	4125	23
2444	4129	23
2444	4962	23
2445	3963	23
2445	4046	23
2445	4108	23
2445	4111	23
2445	4119	23
2445	4129	23
2445	4181	23
2445	4195	23
2445	4196	23
2445	4217	23
2445	4306	23
2445	4309	23
2445	4377	23
2445	4378	23
2445	4385	23
2445	4909	23
2445	4960	23
2445	5072	23
2445	5123	23
2445	5196	23
2445	5197	23
2445	5205	23
2445	5209	23
2445	5210	23
2445	5250	23
2445	5672	23
2445	5886	23
2445	6164	23
2445	6188	23
2445	6568	23
2445	6583	23
2445	6590	23
2445	6729	23
2445	6732	23
2445	6733	23
2445	6744	23
2445	6745	23
2445	6748	23
2445	6797	23
2445	6832	23
2445	6857	23
2445	6887	23
2445	6912	23
2445	6920	23
2448	6333	23
2448	6888	23
2449	2536	23
2464	3797	23
2464	4687	23
2464	6153	23
2464	6162	23
2464	6194	23
2464	6432	23
2464	7019	23
2466	3753	23
2466	5102	23
2466	5672	23
2466	6111	23
2466	6862	23
2468	2502	23
2473	5388	23
2476	7491	23
2482	4127	23
2482	5209	23
2482	6164	23
2495	2651	23
2496	2651	23
2496	2656	23
2502	4621	23
2502	5951	23
2502	6299	23
2519	4966	23
2519	5108	23
2524	2779	23
2524	3462	23
2524	4091	23
2524	4173	23
2524	4188	23
2524	4780	23
2524	4839	23
2524	4947	23
2524	5582	23
2524	5583	23
2524	5585	23
2524	5593	23
2524	5822	23
2524	5853	23
2524	5957	23
2524	6117	23
2524	7011	23
2525	6868	23
2528	5847	23
2532	3068	23
2532	3489	23
2537	2668	23
2538	2668	23
2548	2610	23
2548	2611	23
2548	2617	23
2548	2719	23
2548	2725	23
2548	2735	23
2548	2887	23
2548	2975	23
2548	2987	23
2548	3231	23
2548	3327	23
2548	3328	23
2548	3335	23
2548	3352	23
2548	3461	23
2548	3465	23
2548	3522	23
2548	3523	23
2548	4162	23
2548	4171	23
2548	4188	23
2548	4237	23
2548	4239	23
2548	4313	23
2548	4328	23
2548	4457	23
2548	4619	23
2548	4819	23
2548	4966	23
2548	4979	23
2548	5108	23
2548	5153	23
2548	5298	23
2548	5403	23
2548	5468	23
2548	5470	23
2548	5473	23
2548	5564	23
2548	5754	23
2548	5912	23
2548	5986	23
2548	5998	23
2548	6715	23
2550	5328	23
2551	5328	23
2557	4116	23
2557	4131	23
2557	4744	23
2557	5071	23
2557	5208	23
2560	5622	23
2561	2615	23
2561	6058	23
2564	3907	23
2564	4128	23
2564	4309	23
2564	5205	23
2586	2660	23
2587	6622	23
2592	5225	23
2592	5707	23
2604	2741	23
2604	6187	23
2604	6357	23
2610	2735	23
2610	3352	23
2610	4966	23
2610	5986	23
2610	5998	23
2611	2725	23
2611	2735	23
2611	2987	23
2611	3352	23
2611	4966	23
2611	5593	23
2611	5956	23
2611	5966	23
2611	5986	23
2611	5998	23
2615	7491	23
2617	2725	23
2617	2735	23
2617	2987	23
2617	3352	23
2617	4091	23
2617	4839	23
2617	4947	23
2617	4966	23
2617	5583	23
2617	5585	23
2617	5593	23
2617	5956	23
2617	5957	23
2617	5966	23
2617	5986	23
2617	5998	23
2617	6026	23
2618	5750	23
2623	3236	23
2623	6575	23
2628	5209	23
2628	7144	23
2635	3365	23
2635	5764	23
2635	6163	23
2635	6735	23
2651	3795	23
2660	3645	23
2674	7496	23
2687	3510	23
2704	2790	23
2704	2949	23
2704	2974	23
2704	5162	23
2704	5672	23
2707	3666	23
2707	4621	23
2707	4912	23
2707	6203	23
2707	7086	23
2707	7177	23
2714	3830	23
2719	2725	23
2719	2735	23
2719	2975	23
2719	2987	23
2719	3327	23
2719	3328	23
2719	3522	23
2719	4966	23
2719	4979	23
2719	5108	23
2719	5153	23
2719	5470	23
2719	5564	23
2719	5954	23
2719	5986	23
2725	2735	23
2725	2887	23
2725	2975	23
2725	2987	23
2725	3327	23
2725	3328	23
2725	3461	23
2725	3522	23
2725	4188	23
2725	4979	23
2725	5108	23
2725	5153	23
2725	5470	23
2725	5564	23
2725	5954	23
2725	5986	23
2730	2906	23
2730	7511	23
2732	2949	23
2732	4131	23
2732	4381	23
2732	5071	23
2732	6230	23
2733	6357	23
2735	2868	23
2735	2887	23
2735	2975	23
2735	2984	23
2735	2987	23
2735	3231	23
2735	3327	23
2735	3328	23
2735	3332	23
2735	3335	23
2735	3352	23
2735	3440	23
2735	3461	23
2735	3462	23
2735	3465	23
2735	3522	23
2735	3523	23
2735	3550	23
2735	4072	23
2735	4162	23
2735	4171	23
2735	4173	23
2735	4188	23
2735	4237	23
2735	4239	23
2735	4313	23
2735	4457	23
2735	4619	23
2735	4819	23
2735	4852	23
2735	4963	23
2735	4966	23
2735	4975	23
2735	4979	23
2735	5057	23
2735	5108	23
2735	5127	23
2735	5153	23
2735	5298	23
2735	5403	23
2735	5470	23
2735	5473	23
2735	5490	23
2735	5542	23
2735	5564	23
2735	5754	23
2735	5835	23
2735	5853	23
2735	5874	23
2735	5912	23
2735	5954	23
2735	5956	23
2735	5966	23
2735	5998	23
2735	6047	23
2735	6177	23
2735	6277	23
2735	6715	23
2735	6821	23
2735	7459	23
2735	7500	23
2736	4381	23
2736	4729	23
2736	6230	23
2736	6836	23
2737	2773	23
2737	2949	23
2737	4199	23
2737	5071	23
2741	2755	23
2741	2771	23
2741	2940	23
2741	2941	23
2741	3127	23
2741	3702	23
2741	3823	23
2741	4613	23
2741	6211	23
2741	6891	23
2743	4954	23
2744	5437	23
2745	2977	23
2745	7209	23
2746	2914	23
2746	2949	23
2746	3904	23
2746	4199	23
2746	5388	23
2746	5539	23
2747	2914	23
2747	2949	23
2747	3016	23
2747	3904	23
2747	4199	23
2747	5388	23
2748	5403	23
2748	5473	23
2748	5956	23
2748	6177	23
2748	6277	23
2749	7522	23
2753	3005	23
2754	5203	23
2755	2771	23
2755	2940	23
2755	3018	23
2755	3127	23
2755	4202	23
2755	5516	23
2755	6417	23
2771	2940	23
2771	2941	23
2771	3018	23
2771	3127	23
2771	3823	23
2771	4613	23
2771	6211	23
2771	6891	23
2773	2786	23
2773	4199	23
2776	2804	23
2778	5605	23
2779	3559	23
2779	4947	23
2779	5437	23
2784	2785	23
2784	2981	23
2784	3062	23
2784	3063	23
2784	7449	23
2785	2981	23
2785	3062	23
2785	7449	23
2786	2915	23
2786	3016	23
2790	2949	23
2790	2974	23
2790	3026	23
2790	3772	23
2790	5401	23
2790	5412	23
2790	6125	23
2790	6161	23
2793	3008	23
2793	5847	23
2796	3652	23
2796	3812	23
2796	3822	23
2796	4451	23
2796	4876	23
2796	4882	23
2796	4929	23
2796	5356	23
2796	6837	23
2801	2973	23
2802	2821	23
2802	2991	23
2802	3028	23
2802	3058	23
2802	3279	23
2802	3818	23
2802	3899	23
2802	3903	23
2802	4191	23
2802	4503	23
2802	4834	23
2802	4965	23
2802	4987	23
2802	5239	23
2802	6100	23
2802	6153	23
2802	6913	23
2803	3069	23
2803	4109	23
2803	4122	23
2803	4191	23
2803	4503	23
2804	2988	23
2804	3229	23
2806	2964	23
2806	4577	23
2821	3058	23
2821	4821	23
2821	4965	23
2821	6153	23
2821	6559	23
2826	7469	23
2831	6763	23
2854	2915	23
2854	3016	23
2854	5605	23
2854	6081	23
2862	6585	23
2864	5930	23
2864	7462	23
2864	7492	23
2869	2997	23
2869	4087	23
2869	4369	23
2869	4547	23
2869	5873	23
2869	5911	23
2869	6559	23
2869	7303	23
2879	3068	23
2879	5205	23
2879	5209	23
2879	6164	23
2880	4651	23
2881	2914	23
2881	3904	23
2887	4966	23
2887	5986	23
2887	5998	23
2888	7481	23
2896	7172	23
2906	2946	23
2906	6953	23
2906	7493	23
2911	3465	23
2911	3523	23
2911	4555	23
2911	4819	23
2911	6130	23
2911	7461	23
2914	2915	23
2914	3041	23
2914	3727	23
2914	3904	23
2914	4152	23
2914	4199	23
2914	5388	23
2914	5887	23
2914	6009	23
2914	6670	23
2915	2928	23
2915	3016	23
2915	3041	23
2915	4199	23
2940	3675	23
2940	4593	23
2940	4613	23
2941	3675	23
2941	4613	23
2946	3820	23
2946	3831	23
2946	4124	23
2949	3041	23
2949	3772	23
2949	3808	23
2949	3820	23
2949	3831	23
2949	3904	23
2949	4152	23
2949	4197	23
2949	4207	23
2949	5162	23
2949	5170	23
2949	5388	23
2949	5401	23
2949	5433	23
2949	5626	23
2949	5989	23
2949	6185	23
2949	6981	23
2964	3035	23
2964	4824	23
2964	5071	23
2964	6432	23
2964	6742	23
2973	3787	23
2973	4992	23
2973	5786	23
2973	6178	23
2975	2987	23
2975	3352	23
2975	4852	23
2975	4966	23
2975	5956	23
2975	5966	23
2975	5986	23
2975	5998	23
2987	2997	23
2987	3327	23
2987	3328	23
2987	3461	23
2987	4188	23
2987	4457	23
2987	4979	23
2987	5153	23
2987	5986	23
2991	3058	23
2991	3236	23
2991	4821	23
2991	4965	23
2991	5612	23
2997	3522	23
2997	5986	23
3005	4967	23
3005	5764	23
3008	3009	23
3008	3198	23
3008	3385	23
3008	3789	23
3008	3798	23
3008	3814	23
3008	4611	23
3008	6996	23
3009	3198	23
3009	3789	23
3009	3798	23
3009	3814	23
3009	4543	23
3009	4611	23
3009	6482	23
3009	6493	23
3009	6996	23
3023	4133	23
3023	4377	23
3023	4909	23
3023	5205	23
3023	6164	23
3023	6583	23
3026	4729	23
3026	5071	23
3026	6230	23
3028	3058	23
3028	3069	23
3028	4119	23
3030	6530	23
3035	3797	23
3035	6432	23
3035	7019	23
3036	5437	23
3041	3904	23
3041	4199	23
3041	5388	23
3041	5401	23
3041	5539	23
3044	4651	23
3058	3099	23
3058	3899	23
3058	4191	23
3058	4503	23
3058	4559	23
3058	4821	23
3058	4834	23
3058	4965	23
3058	5239	23
3058	7015	23
3063	5930	23
3063	5942	23
3068	4744	23
3068	5205	23
3069	3448	23
3069	4109	23
3069	4191	23
3069	4503	23
3069	4632	23
3069	5239	23
3069	7352	23
3069	7420	23
3081	3821	23
3081	3934	23
3081	4670	23
3081	5336	23
3085	3307	23
3085	7158	23
3089	3231	23
3089	3793	23
3089	4586	23
3089	5489	23
3089	5926	23
3090	4301	23
3090	4411	23
3090	5873	23
3093	3123	23
3093	3200	23
3093	3259	23
3099	3934	23
3099	4089	23
3099	4091	23
3099	4364	23
3099	4547	23
3099	4621	23
3099	4674	23
3099	4694	23
3099	4975	23
3099	5260	23
3099	5389	23
3099	5391	23
3099	6117	23
3101	7070	23
3118	5305	23
3123	3259	23
3123	4364	23
3136	7375	23
3142	4593	23
3142	5344	23
3142	5901	23
3142	5909	23
3144	3307	23
3144	7158	23
3153	3659	23
3163	3249	23
3163	3254	23
3163	3337	23
3181	4131	23
3181	4381	23
3181	5071	23
3181	6230	23
3181	6836	23
3188	3253	23
3188	3493	23
3188	4474	23
3193	6552	23
3194	3947	23
3194	5715	23
3194	6432	23
3198	3321	23
3198	3463	23
3198	3493	23
3198	3684	23
3198	3762	23
3198	4332	23
3198	4474	23
3198	4964	23
3198	5272	23
3198	5305	23
3198	5344	23
3198	5952	23
3199	3463	23
3199	3762	23
3199	5344	23
3200	3259	23
3200	4364	23
3202	3249	23
3202	3276	23
3212	3307	23
3212	7158	23
3220	6162	23
3220	6194	23
3223	5374	23
3224	3252	23
3225	5298	23
3225	7307	23
3225	7488	23
3226	3313	23
3226	4558	23
3226	7324	23
3231	3352	23
3231	3793	23
3231	4966	23
3231	5986	23
3236	4131	23
3236	4465	23
3236	4627	23
3236	4651	23
3236	5009	23
3249	3254	23
3249	3276	23
3249	3337	23
3249	3595	23
3254	3337	23
3254	3594	23
3254	3595	23
3259	4364	23
3259	4367	23
3259	4372	23
3259	4694	23
3278	4131	23
3278	5071	23
3279	4126	23
3279	5071	23
3299	3321	23
3299	3463	23
3299	4332	23
3299	5272	23
3299	5305	23
3302	4301	23
3302	5752	23
3307	3730	23
3307	6648	23
3307	7131	23
3307	7158	23
3307	7165	23
3313	4263	23
3313	4264	23
3313	7034	23
3321	3463	23
3321	4332	23
3321	4964	23
3321	5272	23
3321	5305	23
3324	4451	23
3327	3352	23
3327	4852	23
3327	4966	23
3327	5956	23
3327	5966	23
3327	5986	23
3327	5998	23
3328	3352	23
3328	4966	23
3328	5986	23
3332	5998	23
3335	4839	23
3335	5986	23
3337	4241	23
3337	5424	23
3352	3352	23
3352	3522	23
3352	4162	23
3352	4188	23
3352	4237	23
3352	4301	23
3352	4457	23
3352	4557	23
3352	4619	23
3352	4839	23
3352	4947	23
3352	4966	23
3352	4979	23
3352	5108	23
3352	5153	23
3352	5403	23
3352	5468	23
3352	5470	23
3352	5473	23
3352	5564	23
3352	5583	23
3352	5585	23
3352	5593	23
3352	5896	23
3352	5954	23
3352	5986	23
3352	6026	23
3365	4946	23
3365	5622	23
3365	5764	23
3365	6189	23
3366	5903	23
3366	7301	23
3371	3504	23
3375	7497	23
3385	3789	23
3385	3798	23
3385	7375	23
3387	5585	23
3387	6782	23
3430	3536	23
3437	4147	23
3437	4797	23
3437	4803	23
3437	6263	23
3440	5986	23
3441	3520	23
3441	6447	23
3448	4131	23
3448	4381	23
3448	5071	23
3448	5942	23
3455	4593	23
3455	5901	23
3455	5909	23
3456	3762	23
3460	4055	23
3460	4076	23
3461	4966	23
3461	5986	23
3462	4091	23
3463	3514	23
3463	3731	23
3463	4151	23
3463	4964	23
3463	5138	23
3463	5272	23
3463	5305	23
3463	5344	23
3463	6307	23
3465	5986	23
3470	7375	23
3481	6407	23
3481	6843	23
3493	4219	23
3493	4668	23
3493	5897	23
3493	7460	23
3504	4369	23
3510	6730	23
3520	6447	23
3522	4852	23
3522	5956	23
3522	5966	23
3522	5986	23
3522	5998	23
3523	4966	23
3523	5986	23
3523	7423	23
3535	4109	23
3535	4682	23
3535	4789	23
3535	4803	23
3535	5574	23
3552	6389	23
3557	4010	23
3568	3691	23
3568	3789	23
3568	3814	23
3568	5305	23
3583	3789	23
3583	6535	23
3594	3595	23
3595	5579	23
3599	3683	23
3611	3684	23
3611	5952	23
3611	6800	23
3622	3815	23
3622	3819	23
3629	3870	23
3629	3990	23
3644	4886	23
3644	6494	23
3644	7295	23
3646	4108	23
3646	4127	23
3646	4129	23
3646	4378	23
3646	4385	23
3646	4967	23
3646	5209	23
3646	6164	23
3649	3820	23
3649	3831	23
3652	3812	23
3652	3925	23
3652	6837	23
3654	7387	23
3662	5119	23
3662	5998	23
3662	7041	23
3662	7217	23
3663	3821	23
3663	3840	23
3663	5336	23
3664	6494	23
3664	7041	23
3664	7295	23
3666	4621	23
3673	5294	23
3673	7200	23
3675	3676	23
3675	3823	23
3675	4533	23
3675	4702	23
3675	5951	23
3675	6891	23
3675	7477	23
3676	4202	23
3676	4809	23
3676	7127	23
3677	7504	23
3684	3990	23
3684	5952	23
3684	6800	23
3691	4151	23
3691	4964	23
3691	5272	23
3702	4119	23
3702	5020	23
3702	5710	23
3702	6077	23
3704	3877	23
3727	3831	23
3729	4478	23
3730	7158	23
3730	7165	23
3753	4886	23
3753	5672	23
3753	6494	23
3762	4152	23
3762	7439	23
3762	7459	23
3762	7463	23
3772	5170	23
3772	5401	23
3776	3842	23
3777	3872	23
3777	7457	23
3785	6494	23
3785	7133	23
3785	7295	23
3789	3798	23
3789	3814	23
3789	4543	23
3789	4611	23
3789	6482	23
3789	6996	23
3790	5743	23
3793	4586	23
3793	5926	23
3797	3903	23
3797	3948	23
3797	4140	23
3797	4687	23
3797	4809	23
3797	4824	23
3797	4851	23
3797	4986	23
3797	5625	23
3797	6100	23
3797	6153	23
3797	6162	23
3797	6194	23
3797	6432	23
3797	6559	23
3797	6816	23
3797	6848	23
3797	6870	23
3797	6930	23
3797	7019	23
3797	7077	23
3797	7147	23
3797	7150	23
3797	7184	23
3798	3814	23
3798	4611	23
3798	6996	23
3800	3910	23
3800	6430	23
3806	5743	23
3808	3904	23
3808	5388	23
3812	3925	23
3812	4891	23
3814	5305	23
3815	5952	23
3818	4687	23
3818	5527	23
3818	6153	23
3818	6432	23
3818	6559	23
3818	7019	23
3820	3831	23
3820	4592	23
3820	6185	23
3821	4368	23
3821	5961	23
3821	6409	23
3822	3925	23
3831	4124	23
3831	4592	23
3831	6185	23
3838	6432	23
3838	7019	23
3840	5285	23
3840	5495	23
3840	5544	23
3840	5594	23
3840	5697	23
3840	6084	23
3842	4040	23
3842	5932	23
3842	6042	23
3867	4855	23
3872	7444	23
3872	7457	23
3899	4821	23
3899	5612	23
3903	4687	23
3903	5715	23
3903	6153	23
3903	6162	23
3903	6194	23
3903	6432	23
3903	7019	23
3904	4152	23
3904	4199	23
3904	5388	23
3904	5539	23
3904	6009	23
3907	5622	23
3922	5277	23
3922	5504	23
3922	5718	23
3922	5867	23
3922	5876	23
3922	6426	23
3929	4369	23
3929	5366	23
3929	5816	23
3929	5902	23
3947	5255	23
3947	5303	23
3947	5715	23
3947	6133	23
3947	6334	23
3947	6363	23
3947	6378	23
3948	4851	23
3948	6432	23
3948	7184	23
3957	3963	23
3957	4108	23
3957	4111	23
3957	4909	23
3957	4960	23
3957	5209	23
3957	6164	23
3963	4108	23
3963	4111	23
3963	4125	23
3963	4127	23
3963	4133	23
3963	4853	23
3963	4909	23
3963	4960	23
3963	4967	23
3963	5072	23
3963	5204	23
3963	5209	23
3963	5250	23
3963	6164	23
3963	6188	23
3990	6130	23
4010	5161	23
4027	4750	23
4027	5620	23
4027	5800	23
4027	5876	23
4027	6040	23
4027	6111	23
4029	4174	23
4029	5162	23
4029	5544	23
4029	5546	23
4029	5594	23
4029	7337	23
4030	5710	23
4036	4369	23
4036	5277	23
4036	5406	23
4036	7200	23
4046	4108	23
4046	4111	23
4046	4127	23
4046	4385	23
4046	4909	23
4046	5209	23
4046	6164	23
4046	6188	23
4046	6583	23
4046	7144	23
4048	5710	23
4055	4076	23
4055	4256	23
4055	6569	23
4072	4373	23
4072	5585	23
4072	5593	23
4072	6026	23
4074	5773	23
4074	6252	23
4076	4256	23
4084	4313	23
4084	5873	23
4085	5950	23
4087	5421	23
4089	4364	23
4089	5818	23
4090	7272	23
4091	4171	23
4091	4173	23
4091	4188	23
4091	4294	23
4091	4301	23
4091	4411	23
4091	4457	23
4091	4621	23
4091	4839	23
4091	4947	23
4091	5582	23
4091	5583	23
4091	5585	23
4091	5593	23
4091	5822	23
4091	5853	23
4091	5957	23
4091	7011	23
4108	4111	23
4108	4125	23
4108	4127	23
4108	4129	23
4108	4133	23
4108	4195	23
4108	4206	23
4108	4213	23
4108	4217	23
4108	4309	23
4108	4385	23
4108	4960	23
4108	4998	23
4108	5071	23
4108	5072	23
4108	5123	23
4108	5187	23
4108	5196	23
4108	5204	23
4108	5209	23
4108	5250	23
4108	6164	23
4108	6797	23
4109	4632	23
4109	5239	23
4109	7420	23
4111	4125	23
4111	4127	23
4111	4129	23
4111	4195	23
4111	4196	23
4111	4217	23
4111	4309	23
4111	4377	23
4111	4960	23
4111	4962	23
4111	5072	23
4111	5081	23
4111	5123	23
4111	5187	23
4111	5204	23
4111	5209	23
4111	6164	23
4111	6583	23
4111	6729	23
4111	6732	23
4111	6797	23
4112	5764	23
4116	4117	23
4116	4119	23
4116	4744	23
4116	4853	23
4116	4855	23
4116	5210	23
4116	6317	23
4117	4744	23
4117	4855	23
4117	6317	23
4119	4744	23
4119	4855	23
4119	4909	23
4119	4960	23
4119	4975	23
4119	5187	23
4119	5209	23
4119	5210	23
4119	5248	23
4119	5250	23
4119	6293	23
4119	6317	23
4119	6683	23
4121	4386	23
4122	4191	23
4122	5239	23
4122	7420	23
4124	7118	23
4125	4129	23
4125	4196	23
4125	4213	23
4125	4217	23
4125	4909	23
4125	4967	23
4125	5209	23
4125	6164	23
4125	6188	23
4125	6797	23
4126	4343	23
4126	4373	23
4126	6903	23
4127	4128	23
4127	4129	23
4127	4195	23
4127	4196	23
4127	4217	23
4127	4306	23
4127	4309	23
4127	4377	23
4127	4385	23
4127	4853	23
4127	4857	23
4127	4909	23
4127	4962	23
4127	4998	23
4127	5072	23
4127	5187	23
4127	5209	23
4127	5247	23
4127	5672	23
4127	6164	23
4127	6188	23
4127	6568	23
4127	6583	23
4127	6590	23
4127	6729	23
4127	6732	23
4127	6733	23
4127	6745	23
4127	6797	23
4127	6832	23
4127	6857	23
4127	6912	23
4127	6920	23
4127	7036	23
4127	7144	23
4127	7217	23
4129	4196	23
4129	4213	23
4129	4377	23
4129	4853	23
4129	4909	23
4129	4967	23
4129	5209	23
4129	6164	23
4129	6188	23
4129	6497	23
4129	7036	23
4131	4381	23
4131	6202	23
4131	6203	23
4131	6230	23
4131	7118	23
4131	7183	23
4133	4195	23
4133	4217	23
4133	4377	23
4133	5123	23
4133	5209	23
4133	6164	23
4133	6188	23
4133	6583	23
4133	6590	23
4133	6729	23
4133	6732	23
4133	7036	23
4136	5594	23
4136	5884	23
4140	4687	23
4140	5527	23
4140	6559	23
4140	7019	23
4151	4332	23
4151	4964	23
4151	5272	23
4151	5305	23
4151	5344	23
4152	4199	23
4152	5388	23
4152	5539	23
4162	4966	23
4162	5986	23
4170	6399	23
4171	4966	23
4173	4839	23
4173	4947	23
4173	5583	23
4173	5585	23
4173	5593	23
4173	5957	23
4174	5234	23
4174	5544	23
4174	5622	23
4174	5626	23
4174	7452	23
4174	7507	23
4181	5071	23
4181	6164	23
4181	6836	23
4188	4839	23
4188	4947	23
4188	4966	23
4188	5583	23
4188	5585	23
4188	5593	23
4188	5956	23
4188	5957	23
4188	5966	23
4188	5986	23
4188	5998	23
4188	6026	23
4191	4821	23
4191	7420	23
4195	4377	23
4195	4385	23
4195	4909	23
4195	5209	23
4195	6164	23
4195	6188	23
4195	6583	23
4195	7217	23
4196	4385	23
4196	4967	23
4196	5209	23
4196	6164	23
4197	5170	23
4197	5401	23
4197	5433	23
4199	5388	23
4199	5539	23
4199	6009	23
4202	4702	23
4202	6133	23
4202	7127	23
4206	4378	23
4206	7144	23
4213	4378	23
4213	4967	23
4213	6164	23
4217	4377	23
4217	4378	23
4217	4385	23
4217	4909	23
4217	5209	23
4217	6164	23
4217	6188	23
4217	6583	23
4217	7217	23
4219	4474	23
4221	6001	23
4237	4966	23
4237	5986	23
4239	5986	23
4241	4442	23
4261	4641	23
4263	4281	23
4263	4370	23
4264	4370	23
4285	5363	23
4285	5385	23
4285	5406	23
4285	6240	23
4285	7001	23
4294	4839	23
4294	4947	23
4294	6963	23
4300	5622	23
4301	4557	23
4301	4832	23
4301	4979	23
4301	5199	23
4301	5466	23
4301	5574	23
4301	5873	23
4301	6014	23
4301	6158	23
4306	4385	23
4306	4909	23
4306	5209	23
4306	6164	23
4306	6583	23
4307	7457	23
4308	5098	23
4308	6005	23
4309	4385	23
4309	4909	23
4309	5209	23
4309	6164	23
4309	6583	23
4313	4966	23
4313	5986	23
4313	5998	23
4328	5583	23
4328	5585	23
4328	5957	23
4328	6628	23
4332	4964	23
4332	5138	23
4332	5305	23
4332	5344	23
4332	6307	23
4343	4373	23
4343	5111	23
4343	6706	23
4360	5581	23
4360	6159	23
4360	6409	23
4364	4694	23
4366	5262	23
4367	4694	23
4368	4855	23
4368	5336	23
4368	5374	23
4369	4535	23
4369	4780	23
4369	5366	23
4372	4789	23
4372	5584	23
4373	5098	23
4373	6005	23
4377	4909	23
4377	5072	23
4377	5209	23
4377	6164	23
4377	6188	23
4377	6583	23
4377	6590	23
4377	6729	23
4377	6732	23
4377	6797	23
4377	7036	23
4378	4857	23
4378	4960	23
4378	4962	23
4378	5072	23
4378	5123	23
4378	5197	23
4378	5204	23
4378	6164	23
4378	6967	23
4381	4909	23
4381	5209	23
4381	6164	23
4381	6202	23
4381	6203	23
4381	6836	23
4381	7118	23
4381	7171	23
4381	7183	23
4381	7272	23
4385	4909	23
4385	4962	23
4385	5072	23
4385	5081	23
4385	5187	23
4385	5196	23
4385	5209	23
4385	6164	23
4385	6583	23
4385	6590	23
4385	6729	23
4385	6732	23
4385	6733	23
4385	6744	23
4385	6745	23
4385	6748	23
4385	6832	23
4385	6857	23
4385	6887	23
4385	6912	23
4385	6920	23
4385	7036	23
4386	7405	23
4389	5955	23
4389	5986	23
4411	4535	23
4411	4780	23
4441	4674	23
4441	4800	23
4441	5127	23
4441	5391	23
4441	6387	23
4441	6810	23
4443	5027	23
4457	4839	23
4457	4947	23
4457	4966	23
4457	5585	23
4457	5593	23
4457	5956	23
4457	5957	23
4457	5966	23
4457	5998	23
4457	6026	23
4464	6760	23
4465	4627	23
4465	4651	23
4468	4557	23
4474	4668	23
4474	5897	23
4474	6307	23
4474	7460	23
4478	4498	23
4478	5903	23
4478	6875	23
4479	4800	23
4486	4499	23
4486	4517	23
4486	6870	23
4486	7201	23
4487	4495	23
4487	4712	23
4495	4712	23
4498	6875	23
4503	4821	23
4503	5612	23
4517	5292	23
4517	7201	23
4533	7123	23
4535	4780	23
4535	5219	23
4535	5873	23
4538	7496	23
4547	5956	23
4547	7303	23
4550	5738	23
4551	4711	23
4551	4797	23
4551	5175	23
4551	6017	23
4557	4839	23
4557	4947	23
4557	5421	23
4557	5470	23
4557	5583	23
4557	5593	23
4557	5873	23
4557	5896	23
4558	6586	23
4558	7289	23
4558	7329	23
4559	7364	23
4560	6400	23
4560	6401	23
4561	5199	23
4579	4721	23
4593	5909	23
4593	6307	23
4598	5071	23
4613	6211	23
4619	4966	23
4621	5260	23
4621	5389	23
4621	5583	23
4621	5585	23
4621	7100	23
4626	6077	23
4629	4651	23
4639	5495	23
4670	4882	23
4670	4929	23
4670	5071	23
4670	5285	23
4674	4800	23
4674	6387	23
4674	7478	23
4681	5752	23
4682	5404	23
4687	4809	23
4687	6100	23
4687	6133	23
4687	6162	23
4687	6417	23
4687	6432	23
4687	6464	23
4687	6742	23
4687	6870	23
4687	7019	23
4687	7184	23
4692	4803	23
4694	7125	23
4700	5449	23
4729	5071	23
4729	7170	23
4729	7171	23
4729	7183	23
4744	4855	23
4744	5205	23
4744	5210	23
4744	5886	23
4744	6317	23
4747	4953	23
4747	6668	23
4750	5277	23
4750	5406	23
4750	6036	23
4750	6040	23
4750	7021	23
4750	7288	23
4750	7305	23
4780	4839	23
4780	5873	23
4780	5986	23
4780	7464	23
4781	5203	23
4789	6161	23
4792	5764	23
4797	7352	23
4798	5995	23
4800	5127	23
4800	5278	23
4800	5752	23
4800	5767	23
4800	6706	23
4800	6810	23
4800	7051	23
4803	5530	23
4803	5708	23
4809	6162	23
4809	6432	23
4809	7019	23
4819	4966	23
4819	5986	23
4819	5998	23
4821	4834	23
4821	4965	23
4821	5239	23
4823	7070	23
4824	4851	23
4824	5143	23
4824	6162	23
4824	7184	23
4826	4836	23
4834	5612	23
4836	4967	23
4839	4947	23
4839	5468	23
4839	5582	23
4839	5583	23
4839	5585	23
4839	5822	23
4839	5853	23
4839	6117	23
4839	7011	23
4841	5211	23
4843	4967	23
4849	5489	23
4851	4986	23
4851	5143	23
4852	4979	23
4852	5153	23
4852	5986	23
4853	4855	23
4853	4960	23
4853	5204	23
4853	5209	23
4853	5210	23
4853	5886	23
4853	7217	23
4855	5205	23
4855	5208	23
4855	5210	23
4855	5248	23
4855	5886	23
4857	4960	23
4857	4967	23
4857	5209	23
4857	5250	23
4857	7144	23
4857	7217	23
4858	5203	23
4858	5262	23
4858	6158	23
4876	5392	23
4876	5836	23
4876	6042	23
4876	6296	23
4882	4929	23
4882	5247	23
4882	5356	23
4882	5358	23
4882	5397	23
4886	5119	23
4886	6494	23
4886	7041	23
4886	7217	23
4909	5072	23
4909	5081	23
4909	5209	23
4909	5247	23
4909	5672	23
4909	6164	23
4909	6568	23
4909	6583	23
4909	6590	23
4909	6729	23
4909	6732	23
4909	6733	23
4909	6797	23
4909	7036	23
4909	7144	23
4909	7217	23
4912	7100	23
4929	5247	23
4929	5356	23
4929	5358	23
4929	5397	23
4943	6831	23
4946	5161	23
4946	5622	23
4946	5764	23
4946	6524	23
4947	5583	23
4947	5585	23
4947	5853	23
4947	5957	23
4947	7011	23
4953	6668	23
4954	5191	23
4954	6005	23
4960	4967	23
4960	5204	23
4960	5250	23
4960	6164	23
4960	7217	23
4962	5209	23
4962	6164	23
4962	6188	23
4962	6583	23
4962	7144	23
4963	5986	23
4964	5138	23
4964	5272	23
4964	5305	23
4964	5344	23
4965	5239	23
4965	5612	23
4966	4979	23
4966	5108	23
4966	5153	23
4966	5298	23
4966	5403	23
4966	5468	23
4966	5470	23
4966	5473	23
4966	5564	23
4966	5754	23
4966	5896	23
4966	5954	23
4966	5986	23
4966	5998	23
4967	5068	23
4967	6497	23
4967	6972	23
4979	5956	23
4979	5966	23
4979	5986	23
4979	5998	23
4986	5143	23
4986	7184	23
4987	6153	23
4987	6162	23
4987	6194	23
4987	6432	23
4998	5209	23
4998	6164	23
5000	6523	23
5000	7353	23
5020	5786	23
5020	5816	23
5020	6045	23
5045	5150	23
5057	7241	23
5068	6836	23
5071	6142	23
5071	6202	23
5071	6203	23
5071	6230	23
5071	6513	23
5071	6564	23
5071	7183	23
5072	5209	23
5072	6164	23
5072	6188	23
5072	6583	23
5072	7144	23
5074	6490	23
5081	5209	23
5081	6164	23
5086	5277	23
5086	5406	23
5087	6050	23
5089	5094	23
5089	5128	23
5094	5128	23
5096	5457	23
5096	6816	23
5098	5111	23
5098	6706	23
5098	6976	23
5098	7051	23
5102	7144	23
5108	5956	23
5108	5986	23
5111	5128	23
5111	5710	23
5111	5781	23
5112	7116	23
5114	6248	23
5119	6494	23
5123	5209	23
5123	6164	23
5123	6188	23
5126	5336	23
5126	5846	23
5127	5986	23
5127	6230	23
5127	6387	23
5127	6810	23
5128	5191	23
5128	5219	23
5128	7116	23
5138	5272	23
5138	5305	23
5138	5344	23
5150	5569	23
5150	6706	23
5153	5956	23
5153	5966	23
5153	5986	23
5153	5998	23
5161	5367	23
5161	5651	23
5161	5764	23
5162	5594	23
5162	5672	23
5170	5401	23
5170	5989	23
5170	6185	23
5170	7188	23
5187	5205	23
5187	5209	23
5187	5710	23
5187	6164	23
5187	6188	23
5187	6583	23
5191	5781	23
5203	5381	23
5205	5209	23
5205	6164	23
5205	7227	23
5205	7505	23
5208	6317	23
5209	5247	23
5209	5250	23
5209	5672	23
5209	6164	23
5209	6188	23
5209	6568	23
5209	6583	23
5209	6590	23
5209	6729	23
5209	6732	23
5209	6733	23
5209	6745	23
5209	6797	23
5209	6832	23
5209	6857	23
5209	6912	23
5209	6920	23
5209	7036	23
5209	7144	23
5209	7217	23
5210	5248	23
5210	5250	23
5210	5886	23
5210	6293	23
5210	6317	23
5210	6683	23
5219	7116	23
5225	5707	23
5225	5914	23
5225	6165	23
5232	6129	23
5239	5612	23
5242	5721	23
5242	7454	23
5245	5605	23
5245	6081	23
5247	6164	23
5248	5886	23
5250	5886	23
5250	6164	23
5250	6293	23
5255	5715	23
5255	6363	23
5255	6378	23
5260	5389	23
5260	5583	23
5262	6158	23
5262	6997	23
5268	5986	23
5268	7420	23
5270	5345	23
5270	5487	23
5270	6136	23
5270	6248	23
5270	6306	23
5272	5305	23
5272	5344	23
5277	5406	23
5277	5504	23
5277	5620	23
5277	6063	23
5277	6375	23
5277	6691	23
5277	6752	23
5277	7040	23
5277	7137	23
5277	7305	23
5278	6628	23
5278	6706	23
5285	5397	23
5285	5697	23
5285	5945	23
5287	5336	23
5294	7154	23
5294	7160	23
5294	7200	23
5298	5998	23
5298	7307	23
5303	5715	23
5330	6001	23
5336	5836	23
5345	5487	23
5345	6136	23
5345	6306	23
5349	5767	23
5349	6136	23
5363	5406	23
5363	5800	23
5363	5876	23
5363	6036	23
5363	6298	23
5363	6319	23
5363	6448	23
5363	7133	23
5364	6888	23
5366	5435	23
5366	5816	23
5366	5902	23
5366	6045	23
5366	6243	23
5371	6208	23
5371	6229	23
5371	7508	23
5383	5715	23
5385	5698	23
5385	6154	23
5385	6909	23
5385	7295	23
5388	5539	23
5388	6009	23
5390	6469	23
5391	5639	23
5391	6117	23
5392	5836	23
5392	6042	23
5392	6296	23
5401	5989	23
5401	6185	23
5403	5956	23
5406	5504	23
5406	5718	23
5406	5867	23
5406	5876	23
5406	6298	23
5406	6395	23
5406	6426	23
5406	7305	23
5408	5718	23
5408	5859	23
5408	6252	23
5408	7288	23
5412	5539	23
5424	5947	23
5426	6406	23
5427	5475	23
5427	6251	23
5435	7217	23
5435	7487	23
5449	6132	23
5466	5574	23
5468	5593	23
5468	5986	23
5470	5956	23
5470	5986	23
5473	5956	23
5473	5986	23
5478	7185	23
5478	7287	23
5487	6136	23
5487	6248	23
5487	6306	23
5487	6628	23
5489	5926	23
5490	5585	23
5490	6628	23
5491	5999	23
5495	5544	23
5495	5594	23
5495	5697	23
5495	7452	23
5496	5733	23
5504	5620	23
5504	6111	23
5508	5620	23
5508	5999	23
5508	6111	23
5527	6133	23
5527	6432	23
5527	7019	23
5530	5986	23
5534	5620	23
5534	6836	23
5539	6009	23
5542	5593	23
5542	6026	23
5544	6472	23
5560	5672	23
5560	5764	23
5560	6486	23
5564	5972	23
5571	5572	23
5571	7324	23
5572	7324	23
5573	5957	23
5573	6026	23
5581	5800	23
5581	6656	23
5582	5583	23
5582	5585	23
5582	5593	23
5583	5585	23
5583	5593	23
5583	5822	23
5583	5853	23
5583	5957	23
5583	7011	23
5585	5593	23
5585	5822	23
5585	5853	23
5585	5873	23
5585	5954	23
5585	5957	23
5585	5994	23
5585	6721	23
5585	7011	23
5593	5822	23
5593	5853	23
5593	5873	23
5593	5957	23
5618	5767	23
5620	5836	23
5620	5898	23
5620	6111	23
5620	6395	23
5620	7137	23
5621	6073	23
5621	6081	23
5622	5764	23
5622	6472	23
5622	6473	23
5622	6656	23
5622	6941	23
5622	6946	23
5625	6153	23
5625	6432	23
5625	7184	23
5626	5709	23
5626	5884	23
5651	5672	23
5662	5999	23
5662	6376	23
5662	6486	23
5665	6248	23
5671	6220	23
5672	5764	23
5672	5836	23
5672	6164	23
5672	6376	23
5672	6494	23
5672	6862	23
5672	7220	23
5691	7487	23
5698	5800	23
5698	7295	23
5698	7519	23
5705	5707	23
5707	5914	23
5707	6165	23
5708	6263	23
5710	7116	23
5715	6133	23
5715	6334	23
5715	6363	23
5715	6378	23
5715	6432	23
5716	5955	23
5716	5972	23
5716	5986	23
5716	7303	23
5727	6235	23
5727	6236	23
5729	6240	23
5752	6628	23
5752	6976	23
5754	5986	23
5761	5795	23
5764	5999	23
5764	6167	23
5764	6946	23
5767	6810	23
5778	5779	23
5778	5929	23
5778	6525	23
5778	6693	23
5779	5929	23
5779	6525	23
5795	5929	23
5795	6693	23
5800	6036	23
5800	6040	23
5800	6298	23
5800	6319	23
5800	6448	23
5800	6466	23
5800	6656	23
5800	6955	23
5800	7218	23
5801	6040	23
5801	6298	23
5811	5878	23
5811	6295	23
5811	6308	23
5811	6562	23
5816	6045	23
5816	6243	23
5816	7353	23
5818	6493	23
5822	6026	23
5830	6153	23
5835	5972	23
5835	5986	23
5836	6042	23
5836	6129	23
5847	6379	23
5853	5957	23
5873	6044	23
5874	5986	23
5876	6036	23
5876	6298	23
5876	6319	23
5876	6448	23
5876	6656	23
5876	6941	23
5886	6293	23
5886	6317	23
5887	6490	23
5898	6041	23
5898	6111	23
5901	5909	23
5901	6307	23
5902	6243	23
5902	7353	23
5907	6153	23
5907	6162	23
5907	6194	23
5907	6432	23
5909	6307	23
5911	6651	23
5912	5986	23
5914	6165	23
5929	6271	23
5929	6414	23
5929	6525	23
5930	7408	23
5930	7419	23
5930	7449	23
5930	7462	23
5930	7492	23
5947	6205	23
5951	5952	23
5952	6800	23
5954	5956	23
5954	5986	23
5954	5998	23
5955	5986	23
5955	7303	23
5956	5986	23
5956	6177	23
5956	6277	23
5957	6026	23
5957	7125	23
5966	5986	23
5966	5998	23
5971	6282	23
5971	6302	23
5976	6760	23
5986	5998	23
5986	6047	23
5986	6715	23
5986	6821	23
5986	6995	23
5986	7255	23
5986	7340	23
5986	7459	23
5998	6715	23
5999	6486	23
5999	7414	23
6005	7392	23
6026	7011	23
6036	6154	23
6036	7041	23
6036	7133	23
6040	6298	23
6040	7021	23
6040	7087	23
6042	6316	23
6063	6375	23
6063	6752	23
6063	7137	23
6073	6234	23
6073	6269	23
6073	6351	23
6073	6714	23
6073	7455	23
6081	6268	23
6081	6351	23
6094	6544	23
6094	7295	23
6100	6153	23
6100	6432	23
6100	7019	23
6100	7184	23
6104	7469	23
6111	6296	23
6117	7125	23
6121	6443	23
6124	7243	23
6129	6349	23
6133	6153	23
6133	6162	23
6133	6194	23
6133	6432	23
6133	6559	23
6133	7184	23
6153	6334	23
6153	7147	23
6153	7208	23
6154	6909	23
6154	7087	23
6155	7471	23
6162	6194	23
6162	6227	23
6162	6432	23
6162	7432	23
6164	6188	23
6164	6497	23
6164	6568	23
6164	6583	23
6164	6729	23
6164	6732	23
6164	6733	23
6164	6745	23
6164	6797	23
6164	6832	23
6164	6912	23
6164	6920	23
6164	7036	23
6164	7144	23
6164	7217	23
6167	6189	23
6167	6473	23
6180	6267	23
6187	6357	23
6188	6583	23
6188	6590	23
6188	6729	23
6188	6732	23
6188	6797	23
6188	7036	23
6194	6227	23
6194	6432	23
6194	7019	23
6194	7432	23
6223	6400	23
6230	6432	23
6230	6836	23
6230	7170	23
6230	7171	23
6230	7272	23
6235	6236	23
6240	7001	23
6240	7279	23
6248	6628	23
6276	6544	23
6282	6302	23
6293	7420	23
6294	7364	23
6295	6562	23
6308	6562	23
6310	6371	23
6321	6782	23
6334	6432	23
6334	7019	23
6354	6367	23
6371	7172	23
6371	7200	23
6373	7513	23
6375	6691	23
6375	6752	23
6375	7137	23
6398	6824	23
6398	7199	23
6398	7200	23
6407	6843	23
6412	6494	23
6412	7290	23
6412	7295	23
6412	7338	23
6412	7368	23
6414	6525	23
6432	6559	23
6432	6742	23
6432	6848	23
6432	6870	23
6432	6913	23
6432	7077	23
6432	7147	23
6432	7150	23
6432	7184	23
6451	7350	23
6465	6782	23
6493	6821	23
6493	7311	23
6493	7375	23
6494	7041	23
6494	7133	23
6494	7290	23
6498	7520	23
6519	7451	23
6530	6743	23
6535	6535	23
6535	7144	23
6568	6583	23
6569	6687	23
6569	7456	23
6582	6779	23
6583	6590	23
6583	6729	23
6583	6732	23
6583	6733	23
6583	6797	23
6583	6832	23
6583	6912	23
6583	7036	23
6583	7144	23
6585	6820	23
6585	6841	23
6585	6906	23
6585	6970	23
6585	7354	23
6586	7324	23
6586	7335	23
6596	7512	23
6607	6935	23
6614	6884	23
6628	6706	23
6628	7051	23
6630	7007	23
6635	7144	23
6636	7456	23
6648	7158	23
6654	6706	23
6660	6709	23
6687	7163	23
6691	7136	23
6706	6976	23
6706	7051	23
6706	7404	23
6706	7434	23
6706	7442	23
6706	7517	23
6725	7087	23
6742	7019	23
6752	7136	23
6757	7000	23
6763	7120	23
6769	7497	23
6785	7420	23
6787	7480	23
6829	7479	23
6831	7483	23
6833	7005	23
6836	7170	23
6836	7171	23
6836	7272	23
6841	6970	23
6841	7231	23
6848	7184	23
6850	7479	23
6868	7476	23
6870	7019	23
6896	7295	23
6899	7026	23
6909	7295	23
6928	7486	23
6930	7184	23
6934	7157	23
6939	7127	23
6970	7231	23
6998	7087	23
7017	7157	23
7019	7150	23
7019	7184	23
7021	7087	23
7036	7144	23
7041	7133	23
7041	7295	23
7041	7338	23
7041	7368	23
7045	7111	23
7051	7375	23
7071	7479	23
7077	7184	23
7082	7167	23
7087	7495	23
7100	7177	23
7111	7151	23
7114	7465	23
7118	7229	23
7123	7241	23
7131	7158	23
7131	7165	23
7136	7137	23
7154	7200	23
7155	7200	23
7157	7511	23
7158	7165	23
7158	7271	23
7160	7199	23
7160	7200	23
7164	7526	23
7167	7214	23
7172	7214	23
7177	7241	23
7178	7310	23
7193	7314	23
7199	7200	23
7203	7383	23
7216	7366	23
7227	7268	23
7231	7354	23
7241	7490	23
7253	7466	23
7253	7468	23
7289	7335	23
7290	7295	23
7290	7467	23
7295	7337	23
7295	7368	23
7307	7488	23
7314	7521	23
7318	7424	23
7318	7518	23
7319	7367	23
7320	7467	23
7336	7364	23
7350	7448	23
7364	7482	23
7378	7420	23
7386	7440	23
7408	7462	23
7408	7492	23
7419	7462	23
7419	7492	23
7421	7451	23
7444	7457	23
7449	7462	23
7472	7473	23
7474	7475	23
7476	7477	23
7482	7494	23
7483	7489	23
7484	7485	23
7491	7509	23
7493	7511	23
7493	7516	23
7497	7510	23
7498	7499	23
7501	7502	23
7514	7515	23
7524	7525	23
