0	1
3002	3003
6	7	25	35	297	193	702	1007	1035	1214	1684	1685	1743	1842	1845	1847	1873	1874	2006	2098	2151	2155	2163	2181	2469	2470	2493	2499	2503	2648	2674	3076	3077	3184	3528	3849	3549	3850
14	15	16	20	21	22	26	27	28	29	30	38	41	42	43	158	164	203	214	230	236	237	246	247	269	270	276	277	278	281	288	303	308	324	335	341	347	351	357	362	365	366	376	377	386	389	395	408	409	422	434	435	267	268	477	478	490	498	558	1135	1152	1313	1383	1431	1531	1588	1469	1470	1398	1399	2241	2242	2403	2404	2534	2683	2692	2693	2734	2838	2849	2896	2717	2718	2815	2894	2847	2848	2878	2899	2994	3033	3049	3238	3270	3272	3295	3439	3348	3310	3326	3344	3349	3447	3492	3518	3524	3311	3388	3449	3452	3501	3505	3520	3597	3905	4059	4073	4092	4187	4189	4203	4211	4212	4250	4286	4353	4132	4142
2	3	17	34	4	5	31	32	39	221	291	531	532	635	658	695	806	831	885	891	937	952	957	985	986	1089	1108	1277	887	873	874	894	913	942	1008	1143	1172	1441	1454	1569	1570	1785	2012	1731	1816	1700	1932	2117	1778	1821	1970	2176	2372	2471	2485	2498	2515	2544	2630	2638	2358	2359	2394	2416	2497	2554	2558	2585	2643	2666	3232	3288	3300	3217	3602	3712	3617	3650	3730	3800	3836	3794	3910	4110	4154	4356
2361	2362
1689	1690	1798	2156
839	840
853	854	1368	2569
2366	2367
18	19	493	1016	1017
1052	1053
1126	1127	1158
471	507	629	628	798	684	706	725	1095	1174	637	643	644	645	646	649	654	655	656	657	664	665	666	667	668	673	686	687	688	689	690	698	710	711	712	713	717	718	721	722	724	732	733	734	735	736	738	740	741	745	747	758	761	762	765	766	767	768	769	771	772	773	774	776	777	779	781	782	783	785	796	797	813	814	815	816	817	821	834	842	855	856	860	861	863	866	867	870	875	880	881	882	883	889	890	901	904	905	917	920	921	922	924	925	927	928	935	936	938	939	940	943	944	945	947	958	960	966	967	968	969	970	971	974	979	980	989	991	992	994	995	1001	1005	1010	1013	1024	1025	1026	1028	1029	1030	1031	1034	1036	1037	1038	1040	1041	1042	1046	1051	1054	1056	1057	1063	1066	1069	1070	1071	1072	1074	1078	1094	1096	1099	1112	1113	1119	1120	1121	1123	1134	1138	1147	1162	1163	1164	1167	1169	1171	1178	1179	1180	1182	1190	1191	1192	1194	1195	1197	1201	1203	1205	1206	1207	1208	1209	1211	1225	1229	1230	1232	1234	1235	1236	1237	1244	1247	1248	1249	1251	1253	1259	1260	1261	1266	1273	1279	1280	1281	1283	1286	1287	1288	1289	1290	1291	1292	1293	1294	1295	1299	1300	1301	1303	1304	1306	1308	1310	1311	1312	1314	1315	1316	1317	1318	1319	1320	1322	1130	1361	1343	1363	1375	1376	1384	1484	1597	1620	1658	1461	1362	1395	1458	1627	1628	1681	1683	2141	1903	1877	1693	1709	1717	1719	1720	1725	1730	1755	1776	1803	1814	1818	1841	1848	1863	1864	1865	1895	1937	1939	1940	1960	1974	2000	2024	2033	2071	2076	2112	2113	2119	2134	2200	2206	2207	2092	2459	2424	2389	2371	2387	2426	2451	2486	2576	2603	2619	2618	2784	2785	2890	2921	2942	2972	2981	3021	3038	3062	3063	2754	2743	2837	2864	2913	3078	3089	3090	3093	3099	3100	3123	3124	3125	3126	3148	3149	3150	3160	3165	3185	3186	3191	3200	3213	3214	3215	3239	3247	3259	3273	3275	3284	3286	3157	3278	3158	3237	3279	3372	3373	3405	3430	3529	3536	4063	4072	4083	4087	4089	4090	4130	4146	4179	4188	4215	4216	4218	4232	4235	4294	4303	4308	4317	4319	4320	4327	4335	4336	4337	4352	4357	4358	4359	4361	4364	4366	4367	4372	4373	4384	4389	4394	4395	4399	4411	4421	4438	4439	4447	4450	4047	4079	4202
4050	4051	4088	4445
1219	1220	2060
45	46	57	69	77	79	81	90	95	102	105	106	107	113	117	118	122	125	138	139	140	149	358	359	651	652	804	868	869	1223	1495	2269	2948	2950	2727	2978	3040	3565	3702	3728	3736	3864	3865	3902	3918	3809
174	175	299	372	378
2331	2332
1328	1329
2334	2335
2379	2380	2556	2633	2634
4077	4078	4185	4382	4393
80	64	65	83	99	119	131	132	134	136	137	141	145	339	322	670	849	871	1085	1181	639	716	830	1023	1156	731	1183	1184	763	1305	827	1011	1339	1595	1413	1669	1429	1527	1340	1344	1345	1346	1365	1371	1378	1387	1401	1402	1423	1445	1467	1525	1526	1532	1533	1534	1535	1563	1572	1574	1585	1602	1630	1639	1641	1652	1651	1702	1786	1930	1987	1749	2046	2056	1797	1823	1953	1691	1706	1707	1718	1723	1779	1780	1831	1834	1839	1840	1866	1893	1904	1914	1923	1934	1936	1941	1950	1956	1966	1971	1972	1997	2021	2051	2053	2081	2087	2088	2091	2094	2096	2097	2115	2131	2149	2150	2174	2177	2182	2208	2212	2213	2215	2219	2220	2224	2226	2228	1791	1898	2107	2159	1750	1931	2223	2011	2275	2326	2235	2257	2301	2652	2463	2600	2637	2669	2685	2604	2465	2405	2378	2539	2495	2496	2507	2535	2559	2651	2656	2671	2678	2653	2700	2832	2867	2888	2701	2745	2839	2925	2977	2990	2996	3024	2781	2782	3229	3251	3330	3429	3516	3567	3659	3947	4023	4070	4141	4175	4238	4247	4314	4408	4321	4406	4419
465	466	2205
58	59	98	304	170	171	325	338	185	186	253	272	356	360	397	505	445	458	552	454	455	467	468	482	487	488	497	510	512	516	524	525	526	533	534	535	555	560	566	574	586	593	953	661	1039	811	812	832	837	976	1148	1153	954	1157	1505	1356	1411	1409	1555	1414	1393	1394	1455	1613	1655	1676	1412	1482	1502	1507	1551	1552	1561	1565	1623	1477	1478	1549	1575	1587	1610	1670	1675	1858	1949	1908	2166	2125	2203	2187	1909	2160	2167	2188	2189	2267	2354	2351	2589	2582	2563	2636	2568	2456	2457	2699	2709	2698	2995	2737	2840	3013	2725	2697	2746	2747	2870	2881	2886	2895	2910	2924	2927	2928	2929	2976	2786	2854	2911	2914	2915	3016	3041	3065	2710	2731	2735	2744	2748	2750	2763	2772	2773	2779	2817	2818	2819	2835	2836	2841	2843	2850	2851	2852	2868	2882	2883	2887	2945	2955	2956	2958	2966	2968	2969	2970	2975	2984	2999	3006	3036	3042	3055	3056	3067	3301	3287	3274	3354	3508	3432	3482	3327	3328	3332	3335	3352	3441	3461	3522	3523	3521	3615	3808	3904	3542	3614	3634	3683	3713	3908	3989	3743	3784	3547	3607	3620	3625	3628	3640	3669	3680	3793	3824	3906	3911	3944	3981	3550	3556	3559	3561	3725	3869	3873	3893	3868	3882	3938	3768	3605	3892	3577	3645	3687	3766	3901	3616	3747	3791	4192	4084	4147	4252	4289	4313	4331	4383	4390	4391	4392	4430	4152	4199	4140	4115	4056	4064	4170	4210	4292	4296	4363	4365	4240	4262	4275	4304	4440
632	633	847	929	1166	1268	2401	2446	2461	2462	2529	2531	2561	2572	2615	2644	2661	2663	2665	3139
1714	1715	1922	1975	1996	2052
47	48	146
4134	4135
3544	3545	3546
51	52	62	63	73	75	76	85	87	88	92	96	97	111	112	115	116	123	133	143	144	150	153	290	161	245	264	296	319	361	364	406	1186	1617	1644	1656	2500	2414	3117	3679
4165	4166
3551	3552	3665	3790	3554	3555	3612	3613	3694	3711	3714	3806	3827	3856	3945	3972	3984	4007
527	528	550
1381	1382	1560
2417	2418	2517	2518	2694
4177	4178
49	50	100	101	295	410	459	515	591	638	778	1212	755	803	884	910	955	1014	1076	1100	1133	1142	1198	1200	1216	1228	1258	1324	1325	1326	1327	1332	1334	1459	1501	1943	1969	2128	2645	3031	3080	3268	3083	3130	3180	3226	3081	3106	3131	3146	3167	3220	3223	3306	3401	3494	3487	3431	3534	4290	4291	4123	4137	4246	4251	4301	4380	4415	4436	4437
2427	2428	2530	3705	4068	4069	4086	4143	4155	4156	4318
4223	4224	4435
2433	2434
201	202
556	557	561	564	575	663	636	1118	1270	1271	1354	1366	1337	1335	1355	1364	1377	1388	1418	1421	1443	1457	1464	1465	1489	1490	1496	1504	1514	1539	1540	1600	1601	1619	1662	1665	1468	1480	1625	1367	1453	1519	1550	1607	1687	1825	1918	2035	2065	2173	1741	1738	1767	1876	1688	1799	1833	2023	2165	1826	1900	2100	2238	2246	2256	2263	2287	2288	2307	2316	2333	2350	2952	2954	3242	3243	3299	3557	3651	3731	3992	4010	4044	4161	4151	4176	4193	4279	4332	4065	4066	4229	4360
2440	2441	2523	2537	2538	2668
8	9	33	40	1407	1447
4349	4350
206	207	284	340
603	604	607	4049	4082	4341
1744	1745
4375	4376
605	606	617	2346	2377	2564	2385	2423	2444	2482	2509	2514	2520	2557	2587	2597	2607	2623	2628	2639	2676	2680
4424	4425
37	302	316	160	313	315	414	415	436	594	641	1250	802	836	1022	1103	1254	640	694	742	780	835	892	906	1002	1027	1086	1128	1137	1165	1170	1188	1202	1238	1272	1274	1276	642	715	743	909	975	978	1062	1111	1187	1233	1252	659	660	981	1136	1193	671	672	714	818	691	1598	1538	1584	1634	1374	1403	1417	1419	1424	1425	1430	1435	1436	1437	1466	1483	1508	1518	1524	1541	1542	1558	1583	1605	1612	1616	1629	1642	1650	1653	1659	1661	1663	1671	1677	1390	1416	1758	1698	1686	1995	1752	1795	1732	2161	1697	1708	1710	1712	1739	1754	1757	1761	1782	1792	1817	1851	1856	1859	1881	1897	1945	1952	1982	2003	2004	2037	2045	2058	2080	2083	2095	2099	2137	2183	2202	2209	1810	1829	1983	2086	2185	2186	1875	2162	1751	1774	1788	1789	1880	1888	1912	1935	1992	1994	2008	2017	2022	2028	2075	2089	2103	2154	2157	2171	2180	1694	1929	1957	2036	2142	2216	1759	1838	1861	1919	1998	1713	1813	2222	1802	2146	2197	1711	1716	1740	1773	1862	1889	1896	1906	1928	1942	2057	2118	2122	2139	2147	2148	2055	1753	1812	1820	1830	1878	2041	2050	2101	2195	2237	2271	2336	2357	2296	2270	2286	2320	2249	2251	2330	2273	2274	2305	2315	2435	2466	2527	2560	2388	2443	2613	2373	2393	2400	2407	2420	2429	2467	2468	2472	2487	2488	2502	2510	2516	2521	2526	2533	2545	2549	2555	2591	2593	2595	2612	2646	2654	2655	2688	2689	2421	2447	2532	2570	2588	2592	2659	2565	2439	2690	2675	2664	2478	2397	2571	2575	2584	2590	2408	2627	2631	2662	2464	2504	2580	2491	2492	2857	2739	2961	2918	3047	2714	2783	2905	3029	2736	2855	2759	2760	2775	2926	2947	2983	3044	2733	2808	2809	2811	2916	2937	3071	2720	2774	2805	2814	2884	2930	2943	2960	2998	3045	3052	3053	2917	2721	2742	2749	2794	2795	2798	2846	2951	2985	3017	3019	3034	3043	2705	3015	3082	3164	3267	3087	3161	3207	3236	3104	3187	3088	3132	3153	3170	3176	3179	3182	3196	3202	3208	3230	3249	3254	3264	3276	3289	3291	3292	3396	3507	3312	3341	3381	3383	3395	3397	3413	3416	3417	3418	3474	3497	3509	3512	3538	3478	3489	3593	3591	3660	3783	3949	3578	3670	3771	3830	3596	3656	3658	3753	3785	3786	4000	3586	3854	3935	3958	3723	3594	3595	3606	3623	3627	3708	3792	3837	3843	3900	3996	4008	4242	4345	4404	4071	4169	4200	4058	4094	4221	4258	4248	4302	4342
53	54	55	56	66	67	68	72	74	78	82	84	86	89	109	124	126	127	128	142	155	472	610	611	1145	1004	1446	1358	1359	1499	1809	1961	1819	1846	1921	2204	1962	1967	2084	2430	2455	2577	2682	2681	2505	2620	2601	2602	2719	3109	3143	3152	3205	3231	3257	3258	3209	3110	3390	3506	3367
608	609	612	616
210	211	234	266	602	613	614	615	1124	1348	1433	1434	1626	1958	1959	1990	2007	2132	2133	2184	2283	2365	2384	2395	2398	2415	2506	2573	2635	2657	2658	2686	2437	2399	2422	2528	2833	2989	3221	3318	3369
926	1439	1440	1488	1559	1566	1667	2479	2799
3587	3588	3890
1449	1450	1476	1568	2178	2413	2363	2364	2449	2480	2481	2483	2494	2501	2536	2562	2649	2650	2513	2581	2626	2640	2770	2825
2511	2512
2540	2541	2542
1771	1772	2059
2566	2567	2670
1762	1763	2144	3600	3638	3601	3729	3770	3804	3805	3884	3752	4085	4159	4261	4263	4264	4281	4370	4379
2641	2642
1853	1854
521	522	599	1512	1544	1545	3801
1883	1884
231	232
1885	1886	2193	2227
1901	1902
12	13	44	93	94	147	305	353	425	426	165	163	166	187	195	204	235	240	243	244	262	263	273	274	292	311	312	326	337	375	429	293	391	443	444	446	474	489	495	500	503	504	509	545	546	547	548	570	595	703	751	916	1155	1262	1342	1372	1391	1432	1578	1593	1827	1915	2201	2310	2313	2419	2476	2614	2490	3084	3085	3144	3155	3133	3134	3183	3212	3235	3298	3307	3154	3479	3319	3320	3443	3466	3471	3467	3581	3630	3598	3631
1910	1911	2090
257	258	1609
226	227	287	265	456	511	1369	1594	1660	1370	1442	1485	1503	1543	1548	1643	1645	1678	1722	1790	2066	2072	1989	2105	2064	2909	3147	4204	4205	4299	4412
1946	1947
120	121
3671	3672
129	130
91	182	183	248	289	393	405	413	189	190	401	384	385	491	879	930	1055	1224	685	720	1058	1060	681	683	764	841	948	977	1087	1110	1256	1267	1269	1297	1321	1323	1088	1426	1385	1338	1405	1471	1475	1481	1487	1603	1608	1622	1635	1636	1638	1646	1648	1654	1422	1472	1397	1577	1580	1596	1611	1618	1666	1668	1695	1701	1703	1726	1735	1804	1852	1868	1890	1913	1927	1944	1948	1968	1984	1993	2027	2049	2108	2214	2218	2221	1857	1736	1870	2034	2175	2114	1696	1768	1784	1872	1916	1980	2032	2039	2040	2054	2093	2116	2136	2145	2194	2210	1737	1770	1781	1805	1977	2109	2124	2153	2236	2266	2230	2231	2234	2239	2243	2244	2250	2260	2272	2289	2292	2293	2300	2308	2317	2319	2321	2325	2327	2328	2337	2345	2349	2355	2356	2232	2233	2240	2245	2252	2255	2259	2278	2285	2290	2291	2304	2309	2311	2314	2323	2340	2342	2344	2329	2322	2369	2548	2402	2360	2396	2450	2547	2586	2632	2660	2370	2448	2524	2605	2611	2617	2758	2806	2869	2964	2987	2997	3035	3057	2723	2765	2856	2766	2801	2938	2973	3027	2962	2963	3001	3103	3105	3107	3178	3203	3206	3253	3135	3234	3140	3172	3233	3293	3225	3120	3376	3462	3841	4019	3610	3678	3851	3923	3666	3719	3767	4016	4017	4031	3844	4249	4057	4098	4118	4120	4198	4282	4388	4448	4061	4091	4153	4160	4060	4144	4293	4316	4062	4101	4106	4145	4162	4167	4172	4183	4186	4219	4237	4239	4245	4254	4255	4310	4328	4330	4355	4416	4432	4441	4241	4442	4173	4107	4171	4184	4100
333	334
224	225	1907	1764	1765	1787	2073	1963	1964	2074
3692	3693	3888
1978	1979
3695	3696
345	346	407
1985	1986
3703	3704	3877
2009	2010
3706	3707	3829
2013	2014
381	382	2391	2392	2406	2667	2687
3342	3343	3469	3496
103	104	114	154	196	241	271	180	181	188	197	215	260	282	300	314	329	330	336	352	399	424	388	342	343	457	565	600	479	480	485	589	619	700	621	634	648	662	739	801	807	822	838	846	858	864	876	877	878	888	893	899	900	902	914	918	931	933	934	963	1009	1015	1020	1044	1048	1049	1068	1073	1092	1109	1116	1132	1175	1177	1199	1213	1217	1231	1257	1278	1302	956	630	701	792	823	961	1115	907	1079	1263	1349	1513	1624	1674	1515	1460	1746	1766	1793	1794	1796	1806	1807	1824	1849	1871	1887	1892	1924	1925	1926	1976	2001	2042	2069	2121	2129	2158	2190	2198	2199	2030	1843	2018	1801	2196	1783	1699	1747	1808	2211	2261	2375	2374	2411	2412	2432	2474	2484	2519	2679	2368	2390	2525	2610	2616	2673	2691	2376	2386	2477	2703	2704	2712	2722	2728	2796	2807	2812	2813	2816	2827	2879	2880	2908	2944	2974	3011	3028	3064	3068	2936	2863	2828	2829	2900	2901	3048	3224	3252	3127	3210	3260	3261	3502	3701	3839	4037	3860	3667	3855	3866	3913	3980	3937	3942	4138	4126	4201	4097	4148	4207	4343	4346	4139
2019	2020	2381
3572	3573	3740	3741
3364	3365	3473
2077	2078
3748	3749
2598	2599	3758	3759	3835
416	417	696	697	787	1125	1159	1245	1246	1473	1474	1546	1614	2247	2302	2352	2254	2284	2318	2343	2891	2740	2826	3169	3175	3204	3246	3558	3871
418	419
3370	3371	3433	3475	3504	3510	3517
431	432
3763	3764	3930
1221	1222	1265	3102	3976	3993
3074	3075	3079	3255
3779	3780	4080	4081	4226	4269
168	355	191	192	199	252	286	433	208	209	251	259	309	323	402	430	437	1341	1427	1491	1557	1462	1517	1529	1573	1428	1521	1562	1582	1657	1530	2044	1836	1837	1894	2031	2048	2295	2303	2306	2409	2452	2410	2546	2672	2677	2453	2460	2552	2553	2574	2609	3333	3334	3366	3427	3472	3392	3421	3451	3459	3460	3476	3530	3543	3589	3637	3965	3590	4020	4067	4194	4055	4076	4220	4222	4225	4256	4273	4298	4305	4374	4253	4285
3832	3833	4025	4043
704	705	723	756	760	799	800	825	826	848	896	959	1080	1082	1093	1114	1151	1173	1298	1800	2070	1917	2282	2353	2873
3374	3375	3411	3424	3435	3531
3845	3846	3929
3954	3955	3956
3436	3437
2715	2716	2788	3761
3994	3995
4034	4035
707	708	1077	1139
3094	3095
2751	2752	3072
60	61	108	167	184	275	332	350	427	349	423	726	674	675	897	912	919	1019	1065	1090	1117	1296	727	1506	1522	1632	1633	1815	1724	1999	2170
3525	3526
310	592	990	993	1204	1353	1373	1581	1336	2079	2191	2169	2140	1769	1879	1899	2043	2102	2138	1811	2104	2262	2594	2596	2431	2824	2904	2979	3023	2860	3009	2823	2953	3227	3166	3211	3419	3425	3400	3484	3540	3641	3782	3891	3895	3933	3898	4029	3939	3652	3662	3664	3907	3541	3576	3582	3603	3604	3609	3644	3661	3663	3673	3689	3697	3698	3699	3700	3715	3717	3721	3722	3732	3733	3735	3737	3738	3739	3744	3745	3746	3750	3751	3754	3755	3756	3757	3776	3781	3795	3802	3803	3807	3810	3811	3812	3821	3822	3840	3842	3852	3853	3857	3858	3859	3862	3863	3874	3875	3876	3878	3885	3886	3887	3912	3915	3920	3924	3925	3934	3951	3953	3959	3960	3961	3962	3966	3967	3968	3969	3970	3973	3974	3975	3977	3978	3979	3982	3983	3985	3986	3987	3997	3998	3999	4001	4002	4003	4004	4013	4015	4022	4024	4026	4027	4028	4030	4032	4036	4040	4041	3946	3880	3881	3950	3952	3971	3964	4243	4276	4339	4074	4075	4157	4158	4164	4174	4180	4208	4209	4244	4259	4260	4265	4266	4267	4268	4271	4272	4277	4278	4287	4297	4300	4307	4315	4329	4347	4351	4371	4397	4402	4418	4420	4104	4284	4368	4369	4387	4398	4403	4405	4407	4417	4444	4446	4105	4280	4443
2761	2762	2982	3010
728	729	750	770	805	820	941	962	965	1081	1091	1185	1240	1264	1307	2265	3653	3633	4039	3654	3777	3872
156	173	200	205	348	367	370	172	194	306	327	328	212	213	261	279	283	428	363	412	627	653	1105	1210	1144	620	678	679	709	759	784	786	788	791	824	872	946	949	950	951	982	984	987	988	1000	1018	1047	1084	1104	1160	1168	631	719	1101	1241	1728	2063	1721	1729	1748	1760	1822	1844	2015	1991	2217	2062	1933	2606	2522	3007	3726	4095
151	250	420	157	318	411	219	220	228	239	254	369	371	421	255	256	321	400	403	404	438	464	481	492	506	514	439	440	441	442	447	448	451	462	469	470	476	501	517	518	519	523	538	539	540	541	543	544	549	553	559	568	569	571	572	573	577	578	580	581	584	585	587	590	597	598	828	650	1284	1239	757	886	682	744	793	1003	1189	1161	692	693	752	845	996	1196	1215	1448	1463	1536	1547	1556	1576	1586	1615	1516	1590	1567	2152	1981	2179	2135	2120	2130	2312	2253	2258	2583	2442	2445	2508	2608	2730	2732	2764	2776	2790	2791	2792	2797	2866	2906	2949	2993	3000	3050	2757	2802	2803	2804	2821	2865	2988	2991	3012	3058	2724	2810	2907	2946	3025	3061	3069	2777	2800	2875	3026	3181	3519	3428	3448	3481	3503	3539	3458	4038	3569	3570	3626	3642	3643	3646	3647	3649	3686	3727	3772	3796	3820	3831	3867	3894	3916	3917	3919	3926	3927	3957	3963	4006	3562	3668	3681	3899	3932	4014	3599	3936	4046	4048	4052	4053	4054	4093	4096	4099	4102	4103	4108	4109	4111	4112	4116	4117	4119	4121	4122	4124	4125	4127	4128	4129	4131	4133	4136	4149	4150	4163	4181	4191	4195	4196	4197	4206	4213	4214	4217	4227	4228	4230	4231	4233	4234	4236	4257	4270	4274	4283	4288	4306	4309	4322	4323	4324	4325	4326	4333	4334	4338	4340	4354	4377	4378	4381	4385	4386	4396	4400	4401	4409	4410	4413	4414	4422	4423	4426	4427	4428	4429	4433	4434
70	71	110	135	148	152	159	169	179	222	223	229	238	242	249	301	307	317	320	331	379	387	390	394	396	398	380	217	218	285	294	373	374	463	529	562	563	475	496	809	626	1021	1061	1255	647	1150	911	1176	753	746	622	669	699	754	859	898	1012	1045	1064	1083	625	895	983	730	737	844	865	1098	1106	1122	1242	1226	810	1102	1140	680	790	833	862	932	829	843	851	789	819	850	852	903	923	999	1043	1059	1067	1097	1129	1131	1146	1154	1218	1243	1282	1309	972	973	1107	1275	1227	1330	1331	1456	1640	1553	1379	1396	1479	1500	1579	1357	1351	1352	1360	1380	1404	1410	1438	1486	1493	1509	1510	1511	1523	1528	1537	1571	1599	1606	1637	1647	1680	1350	1386	1400	1406	1408	1415	1420	1444	1497	1520	1589	1591	1592	1604	1631	1672	1673	1682	1664	1564	1649	1554	1679	1692	1775	1869	1920	1955	1973	2016	2047	2172	1855	2005	2026	2164	2111	1742	1835	1938	2029	2082	1727	1891	1954	1988	2002	2038	2085	2168	2192	2229	2268	2294	2264	2324	2298	2579	2578	2438	2489	2622	2621	2706	2708	2768	2789	2992	2696	2787	2935	2959	2919	2738	2767	2834	2980	2862	3073	2713	2756	2741	2753	2755	2771	2822	2885	2892	2893	2939	2940	2941	2957	3005	3018	3032	3037	3039	3051	3054	3059	3060	3070	2820	2707	2861	3014	3111	3194	3114	3113	3250	3305	3115	3339	3316	3338	3377	3379	3380	3386	3398	3434	3440	3515	3361	3499	3323	3337	3513	3412	3389	3359	3407	3453	3317	3340	3378	3362	3500	3535	3690	3560	3585	3622	3635	3648	3655	3675	3676	3677	3724	3762	3788	3815	3819	3823	3931	3948	4005	4033	3773	3797	3818	3838	3903	3608	3564	3716	3685	4009	3688	3611	3787	3861	3909	3914	4012	4021	3760	3991
2830	2831	3020	3030
748	749	908	1050	2475	2629
2844	2845
2382	2383	2695	2625	2647	2684	2780	3244	3245
449	450	473	551	601	483	484	486	502	513	536	676	794	677	808	795	964	1451	1452	1733	1867	1734	1951	2025	2106	2110	2225	2248	2276	2277	2279	2280	2281	2297	2299	2338	2339	2341	2347	2348	2769	2842	3216	3141	3190
36	368	623	624	857	1494	1882	1832	2473	3004	3193	3281	3122	3309	3314	3315	3336	3345	3350	3353	3355	3357	3358	3360	3363	3368	3387	3391	3394	3409	3422	3426	3444	3445	3456	3457	3490	3493	3438	3347	3351	3382	3465	3477	3480	3537	4113	4114	4190	4348	4168	4182	4311	4431	4449
997	998	1333	1389
10	11	23	24	280	579	1075	1032	1033	1141	1492	2123	1860	2143	1777	1756	1850	2061	1704	1705	2067	2068	2126	2127	2967	2986	2702	3022	2711	2793	2859	2897	2898	2912	2920	2931	2932	2933	2934	2971	3008	2853	2726	2858	3119	3168	3174	3188	3173	3145	3218	3096	3097	3112	3118	3128	3129	3248	3266	3277	3086	3098	3101	3108	3121	3137	3138	3198	3201	3222	3228	3262	3304	3116	3151	3163	3189	3192	3195	3197	3219	3240	3241	3271	3290	3294	3296	3297	3303	3091	3092	3136	3162	3171	3283	3285	3308	3142	3156	3159	3177	3199	3256	3263	3265	3269	3280	3282	3302	3468	3393	3455	3331	3450	3313	3399	3454	3470	3488	3322	3346	3404	3408	3420	3423	3442	3464	3329	3415	3446	3532	3533	3356	3321	3324	3325	3402	3403	3406	3410	3414	3384	3385	3463	3483	3486	3491	3498	3514	3527	3495	3566	3553	3684	3575	3629	3682	3825	3870	3940	3579	3568	3580	3583	3621	3636	3657	3691	3710	3742	3798	4018	3592	3584	3765	3775	3879	3928	3548	3563	3571	3574	3718	3720	3769	3813	3816	3817	3826	3828	3834	3847	3848	3941	3990	4042	4045	3709	3889	3988	3632	3639	3734	3883	3896	3897	3921	4011	3778	3789	3814	3618	3619	3624	3774	4362	4295	4312	4344
2871	2872	2874	2965
2876	2877
2902	2903
2922	2923	3066
162	176	177	178	198	216	233	298	344	354	383	392	452	494	499	453	460	461	508	520	530	537	542	554	567	576	582	583	588	596	618	775	915	1006	1149	1285	1621	1347	1392	1498	1965	1828	1905	2425	2436	2454	2458	2543	2550	2551	2624	2778	2889	3046	2729	3485	3511	3674	3799	3922	3943
