0	1
2	3	17	34	36	4	5	32	221	291	635	658	695	806	831	885	891	937	952	957	985	986	1089	1108	1277	887	842	874	894	913	1008	1143	1172	1441	1366	1454	1457	1367	1453	1519	1550	1607	2012	1915	1731	1882	1821	1970	2055	2176
6	7	25	35	187	193	443	702	1007	1035	1214	1684	1685	1743	1842	1845	1847	1873	1874	2006	2098	2151	2155	2163	2181	2201
8	9	33	40	1407	1447
10	11	23	24	579
12	13	44	250	305	353	420	425	426	509	703	751	916	1155	1262
811	812	832	837	976	1088	1148	1153
14	15	16	20	21	22	26	27	28	29	30	38	41	42	43	158	164	203	214	230	236	237	246	247	269	270	276	277	278	281	288	303	308	310	324	335	341	347	351	357	362	365	366	376	377	386	389	395	408	409	422	434	435	267	268	477	478	490	498	558	1135	1152	704	705	723	756	760	799	800	825	826	848	896	959	1080	1082	1093	1114	1151	1173	1298	1383	1431	1531	1588	1469	1470	1398	1399	1800	2070	1917
18	19	493	1016	1017
31	37	39
1689	1690	1798	2156
839	840
853	854	1368
972	973	1107
997	998	1333	1389
1032	1033	1141
1052	1053
167	168	184	275	332	350	355	427	349	423	726	674	675	897	912	919	1019	1065	1090	1117	1296	727	1313	1506	1522	1724	2170
1126	1127	1158
1219	1220	2060
1221	1222	1265
170	171	325	338	1356	1393	1394	1455	1613	1655	1676
449	450	473	551	601	676	794	677	808	851	795	964	1451	1452	1867
1245	1246	1473	1474	1546	1614
1704	1705
1270	1271	1337
45	46	57	69	77	79	81	90	91	95	102	105	106	107	113	117	118	122	125	138	140	149	302	160	1186	651	931	1254	769	780	892	1002	1202	1111	652	804	868	869	1223	1110	1592	1353	1373	1405	1471	1475	1481	1487	1492	1494	1495	1538	1584	1603	1608	1622	1624	1634	1635	1636	1638	1646	1648	1654	1674	1671	1695	1824	1703	1735	1927	1810	1829	1983	2086	2185	2186	1875	2111	2162	2217	1783	1696	1699	1747	1756	1768	1769	1784	1802	1808	1850	1872	1916	1980	2032	2039	2040	2054	2061	2062	2093	2116	2135	2136	2145	2194	2210	2211
174	175	299	372	378
1328	1329
180	181	188
1330	1331
182	183	248	289	393	405	413
1358	1359	1499
465	466	2205
185	186	253	272	356	360	397	445	454	455	467	482	487	488	497	510	512	516	524	525	526	533	534	535	555	560	566	574	586	593	953	954	1157	1411	1412	1482	1502	1507	1551	1552	1561	1565	1623	1908	1909	2160	2167
632	633	847	929	1166	1268
1714	1715	1922	1975	1996	2052
479	480	485	589
47	48	146
189	190	401
483	484	486	502	513	536	1733	1734	1951	2025	2106	2110	2225
49	50	100	101	295	410	515	638	778	942	639	716	755	803	830	884	910	955	1014	1023	1076	1100	1133	1142	1156	1198	1200	1216	1228	1242	1258	1324	1325	1326	1327	1332	1334	1459	1501	1669	1943	1969	2128	2046	2056
191	192	199	252	286	433	1341	1462	1517	1529	1573
139	51	52	62	63	73	75	76	85	87	88	92	96	97	111	112	115	116	123	133	143	144	150	153	290	161	245	264	296	297	319	361	358	364	406	359	471	458	634	836	654	698	720	783	861	866	1028	1123	1138	1169	1180	1188	1194	1197	1207	1232	1251	1274	1287	1288	1289	1310	1311	1314	660	1426	1505	1617	1644	1656	1403	1417	1419	1422	1430	1435	1436	1461	1466	1472	1483	1508	1524	1541	1542	1558	1581	1583	1605	1612	1616	1629	1650	1653	1659	1660	1661	1663	1758	1683	1795	1782	1870	1759	1936	1693	1709	1717	1719	1720	1725	1730	1755	1776	1803	1814	1818	1841	1848	1863	1864	1865	1895	1937	1939	1940	1960	1974	2000	2024	2033	2071	2076	2112	2113	2114	2119	2134	2200	2206	2207	2104
521	522	599	1512	1544	1545
527	528	550
1381	1382	1560
459	531	532
556	557	561	564	575	1825	1826	1900	2100
201	202
206	207	284	340
603	604	607
1744	1745
605	606	617
208	209	251	259	309	323	402	430	437	1427	1491	1428	1521	1562	1582	1657	1530
53	54	55	56	66	67	68	72	74	78	82	84	86	89	109	124	126	127	128	142	155	242	472	563	476	507	539	629	1210	641	628	648	798	801	879	933	1116	678	684	706	725	1095	1145	1168	630	637	640	643	644	646	649	655	656	657	664	665	666	667	668	673	685	686	687	688	689	690	694	710	711	712	713	717	718	721	722	724	732	733	734	735	736	738	740	741	742	744	745	747	758	761	762	765	766	767	768	771	773	774	776	777	779	781	782	785	792	796	797	813	814	815	816	817	821	823	834	855	856	857	860	863	867	870	871	875	880	881	882	883	889	890	901	904	905	906	917	920	921	922	924	925	926	927	928	935	936	938	939	940	943	944	945	958	960	966	967	968	969	970	971	974	979	980	989	991	992	993	994	995	1001	1003	1004	1005	1010	1013	1024	1025	1026	1029	1030	1031	1034	1036	1037	1038	1040	1041	1042	1046	1051	1054	1056	1057	1058	1060	1063	1066	1069	1070	1071	1072	1074	1078	1096	1099	1112	1113	1119	1120	1121	1128	1134	1137	1147	1162	1163	1164	1165	1167	1170	1171	1178	1179	1181	1182	1189	1190	1191	1192	1195	1201	1203	1204	1205	1206	1208	1209	1211	1212	1225	1229	1230	1234	1235	1236	1237	1238	1244	1247	1248	1249	1253	1259	1260	1261	1266	1272	1273	1279	1280	1281	1283	1286	1290	1291	1292	1293	1294	1295	1299	1300	1301	1303	1304	1306	1312	1315	1316	1317	1318	1319	1320	1322	642	743	909	961	975	978	1062	1161	1183	1187	1252	683	841	948	977	1087	1130	1256	1267	1269	1297	1321	1323	1039	1385	1361	1343	1363	1375	1376	1384	1484	1597	1620	1658	1390	1429	1515	1362	1395	1458	1627	1628	1681	1567	1577	1580	1596	1611	1666	1668	1809	1961	1819	1846	1921	2204	1686	1746	1766	1793	1794	1796	1806	1807	1816	1849	1871	1887	1892	1924	1925	1926	1976	1995	2001	2042	2069	2121	2129	2158	2190	2198	2199	1903	1713	1813	2222	1962	1967	2084
608	609	612	616
610	611
1348	1433	1434	1626	1958	1959	1990	2007	2132	2133
210	211	234	266	602	613	614	615
1439	1440	1488	1559	1566	1667
212	213	261	279	283	428
1762	1763	2144
1449	1450	1476	1568	2140
1764	1765	1787
217	218	285	294	373	374	647	990	1150	911	1176	1226	1275	1227	1855
1771	1772	2059
58	59	98
1477	1478	1549	1575	1587	1610	1670	1675
318	219	220	228	239	254	369	371	421	464	475	481	496	506	514	592	650	1250	1284
60	61	108	1815	1999
64	65	83	99	119	131	132	134	136	137	141	145	1595
1836	1837	1894	2031
659	981	1136
224	225	1907
226	227	287	265	456	511	1369	1594	1370	1442	1485	1503	1543	1548	1643	1645	1678	1722	1790	2066	2072	2079	2191	1989	2105	2064
1853	1854
671	672	714	818
1883	1884
231	232
1885	1886	2193	2227
70	71	110	135	148	152
1569	1570
255	256	321	400	403	404
1901	1902
1632	1633
93	94	147	165	163	166	195	204	235	240	243	244	262	263	273	274	292	311	312	326	337	375	429	293	391	444	446	474	489	495	500	503	504	545	546	547	548	570	595	1342	1372	1391	1432	1578	1593	1827
1910	1911	2090
257	258	1609
103	104	114	154
1946	1947
316	313	315	1022	1064	730	835	865	1027	1086	1276	1308	715	1233	1193	680	681	691	833	862	932	789	1357	1528	1598	1424	1425	1437	1518	1677	1397	1618	1698	2063	1752	1700	1701	1726	1732	1804	1852	1932	1948	1968	1991	1993	2027	2049	2108	2117	2161	2214	2218	2221	1697	1708	1710	1712	1739	1754	1757	1761	1792	1817	1851	1856	1857	1859	1881	1897	1945	1949	1952	1982	2003	2004	2037	2045	2058	2080	2083	2095	2099	2137	2152	2183	2202	2209	1778	2005	1751	1774	1788	1789	1880	1888	1912	1935	1992	1994	2008	2017	2022	2028	2075	2089	2103	2154	2157	2169	2171	2180	1694	1929	1957	2036	2142	2166	2216	2146	2197	1711	1716	1740	1773	1862	1879	1889	1896	1899	1906	1928	1942	2043	2057	2102	2118	2120	2122	2130	2138	2139	2147	2148	1753	1811	1812	1820	1830	1878	2041	2050	2101	2195
120	121
129	130
333	334
2073	1963	1964	2074
342	343	700	878	682	701	829	1115	1349	1513	1460	1801	2196
1978	1979
345	346	407
1985	1986
2009	2010
2013	2014
381	382
2019	2020
384	385
692	693	752	845	996	1196	1215
414	415	436
2067	2068
416	417
2077	2078
418	419
696	697	787	1125	1159
2126	2127
431	432
2188	2189
707	708	1077	1139
728	729	750	770	805	820	941	962	965	1081	1091	1185	1240	1264	1307
156	157	173	200	205	304	339	348	367	370	222	172	194	306	327	328	380	363	368	412	562	594	468	600	619	809	627	653	1105	1144	746	1239	620	621	622	662	670	699	739	757	802	807	822	838	846	858	859	864	876	886	888	893	898	899	900	902	914	918	930	934	963	1009	1012	1020	1044	1045	1048	1049	1055	1068	1073	1075	1083	1092	1103	1109	1132	1175	1177	1199	1213	1217	1224	1231	1257	1278	1302	679	709	784	786	788	791	824	872	895	946	949	950	951	956	982	983	987	988	1000	1018	1047	1104	1124	1160	1174	631	719	737	772	844	947	1085	1094	1098	1106	1122	810	1101	1102	1140	1241	1305	790	764	819	850	852	907	923	999	1043	1059	1067	1079	1097	1129	1131	1154	1218	1243	1263	1282	1309	1553	1379	1396	1479	1500	1579	1338	1351	1352	1360	1380	1404	1409	1410	1438	1486	1493	1509	1510	1511	1523	1537	1555	1571	1599	1606	1637	1647	1680	1350	1386	1400	1406	1408	1414	1415	1420	1444	1446	1497	1516	1520	1589	1590	1591	1604	1631	1672	1673	1682	1554	1679	1728	1692	1775	1785	1858	1869	1920	1955	1973	2016	2047	2123	2141	2172	1721	1729	1748	1760	1822	1844	2015	1890	1913	1749	1736	2030	1860	2026	2164	1797	1823	1953	1834	1727	1777	1891	1919	1954	1988	1998	2002	2034	2038	2085	2168	2192	2229	2175	1933	1737	1770	1781	1805	1977	2109	2124	2153	2203	1750	1931	2092	2178	2187	2223
80	159	169	179	196	223	229	238	241	249	271	301	307	317	320	322	331	379	387	390	394	396	398	411	197	215	260	280	282	300	314	329	330	336	352	399	424	388	463	505	529	591	457	552	598	565	626	1021	1061	1255	753	661	669	754	849	877	1015	625	759	984	1084	645	731	1184	763	843	827	903	1011	1146	1339	1413	1456	1640	1374	1642	1664	1564	1649	1527	1340	1344	1345	1346	1365	1371	1378	1387	1401	1402	1416	1423	1445	1467	1525	1526	1532	1533	1534	1535	1563	1572	1574	1585	1602	1630	1639	1641	1652	1651	1702	1786	1930	1987	1868	1944	1984	1843	2018	1691	1706	1707	1718	1723	1741	1742	1779	1780	1831	1832	1835	1838	1839	1840	1861	1866	1877	1893	1904	1914	1923	1934	1938	1941	1950	1956	1966	1971	1972	1981	1997	2021	2029	2051	2053	2081	2082	2087	2088	2091	2094	2096	2097	2115	2125	2131	2143	2149	2150	2174	2177	2179	2182	2208	2212	2213	2215	2219	2220	2224	2226	2228	1791	1898	2107	2159	2011
748	749	908	1050
663	636	873	1118	1354	1335	1336	1355	1364	1377	1388	1418	1421	1443	1464	1465	1489	1490	1496	1504	1514	1539	1540	1600	1601	1619	1662	1665	1468	1480	1625	1687	1918	2035	2065	2173	1738	1767	1876	1688	1799	1833	2023	2165
623	624
151	162	176	177	178	198	216	233	298	344	354	383	392	438	452	492	439	440	441	442	447	448	451	462	469	470	491	494	501	517	518	519	523	538	540	541	543	544	549	553	559	568	569	571	572	573	577	578	580	581	584	585	587	590	597	499	453	460	461	508	520	530	537	542	554	567	576	582	583	588	596	828	618	775	915	1006	1149	1285	793	1621	1448	1463	1536	1547	1556	1557	1576	1586	1615	1347	1392	1498	1965	1828	1905	2044	2048	2184
