0	1
3002	3003
2	3	17	34	32	221	291	635	658	695	806	831	885	891	937	952	957	985	986	1089	1108	1277	887	874	894	913	1008	1143	1172	1441	1366	1454	1652	1367	1453	1519	1607	1651	1785	2012	1915	1731	1741	1791	1821	1970	2011	2558	2643	2867	2888	3232	3288	3300	3602	3617	3650	3730	3800	3836	4154	4356	4161	4540	4536	4590	4817	4818	6430	6313
6	7	25	35	93	94	147	296	297	165	178	392	187	193	195	204	235	243	262	263	312	326	429	443	702	1007	1035	1214	1684	1685	1743	1842	1845	1847	1873	1874	2006	2098	2151	2155	2163	2181	2313	2469	2470	2490	2493	2499	2503	2648	2674	2778	2889	3046	3076	3077	3184	3528	3581	3630	3849	3549	3598	3631	3850	4567	4805	4833	4748	4751	4775	5000	5046	5082	5155	5189	5115	5206	5316	5678	6257	5663	6423	6451	6222	6523	6404	6459
8	9	33	40	1407	1447	5427	5475	6242	6245	6251	6400	6401
10	11	23	24	579	1492	1850	2233	3022	2853	3097	3128	3248	3086	3222	3322	3346	3404	3408	3420	3423	3442	3464	3329	3415	3324	3325	3402	3403	3406	3410	3414	3385	3597	3592	3778	3814	4316	4598	4534	4611	4461	4493	4696	4723	4730	4593	4969	5156	5783	6499	6513	5485	6034
12	13	44	250	305	353	420	425	426	238	506	503	439	440	469	518	540	544	568	569	572	577	585	703	757	751	916	1155	1262	999	1448	1547	1973	2730	2732	2791	2792	2797	2866	2906	2993	3050	2944	3236	3479	3425	4038	3642	3796	3820	3894	3933	4325	4427	4465	4477	4629	4652	4738	5170	4753	5095	5263	6156
14	15	16	20	21	22	26	27	28	29	30	38	41	42	43	158	164	203	214	230	236	237	246	247	269	270	276	277	278	281	288	303	308	335	341	347	351	362	365	366	376	377	386	389	395	408	409	422	434	435	267	268	477	478	490	498	558	1152	704	705	723	756	760	799	800	825	826	848	896	959	1080	1082	1093	1114	1151	1173	1298	1313	1383	1431	1531	1588	1469	1470	1398	1399	1800	2070	1917	2282	2242	2353	2422	2692	2693	2734	2838	2849	2896	2873	3238	3270	3272	3295	3439	3310	3441	3311	3388	3501	3520	3905	3745	3750	3811	3880	3881	3952	3971	4097	4329	4104	4105	4443	4139	4472	4473	4573	4813	4746	5010	5038	4801	4749	4796	5251	4802	4750	4928	5012	5027	5119	5154	5166	5171	4822	5051	5348	5525	6049	6191	5906	5491	5677	5687	5690	5970	6427	5847	5610	5861	6483	6336	6244	5736	5524	5513	5514	5318	5607	5800	6040	6448	6466	6511	6359	5858	6262	6015	6447	6127
18	19	493	1016	1017
2361	2362
31	39
1689	1690	1798	2156
2366	2367
449	450	473	551	601	676	794	677	851	795	964	1451	1452	1867	1734	2025	2248	2276	2277	2279	2280	2281	2297	2299	2338	2339	2341	2347	2348	2440	2441	2523	2537	2538	2668	2769	2842	3141	3190	4609	4464	4637	4706	4735	5033	4820	5030	5107	5034	5049	6122	5323	5438	5765	5791	5792	5798	6020	6022	6168	6173	6478	6484	6503	6515	6260	5976	5443	6055	5313	5471	5322
1704	1705	3197	3775	3879
45	46	57	69	77	79	90	91	95	102	105	106	107	113	117	118	122	125	138	139	140	149	302	358	160	413	359	613	1186	651	902	930	1224	1254	769	780	892	1137	1202	1272	1111	652	804	868	869	1223	1110	1353	1373	1405	1471	1475	1487	1495	1584	1603	1608	1622	1635	1636	1638	1646	1648	1654	1695	1796	1735	1944	2214	1857	1810	1983	2086	2185	2186	1875	2111	2162	1988	2114	1747	1756	1768	1784	1808	1916	1980	2032	2039	2040	2054	2061	2093	2116	2135	2136	2194	2210	2211	2269	2320	2231	2234	2244	2250	2253	2258	2260	2261	2272	2289	2293	2317	2321	2325	2327	2328	2345	2245	2285	2311	2340	2388	2443	2948	2950	2727	2978	3040	2897	2720	2723	2814	2884	2943	2960	2998	3045	3052	2756	2765	2766	2938	3027	3001	3145	3135	3172	3293	3096	3112	3129	3266	3565	3702	3728	3736	3865	3918	3809	3566	3783	3923	3709	3889	4190	4348	4683	4466	4501	4462	4499	4502	4521	4563	4626	4649	4734	4463	4486	4497	4510	4517	4572	4594	4595	4716	4549	5031	4854	5124	5013	5151	4768	4815	4945	4989	6467	6410	6076	6281	5980	6444	6405	5805	6077	6343	6199	6474	5292	6024	6284	5723	5633	6280	6315	6361	5724	6285
4778	4779	4788
2379	2380	2556	2633	2634	4824	4851	4986	5143	5084	5186	5190	5409	5410	6415
4783	4784	4922	5079
2382	2383	2695	2625	2647	2684	2780	3244	3245	5927
4785	5116
248	1321	1358	1359	1499	2525	2505	2758	2806	2869	2987	2997	3035	3152	3258	3468
465	466	2205
4790	4791	5078	5244
632	633	847	929	1166	1268	2401	2446	2461	2462	2529	2531	2561	2572	2615	2644	2661	2663	2665	3139	4664	4673	4959	4806	4949	4786	5158	6246	6365	5872	6445	6530	6532	5860	5832	5300	5309	5714	5820	6058	6488
1714	1715	1922	1975	1996	2052	5159	6529
479	480	485	3860
2403	2404	2534	2683	3326	3349	3447	3492	3518	3524	4132	4142
47	48	146
483	484	486	502	513	536	1733	1951	2106	2110	2225	3216	4943	5136	5223	6070	5324	5659	6046	5537
49	50	100	101	295	410	515	638	778	942	716	755	803	884	955	1014	1076	1133	1142	1198	1216	1228	1271	1324	1325	1326	1327	1332	1334	1459	1501	1969	2128	1738	1876	2238	2246	2256	2263	2287	2307	2316	2333	2350	3031	3268	3494	4044	4290	4291	4065	4066	4229	4541	5083	5122	5570	5968
4830	4831	4937	5180
51	52	62	63	73	75	76	85	87	88	92	96	97	123	133	143	144	150	153	290	245	319	361	364	406	471	1250	836	759	720	783	842	1028	1138	1188	1197	1274	1287	1426	1505	1617	1644	1634	1374	1403	1417	1419	1422	1435	1436	1461	1466	1472	1483	1508	1524	1541	1558	1583	1612	1616	1629	1642	1650	1659	1661	1671	1397	1574	1758	1683	1993	1870	1759	1834	1838	1923	2182	1693	1717	1720	1730	1755	1776	1814	1818	1841	1848	1863	1937	1939	1940	1974	2000	2024	2033	2071	2076	2112	2119	2200	2206	2207	2357	2270	2286	2342	2344	2500	2389	2360	2396	2450	2547	2586	2632	2660	2371	2387	2426	2486	2576	2603	2659	2397	2571	2575	2584	2590	2408	2627	2631	2662	2392	2667	2736	2855	2759	2760	2775	2983	3044	3087	3104	3117	3679	3583	3657	3577	3645	3988	4408	4079	4202	4165	4166	4178	4542	4584	4693	4460	4488	4543	4552	4455	4707	4546	4559	4600	4618	4669	4725	4827	4841	4898	4920	5211	5177	5019	5098	5635	6456	5519	5531	6558	5436	6123	6554	5717
521	522	599	1512	1544	1545	3801	4675
527	528	550	4305
1381	1382	1560
2417	2418	2517	2518	2694
459	531	532	3401	3431	3534	6354	6367
81	556	557	561	564	575	1825	1826	1900	2100	2952	2954	3242	3243	4459	4496	4658	6151
2427	2428	2530	3705	4068	4069	4086	4143	4155	4156	4318
4895	4896	4978	5058	5249	5520
2433	2434	4601	4913	4914	4915	5024	5200	5218	5449	5979	6132	6213
5281	5282
603	604	607	4049	4082	4341	4532	4568	4578	4580	4588	4607	4700	6103
1744	1745
4677	4678	4519	4520	4610
357	411	463	553	578	580	605	606	617	1210	739	878	886	1103	682	950	1168	744	792	1189	1444	1516	1672	1653	1460	1567	1926	1782	2036	2142	1801	2196	1981	2053	2082	2179	2197	2120	2122	2130	2147	2148	1830	2312	2300	2346	2349	2377	2583	2675	2564	2385	2423	2442	2444	2445	2482	2508	2509	2520	2557	2587	2596	2597	2608	2623	2628	2639	2676	2680	2764	3000	2857	2703	2724	2810	2816	2907	2908	2979	3023	3025	3028	3061	3068	3069	2777	2800	2875	3005	3032	3054	3070	2710	3111	3503	3458	3569	3626	3643	3646	3647	3649	3686	3831	3867	3891	3895	3916	3917	3919	3926	3927	3957	3963	4006	3681	3855	3913	3936	3609	3697	3802	3859	3912	3951	4004	4030	3964	4242	4046	4048	4052	4053	4054	4099	4102	4103	4108	4111	4112	4116	4117	4119	4121	4122	4124	4125	4126	4127	4128	4129	4131	4133	4136	4149	4150	4163	4181	4195	4196	4206	4213	4214	4217	4227	4228	4230	4233	4234	4236	4243	4257	4270	4274	4276	4283	4288	4306	4309	4322	4323	4324	4326	4333	4334	4338	4339	4340	4377	4378	4381	4385	4386	4396	4400	4401	4409	4410	4413	4414	4422	4423	4426	4428	4429	4433	4434	4174	4209	4244	4259	4266	4268	4271	4407	4248	4302	4342	4656	4503	4765	4743	4909	4962	5081	4761	4782	4853	4855	4857	4877	4878	4880	4892	4893	4903	4905	4938	4939	4940	4944	4948	4950	4951	4952	4955	4956	4957	4960	4967	4983	4997	4998	5003	5005	5018	5023	5068	5072	5080	5091	5123	5134	5141	5145	5149	5187	5195	5196	5197	5198	5204	5205	5207	5208	5209	5210	5215	5217	5221	5248	5250	4994	5002	4975	4887	5179	4766	4826	4836	4843	5586	6335	5373	5456	5546	5611	5840	6357	5631	5886	5753	5868	5672	5594	5770	5451	5814	5871	5334	6155	5746	5850	5883	5418	6528	5544	5560	5808	5815	5817	5837	5851	5852	6019	6164	6167	6189	6305	5710	6293	6317	6331	6397	6433	5369	5529	5545	5565	5596	5645	5757	5935	6120	6141	6154	6180	6187	6188	6323	6332	6472	6473	6267	6497	6329	6266
3183	4923	4924	5174	5849	5617	6209	6454	6494
4522	4523	4617	6250
116	53	54	55	56	66	67	68	72	74	78	82	84	86	89	109	124	126	127	128	142	155	181	329	368	472	563	610	611	629	641	1006	628	648	798	879	678	684	706	784	786	946	949	1095	1145	1160	1174	630	637	643	644	645	649	654	655	656	657	664	665	666	667	668	673	686	687	688	689	690	698	710	711	712	713	717	718	721	722	724	732	733	734	735	736	738	740	741	742	745	747	758	761	762	767	768	771	772	773	774	776	777	779	781	782	785	796	797	813	814	815	816	817	821	823	855	856	860	863	866	867	870	881	882	883	889	890	901	904	905	917	920	921	922	924	925	927	928	935	936	938	939	940	943	944	945	958	960	967	968	969	970	971	974	979	980	989	991	992	994	995	1001	1003	1004	1005	1013	1024	1025	1026	1030	1031	1034	1036	1037	1038	1040	1041	1042	1046	1051	1054	1056	1057	1058	1060	1063	1066	1069	1070	1071	1072	1074	1078	1094	1099	1112	1113	1119	1120	1121	1123	1134	1147	1164	1167	1169	1170	1171	1178	1179	1180	1181	1182	1190	1191	1192	1194	1195	1201	1203	1205	1206	1207	1208	1209	1211	1212	1229	1230	1232	1234	1235	1236	1237	1238	1244	1247	1248	1249	1251	1259	1260	1261	1266	1273	1279	1280	1281	1283	1286	1288	1289	1290	1291	1292	1293	1294	1295	1299	1300	1301	1303	1304	1306	1310	1311	1312	1314	1315	1316	1317	1318	1319	1320	1322	642	909	978	1187	1252	683	977	1087	1130	1256	1269	1297	693	1196	1215	1157	1385	1361	1343	1363	1375	1376	1384	1484	1597	1620	1658	1446	1390	1362	1395	1458	1627	1628	1681	1577	1580	1611	1668	1809	1961	1819	1846	1921	2204	2141	1686	1793	1794	1806	1807	1824	1976	2001	2042	2069	2129	2190	1804	1903	1706	1709	1719	1725	1803	1864	1865	1960	2113	2134	1713	1813	2222	2187	2223	1962	1967	2084	2430	2455	2577	2682	2681	2579	2459	2424	2689	2691	2364	2618	2784	2785	2890	2921	2942	2972	2981	3021	3038	3062	3063	2754	2743	2837	2864	2863	2707	2861	3224	3252	3078	3089	3090	3093	3099	3100	3123	3124	3125	3126	3148	3150	3160	3165	3185	3186	3191	3193	3200	3213	3214	3215	3239	3247	3259	3273	3275	3281	3284	3286	3287	3157	3278	3279	3110	3256	3302	3390	3506	3372	3422	3490	3347	3351	3477	3369	3373	3405	3430	3529	3536	3437	3535	3667	3866	3980	3586	3942	3607	3710	3584	3571	3574	4084	4430	4093	4109	4061	4063	4072	4083	4087	4089	4091	4146	4153	4160	4179	4215	4216	4218	4232	4235	4294	4303	4308	4317	4319	4320	4327	4335	4336	4337	4352	4357	4358	4359	4361	4364	4366	4367	4372	4373	4384	4389	4394	4395	4399	4411	4421	4438	4439	4447	4450	4343	4144	4345	4404	4300	4172	4254	4330	4416	4441	4246	4456	4467	4636	4480	4575	4589	4452	4453	4454	4458	4481	4483	4484	4494	4506	4512	4513	4514	4550	4557	4561	4564	4566	4569	4576	4581	4582	4621	4633	4635	4640	4643	4654	4655	4666	4681	4682	4688	4692	4694	4714	4728	4731	4487	4599	4625	4632	4712	4490	4586	4690	4676	4516	4622	4628	4653	4657	4660	4679	4686	4702	4732	4733	4574	4663	4468	4479	4482	4491	4500	4504	4518	4535	4551	4583	4585	4596	4597	4602	4608	4615	4616	4623	4634	4638	4642	4645	4648	4667	4674	4689	4715	4740	4980	4745	4840	4858	4910	4941	4979	5061	5121	5184	5203	5181	4925	4911	5233	4762	4832	4933	5199	4844	4862	4868	4873	4926	4988	4993	4999	5001	5004	5006	5007	5029	5039	5089	5111	5112	5125	5127	5128	5191	5219	5235	5240	5243	5168	4780	4781	4789	4797	4800	4803	4839	4870	4871	4885	4890	4906	4918	4954	5021	5022	5035	5062	5097	5113	5114	5132	5133	5139	5148	5152	5157	5175	5246	4816	4899	4930	5032	5066	5094	5096	5182	5188	4804	4828	4829	4835	4902	4908	4912	4916	4931	5045	5103	5109	5110	5150	5160	5163	5169	5224	5229	5178	4842	5067	5142	5101	5227	6007	5283	5299	5312	5379	5380	5398	5454	6233	5326	5417	5310	5256	5382	5337	5630	5259	5429	5265	5349	6220	5332	5496	5563	5598	6264	6290	6292	6383	5286	5296	5327	5389	5391	5404	5420	5457	5482	5540	5554	5618	5639	5702	5708	5733	5738	5767	5818	5844	5864	5874	5973	6044	5346	5266	5261	5268	5802	6097	5308	5442	5501	5523	5604	5624	5771	6408	5584	5711	6306	5712	5810	5338	5432	5489	5550	5601	5734	5926	5997	5304	5415	6038	6157	5713	5913	6048	6411	5772	5910	6158	5262	5972	6137	5390	5530	5716	5804	5870	5930	5942	6056	5252	6079	5940	5875	6011	6135	6360	5365	6362	6418	6420	5461	5257	5278	5307	5372	5551	5646	5755	5777	5857	5885	6005	6171	5552	5557	5567	6379	6217	5881	5735	5302	5472	5571	5597	5873	6458	5270	5487	5509	5665	5689	6248	6136	5460	5502	6117	6303	5345	5919	6551	5260	5490	5573	5421	5896	5526	5428	5254	5341	5465	5466	5569	5572	5574	5752	5756	5996	6364	6386	5701	6119	6098	5671	5627	5987	6170	6200	6014	5696	6096	5381	5518	6527	5642	5821	5827	6176	5894	6387	6321	5347	5497	5781	5974	6182	6465	5888	6446	5517	6428	5882	5941	6063	6543	6263
608	609	612	616	3972	5648	5826
4935	4936	4991	5026	5088	5137
2456
1348	1433	1434	1626	1958	1959	1990	2007	2132	2133	2184	2283	2437	2833	2989
926	1439	1440	1488	1559	1566	1667	2336	2479	2799
4544	4545	4553	4560	5025	5118
1762	1763	2144	4085	4159	4261	4263	4264	4281	4370	4379	4469	4478	4498	4591	4641	4665	4704	5950	6249
1449	1450	1568	2413	2513	2581	2626	2640	4470	4671
5036	5037	5042	5044	5185
1764	1787
2511	2512
1010	4646	4647
2540	2541	2542
1771	1772	2059	4763	4764	5699	6258	5700
4661	4662
58	59	98	1429	2267	2354	2568	2840	3013	4070	4321	4406	4419
5053	5054	5106
1477	1478	1549	1575	1587	1670	1675
2566	2567	2670
4698	4699
60	61	108	1815	1999	5371	6208	6229	5370	5985
4709	4710
5069	5070
2598	2599	3758	3759	3835
4718	4719	5937	6373
5129	5130
64	83	99	119	131	132	134	136	141	145	639	830	1023	1100	1595	2123	2149	2174	2109	2652	2405	2495	2496	2507	2535	2559	2651	2656	2671	2678	2653	2700	2933	2701	2745	2839	2925	2977	2990	2996	3024	2781	2782	3218	3277	3122	3116	3189	3192	3195	3219	3271	3296	3297	3303	3330	3455	3446	3533	3356	3600	3638	3601	3729	3770	3804	3805	3884	3752	4524	4525	4917	5099	5165	4845	5120	5761	5329	5842	5934	5669	5863	6000	5402	5778	5779	5795	5929	6201	6271	6525	5458	5330	5901	5909	6228	6307	6500	5670	6192	6342	5794	6210	6239	6413	6414
2601	2602	3674	3799	3922	3943	4570	4571	4726	6092	5829	5855	6134	6393	6204	5679	6256	6078	5856	6372
5201	5202
1836	1837	1894	2031
659	981	1136
5241	5242
2641	2642
1853	1854
671	672	818
1883	1884
6106	6037	5353	5354	5590	5789	6107	6350	6421	6550	6259	6493
1885	1886	2193	2227	5274	5275	6025	5543	6384
70	110	135	148	152
1569	1570
1901	1902
1632	1633
162	163	216	298	344	354	166	240	244	273	292	311	337	375	293	391	444	446	474	489	495	500	504	509	545	546	547	548	570	595	1342	1372	1391	1432	1578	1593	1827	2089	1893	1954	2201	2319	2240	2314	2310	2419	2476	2614	3615	3682	3738	3766	3747	4603	4604	4759	4860	5016	5225	5230	5236	6507	5706	5634	5707	5290	5914	6165	5463	5464	6468
1910	1911	2090
5375	5376	5775	6033
103	104	114	261	2966	4814	4847	5140	5994
1946	1947	5515	5741	6346
37	112	310	264	307	199	314	313	315	436	594	990	634	802	1022	1064	1217	1302	646	694	730	835	865	906	993	1002	1027	1086	1128	1165	1253	1276	1308	715	1233	660	1193	714	808	680	681	691	833	862	932	789	1598	1538	1424	1425	1430	1437	1518	1542	1581	1605	1663	1677	1336	1418	1416	1423	1462	1529	1618	1476	1610	2063	2079	2191	1816	1871	1887	1925	1760	1752	1795	1700	1701	1703	1726	1732	1852	1932	1948	1968	1984	1991	2027	2049	2108	2117	2161	2218	2221	1697	1708	1710	1712	1739	1754	1757	1761	1792	1817	1851	1856	1859	1881	1897	1945	1952	1982	2003	2004	2037	2045	2058	2083	2095	2099	2137	2152	2183	2202	2209	1778	1829	1751	1774	1788	1789	1888	1912	1935	1992	1994	2008	2017	2022	2028	2075	2103	2154	2157	2169	2171	2180	1929	1957	2216	1956	2081	2087	1777	1998	2140	1696	1699	1769	1802	1872	1711	1716	1740	1773	1862	1879	1889	1896	1899	1906	1928	1942	2043	2057	2102	2118	2138	2139	2055	2176	2124	1811	1812	1878	2041	2050	2101	2195	2104	2237	2262	2230	2243	2337	2356	2251	2330	2273	2274	2305	2315	2288	2635	2686	2435	2466	2527	2560	2368	2390	2613	2372	2373	2393	2400	2420	2467	2468	2471	2472	2473	2487	2488	2498	2510	2515	2516	2521	2526	2533	2544	2549	2555	2591	2593	2594	2595	2612	2646	2654	2655	2688	2421	2447	2532	2570	2588	2592	2565	2439	2690	2664	2478	2630	2638	2504	2607	2431	2491	2492	2824	2739	2961	2796	2918	3047	2714	2783	2860	3029	2947	2713	2733	2808	2809	2811	2916	2937	3071	2920	2805	2930	3053	2917	2822	2823	2742	2749	2794	2798	2846	2951	2953	2985	3017	3019	3034	3043	3015	3227	3082	3164	3173	3267	3088	3132	3170	3179	3182	3196	3202	3208	3230	3249	3254	3264	3276	3291	3292	3233	3210	3166	3211	3290	3081	3223	3306	3269	3361	3502	3513	3396	3507	3341	3478	3400	3488	3489	3452	3484	3362	3540	3864	3593	3932	3608	3591	4017	3949	3578	3670	3771	3830	3596	3656	3658	3753	3785	3786	3898	4000	4029	3939	3652	3662	3664	3854	3935	3958	3993	3541	3576	3582	3603	3644	3661	3663	3673	3689	3698	3699	3700	3715	3717	3721	3722	3732	3733	3739	3744	3746	3751	3754	3755	3756	3757	3776	3781	3795	3803	3807	3810	3812	3821	3822	3840	3842	3852	3853	3857	3858	3862	3863	3874	3875	3876	3878	3885	3886	3887	3915	3920	3924	3925	3934	3959	3960	3961	3962	3966	3967	3968	3969	3970	3973	3974	3975	3977	3978	3979	3982	3983	3985	3986	3987	3997	3998	3999	4001	4002	4003	4013	4015	4022	4024	4026	4027	4028	4032	4036	4040	4041	3723	3594	3595	3606	3623	3627	3708	3792	3837	3843	3900	3996	4008	3946	3950	4392	4110	4231	4074	4157	4158	4164	4180	4208	4260	4267	4272	4277	4278	4287	4297	4307	4315	4347	4397	4402	4418	4420	4071	4169	4200	4073	4365	4058	4094	4221	4258	4284	4368	4369	4398	4403	4405	4417	4444	4446	4360	4280	4451	4526	4605	4620	4527	4672	4724	4670	4511	4711	4990	4741	4794	4808	4876	4882	4929	5008	5047	5102	5192	5247	4921	4769	4875	5092	4739	4792	4812	4866	4946	4995	5040	5063	5228	4798	4864	4894	4996	5014	5028	5050	5055	5090	5147	5161	4793	4848	4884	5065	5117	5167	4934	4752	4886	5183	5234	5126	4901	5220	5507	5264	5284	5343	5439	5538	5319	5377	5393	5732	5747	5384	5440	5486	5446	5737	5742	5773	5911	6067	5336	5356	5392	5416	5450	5453	5553	5641	5698	5751	5834	5846	5900	5922	6016	6085	6426	5748	5339	5839	5386	5995	5289	5314	5321	5407	5301	5317	5325	5368	5452	5614	5615	5616	5719	5977	6296	6309	5661	5825	5350	5566	5306	5445	5933	6412	5455	5622	5651	6190	5653	5637	5799	5397	5467	5591	5613	5660	5796	5843	5488	5581	5981	6017	5357	5534	6560	5623	5764	5285	5758	5287	5988	6437	6069	6183	5476	5394	5434	5504	5620	5640	5836	5961	5978	6018	6041	6042	6108	6111	6138	6159	6316	5936	5295	5784	5831	6193	6214	6215	6238	6314	5541	5664	5938	5969	5358	5662	5809	6128	6376	5374	5652	5766	5866	6516	6270	5483	5725	6272	6457	5411	5508	5297	6549	6089	5959	5561	5945	6274	6485	6547	5359	5528	5693	5769	5848	5385	5638	5824	5729	5405	5908	6409	6534	6561	6163	6489	5294	5408	5559	5697	5867	5869	6179	6555	5315	5999	6486	5580	5536	6424	5367	6380	6419	6524	5859	6039	5790	5579	6145	5718	6061	6375	6436	6438	6531	6057	5898	6273	6395	6471	6212	6344	5785	6538	6184	6539
120	121
129	130
2073	1963	1964	2074	4863
5395	5396
1978	1979
1985	1986	5649	6320	5650
5413	5414	6455
2009	2010	4351	4756	4757	5193
2013	2014
2019	2020	2381
5425	5426	5958	6348	6406
692	752	845	996
2067	2068	2726	2958	3331	3450	4556
2077	2078
280	834	861	743	1621	1550	1943	1746	2121	1860	1918	1895	1753	2126	2127	2645	2522	2410	2967	2986	2702	2711	2859	2898	2912	2913	2931	2932	2934	3008	3009	2858	3119	3080	3188	3083	3130	3180	3226	3098	3108	3137	3138	3198	3201	3262	3304	3106	3131	3167	3142	3156	3159	3199	3263	3265	3299	3409	3493	3313	3399	3454	3470	3321	3384	3463	3483	3486	3491	3498	3514	3521	3527	3553	3651	3731	3575	3579	3620	3906	3568	3580	3621	3636	3691	3798	4018	3632	3639	3734	3883	3896	3897	3921	4011	3789	4047	4151	4176	4193	4279	4332	4123	4137	4301	4380	4415	4437	4114	4168	4182	4311	4431	4449	4614	4722	4489	4713	4729	4474	5138	4742	4758	4881	5015	5056	4771	4787	4879	4883	4964	5017	5048	5305	5673	6083	5271	5459	5272	5344	5535	6452	5444	5293	5897	6066	5835	5813	6032	6300	6374	6388	6482
696	697	787	1125	1159	2247	2302	2352	2254	2318	2343	3169	3175	3204	3246	3558	3871	4770	4799	5739	6071	5740	5971	6282	6302	6487
2188	2189	2563	2636	3784
3074	3075	3079	3255
5479	5480
5494	5495	6565
5499	5500
3176	3084	3085	3144	3155	3133	3212	3307	3154	4720	6068
1880	3091	3092	3136	3162	3171	3283	3285	3308	3765	3774
707	708	1077	1139	2705	3476	4096	4970	5073	5052	5086	6237	5277
3094	3095
5532	5533	6345	6352
274	728	729	750	770	805	820	941	962	965	1081	1091	1185	1240	1264	1307	2265	3653	3633	4039	3654	3777	3872	5131	5731	5845	5730	6112	6028	6105	6113	6385
5555	5556	6254
154	156	157	173	200	205	304	339	348	367	370	271	390	172	194	306	327	328	380	285	363	412	589	619	809	653	1144	620	622	661	669	670	699	801	807	822	858	859	864	876	877	888	893	898	899	900	914	918	931	933	934	963	1009	1015	1020	1044	1048	1049	1055	1073	1083	1092	1109	1116	1132	1175	1177	1199	1213	1231	1257	1278	956	983	1000	631	640	719	737	765	766	844	871	880	947	1029	1085	1098	1106	1122	1162	1163	873	1118	1200	961	1161	1101	1102	1241	1305	790	841	829	819	827	850	852	907	923	1039	1059	1079	1097	1129	1146	1154	1263	1282	1456	1576	1553	1379	1396	1479	1500	1579	1338	1351	1352	1360	1380	1404	1409	1410	1438	1486	1493	1509	1510	1511	1523	1528	1537	1555	1571	1599	1606	1637	1647	1680	1350	1400	1406	1408	1414	1415	1420	1497	1520	1589	1590	1591	1592	1604	1631	1682	1481	1624	1674	1554	1679	1728	1698	1775	1920	2016	1849	1892	2158	2198	1721	1729	1748	1822	1844	2015	1855	1868	1890	1913	1949	2080	1749	1736	2030	2026	2164	2217	1797	1823	1953	1694	2035	1718	1839	1861	1936	1938	1950	1972	2143	2213	2220	2228	1727	1783	1891	1919	2002	2034	2038	2085	2168	2192	2229	2175	2062	1737	1770	1781	1750	1931	2092	2178	1820	2351	2264	2296	2324	2326	2239	2355	2255	2323	2375	2369	2374	2411	2412	2432	2474	2484	2606	2679	2548	2610	2673	2502	2545	2438	2489	2451	2378	2539	2622	2464	2370	2524	2611	2617	2376	2386	2477	2514	2706	2708	2768	2789	2992	3007	2776	2696	2787	2935	2919	2704	2712	2728	2807	2812	2813	2827	2879	2880	2946	2974	2995	3011	3064	2936	2738	2905	2719	2834	2980	2741	2753	2755	2771	2885	2892	2893	2940	2941	2957	3018	3026	3037	3051	3059	3060	2795	2820	2725	3014	2735	2750	2887	2975	3048	3149	3174	3107	3127	3114	3113	3161	3207	3187	3251	3153	3140	3163	3217	3120	3115	3280	3282	3367	3339	3316	3338	3379	3380	3386	3398	3434	3440	3515	3481	3499	3336	3438	3432	3327	3328	3332	3335	3352	3461	3522	3523	3389	3487	3537	3317	3340	3500	3585	3635	3675	3684	4005	3570	3726	3773	3818	3838	3599	3634	3683	3713	3989	3716	3666	3719	3767	4031	4009	3629	3825	3870	3940	3628	3611	3928	3548	3563	3718	3720	3769	3813	3816	3817	3826	3828	3847	3848	3941	3990	4042	4045	3605	3892	3604	3991	4095	4192	4354	4090	4188	4207	4346	4183	4237	4251	4171	4471	4592	4612	4613	4627	4650	4651	4708	4475	4619	4495	4547	4565	4558	4631	4668	4717	4639	4703	4684	4457	4685	4476	4492	4859	4958	4919	5011	4891	4861	4942	4888	5009	5153	5076	4744	4889	5214	5378	5562	5709	5269	5399	5768	5965	5854	5335	5953	6086	6289	6407	6006	6186	6062	6146	6148	5492	6023	5423	5288	5612	5355	5823	5267	5361	5387	5441	5865	5951	5952	6090	6130	6253	6283	6546	5595	5928	6370	6416	6080	5498	5280	5675	6147	6247	6207	5516	5527	5984	6211	6275	6366	6377	6417	6464	6559	5691	5993	6224	5253	6088	6403	6431	6230	6353	5944	6252	5686	6196	5481	5986	5542	6160	5468	5403	5470	5473	5564	5582	5585	5912	5954	5956	6010	5694	6338	6328	5510	5754	6469	5744	6166	5583	5593	5822	5853	5957	5966	5998	6026	6265	6324	6514	5682	6390	5674	6029	6318	6124	6339
5577	5578	6104	5879	5880
5602	5603
80	65	159	169	179	196	222	223	229	241	249	301	317	320	322	331	379	387	394	396	398	299	197	215	260	282	300	330	336	352	424	234	428	388	505	529	562	457	565	600	627	626	1021	1061	1255	1105	753	746	621	754	849	1012	1045	625	679	709	725	788	791	872	895	951	982	984	987	988	1018	1047	1104	1124	966	910	1156	731	1183	1184	763	810	1140	843	903	1011	1131	1218	1243	1309	1339	1413	1640	1463	1669	1515	1564	1649	1527	1340	1344	1345	1346	1365	1371	1378	1387	1401	1402	1445	1467	1525	1526	1532	1533	1534	1535	1563	1572	1585	1602	1630	1639	1641	1596	1666	1702	1786	1869	1930	1955	1987	2047	2172	1843	2018	1723	1742	1779	1780	1831	1840	1866	1877	1904	1914	1941	1966	1971	1997	2021	2051	2088	2094	2096	2097	2115	2131	2150	2177	2212	2219	2226	1898	2107	2159	2275	2298	2235	2257	2301	2232	2278	2290	2291	2329	2463	2600	2637	2669	2685	2465	2402	2619	2804	2988	2832	2862	3073	3194	3229	3234	3220	3429	3519	3516	3567	3839	4037	3797	3659	3947	4023	4141	4175	4238	4293	4247	4314	4241	4442	4687	4846	5100	5226	4809	4907	5085	5105	4987	4849	5135	5194	5255	5383	5715	5925	5964	6181	6378	6526	6542	5963	5303	6334	6363	6226	5419	5568	5811	5830	5877	5625	5833	5907	5962	6100	6133	6153	6241	6432	6552	5685	5684	6004	5878	6294	6295	6308	6562	6509
748	749	908	1050	2475	2629
5643	5644
5923	5654	5655	6178
399	3260	3261	4138
5656	5657
36	4	5	71	1135	623	624	1062	1357	1494	1766	1995	2199	1882	1832	3004	3101	3228	3240	3294	3309	3314	3315	3345	3350	3353	3355	3358	3360	3363	3368	3387	3391	3394	3426	3444	3445	3456	3457	3323	3337	3532	3465	3480	3660	4113	4145	4245	4436	4507	4736	4974	5104	5176	4760	4767	4966	5077	5108	5291	5342	5279	5258	5774	6109	6368	5666	5948	6508	5647	5340	5862	5904	6131	6261
151	176	177	198	233	383	438	452	441	442	447	448	451	462	470	476	491	494	501	507	517	519	523	538	539	541	543	549	559	573	581	584	587	590	597	598	499	453	460	461	508	520	530	537	542	554	567	576	582	583	588	596	828	618	775	915	1149	1285	1239	1084	793	1096	1204	1225	1656	1536	1556	1557	1586	1615	1347	1392	1498	1965	1828	1905	1707	2208	2215	2224	2044	1933	2292	2308	2425	2436	2543	2550	2551	2624	2395	2429	2790	2949	2757	2802	2803	2821	2865	2991	3012	3058	2729	2904	2939	3237	3241	3485	3448	3539	3378	3511	3648	3641	3772	3782	3562	3668	3899	4014	3735	3737	4191	4197	4130	4148	4075	4265	4371	4515	4562	4538	4807	4821	4965	5146	5162	4834	4867	5239	5422	5619	6099	5400	5592	5388	5539	5320	5401	5412	5433	5462	5493	5629	5658	5760	5806	5884	6008	6009	6084	6125	6161	6341	5328	6498	5605	5955	5899	5311	5626	6087	5705	6185
5680	5681	5703	5776	5903	5704
111	662	838	846	1068	1075	764	948	1267	1323	811	812	832	837	976	1088	1148	1153	2005	1805	1977	2271	2259	2605	2620	3057	2774	2697	2982	3168	3231	3118	3121	3225	3354	3482	3376	3462	3610	3678	3542	3743	3547	3625	3640	3669	3680	3793	3824	3844	3911	3944	3981	3834	3687	3901	4147	4057	4098	4118	4120	4140	4198	4201	4282	4388	4448	4060	4115	4062	4101	4106	4162	4167	4186	4219	4239	4255	4310	4328	4355	4432	4173	4107	4184	4100	4262	4304	4440	4537	4577	4630	4874	5173	4971	4825	4904	5057	5216	4823	5231	4737	4852	5043	5600	6299	5469	5990	6327	5599	6177	6277	6398	6425	6394	6118
5720	5721
5726	5727	5960	6235	6236
839	840
853	854	1368	2569
316	972	973	1107	2578	2767	3564	5213
997	998	1333	1389
1032	1033	1141	2793	3393
5749	5750
1052	1053
115	167	168	184	275	332	350	355	427	349	423	726	674	675	897	912	919	1019	1065	1090	1117	1296	727	1506	1522	1724	1924	2170	2048	2453	2553	4067	4286	4253	4747	4953	4984	4985	5041	5059	5064	6114
1126	1127	1158
5762	5763
2125	4050	4051	4088	4445	4856	6144	5362	6031	5828	5636	5876	5801	5406	6030	5363	6319	6036	6298
5787	5788
1219	1220	2060
1221	1222	1265	3102	3976
170	171	325	338	1356	1394	1613	1655	1676	2454	2458	4387	4554	4579	4644	4721	6382
1245	1246	1473	1474	1546	1614	2740	2826	6206
1270	1337
2241
174	175	372	378
2331	2332
1328	1329
2334	2335
4077	4078	4185	4382	4393	6102	6223	6310	6337	6396
180	188	5838
1330	1331	2268	2294	2721	2801	2973	3250	3305	3177	3359	3407	3453	3787	3861	3909	3914	4012	4021	4795	4897	4927	4982	4869	4976	4981	4992	5786	6001	6288
182	183	289	393	405	2236
5890	5891	6381
5892	5893
5915	5916	5939	5943
161	185	186	253	272	356	360	397	445	458	552	571	454	455	467	468	482	487	488	497	510	512	516	524	525	526	533	534	535	555	560	566	574	586	593	953	824	685	1043	1067	954	1411	1393	1482	1502	1507	1551	1552	1565	1623	1858	1908	2166	1909	2252	2309	2414	2589	2582	2407	2485	2363	2480	2481	2483	2494	2501	2536	2562	2649	2650	2457	2699	2698	2737	2770	2825	2746	2747	2870	2881	2886	2895	2910	2924	2927	2928	2929	2976	2786	2854	2911	2914	2915	3016	3041	3065	2773	2850	2856	2882	3301	3105	3178	3203	3206	3253	4019	3727	3808	3904	3614	3868	3882	3938	3616	3791	4249	4252	4289	4313	4331	4383	4390	4391	4152	4199	5074	4776	5212	4754	4977	4968	4819	4865	4963	4755	4777	4810	4811	5060	5222	5245	5575	5547	5511	5273	5331	6035	6047	5692	6095	5447	6351	6227	5989	6162	5628	6340	6150	6443	5609	6322	6149	5745	5819	6050	5558	5576	5621	5695	5924	6073	6081	6116	6234	6268	6269	6391	6392	6510	6194	5512	5887	5905	6121	6490
5917	5918
5920	5921
189	190	401	2266	2322	3103	3109	3209	5967
5931	5932
324	191	192	286	433	209	1341	1517	1573	2303	2306	2409	2452	2546	2672	2677	2460	2552	2574	2609	3333	3334	3366	3427	3472	3392	3421	3451	6347	6545	6110
4134	4135
3544	3545	3546
5982	5983
3551	3552	3790	6198	6304	6389
5991	5992
6002	6003	6169
3665	3554	3555	3612	3613	3694	3711	3714	3806	3827	3856	3945	3984	4007	4772	4773	4774	4961	5093	5549	5743
4177
6012	6013
4223	4224	4435
201	202
6051	6052
4349	4350
206	207	284	340
6053	6054	6072	6402
4375	4376
4424	4425
252	208	251	259	309	323	402	430	437	1427	1491	1428	1521	1562	1582	1657	3543	3589	3637	3965	3590	4020	4194	4973	6232	6369	6512
3572	3573	3740	3741
6059	6060
6064	6065
6074	6075	6115
210	211	266	602	615	2145	2365	2384	2398	2415	2506	2573	2657	2658	2399	2528	3902	4624	4659	4680	4697	4701	5722	5632	6481	5782
6139	6140
212	213	279	283	1386	1673	1412	1561	2146	2153	2203	2160	2167	2448	2709	2959	2828	2731	2744	2748	2763	2772	2779	2817	2818	2819	2835	2836	2841	2843	2851	2852	2868	2883	2945	2955	2956	2968	2969	2970	2984	3006	3036	3042	3055	3056	2829	2900	2901	3158	3274	3151	3357	3508	3382	3908	4016	3742	3550	3556	3559	3561	3725	3869	3873	3893	3768	3907	4056	4064	4170	4210	4292	4296	4363	4362	4240	4275	4548	4587	4539	4555	4727	4947	5841	5477	5437	6536	5521	5478	5589	6399	5298	5522	6225	6333	6126
3587	3588	3890
6174	6175
6218	6219	6429
217	218	294	373	374	647	1150	911	1176	1226	1275	1227
6286	6287	6477
242	318	219	220	228	239	254	369	371	421	591	464	475	481	492	496	514	592	614	650	1284	875	1242	1258	1664	1692	1927	2046	2056	1691	1835	1934	2029	2091	2304	2249	2604	2519	2580	2621	2722	2971	3039	3221	3181	3146	3318	3428	3312	3381	3383	3395	3397	3412	3413	3416	3417	3418	3419	3474	3497	3509	3512	3538	3690	3701	3560	3622	3655	3676	3677	3724	3762	3788	3815	3819	3823	3931	3948	4033	3903	3685	3688	3760	4529	4530	4531	4508	4533	4505	4606	4900	5071	6203	6143	6142	6202	6564	5895
6311	6312	6556
6325	6326	6535
6355	6356
224	225	1907	1765
137	226	227	287	265	456	511	1369	1594	1660	1370	1442	1485	1503	1543	1548	1643	1645	1678	1722	1790	2066	2072	1989	2105	2064	2909	3147	3377	3953	4204	4205	4299	4412	4528	4691	4705	4872	4850	5087	6021	5728	5803	6495	6519
6434	6435	6563
231	232
6439	6440
6441	6442
255	256	321	400	403	404
6449	6450
6460	6461
3495	3618	3619	3624	4295	4312	4344	5474
6462	6463
257	258	1609
6475	6476
6479	6480
6491	6492
3671	3672
6501	6502
6505	6506	6557
333	334
3134	3319	3320	3443	3466	3471	3467	4212	5949	5793	5807	6371	6082	6255
2449	3692	3693	3888	5424	5947	6205	6291	6453
6517	6518
342	343	700	701	1115	1349	1513	2999	3067	3449	3937	4285	4932	5683	6093	5333	5667	5484	5946	5276	5606	5608	5975	6533	6278	6279	6301	6548	5668	5676	5688	6101	6216	6221	6240	6094	6276	6544
6521	6522
3695	3696	5144
345	346	407
3703	3704	3877
6540	6541
3706	3707	3829
381	382	2391	2406	2687
3342	3343	3469	3496
384	385	2964	3841	3851	4509	4485
414	415
3364	3365	3473	5503
416	417	2284	2891
3748	3749
418	419
3370	3371	3433	3475	3504	3510	3517
431	432
3763	3764	3930
3779	3780	4080	4081	4226	4269	5237	5238
3832	3833	4025	4043
3374	3375	3411	3424	3435	3531
3845	3846	3929	4837	4972	5020	5075	5164	5430	5435	6195	5360	6496	6553	5506	6043	5364	5366	5505	5816	6045	6172	6470	5431	5902	6243	6422
3954	3955	3956
3436
2715	2716	2788	3761	5587	5588	6504
1530	2295	3459	3460	3530	4055	4076	4220	4222	4225	4256	4273	4298	4374	5797
3994	3995
2717	2718	2815	2894	3348	3344	4838	5548
4034	4035
2751	2752	3072	6231
3525	3526
2761	2762	3010
2830	2831	3020	3030
2844	2845
2847	2848	2878	2899	2994	3033	3049	3505	4059	4092	4187	4189	4203	4211	4250	4353	5172	5232	5351	5448	5759	6349	6129	5352	6152	6297	6358	6520	6537
663	857	636	975	1354	1335	1355	1364	1377	1388	1421	1443	1457	1464	1465	1489	1490	1496	1504	1514	1539	1540	1600	1601	1619	1662	1665	1468	1480	1625	1687	2065	2173	1767	1688	1799	1833	2023	2165	2616	2926	3143	3205	3257	3289	3557	3992	4010	4695	6330	5889	6027
2871	2872	2874	2965	5812
2876	2877
1455	2902	2903	3235	3298	5780	6197
2922	2923	3066
2358	2359	2394	2416	2497	2554	2585	2666	3712	3794	3910	6091
2962	2963
