2511	2512	
2540	2541	2542	
2566	2567	2670	
2641	2642	
18	19	493	1016	1017	
278	704	705	723	756	760	799	800	825	826	848	896	959	1080	1082	1093	1114	1151	1173	1298	1800	2070	1917	2282	2353	2873	
416	417	696	697	787	1125	1159	1245	1246	1473	1474	1546	1614	2247	2302	2352	2254	2284	2318	2343	2891	2740	2826	3169	3175	3204	3246	3558	3871	
2751	2752	3072	
2761	2762	2982	3010	
2830	2831	3020	3030	
2844	2845	
2847	2848	2878	2899	2994	3033	3049	
2871	2872	2874	2965	
2876	2877	
2902	2903	
2922	2923	3066	
3002	3003	
201	202	
206	207	284	340	
231	232	
255	256	321	400	403	404	
257	258	1609	
333	334	
345	346	407	
418	419	
431	432	
465	466	2205	
527	528	550	
603	604	607	
608	609	612	616	
632	633	847	929	1166	1268	2401	2446	2461	2462	2529	2531	2561	2572	2615	2644	2661	2663	2665	3139	
707	708	1077	1139	
839	840	
1052	1053	
1126	1127	1158	
1219	1220	2060	
120	121	
129	130	
0	1	
47	48	146	
174	175	299	372	378	
1328	1329	
8	9	33	40	1407	1447	
170	171	325	338	1356	1393	1394	1455	1613	1655	1676	
997	998	1333	1389	
1381	1382	1560	
224	225	1907	1764	1765	1787	2073	1963	1964	2074	
1689	1690	1798	2156	
1714	1715	1922	1975	1996	2052	
1744	1745	
1762	1763	2144	
1771	1772	2059	
1836	1837	1894	2031	
1853	1854	
1883	1884	
1885	1886	2193	2227	
1901	1902	
1910	1911	2090	
1946	1947	
1978	1979	
1985	1986	
2009	2010	
2013	2014	
2019	2020	2381	
2077	2078	
2331	2332	
2334	2335	
853	854	1368	2569	
2361	2362	
2366	2367	
2379	2380	2556	2633	2634	
381	382	1974	2391	2392	2406	2667	2687	
2417	2418	2517	2518	2694	
2427	2428	2530	3705	
2433	2434	
2440	2441	2523	2537	2538	2668	
591	441	629	641	628	648	798	879	1012	684	706	725	784	946	949	982	1095	1174	637	640	643	644	645	649	654	655	656	657	664	665	666	667	668	673	686	687	688	689	690	698	710	711	712	713	717	718	722	724	732	733	734	735	736	738	740	741	742	744	745	747	758	761	762	767	768	773	774	776	777	779	781	782	783	785	792	796	797	813	814	815	816	817	821	823	842	855	856	857	860	861	863	866	867	870	881	883	889	890	901	904	905	917	920	921	922	924	925	927	928	935	936	938	939	940	943	944	945	960	966	967	968	969	970	971	974	979	980	989	991	992	994	995	1001	1003	1005	1010	1013	1024	1025	1026	1028	1029	1030	1031	1034	1036	1037	1038	1040	1041	1042	1046	1051	1054	1056	1057	1063	1066	1069	1070	1071	1072	1074	1078	1094	1099	1112	1113	1119	1120	1121	1123	1128	1134	1147	1164	1165	1167	1169	1170	1171	1178	1179	1180	1182	1191	1192	1194	1195	1197	1201	1203	1205	1206	1207	1208	1209	1211	1212	1225	1229	1230	1232	1234	1235	1236	1237	1238	1244	1247	1248	1249	1251	1259	1260	1261	1266	1273	1279	1280	1281	1283	1286	1287	1288	1289	1290	1291	1292	1293	1294	1295	1299	1300	1301	1303	1304	1306	1310	1311	1312	1314	1315	1316	1317	1318	1319	1320	1322	642	975	978	1187	977	1087	1130	692	693	752	845	996	1215	1640	1361	1343	1363	1375	1376	1384	1484	1597	1620	1658	1672	1461	1429	1362	1395	1458	1627	1628	1681	1683	1869	2141	1903	1877	1693	1709	1717	1719	1720	1725	1730	1755	1776	1803	1814	1818	1841	1848	1863	1864	1865	1895	1937	1939	1940	1960	2000	2024	2033	2071	2076	2112	2113	2119	2134	2200	2206	2207	1872	2092	2579	2459	2424	2645	2371	2387	2426	2451	2486	2576	2619	2691	2618	2803	2784	2785	2890	2921	2942	2972	2981	3021	3038	3062	3063	2754	2743	2837	2864	2913	3080	3078	3090	3093	3099	3100	3123	3124	3125	3126	3149	3150	3160	3165	3185	3186	3191	3200	3213	3214	3215	3239	3247	3259	3273	3275	3284	3286	3287	3278	3083	3122	3130	3180	3226	3131	3146	3167	3220	3223	3306	3487	3667	3855	3866	3913	3980	3936	3942	
926	1439	1440	1488	1559	1566	1667	2479	2799	
748	749	908	1050	2475	2629	
10	11	23	24	189	190	401	280	579	491	1075	685	834	743	1032	1033	1141	1492	2123	1860	2213	2220	1756	2061	1704	1705	2109	2126	2127	2266	2294	2252	2309	2329	2322	2655	2632	2660	2522	2410	2967	2986	2702	3022	2711	2793	2859	2897	2898	2912	2920	2931	2932	2933	2934	2971	3008	2853	2856	3036	3055	2858	3119	3103	3168	3105	3178	3188	3203	3206	3253	3173	3109	3218	3096	3097	3112	3118	3128	3129	3209	3248	3266	3277	3086	3098	3108	3121	3137	3138	3198	3201	3222	3225	3262	3304	3116	3189	3192	3195	3197	3211	3217	3219	3240	3241	3290	3294	3296	3297	3106	3091	3092	3136	3162	3171	3283	3285	3308	3120	3110	3142	3156	3159	3177	3199	3256	3263	3265	3269	3299	3302	3393	3455	3313	3399	3454	3470	3322	3346	3404	3408	3420	3423	3442	3464	3329	3415	3446	3532	3533	3356	3321	3324	3325	3402	3403	3406	3410	3376	3384	3385	3483	3498	3514	3527	3495	3566	3651	3579	3568	3580	3583	3621	3636	3657	3691	3710	3742	3798	4018	3592	3765	3775	3879	3928	3709	3889	3988	3632	3639	3734	3883	3896	3897	3921	4011	3778	3789	3814	3774	
3074	3075	3079	3255	
3094	3095	
2382	2383	2695	2625	2647	2684	2780	3244	3245	
3260	3261	
12	13	44	151	250	305	353	420	425	426	156	157	173	200	205	304	367	370	238	318	390	172	194	306	327	328	219	220	228	239	254	369	371	421	363	412	438	464	475	481	492	496	506	514	592	439	440	442	447	451	462	469	470	476	501	507	517	518	519	538	539	540	541	544	549	553	559	568	569	571	572	573	577	580	581	584	585	587	590	597	479	480	485	589	828	1210	1144	650	1284	1239	620	838	1177	682	631	719	793	875	1096	1189	1204	1161	1101	999	1067	1456	1448	1463	1536	1547	1556	1557	1615	1567	1728	1973	1721	1729	1748	1760	1844	2015	2217	2168	2192	2044	1933	1820	1967	2292	2249	2604	2484	2429	3007	2730	2732	2764	2776	2790	2791	2792	2797	2866	2906	2949	2993	3050	2757	2802	2821	2865	2988	2991	3012	3058	2724	2918	2944	2713	2733	2741	2753	2755	2800	2822	2875	2885	2892	2939	2940	2941	3005	3018	3026	3037	3060	3181	3237	3279	3428	3448	3481	3503	3539	3312	3381	3383	3395	3397	3413	3416	3417	3418	3419	3425	3458	3474	3497	3509	3512	3538	3378	4038	3860	3562	3668	3681	3899	3932	4014	3726	3599	
45	46	57	69	77	79	90	91	95	102	105	106	107	113	117	118	122	125	138	139	140	149	302	358	182	183	248	289	393	405	413	359	384	385	1186	651	621	888	930	1044	1055	1224	769	780	892	1202	1272	1308	1111	652	804	868	869	1223	681	764	1110	1379	1579	1338	1592	1682	1353	1373	1405	1471	1475	1481	1487	1495	1584	1603	1608	1622	1624	1635	1636	1638	1646	1648	1654	1695	2063	1701	1703	1726	1732	1735	1804	1868	1890	1913	1927	1944	1948	1984	1991	2027	2049	2108	2214	2218	2221	1857	1736	1810	1983	2086	2185	2186	2026	1875	2162	1919	2114	1747	1768	1769	1784	1808	1850	1916	1980	2032	2039	2040	2054	2116	2135	2136	2194	2210	2211	2120	1737	1770	1781	1805	1977	2124	2236	2269	2230	2231	2234	2239	2243	2244	2250	2253	2258	2260	2261	2289	2293	2300	2308	2317	2319	2321	2325	2327	2328	2337	2345	2355	2232	2233	2240	2245	2255	2259	2278	2285	2290	2291	2311	2314	2340	2388	2443	2675	2948	2950	2727	2978	3040	2696	2720	2723	2805	2814	2884	2930	2943	2960	2998	3045	3052	2765	2861	2766	2801	2938	3027	2962	2963	3001	3174	3135	3234	3172	3233	3293	3468	3414	3565	3702	3728	3736	3865	3902	3918	3809	3841	3610	3678	3851	3783	3923	3666	3719	3767	4016	4017	4031	4009	
2	3	17	34	4	5	31	32	37	39	81	221	291	414	415	436	531	532	635	658	695	806	831	885	891	937	952	957	985	986	1089	1108	1277	887	663	636	873	874	894	913	1008	1118	1143	1172	1270	1271	1441	1354	1366	1337	1335	1355	1364	1377	1388	1418	1421	1443	1454	1457	1464	1465	1489	1490	1496	1504	1514	1539	1540	1600	1601	1619	1665	1468	1480	1625	1453	1519	1550	1607	1687	1785	1731	1918	2035	2065	2173	1738	1767	1876	1799	1833	2023	1906	1821	1970	2055	2041	2238	2273	2305	2315	2246	2256	2263	2287	2288	2307	2316	2333	2350	2358	2359	2394	2416	2497	2554	2558	2585	2643	2666	3232	3288	3300	3132	3153	3170	3176	3179	3182	3196	3202	3208	3230	3249	3254	3264	3276	3289	3291	3292	3463	3593	3602	3557	3731	3992	4010	4044	3712	3594	3595	3606	3623	3627	3708	3792	3837	3843	3900	3996	4008	3617	3650	3730	3800	3836	3794	3910	
210	211	234	266	602	613	614	615	1124	1348	1433	1434	1626	1958	2145	1959	1990	2007	2132	2133	2184	2283	2365	2384	2395	2398	2415	2506	2573	2635	2657	2658	2686	2437	2399	2422	2528	2833	2989	3221	3318	3369	
36	368	543	623	624	1357	1494	1882	2164	1832	2143	2067	2068	2473	2771	2957	3059	3004	2726	3193	3140	3101	3228	3151	3280	3282	3309	3314	3315	3336	3345	3350	3353	3355	3357	3358	3360	3363	3368	3387	3391	3394	3409	3422	3426	3444	3445	3456	3457	3490	3493	3331	3400	3450	3486	3491	3347	3351	3462	3465	3477	3480	3537	3575	3629	3682	3825	3870	3940	3548	3563	3571	3574	3718	3720	3769	3813	3816	3817	3826	3828	3834	3847	3848	3941	3990	4042	4045	
3342	3343	3469	3496	
3364	3365	3473	
3370	3371	3433	3475	3504	3510	3517	
3374	3375	3411	3424	3435	3531	
3436	3437	
3459	3460	3476	3530	
3525	3526	
49	50	100	101	64	65	83	99	119	131	132	134	136	137	141	145	295	410	459	515	638	778	942	639	716	755	803	830	884	910	955	1014	1023	1076	1100	1133	1142	1198	1216	1228	818	1324	1325	1326	1327	1332	1334	1595	1459	1501	1943	1969	2128	2056	2149	2652	2495	2496	2507	2535	2559	2651	2656	2671	2653	2700	3031	2701	2745	2839	2925	2977	2990	2996	3024	2781	2782	3268	3330	3401	3494	3431	3534	3600	3638	3601	3729	3770	3804	3805	3884	3752	
60	61	108	103	104	114	154	348	271	167	168	184	275	332	350	355	342	343	349	423	562	598	619	809	653	726	700	674	622	661	662	699	739	801	807	822	846	858	859	864	876	877	878	886	893	899	900	902	914	918	931	933	934	963	1020	1048	1064	1073	1083	1092	1103	1109	1116	1132	1175	1199	1213	1217	1231	1257	1278	791	872	950	956	983	701	730	737	765	772	844	865	880	1098	1106	1122	1162	961	1241	675	897	912	919	1019	1065	1090	1117	1296	680	790	833	862	932	1196	829	727	789	852	907	923	1039	1043	1059	1079	1218	1263	1282	972	1330	1331	1506	1576	1553	1349	1396	1479	1500	1351	1352	1360	1380	1404	1409	1410	1438	1486	1493	1509	1510	1511	1523	1528	1537	1555	1571	1599	1606	1637	1647	1680	1350	1386	1400	1406	1408	1415	1420	1497	1513	1516	1589	1590	1591	1604	1631	1674	1460	1522	1554	1679	1632	1633	1815	1724	1999	1949	2152	2005	2030	2170	1801	2196	1727	1777	1783	1891	1988	2002	2038	2085	2229	1699	2062	2312	2268	2324	2466	2374	2411	2412	2432	2474	2519	2679	2390	2616	2673	2438	2489	2583	2539	2622	2787	2935	2959	2919	2703	2704	2712	2728	2807	2812	2813	2816	2827	2879	2880	2907	2908	2974	2995	3011	3023	3025	3061	3064	3068	3069	2936	2834	2980	2973	3048	3107	3114	3305	3115	3338	3377	3379	3380	3386	3398	3434	3440	3515	3361	3499	3432	3389	3521	3362	3500	3535	3937	3608	3614	3634	3683	3713	3908	3989	3716	3787	3861	3909	3914	4012	4021	3605	3892	3946	3991	
6	7	25	35	93	94	147	296	297	165	162	163	176	177	178	198	216	233	298	344	354	383	392	187	193	195	204	235	240	243	244	262	263	273	292	311	312	326	337	375	429	293	391	452	443	444	446	474	489	495	503	504	509	545	546	547	548	570	595	494	499	453	460	461	508	520	530	537	542	554	567	576	582	583	588	596	702	1007	1035	1214	703	618	775	915	1006	1149	1285	751	916	1155	1262	1342	1621	1347	1372	1391	1432	1578	1593	1392	1498	1827	1684	1915	1965	1828	1685	1743	1842	1845	1847	1873	1874	2006	2098	2151	2155	2163	2181	2201	2310	2313	2469	2425	2436	2454	2458	2543	2550	2551	2624	2419	2476	2614	2470	2490	2493	2499	2503	2648	2674	2778	2889	3046	2729	3076	3077	3184	3485	3479	3528	3511	3581	3630	3849	3549	3598	3631	3850	
80	196	222	241	242	322	331	387	380	197	215	260	282	300	330	336	352	399	424	388	457	523	565	600	1105	746	669	849	898	1045	679	895	871	947	1085	1181	1156	1200	1242	1258	731	1183	1184	763	810	1102	1140	1305	819	827	850	903	1011	1097	1129	1131	1146	1154	1243	1309	1339	1413	1664	1669	1515	1527	1662	1340	1344	1345	1346	1365	1371	1378	1387	1397	1401	1402	1416	1445	1467	1525	1526	1532	1533	1534	1535	1563	1572	1574	1585	1602	1630	1639	1641	1652	1651	1692	1702	1775	1786	1858	1930	1955	1987	2012	2047	2172	1766	1749	2046	1797	1823	1953	1843	2018	1691	1706	1718	1723	1742	1779	1780	1831	1834	1835	1839	1840	1866	1893	1904	1914	1934	1936	1938	1941	1950	1966	1971	1972	1981	1997	2021	2029	2051	2053	2082	2088	2091	2094	2096	2097	2115	2125	2131	2150	2174	2177	2179	2182	2208	2212	2219	2224	2226	2228	1791	1688	2165	1898	2107	2159	1931	2223	2011	2275	2298	2326	2235	2257	2301	2304	2323	2463	2600	2669	2685	2465	2405	2378	2464	2580	2621	2678	2804	2722	2832	2867	2888	2893	3032	3039	3051	3054	3281	3111	3127	3194	3229	3113	3145	3251	3339	3429	3519	3502	3412	3516	3567	3690	3701	3839	4037	3553	3560	3585	3622	3635	3648	3655	3675	3676	3677	3684	3724	3762	3788	3815	3819	3823	3931	3948	4005	4019	4033	3773	3797	3818	3838	3903	3659	3947	3685	3688	4023	3584	3611	3907	3760	
51	52	62	63	73	75	76	85	87	88	92	96	97	111	115	116	123	133	143	144	150	153	290	161	245	316	319	361	339	364	458	1250	670	836	720	766	1138	1188	1274	659	981	1136	1107	1426	1505	1617	1644	1385	1634	1374	1403	1417	1419	1422	1430	1436	1466	1472	1483	1508	1524	1541	1542	1558	1583	1605	1612	1616	1629	1642	1650	1653	1659	1661	1663	1671	1677	1577	1580	1596	1611	1666	1668	1477	1478	1549	1575	1587	1610	1670	1675	1758	1920	2016	1795	1993	1782	1870	1759	1838	1861	1923	2336	2357	2262	2270	2286	2320	2342	2344	2500	2414	2606	2389	2360	2396	2450	2547	2586	2603	2659	2397	2571	2575	2584	2590	2408	2627	2631	2662	2767	2736	2855	2759	2760	2775	2777	2926	2947	2983	3044	2705	3157	3250	3087	3161	3207	3236	3104	3187	3117	3359	3407	3453	3679	3589	3590	4020	
274	728	729	750	770	805	820	941	962	965	1081	1091	1185	1240	1264	1307	2265	3653	3633	4039	3654	3777	3872	
264	160	180	181	188	314	329	313	315	594	634	1009	1015	1022	1049	1302	630	646	694	835	906	1002	1027	1086	1137	1163	1253	1276	715	909	1233	1252	660	1193	671	672	714	691	1115	1586	1598	1538	1424	1425	1437	1518	1423	1618	1569	1570	1698	1746	1793	1794	1796	1806	1807	1816	1824	1849	1871	1887	1892	1924	1925	1926	1976	1995	2001	2042	2069	2121	2129	2158	2190	2198	2199	1752	1700	1852	1932	1968	2117	2161	1697	1708	1710	1712	1739	1754	1757	1761	1792	1817	1851	1856	1859	1881	1897	1945	1952	1982	2003	2004	2037	2058	2083	2095	2099	2137	2183	2202	2209	1778	1829	1751	1774	1788	1789	1880	1888	1912	1935	1992	1994	2008	2017	2022	2028	2089	2103	2154	2157	2171	2180	1694	1929	1957	2036	2142	2166	2216	1707	1956	2081	2215	1998	2034	1696	1802	2093	2197	1711	1716	1740	1773	1862	1889	1896	1899	1928	2057	2118	2122	2130	2138	2139	2147	2148	2176	1753	1812	1830	1878	2050	2101	2195	2237	2272	2356	2251	2330	2274	2435	2527	2560	2375	2368	2613	2372	2373	2393	2400	2402	2467	2468	2471	2472	2485	2487	2488	2498	2502	2515	2521	2526	2533	2544	2549	2555	2591	2593	2595	2612	2646	2654	2688	2689	2421	2447	2532	2570	2588	2592	2565	2439	2690	2664	2630	2638	2376	2386	2477	2857	2739	2961	2714	2783	2860	2905	3029	2808	2916	2863	2917	2721	2742	2749	2794	2795	2798	2846	2951	2985	3017	3019	3034	3043	2828	3015	2829	2900	2901	3224	3252	3082	3164	3267	3088	3210	3337	3396	3507	3478	3489	3949	3578	3670	3771	3830	3586	
14	15	16	20	21	22	26	27	28	29	30	38	41	42	43	158	164	203	214	230	236	237	246	247	269	270	276	277	281	288	303	308	324	335	341	347	351	357	362	365	366	376	377	386	389	395	408	409	422	434	435	267	268	477	500	578	478	490	498	558	605	606	617	1135	1152	1062	1313	1656	1383	1431	1531	1588	1469	1470	1398	1399	2104	2346	2349	2241	2242	2409	2377	2564	2385	2423	2442	2444	2445	2482	2508	2509	2514	2520	2557	2587	2597	2607	2608	2623	2628	2639	2676	2680	2403	2404	2534	2683	2546	2672	2677	2692	2693	2734	2838	2849	2896	3000	2904	2946	2979	2717	2718	2815	2894	3238	3270	3272	3295	3439	3348	3310	3326	3344	3349	3447	3492	3518	3524	3311	3388	3449	3452	3501	3505	3520	3597	3569	3570	3626	3641	3642	3643	3646	3647	3649	3686	3727	3772	3782	3796	3820	3831	3867	3891	3894	3895	3916	3917	3919	3926	3927	3933	3957	3963	4006	3660	3905	
521	522	599	1512	1544	1545	3801	
70	71	110	135	148	152	217	218	285	294	373	374	647	990	1150	911	1176	1226	1275	1227	1444	1855	2080	2264	2296	2545	2706	2708	2768	2789	2992	2738	2820	2725	2707	3014	3163	3271	3316	3323	3354	3513	3317	3340	3484	
112	310	427	448	802	993	1581	1336	1449	1450	1476	1568	2045	2075	2169	2087	1954	2140	1879	1942	2043	2102	1750	2178	1811	2420	2510	2516	2594	2413	2363	2478	2364	2449	2480	2481	2483	2494	2501	2562	2649	2650	2596	2431	2513	2581	2626	2640	2491	2492	2824	2796	2810	3028	3047	2809	2811	2937	3071	3009	3053	2823	3070	2953	2770	2825	3227	3166	3303	3081	3341	3488	3540	3864	3591	3596	3656	3658	3753	3785	3786	3898	4000	4029	3652	3662	3664	3854	3935	3958	3541	3576	3582	3603	3604	3609	3644	3661	3663	3673	3689	3697	3698	3699	3700	3715	3717	3721	3722	3733	3735	3737	3738	3739	3744	3745	3746	3750	3751	3754	3755	3756	3757	3776	3781	3795	3802	3803	3807	3810	3811	3812	3821	3822	3840	3842	3852	3853	3857	3858	3859	3862	3863	3874	3875	3876	3878	3885	3886	3887	3912	3915	3920	3924	3925	3934	3951	3953	3959	3960	3961	3962	3966	3967	3968	3969	3970	3973	3974	3975	3977	3978	3979	3982	3983	3985	3986	3987	3997	3998	3999	4001	4002	4003	4004	4013	4015	4022	4024	4026	4027	4028	4030	4032	4036	4040	4041	3723	
159	169	179	223	229	249	301	307	317	320	379	394	396	398	411	463	471	505	529	563	449	450	473	551	601	483	484	486	502	513	536	626	1021	1061	1255	676	753	794	754	625	677	808	843	851	795	964	973	1451	1564	1649	1452	1733	1867	1734	1951	2025	2106	2110	2225	2248	2276	2277	2279	2280	2281	2297	2299	2338	2339	2341	2347	2348	2578	2862	3073	2769	2842	3216	3141	3190	3564	
556	557	561	564	575	1367	1825	1741	1826	1900	2100	2952	2954	3242	3243	
58	59	98	185	186	253	272	356	360	397	213	279	406	445	552	454	455	467	468	482	487	488	497	510	512	516	524	525	526	533	534	535	555	560	566	574	586	593	953	811	812	832	837	976	1088	1148	1153	954	1157	1411	1414	1520	1673	1390	1412	1482	1502	1507	1551	1552	1561	1565	1623	1686	1908	2175	1713	1813	2222	2146	2153	2203	2187	1909	2160	2167	2267	2354	2271	2351	2589	2582	2548	2407	2568	2536	2456	2457	2699	2709	2698	2774	2737	2840	3013	2697	2746	2747	2881	2886	2895	2910	2924	2927	2928	2929	2976	2786	2854	2911	2914	2915	3016	3041	3065	2710	2731	2735	2744	2748	2750	2763	2772	2773	2779	2817	2818	2819	2835	2836	2841	2843	2850	2851	2852	2868	2882	2887	2945	2955	2956	2958	2966	2968	2969	2970	2975	2984	2999	3006	3042	3056	3067	3301	3089	3148	3231	3158	3274	3482	3327	3328	3332	3335	3352	3441	3461	3522	3523	3808	3904	3542	3547	3607	3620	3625	3628	3640	3669	3680	3793	3824	3844	3906	3911	3944	3981	3550	3556	3559	3561	3725	3869	3873	3893	3868	3882	3938	3577	3645	3687	3766	3901	
53	54	55	56	66	67	68	72	74	78	82	84	86	89	109	124	126	127	128	142	155	212	261	283	428	472	610	611	627	757	1068	678	709	759	786	788	824	951	984	987	988	1000	1018	1047	1084	1104	1145	1160	1168	1254	771	958	1004	1058	1060	1190	683	841	948	1256	1267	1269	1297	1321	1323	1446	1435	1358	1359	1499	1809	1961	1819	1846	1921	2204	1822	1905	2111	1962	2084	2430	2455	2577	2682	2681	2637	2369	2525	2610	2505	2504	2370	2448	2524	2605	2611	2617	2620	2601	2602	2719	2758	2806	2869	2964	2987	2997	3035	3057	2756	3143	3152	3205	3257	3258	3390	3506	3367	3438	3674	3799	3922	3943	
226	227	287	265	456	511	1369	1594	1660	1370	1442	1485	1503	1543	1548	1643	1645	1678	1722	1790	2066	2072	2079	2191	1989	2105	2064	2909	3147	
2188	2189	2563	2636	3743	3784	3939	
2598	2599	3758	3759	3835	
2715	2716	2788	3761	
166	2870	2883	3508	3382	3615	3768	3616	3747	3791	
1221	1222	1265	3102	3976	3993	
3084	3085	3144	3155	3133	3134	3183	3212	3235	3298	3307	3154	3319	3320	3443	3466	3471	3467	
721	882	3372	3373	3405	3430	3529	3536	
191	192	199	252	286	433	208	209	251	259	309	323	402	430	437	1341	1427	1491	1462	1517	1529	1573	1428	1521	1562	1582	1657	1530	2048	2295	2303	2306	2452	2453	2460	2552	2553	2574	2609	3333	3334	3366	3427	3472	3392	3421	3451	3543	3637	3965	
3544	3545	3546	
3551	3552	3665	3790	3554	3555	3612	3613	3694	3711	3714	3806	3827	3856	3945	3972	3984	4007	
3587	3588	3890	
3618	3619	3624	
3671	3672	
3692	3693	3888	
3695	3696	
3703	3704	3877	
3706	3707	3829	
3572	3573	3740	3741	
3748	3749	
3763	3764	3930	
3779	3780	
3832	3833	4025	4043	
3845	3846	3929	
3732	3880	3881	3950	3952	3971	3964	
3954	3955	3956	
3994	3995	
4034	4035	
