0	1
2	3
2	17
2	34
2	36
3	32
3	221
3	635
4	5
4	17
6	7
6	25
6	35
7	25
7	702
7	1007
7	1035
7	1214
8	9
8	33
8	40
10	11
10	23
10	24
11	23
11	24
11	579
12	13
12	44
13	250
13	305
13	353
13	420
13	425
13	426
14	15
14	16
14	20
14	21
14	22
14	26
14	27
14	28
14	29
14	30
14	38
14	41
14	42
14	43
15	21
15	351
18	19
19	493
21	26
21	27
21	28
21	30
21	38
21	42
21	158
21	164
21	203
21	214
21	230
21	236
21	237
21	246
21	247
21	269
21	270
21	276
21	277
21	278
21	281
21	288
21	303
21	308
21	310
21	324
21	335
21	341
21	347
21	351
21	357
21	362
21	365
21	366
21	376
21	377
21	386
21	389
21	395
21	408
21	409
21	422
21	434
21	435
28	351
29	1135
29	1152
31	32
31	37
31	39
32	635
32	658
32	695
32	806
32	831
32	885
32	891
32	937
32	952
32	957
32	985
32	986
32	1089
32	1108
32	1277
33	1407
34	291
34	1441
38	267
45	46
45	57
45	69
45	77
45	79
45	81
45	90
45	91
45	95
45	102
45	105
45	106
45	107
45	113
45	117
45	118
45	122
45	125
45	138
45	139
45	140
45	149
45	151
47	48
47	146
49	50
49	100
49	101
51	52
51	62
51	63
51	73
51	75
51	76
51	80
51	85
51	87
51	88
51	92
51	96
51	97
51	111
51	112
51	115
51	116
51	123
51	133
51	139
51	143
51	144
51	150
51	153
52	76
52	1186
53	54
53	55
53	56
53	66
53	67
53	68
53	72
53	74
53	78
53	82
53	84
53	86
53	89
53	109
53	124
53	126
53	127
53	128
53	142
53	155
58	59
58	98
60	61
60	108
61	1815
62	144
63	76
63	290
64	65
64	83
64	99
64	119
64	131
64	132
64	134
64	136
64	137
64	141
64	145
66	155
68	155
68	629
70	71
70	110
70	135
70	148
70	152
72	629
74	155
75	76
76	92
76	97
76	111
76	116
76	144
76	161
76	245
76	264
76	296
76	297
76	302
76	316
76	319
76	361
77	892
78	155
80	629
80	1083
80	1339
80	1467
80	1982
81	2238
82	472
84	155
85	153
88	153
91	1110
91	1695
93	94
93	147
94	165
98	2267
98	2354
101	295
101	459
103	104
103	114
103	154
111	619
113	651
113	892
113	1110
116	153
116	619
116	629
116	638
116	809
116	836
116	1106
116	1142
116	1188
116	1467
116	1525
116	1758
117	1944
118	1944
120	121
124	128
124	155
124	627
124	629
124	678
124	735
124	776
124	968
124	1145
124	1164
124	1809
124	1961
128	142
128	155
128	938
128	1961
129	130
133	1426
133	1505
133	1617
134	145
134	1595
139	358
139	1683
139	1695
140	1110
142	155
142	629
143	290
144	150
144	153
144	1644
144	1656
147	165
151	438
153	245
155	735
155	745
155	920
155	968
155	1004
155	1164
155	1190
155	1359
155	1809
155	1819
155	1846
155	1921
155	2204
156	157
156	173
156	200
156	205
156	304
156	339
156	348
156	367
156	370
157	222
157	318
158	630
158	1857
159	160
159	169
159	179
159	196
159	222
159	223
159	229
159	238
159	241
159	242
159	249
159	271
159	301
159	307
159	317
159	318
159	320
159	322
159	331
159	379
159	387
159	390
159	394
159	396
159	398
159	411
160	317
160	629
160	1110
160	1111
162	163
162	176
162	177
162	178
162	198
162	216
162	233
162	298
162	344
162	354
162	383
162	392
163	1827
165	166
165	187
165	193
165	195
165	204
165	235
165	240
165	243
165	244
165	262
165	263
165	273
165	274
165	292
165	311
165	312
165	326
165	337
165	375
165	429
167	168
167	184
167	275
167	332
167	350
167	355
167	427
169	379
169	626
169	1021
169	1061
170	171
170	325
170	338
172	173
172	194
172	306
172	327
172	328
172	380
173	653
173	1728
174	175
174	299
174	372
174	378
176	375
176	438
176	452
176	1687
179	394
179	1255
180	181
180	188
181	630
182	183
182	248
182	289
182	393
182	405
182	413
183	2236
185	186
185	253
185	272
185	356
185	360
185	397
187	1684
189	190
189	401
190	2266
191	192
191	199
191	252
191	286
191	433
192	209
192	1341
193	1684
196	197
196	215
196	260
196	280
196	282
196	300
196	314
196	329
196	330
196	336
196	352
196	399
196	424
200	627
201	202
205	447
205	619
205	627
205	629
205	809
205	828
205	1105
205	1210
206	207
207	284
207	340
208	209
208	251
208	259
208	309
208	323
208	402
208	430
208	437
209	2295
209	2303
209	2306
210	211
210	234
210	266
212	213
212	261
212	279
212	283
212	428
217	218
217	285
217	294
217	373
217	374
218	285
219	220
219	228
219	239
219	254
219	369
219	371
219	421
220	228
220	239
222	331
222	387
222	394
222	529
222	619
222	653
222	669
222	746
222	809
222	810
222	859
222	887
222	895
222	999
222	1011
222	1012
222	1102
222	1129
222	1140
222	1143
222	1243
222	1305
222	1340
222	1346
222	1413
222	1669
222	1692
222	1698
222	1702
222	1775
222	1785
222	1786
222	1858
222	1869
222	1920
222	1930
222	1955
222	1973
222	1987
222	2012
222	2016
222	2047
222	2123
222	2141
222	2172
224	225
225	1907
226	227
226	287
227	265
227	456
227	511
228	371
229	317
231	232
234	629
235	293
236	351
239	371
240	293
242	629
242	641
244	391
244	1915
244	2201
245	1188
247	351
250	438
255	256
255	321
255	400
255	403
255	404
257	258
258	1609
260	1339
265	313
265	315
266	602
266	613
266	614
266	615
267	268
269	1399
273	375
278	704
285	373
285	1400
290	364
290	406
292	375
295	410
301	317
301	809
301	1140
301	1413
301	1456
301	1640
302	892
302	1110
302	1111
305	703
306	631
306	653
306	1106
306	2063
308	351
309	1427
311	375
313	691
313	1982
315	691
315	1982
316	691
317	371
317	463
317	471
317	505
317	515
317	529
317	562
317	563
317	591
317	594
318	421
318	464
318	475
318	481
318	492
318	496
318	506
318	514
318	592
320	1255
320	1339
322	1255
322	1339
322	1445
322	1467
322	1731
323	1427
325	338
325	1356
327	328
327	363
327	368
327	412
328	1144
328	1728
329	630
331	1467
332	726
333	334
336	388
336	457
336	619
337	375
337	1827
339	1305
341	395
341	477
342	343
343	700
343	1106
345	346
345	407
349	350
349	423
350	674
350	1724
350	1999
351	1383
351	1431
351	1531
351	1588
356	445
358	359
360	445
369	371
369	650
370	619
371	650
371	1250
371	1284
373	647
373	990
373	1150
374	911
374	1176
375	443
375	444
375	446
375	474
375	489
375	495
375	500
375	503
375	504
375	509
375	545
375	546
375	547
375	548
375	570
375	595
381	382
384	385
393	1944
394	1255
395	1469
395	1470
397	953
397	1686
410	515
410	638
410	778
410	884
410	1216
410	1454
410	1459
410	1501
410	1943
410	1969
410	2128
412	631
413	1695
414	415
414	436
416	417
417	787
418	419
423	1506
423	1633
424	457
428	627
428	892
430	1491
431	432
437	1427
438	439
438	440
438	441
438	442
438	447
438	448
438	451
438	458
438	462
438	469
438	470
438	476
438	491
438	492
438	494
438	501
438	507
438	517
438	518
438	519
438	523
438	538
438	539
438	540
438	541
438	543
438	544
438	549
438	552
438	553
438	559
438	568
438	569
438	571
438	572
438	573
438	577
438	578
438	580
438	581
438	584
438	585
438	587
438	590
438	597
438	598
439	587
442	587
443	1684
445	454
445	455
445	467
445	468
445	482
445	487
445	488
445	497
445	499
445	510
445	512
445	516
445	524
445	525
445	526
445	533
445	534
445	535
445	555
445	560
445	566
445	574
445	586
445	593
446	1342
447	587
447	629
447	641
447	983
449	450
449	473
449	551
449	601
452	453
452	460
452	461
452	494
452	499
452	508
452	520
452	530
452	537
452	542
452	554
452	567
452	576
452	582
452	583
452	588
452	596
453	520
456	511
456	1503
456	1722
456	1790
456	2066
456	2072
456	2079
456	2191
457	565
457	600
458	1188
459	532
461	520
465	466
466	2205
468	627
471	629
471	1683
473	676
476	629
477	478
477	490
477	498
477	558
479	480
479	485
479	589
483	484
483	486
483	502
483	513
483	536
484	1733
491	1857
493	1016
494	520
494	915
499	520
504	1342
507	629
507	738
508	520
509	703
511	1369
511	1594
513	1733
515	1216
520	537
520	542
520	554
520	576
520	583
520	588
520	596
520	618
520	775
520	915
520	1006
520	1149
520	1285
521	522
521	599
522	1512
523	1525
527	528
527	550
529	753
530	1621
531	532
532	635
535	1083
537	915
537	1965
539	629
541	587
541	629
541	1467
541	1728
542	915
548	1827
548	2201
551	601
551	794
551	1867
552	1467
556	557
556	561
556	564
556	575
562	653
562	746
562	778
562	809
562	1239
563	629
564	1825
576	915
581	587
587	590
587	757
587	793
587	828
587	859
587	1448
587	1463
587	1536
587	1547
587	1556
587	1557
587	1576
587	1586
587	1615
588	1828
594	627
594	809
594	1982
596	915
598	1467
600	619
600	809
601	1734
601	2248
601	2276
601	2277
601	2279
601	2280
601	2281
601	2297
601	2299
601	2338
601	2339
601	2341
601	2347
601	2348
603	604
603	607
605	606
605	617
608	609
608	612
608	616
610	611
619	620
619	621
619	622
619	628
619	634
619	648
619	661
619	662
619	669
619	670
619	699
619	739
619	754
619	757
619	798
619	801
619	802
619	807
619	809
619	822
619	831
619	836
619	838
619	846
619	849
619	858
619	859
619	864
619	876
619	877
619	878
619	879
619	886
619	887
619	888
619	893
619	898
619	899
619	900
619	902
619	914
619	918
619	930
619	931
619	933
619	934
619	963
619	1009
619	1012
619	1015
619	1020
619	1022
619	1044
619	1045
619	1048
619	1049
619	1055
619	1064
619	1068
619	1073
619	1075
619	1083
619	1092
619	1103
619	1109
619	1116
619	1132
619	1175
619	1177
619	1199
619	1213
619	1217
619	1224
619	1231
619	1257
619	1278
619	1302
620	631
620	1106
622	809
623	624
625	626
625	663
625	753
625	754
625	809
626	753
627	678
627	679
627	682
627	684
627	706
627	709
627	725
627	746
627	757
627	759
627	784
627	786
627	788
627	791
627	798
627	824
627	859
627	872
627	895
627	946
627	949
627	950
627	951
627	956
627	982
627	983
627	984
627	987
627	988
627	1000
627	1018
627	1047
627	1084
627	1095
627	1104
627	1124
627	1145
627	1160
627	1168
627	1174
627	1254
628	629
629	630
629	631
629	637
629	640
629	641
629	643
629	644
629	645
629	646
629	648
629	649
629	654
629	655
629	656
629	657
629	664
629	665
629	666
629	667
629	668
629	673
629	684
629	685
629	686
629	687
629	688
629	689
629	690
629	694
629	698
629	701
629	706
629	710
629	711
629	712
629	713
629	717
629	718
629	719
629	720
629	721
629	722
629	724
629	725
629	730
629	732
629	733
629	734
629	735
629	736
629	737
629	738
629	740
629	741
629	742
629	744
629	745
629	747
629	754
629	758
629	761
629	762
629	765
629	766
629	767
629	768
629	769
629	771
629	772
629	773
629	774
629	776
629	777
629	779
629	780
629	781
629	782
629	783
629	785
629	792
629	793
629	796
629	797
629	798
629	813
629	814
629	815
629	816
629	817
629	821
629	822
629	823
629	834
629	835
629	836
629	842
629	844
629	849
629	855
629	856
629	857
629	859
629	860
629	861
629	863
629	865
629	866
629	867
629	870
629	871
629	875
629	879
629	880
629	881
629	882
629	883
629	889
629	890
629	892
629	901
629	904
629	905
629	906
629	917
629	920
629	921
629	922
629	924
629	925
629	926
629	927
629	928
629	935
629	936
629	938
629	939
629	940
629	943
629	944
629	945
629	947
629	958
629	960
629	966
629	967
629	968
629	969
629	970
629	971
629	974
629	979
629	980
629	989
629	991
629	992
629	993
629	994
629	995
629	1001
629	1002
629	1003
629	1004
629	1005
629	1010
629	1012
629	1013
629	1024
629	1025
629	1026
629	1027
629	1028
629	1029
629	1030
629	1031
629	1034
629	1036
629	1037
629	1038
629	1040
629	1041
629	1042
629	1046
629	1051
629	1054
629	1056
629	1057
629	1058
629	1060
629	1063
629	1066
629	1069
629	1070
629	1071
629	1072
629	1074
629	1078
629	1085
629	1086
629	1094
629	1095
629	1096
629	1098
629	1099
629	1106
629	1109
629	1112
629	1113
629	1116
629	1119
629	1120
629	1121
629	1122
629	1123
629	1128
629	1134
629	1137
629	1138
629	1147
629	1162
629	1163
629	1164
629	1165
629	1167
629	1168
629	1169
629	1170
629	1171
629	1178
629	1179
629	1180
629	1181
629	1182
629	1188
629	1189
629	1190
629	1191
629	1192
629	1194
629	1195
629	1197
629	1201
629	1202
629	1203
629	1204
629	1205
629	1206
629	1207
629	1208
629	1209
629	1210
629	1211
629	1212
629	1225
629	1229
629	1230
629	1232
629	1234
629	1235
629	1236
629	1237
629	1238
629	1244
629	1247
629	1248
629	1249
629	1251
629	1253
629	1259
629	1260
629	1261
629	1266
629	1272
629	1273
629	1274
629	1276
629	1279
629	1280
629	1281
629	1283
629	1286
629	1287
629	1288
629	1289
629	1290
629	1291
629	1292
629	1293
629	1294
629	1295
629	1299
629	1300
629	1301
629	1303
629	1304
629	1306
629	1308
629	1310
629	1311
629	1312
629	1314
629	1315
629	1316
629	1317
629	1318
629	1319
629	1320
629	1322
630	634
630	641
630	699
630	740
630	801
630	823
630	879
630	909
630	931
630	933
630	934
630	1039
630	1137
630	1162
630	1163
630	1252
630	1272
630	1373
630	1646
630	1746
630	1766
630	1793
630	1794
630	1796
630	1806
630	1807
630	1816
630	1824
630	1849
630	1871
630	1887
630	1892
630	1924
630	1925
630	1926
630	1976
630	1995
630	2001
630	2042
630	2069
630	2121
630	2129
630	2158
630	2190
630	2198
630	2199
631	719
631	822
631	1101
631	1109
631	1721
631	1729
631	1748
631	1760
631	1822
631	1844
631	2015
632	633
632	847
632	929
632	1166
632	1268
634	1188
635	636
635	658
635	663
635	695
635	831
635	873
635	874
635	885
635	887
635	891
635	894
635	913
635	942
635	952
635	957
635	985
635	1008
635	1089
635	1108
635	1118
635	1143
635	1172
636	1354
636	1443
638	639
638	716
638	755
638	803
638	830
638	884
638	910
638	955
638	1014
638	1023
638	1076
638	1100
638	1133
638	1142
638	1156
638	1198
638	1200
638	1216
638	1228
638	1242
638	1258
640	641
640	1752
641	642
641	682
641	715
641	731
641	742
641	743
641	744
641	745
641	798
641	814
641	823
641	864
641	892
641	909
641	961
641	963
641	975
641	978
641	1012
641	1030
641	1041
641	1062
641	1069
641	1074
641	1086
641	1103
641	1109
641	1111
641	1116
641	1128
641	1137
641	1161
641	1165
641	1170
641	1181
641	1183
641	1184
641	1187
641	1188
641	1233
641	1238
641	1252
642	740
645	1467
647	1226
647	1855
651	652
652	804
652	868
652	869
652	1223
653	719
653	763
653	810
653	872
653	1101
653	1102
653	1140
653	1241
653	1305
654	1683
659	660
659	981
659	1136
659	1193
660	1188
660	1425
660	1795
661	1467
663	1354
663	1443
669	1467
670	1305
671	672
671	714
671	818
674	675
674	897
674	912
674	919
674	1019
674	1065
674	1090
674	1117
674	1296
676	677
676	808
677	1451
680	681
680	691
680	730
680	790
680	833
680	859
680	862
680	932
680	1064
681	1308
681	1379
681	1397
681	1618
681	1682
681	1700
681	1701
681	1703
681	1726
681	1732
681	1735
681	1804
681	1852
681	1868
681	1890
681	1913
681	1927
681	1932
681	1944
681	1948
681	1968
681	1984
681	1991
681	1993
681	2027
681	2049
681	2108
681	2117
681	2161
681	2214
681	2218
681	2221
682	1460
683	684
683	685
683	764
683	771
683	798
683	841
683	948
683	977
683	1060
683	1087
683	1110
683	1130
683	1256
683	1267
683	1269
683	1297
683	1321
683	1323
684	738
685	1385
685	1944
691	714
691	715
691	730
691	835
691	1027
691	1086
691	1193
691	1233
691	1276
691	1400
691	1424
691	1437
691	1518
691	1598
691	1697
691	1708
691	1710
691	1712
691	1739
691	1752
691	1754
691	1757
691	1761
691	1782
691	1792
691	1817
691	1851
691	1856
691	1857
691	1859
691	1881
691	1897
691	1945
691	1949
691	1952
691	1982
691	2003
691	2004
691	2037
691	2045
691	2058
691	2080
691	2083
691	2095
691	2099
691	2137
691	2152
691	2183
691	2202
691	2209
692	693
692	752
692	845
692	996
692	1196
692	1215
693	1683
695	1731
696	697
696	787
696	1125
696	1159
697	787
697	1125
697	2247
697	2302
697	2352
698	1683
699	700
699	737
699	809
699	1083
699	1106
699	1111
699	1351
699	1400
699	1486
699	1497
699	1553
699	1554
699	2027
700	701
700	829
700	1115
701	1349
702	1684
703	751
703	916
703	1155
703	1262
704	705
704	723
704	756
704	760
704	799
704	800
704	825
704	826
704	848
704	896
704	959
704	1080
704	1082
704	1093
704	1114
704	1151
704	1173
704	1298
707	708
707	1077
707	1139
715	1086
715	1233
715	1752
716	735
716	942
716	1749
716	2046
716	2056
720	1188
720	1385
720	1422
720	1472
720	1671
720	1944
724	1361
726	727
726	1313
728	729
728	750
728	770
728	805
728	820
728	941
728	962
728	965
728	1081
728	1091
728	1185
728	1240
728	1264
728	1307
730	809
730	865
730	1106
731	1467
731	1525
737	1106
737	1379
737	1396
737	1479
737	1500
737	1579
738	761
738	777
738	798
738	924
738	939
738	967
738	991
738	1005
738	1078
738	1134
738	1225
738	1260
738	1343
738	1363
738	1375
738	1376
738	1384
738	1484
738	1597
738	1620
738	1658
740	798
740	924
740	939
748	749
748	908
748	1050
753	754
753	843
753	851
759	1467
763	1339
763	1467
763	1527
763	1944
764	1736
769	892
772	1486
778	955
778	1014
778	1133
778	1142
780	1110
783	1683
787	2254
787	2284
787	2318
787	2343
789	790
789	1083
790	1083
790	1106
790	1351
790	1486
791	983
794	795
794	964
799	1800
802	1857
804	2269
806	1731
809	810
809	819
809	827
809	836
809	844
809	850
809	852
809	859
809	903
809	907
809	923
809	932
809	934
809	999
809	1011
809	1012
809	1039
809	1043
809	1059
809	1067
809	1079
809	1083
809	1094
809	1097
809	1106
809	1129
809	1131
809	1140
809	1146
809	1154
809	1218
809	1243
809	1263
809	1282
809	1309
810	1467
811	812
811	832
811	837
811	976
811	1088
811	1148
811	1153
822	1486
827	1467
827	1525
827	1527
829	1106
831	885
831	887
831	952
831	1143
831	1467
831	1731
831	1882
835	892
835	1437
835	1697
835	1752
835	1859
835	1982
835	2237
836	892
836	973
836	1107
836	1188
836	1250
836	1390
836	1466
836	1508
836	1542
836	1605
836	1650
836	1652
836	1653
836	1663
836	1677
836	1758
836	1759
836	1832
836	2271
836	2312
836	2336
836	2357
839	840
842	1683
842	1731
849	1339
849	1467
851	1867
852	1106
853	854
854	1368
859	1188
859	1467
859	1527
859	1857
859	2237
861	1683
862	1486
862	1778
862	1857
862	2005
866	1683
873	1339
873	1443
877	1467
878	1460
879	1110
879	1385
885	1467
887	1339
887	1366
887	1467
887	1731
892	892
892	1002
892	1027
892	1110
892	1137
892	1186
892	1188
892	1202
892	1584
892	1671
892	1695
892	1810
892	1829
892	1983
892	2086
892	2185
892	2186
896	2070
903	1467
906	2237
911	1176
912	1724
915	1006
915	1149
915	1285
915	1347
915	1905
923	1106
923	1553
928	1361
930	1944
931	1111
934	2030
937	1731
940	1903
947	1305
952	985
952	1305
952	1731
953	954
953	1157
954	1411
955	1014
955	1142
955	1216
957	1089
957	1731
957	1786
965	2265
972	973
972	1107
978	1238
978	1686
983	1106
983	1188
983	1350
983	1379
983	1579
983	1682
983	1860
983	2026
983	2164
984	1467
985	1089
985	1188
985	1731
997	998
998	1333
1002	1982
1004	1961
1007	1684
1011	1305
1011	1339
1011	1445
1011	1467
1011	1525
1015	1467
1016	1017
1022	1752
1027	1752
1027	1982
1028	1683
1032	1033
1032	1141
1052	1053
1055	1944
1058	2049
1064	1357
1078	1683
1082	2282
1083	1098
1083	1106
1083	1338
1083	1351
1083	1352
1083	1360
1083	1380
1083	1404
1083	1409
1083	1410
1083	1438
1083	1479
1083	1486
1083	1493
1083	1509
1083	1510
1083	1511
1083	1523
1083	1528
1083	1537
1083	1555
1083	1571
1083	1598
1083	1599
1083	1606
1083	1637
1083	1647
1083	1680
1084	1467
1085	1305
1086	1188
1086	1437
1086	1697
1086	1752
1086	1982
1086	2237
1089	1731
1103	1467
1103	1486
1106	1107
1106	1122
1106	1350
1106	1352
1106	1357
1106	1386
1106	1396
1106	1400
1106	1404
1106	1406
1106	1408
1106	1414
1106	1415
1106	1420
1106	1444
1106	1446
1106	1497
1106	1500
1106	1509
1106	1511
1106	1513
1106	1516
1106	1520
1106	1589
1106	1590
1106	1591
1106	1592
1106	1604
1106	1631
1106	1672
1106	1673
1106	1682
1107	1467
1108	1731
1109	1749
1110	1202
1110	1272
1110	1353
1110	1373
1110	1405
1110	1471
1110	1475
1110	1481
1110	1487
1110	1492
1110	1494
1110	1495
1110	1538
1110	1584
1110	1603
1110	1608
1110	1622
1110	1624
1110	1634
1110	1635
1110	1636
1110	1638
1110	1646
1110	1648
1110	1654
1110	1674
1111	1188
1111	1254
1111	1592
1111	1732
1111	1735
1111	1824
1111	1875
1111	2111
1111	2162
1111	2217
1115	1752
1116	1525
1117	2170
1118	1443
1123	1683
1126	1127
1126	1158
1133	1142
1137	1188
1138	1188
1140	1339
1142	1198
1146	1467
1146	1527
1150	1275
1156	1467
1156	1525
1165	1188
1169	1683
1170	1188
1172	1467
1180	1683
1181	1467
1181	1525
1183	1525
1184	1339
1184	1467
1188	1202
1188	1250
1188	1274
1188	1374
1188	1396
1188	1403
1188	1404
1188	1417
1188	1419
1188	1422
1188	1424
1188	1425
1188	1430
1188	1435
1188	1436
1188	1437
1188	1461
1188	1466
1188	1472
1188	1483
1188	1500
1188	1508
1188	1518
1188	1524
1188	1541
1188	1542
1188	1558
1188	1581
1188	1583
1188	1605
1188	1612
1188	1616
1188	1629
1188	1642
1188	1650
1188	1653
1188	1659
1188	1660
1188	1661
1188	1663
1188	1664
1188	1671
1188	1677
1193	1425
1193	1710
1194	1683
1197	1683
1198	1324
1198	2238
1207	1683
1214	1684
1216	1459
1216	1501
1216	1669
1219	1220
1220	2060
1221	1222
1221	1265
1223	2269
1226	1227
1231	1554
1232	1683
1238	1390
1238	1429
1238	1515
1243	1339
1245	1246
1246	1473
1251	1683
1254	1467
1255	1564
1255	1649
1259	2237
1270	1271
1271	1337
1271	2238
1272	1752
1274	1671
1276	1437
1276	1697
1277	1731
1278	1486
1287	1683
1288	1683
1289	1683
1305	1339
1305	1416
1305	1652
1305	1731
1305	1749
1305	1785
1305	1797
1305	1823
1305	1953
1310	1683
1311	1683
1314	1683
1324	1325
1324	1326
1324	1327
1324	1332
1324	1334
1328	1329
1330	1331
1333	1389
1335	1336
1335	1354
1335	1355
1335	1364
1335	1377
1335	1388
1335	1418
1335	1421
1335	1443
1335	1454
1335	1457
1335	1464
1335	1465
1335	1489
1335	1490
1335	1496
1335	1504
1335	1514
1335	1527
1335	1539
1335	1540
1335	1600
1335	1601
1335	1619
1335	1662
1335	1665
1338	1736
1339	1340
1339	1344
1339	1345
1339	1346
1339	1348
1339	1365
1339	1371
1339	1378
1339	1387
1339	1397
1339	1401
1339	1402
1339	1413
1339	1416
1339	1423
1339	1445
1339	1467
1339	1525
1339	1526
1339	1527
1339	1532
1339	1533
1339	1534
1339	1535
1339	1563
1339	1572
1339	1574
1339	1585
1339	1602
1339	1630
1339	1639
1339	1641
1339	1652
1340	1445
1341	1462
1341	1517
1341	1529
1341	1573
1342	1372
1342	1391
1342	1432
1342	1578
1342	1593
1345	1445
1345	1467
1346	1467
1347	1392
1347	1498
1348	1958
1349	1460
1349	1513
1351	1352
1351	1438
1351	1493
1351	1509
1351	1510
1351	1528
1351	1606
1351	1680
1351	2268
1351	2294
1351	2351
1354	1355
1354	1377
1354	1388
1354	1418
1354	1443
1354	1464
1354	1465
1354	1468
1354	1480
1354	1489
1354	1490
1354	1496
1354	1504
1354	1539
1354	1625
1356	1393
1356	1394
1356	1455
1356	1613
1356	1655
1356	1676
1358	1359
1358	1499
1361	1362
1361	1395
1361	1458
1361	1627
1361	1628
1361	1681
1364	1443
1365	1445
1365	1467
1366	1367
1366	1453
1366	1457
1366	1468
1366	1490
1366	1519
1366	1550
1366	1563
1366	1607
1369	1370
1369	1442
1369	1485
1369	1503
1369	1543
1369	1548
1369	1643
1372	1827
1374	1467
1378	1467
1381	1382
1381	1560
1383	1398
1385	1397
1385	1422
1385	1567
1385	1577
1385	1580
1385	1596
1385	1597
1385	1611
1385	1618
1385	1666
1385	1668
1387	1467
1388	1468
1390	1686
1397	1527
1397	1749
1398	1399
1400	1528
1400	1553
1400	2264
1400	2296
1402	1467
1405	1695
1407	1447
1411	1412
1411	1482
1411	1502
1411	1507
1411	1551
1411	1552
1411	1561
1411	1565
1411	1623
1412	1908
1413	1445
1414	1736
1418	1527
1419	1671
1421	1443
1422	1472
1422	1870
1424	1425
1424	1437
1424	1460
1424	1697
1424	1710
1424	1751
1424	1752
1424	1856
1424	1859
1425	1518
1425	1618
1425	1677
1425	1732
1425	1774
1425	1788
1425	1789
1425	1817
1425	1880
1425	1888
1425	1912
1425	1935
1425	1992
1425	1994
1425	2008
1425	2017
1425	2022
1425	2028
1425	2075
1425	2089
1425	2103
1425	2154
1425	2157
1425	2169
1425	2171
1425	2180
1426	1944
1427	1428
1433	1434
1433	1626
1434	1958
1435	1961
1437	1694
1437	1697
1437	1710
1437	1752
1437	1855
1437	1856
1437	1859
1437	1929
1437	1957
1437	2036
1437	2142
1437	2166
1437	2216
1439	1440
1439	1488
1439	1559
1439	1566
1439	1667
1440	1488
1440	1559
1440	1566
1440	1667
1443	1489
1443	1600
1443	1918
1443	2035
1443	2065
1443	2173
1445	1467
1445	1533
1445	1535
1445	1585
1445	1630
1445	1641
1445	1843
1445	2018
1449	1450
1449	1476
1449	1568
1451	1452
1454	1467
1454	1731
1460	1801
1460	2196
1461	1683
1465	1539
1467	1525
1467	1526
1467	1527
1467	1533
1467	1534
1467	1535
1467	1539
1467	1543
1467	1563
1467	1572
1467	1585
1467	1602
1467	1630
1467	1639
1467	1641
1467	1642
1467	1664
1467	1669
1467	1691
1467	1702
1467	1706
1467	1707
1467	1718
1467	1723
1467	1741
1467	1742
1467	1759
1467	1779
1467	1780
1467	1786
1467	1824
1467	1831
1467	1832
1467	1834
1467	1835
1467	1838
1467	1839
1467	1840
1467	1861
1467	1866
1467	1868
1467	1877
1467	1893
1467	1904
1467	1914
1467	1923
1467	1930
1467	1934
1467	1936
1467	1938
1467	1941
1467	1944
1467	1950
1467	1956
1467	1957
1467	1966
1467	1971
1467	1972
1467	1981
1467	1984
1467	1987
1467	1997
1467	2021
1467	2029
1467	2051
1467	2053
1467	2081
1467	2082
1467	2087
1467	2088
1467	2091
1467	2094
1467	2096
1467	2097
1467	2115
1467	2125
1467	2131
1467	2143
1467	2149
1467	2150
1467	2174
1467	2177
1467	2179
1467	2182
1467	2208
1467	2212
1467	2213
1467	2215
1467	2219
1467	2220
1467	2224
1467	2226
1467	2228
1468	1738
1468	1767
1468	1876
1471	1695
1473	1474
1473	1546
1473	1614
1476	1568
1477	1478
1477	1549
1477	1575
1477	1587
1477	1610
1477	1670
1477	1675
1485	1989
1485	2105
1486	1542
1486	1653
1486	1727
1486	1777
1486	1783
1486	1852
1486	1891
1486	1919
1486	1954
1486	1988
1486	1998
1486	2002
1486	2034
1486	2038
1486	2085
1486	2168
1486	2192
1486	2229
1489	1687
1491	1521
1491	1562
1491	1582
1491	1657
1497	1606
1497	2324
1503	1594
1506	1522
1512	1544
1512	1545
1518	1710
1521	1530
1525	1534
1525	1535
1525	1539
1525	1585
1525	1669
1525	1786
1525	1831
1525	2051
1525	2149
1525	2219
1525	2224
1525	2275
1525	2298
1525	2326
1527	1563
1527	1630
1527	1662
1527	1840
1527	1950
1527	2212
1527	2235
1527	2257
1527	2301
1528	1751
1533	1944
1543	2064
1553	1554
1553	1679
1554	2175
1557	2044
1568	2140
1569	1570
1594	1645
1594	1678
1598	1710
1608	1695
1618	1710
1622	1671
1622	1695
1632	1633
1634	1671
1635	1695
1638	1695
1639	1723
1648	1695
1650	1758
1651	1652
1652	1731
1652	1791
1671	2124
1671	2262
1671	2270
1671	2286
1671	2320
1683	1693
1683	1709
1683	1717
1683	1719
1683	1720
1683	1725
1683	1730
1683	1755
1683	1776
1683	1803
1683	1814
1683	1818
1683	1841
1683	1848
1683	1863
1683	1864
1683	1865
1683	1895
1683	1936
1683	1937
1683	1939
1683	1940
1683	1960
1683	1974
1683	2000
1683	2024
1683	2033
1683	2071
1683	2076
1683	2112
1683	2113
1683	2114
1683	2119
1683	2134
1683	2200
1683	2206
1683	2207
1684	1685
1684	1743
1684	1842
1684	1845
1684	1847
1684	1873
1684	1874
1684	2006
1684	2098
1684	2151
1684	2155
1684	2163
1684	2181
1684	2201
1686	1713
1686	1813
1686	2222
1687	1688
1687	1767
1687	1799
1687	1833
1687	2023
1687	2165
1689	1690
1689	1798
1689	2156
1694	1982
1695	1696
1695	1699
1695	1703
1695	1747
1695	1756
1695	1768
1695	1769
1695	1783
1695	1784
1695	1802
1695	1808
1695	1850
1695	1872
1695	1916
1695	1927
1695	1980
1695	2032
1695	2039
1695	2040
1695	2054
1695	2061
1695	2062
1695	2093
1695	2116
1695	2135
1695	2136
1695	2145
1695	2194
1695	2210
1695	2211
1697	1752
1697	1757
1697	1856
1697	1859
1697	1929
1697	1945
1697	1957
1697	2146
1697	2197
1698	1752
1704	1705
1710	1711
1710	1716
1710	1739
1710	1740
1710	1752
1710	1754
1710	1761
1710	1773
1710	1774
1710	1789
1710	1856
1710	1859
1710	1862
1710	1879
1710	1880
1710	1881
1710	1889
1710	1896
1710	1899
1710	1906
1710	1928
1710	1942
1710	1992
1710	1994
1710	2008
1710	2028
1710	2043
1710	2057
1710	2102
1710	2118
1710	2120
1710	2122
1710	2130
1710	2137
1710	2138
1710	2139
1710	2147
1710	2148
1714	1715
1714	1922
1714	1975
1714	1996
1714	2052
1723	1898
1723	2107
1723	2159
1728	1729
1728	1748
1728	1760
1728	1844
1728	1933
1731	1785
1731	1821
1731	1915
1731	1970
1731	2012
1731	2055
1731	2176
1733	1734
1733	1951
1733	2025
1733	2106
1733	2110
1733	2225
1735	1857
1736	1737
1736	1770
1736	1781
1736	1805
1736	1890
1736	1913
1736	1977
1736	2109
1736	2124
1736	2153
1736	2203
1738	2238
1744	1745
1749	1750
1749	1834
1749	1931
1749	1936
1749	2092
1749	2178
1749	2187
1749	2223
1751	1928
1752	1753
1752	1757
1752	1792
1752	1811
1752	1812
1752	1820
1752	1830
1752	1851
1752	1856
1752	1859
1752	1878
1752	1945
1752	2041
1752	2050
1752	2101
1752	2195
1757	1857
1757	1982
1758	1759
1762	1763
1762	2144
1764	1765
1764	1787
1764	2073
1768	1857
1768	1944
1771	1772
1771	2059
1782	1795
1791	2011
1792	2237
1795	2104
1800	1917
1815	1999
1817	1982
1817	2237
1819	1961
1825	1826
1825	1900
1825	2100
1836	1837
1836	1894
1836	2031
1851	2237
1853	1854
1856	1982
1857	1878
1857	1916
1857	1919
1857	1944
1857	1949
1857	1980
1857	2027
1857	2032
1857	2034
1857	2040
1857	2049
1857	2054
1857	2120
1857	2136
1857	2162
1857	2194
1857	2230
1857	2231
1857	2234
1857	2239
1857	2243
1857	2244
1857	2250
1857	2253
1857	2258
1857	2260
1857	2261
1857	2272
1857	2289
1857	2292
1857	2293
1857	2300
1857	2308
1857	2317
1857	2319
1857	2321
1857	2325
1857	2327
1857	2328
1857	2337
1857	2345
1857	2346
1857	2349
1857	2355
1857	2356
1859	1957
1859	1982
1870	1944
1876	2238
1881	1982
1883	1884
1885	1886
1885	2193
1885	2227
1901	1902
1908	1909
1908	2160
1908	2167
1910	1911
1910	2090
1929	2238
1944	1957
1944	2040
1944	2232
1944	2233
1944	2240
1944	2245
1944	2252
1944	2255
1944	2259
1944	2278
1944	2285
1944	2290
1944	2291
1944	2304
1944	2309
1944	2311
1944	2314
1944	2323
1944	2340
1944	2342
1944	2344
1945	1982
1946	1947
1958	1959
1958	1990
1958	2007
1958	2132
1958	2133
1961	1962
1961	1967
1961	2084
1963	1964
1963	2073
1963	2074
1978	1979
1982	2083
1982	2192
1982	2249
1982	2251
1982	2330
1984	2027
1985	1986
1991	2063
2009	2010
2013	2014
2019	2020
2027	2049
2027	2124
2027	2214
2027	2255
2044	2048
2044	2184
2049	2329
2067	2068
2077	2078
2083	2237
2126	2127
2188	2189
2201	2310
2201	2313
2237	2273
2237	2274
2237	2305
2237	2315
2238	2246
2238	2256
2238	2263
2238	2283
2238	2287
2238	2288
2238	2307
2238	2316
2238	2333
2238	2350
2241	2242
2266	2322
2282	2353
2331	2332
2334	2335
