0	1
2	3
2	17
2	34
2	36
3	32
3	221
3	635
3	1089
3	1785
4	5
4	17
6	7
6	25
6	35
7	25
7	702
7	1007
7	1035
7	1214
8	9
8	33
8	40
10	11
10	23
10	24
11	23
11	24
11	579
12	13
12	44
13	250
13	305
13	353
13	420
13	425
13	426
14	15
14	16
14	20
14	21
14	22
14	26
14	27
14	28
14	29
14	30
14	38
14	41
14	42
14	43
15	21
15	42
15	351
16	26
17	1089
18	19
19	493
20	366
21	26
21	27
21	28
21	30
21	38
21	42
21	158
21	164
21	203
21	214
21	230
21	236
21	237
21	246
21	247
21	269
21	270
21	276
21	277
21	278
21	281
21	288
21	303
21	308
21	310
21	324
21	335
21	341
21	347
21	351
21	357
21	362
21	365
21	366
21	376
21	377
21	386
21	389
21	395
21	408
21	409
21	422
21	434
21	435
25	702
26	30
26	38
26	41
26	158
26	408
26	435
26	2422
26	2639
26	2734
26	2838
26	2849
26	2896
28	351
29	1135
29	1152
31	32
31	37
31	39
32	635
32	658
32	695
32	806
32	831
32	885
32	891
32	937
32	952
32	957
32	985
32	986
32	1089
32	1108
32	1277
33	1407
34	291
34	1441
36	1832
36	3309
37	2273
37	2305
37	2315
38	267
38	366
42	246
42	1588
42	3439
45	46
45	57
45	69
45	77
45	79
45	81
45	90
45	91
45	95
45	102
45	105
45	106
45	107
45	113
45	117
45	118
45	122
45	125
45	138
45	139
45	140
45	149
45	151
46	122
46	139
46	140
47	48
47	146
49	50
49	100
49	101
51	52
51	62
51	63
51	73
51	75
51	76
51	80
51	85
51	87
51	88
51	92
51	96
51	97
51	111
51	112
51	115
51	116
51	123
51	133
51	139
51	143
51	144
51	150
51	153
52	76
52	1186
53	54
53	55
53	56
53	66
53	67
53	68
53	72
53	74
53	78
53	82
53	84
53	86
53	89
53	109
53	124
53	126
53	127
53	128
53	142
53	155
54	55
55	56
55	66
55	82
55	86
55	89
55	126
55	611
55	711
55	938
55	991
55	1004
55	1058
55	1819
55	1846
55	2430
55	2455
55	2577
55	2602
55	2682
55	3390
55	3506
56	66
56	126
56	1004
56	1819
56	3367
57	139
57	140
58	59
58	98
60	61
60	108
61	1815
62	144
62	2500
63	76
63	290
64	65
64	83
64	99
64	119
64	131
64	132
64	134
64	136
64	137
64	141
64	145
66	86
66	126
66	155
66	1004
66	1058
66	2430
66	2455
66	2577
66	2682
68	155
68	629
68	684
68	771
68	1273
69	139
70	71
70	110
70	135
70	148
70	152
71	1855
72	629
74	155
74	684
75	76
76	92
76	97
76	111
76	116
76	144
76	161
76	245
76	264
76	296
76	297
76	302
76	316
76	319
76	361
77	139
77	140
77	892
78	155
79	139
79	140
80	629
80	1083
80	1339
80	1467
80	1982
80	2202
80	2217
81	2238
82	472
82	2681
83	2149
84	155
85	150
85	153
88	150
88	153
90	122
90	139
91	113
91	139
91	140
91	1110
91	1695
93	94
93	147
94	165
95	107
97	143
97	183
97	364
97	3679
98	2267
98	2354
99	2149
99	3330
101	295
101	459
103	104
103	114
103	154
105	113
105	122
105	139
105	140
106	139
106	140
111	619
111	764
111	1323
111	1499
111	1904
111	2368
111	3119
112	3540
113	117
113	118
113	140
113	651
113	780
113	892
113	1110
113	1622
113	1636
113	1796
113	1916
113	2054
113	2948
113	2950
116	153
116	439
116	619
116	629
116	638
116	684
116	699
116	809
116	810
116	814
116	836
116	1106
116	1142
116	1188
116	1467
116	1525
116	1758
116	2104
116	2933
116	3022
116	3248
117	139
117	140
117	1944
118	139
118	140
118	1944
119	2149
119	3330
120	121
122	139
122	149
122	2727
122	2950
122	2978
122	3040
124	128
124	155
124	627
124	629
124	678
124	735
124	776
124	968
124	1145
124	1164
124	1809
124	1961
125	139
125	140
125	2897
128	142
128	155
128	938
128	1961
129	130
131	2652
132	2652
132	2700
132	3600
133	1426
133	1505
133	1617
134	145
134	1595
139	149
139	358
139	602
139	613
139	868
139	1471
139	1487
139	1495
139	1636
139	1638
139	1654
139	1683
139	1695
139	2194
139	2287
139	2320
139	2365
139	2415
139	2948
139	2950
139	2978
139	3040
139	3129
139	3565
139	3702
139	3728
139	3736
139	3864
139	3865
139	3902
139	3918
140	1110
140	1487
140	1495
140	1636
140	1638
140	2948
140	2950
140	3040
140	3702
140	3809
142	155
142	629
142	684
143	290
144	150
144	153
144	1644
144	1656
145	2700
147	165
149	3566
150	319
150	1644
150	3679
151	438
151	581
153	245
154	933
154	934
155	735
155	745
155	920
155	968
155	1004
155	1164
155	1190
155	1359
155	1809
155	1819
155	1846
155	1921
155	2204
156	157
156	173
156	200
156	205
156	304
156	339
156	348
156	367
156	370
157	222
157	318
157	439
157	933
157	934
157	1161
157	2192
157	2249
158	630
158	1233
158	1857
159	160
159	169
159	179
159	196
159	222
159	223
159	229
159	238
159	241
159	242
159	249
159	271
159	301
159	307
159	317
159	318
159	320
159	322
159	331
159	379
159	387
159	390
159	394
159	396
159	398
159	411
160	317
160	629
160	669
160	1002
160	1110
160	1111
160	1137
160	1276
162	163
162	176
162	177
162	178
162	198
162	216
162	233
162	298
162	344
162	354
162	383
162	392
163	1372
163	1827
165	166
165	187
165	193
165	195
165	204
165	235
165	240
165	243
165	244
165	262
165	263
165	273
165	274
165	292
165	311
165	312
165	326
165	337
165	375
165	429
166	3615
167	168
167	184
167	275
167	332
167	350
167	355
167	427
168	4067
169	379
169	626
169	1021
169	1061
170	171
170	325
170	338
172	173
172	194
172	306
172	327
172	328
172	380
173	370
173	653
173	1039
173	1109
173	1374
173	1642
173	1728
173	2606
173	4095
174	175
174	299
174	372
174	378
176	302
176	375
176	420
176	438
176	452
176	814
176	1687
176	2699
176	3485
178	392
178	3581
179	394
179	1255
180	181
180	188
181	630
182	183
182	248
182	289
182	393
182	405
182	413
183	2236
185	186
185	253
185	272
185	356
185	360
185	397
187	1684
189	190
189	401
190	2266
190	2322
190	3103
191	192
191	199
191	252
191	286
191	433
192	209
192	1341
193	702
193	1684
196	197
196	215
196	260
196	280
196	282
196	300
196	314
196	329
196	330
196	336
196	352
196	399
196	424
200	627
201	202
204	3581
204	3630
205	447
205	619
205	627
205	629
205	809
205	828
205	1105
205	1210
206	207
207	284
207	340
208	209
208	251
208	259
208	309
208	323
208	402
208	430
208	437
209	2295
209	2303
209	2306
210	211
210	234
210	266
212	213
212	261
212	279
212	283
212	428
213	2709
216	1372
217	218
217	285
217	294
217	373
217	374
218	285
219	220
219	228
219	239
219	254
219	369
219	371
219	421
220	228
220	239
222	331
222	387
222	394
222	529
222	619
222	653
222	669
222	746
222	809
222	810
222	859
222	887
222	895
222	999
222	1011
222	1012
222	1102
222	1129
222	1140
222	1143
222	1243
222	1305
222	1340
222	1346
222	1413
222	1669
222	1692
222	1698
222	1702
222	1775
222	1785
222	1786
222	1858
222	1869
222	1920
222	1930
222	1955
222	1973
222	1987
222	2012
222	2016
222	2047
222	2123
222	2141
222	2172
224	225
225	1765
225	1787
225	1907
226	227
226	287
227	265
227	456
227	511
228	239
228	371
229	317
229	594
231	232
234	529
234	629
234	1124
234	2286
235	293
235	3581
235	3630
236	351
238	439
239	371
240	293
241	242
241	1161
241	1402
241	1843
241	2018
241	3567
241	3690
241	3701
241	3839
241	4037
242	421
242	475
242	514
242	629
242	641
242	720
242	903
242	1045
242	1059
242	1073
242	1161
242	1200
242	1242
242	1258
242	1309
242	1515
242	1533
242	1537
242	1691
242	1835
242	1843
242	1870
242	1934
242	1938
242	2018
242	2029
242	2046
242	2192
242	2298
242	2304
242	2580
242	2621
242	2722
242	2893
242	2971
242	3039
242	3051
242	3080
242	3106
242	3122
242	3199
242	3251
242	3281
242	3412
242	3553
242	3560
242	3567
242	3585
242	3622
242	3635
242	3648
242	3655
242	3675
242	3676
242	3677
242	3684
242	3690
242	3701
242	3724
242	3762
242	3788
242	3815
242	3819
242	3823
242	3841
242	3931
242	3948
242	4005
242	4019
242	4033
243	3581
243	3630
244	391
244	702
244	1915
244	2201
245	1173
245	1188
245	1387
245	1650
245	2414
247	351
247	1313
248	1321
248	3468
250	420
250	438
254	447
254	2249
255	256
255	321
255	400
255	403
255	404
256	682
257	258
258	1609
259	3543
260	1339
260	2055
262	392
262	3581
262	3630
263	3581
263	3630
264	1002
264	1321
265	313
265	315
266	602
266	613
266	614
266	615
267	268
269	1399
271	933
271	934
271	2249
273	375
274	965
278	704
279	2709
280	1233
280	2702
285	373
285	1400
285	2080
285	2296
285	2545
285	2706
285	2708
285	2768
285	2789
285	2992
290	364
290	406
292	375
295	410
296	3076
297	2469
297	3076
298	1372
301	317
301	809
301	1140
301	1413
301	1456
301	1640
302	892
302	1110
302	1111
302	3468
304	4192
305	439
305	703
306	329
306	631
306	653
306	1106
306	1348
306	2063
306	3007
308	351
308	1313
309	1427
309	3589
310	2045
310	2104
310	3540
310	3939
311	375
313	691
313	1817
313	1982
313	2045
313	2104
313	4242
314	2058
315	691
315	1817
315	1982
315	2045
315	2058
315	2104
315	4242
316	691
316	1107
316	1202
317	371
317	463
317	471
317	505
317	515
317	529
317	562
317	563
317	591
317	594
318	421
318	464
318	475
318	481
318	492
318	496
318	506
318	514
318	592
320	1255
320	1339
322	1011
322	1255
322	1339
322	1445
322	1467
322	1731
323	1427
324	2409
325	338
325	1356
327	328
327	363
327	368
327	412
328	1144
328	1728
329	630
329	823
329	900
329	909
329	1252
329	1746
329	1793
329	1807
329	1824
329	1892
329	2001
329	2042
329	2069
329	2121
329	2158
329	2190
329	2199
329	3168
329	3224
329	3252
331	1467
332	726
332	4067
333	334
336	388
336	457
336	619
336	1132
337	375
337	1372
337	1827
339	670
339	1305
341	395
341	477
341	490
341	3597
342	343
343	700
343	1106
343	2104
343	2709
345	346
345	407
348	933
348	934
349	350
349	423
350	674
350	1724
350	1999
351	1383
351	1431
351	1531
351	1588
354	1372
355	4067
356	445
356	534
357	2377
358	359
360	445
360	534
365	2693
366	3344
366	3348
366	3349
368	3309
369	371
369	650
370	461
370	619
370	620
370	670
370	1039
370	1729
370	1748
370	2606
371	650
371	1250
371	1284
373	647
373	990
373	1150
374	911
374	1176
375	443
375	444
375	446
375	474
375	489
375	495
375	500
375	503
375	504
375	509
375	545
375	546
375	547
375	548
375	570
375	595
376	2693
380	3339
381	382
382	2391
384	385
385	2259
385	3610
385	3678
385	3841
385	3851
387	1124
390	933
390	2192
392	1743
392	1842
392	2778
392	2889
392	3046
393	1944
394	467
394	1255
395	1469
395	1470
397	953
397	1686
397	1713
398	1413
399	4138
406	2709
410	515
410	638
410	778
410	884
410	1216
410	1454
410	1459
410	1501
410	1943
410	1969
410	2128
411	682
412	631
413	1002
413	1695
413	1875
414	415
414	436
416	417
417	787
417	1246
417	2284
417	2891
417	3453
418	419
420	439
420	544
420	568
420	585
420	1547
420	2944
420	2993
420	3425
420	4038
421	447
421	2249
423	1506
423	1633
424	457
424	2409
426	439
427	3540
428	627
428	892
429	3581
430	1491
431	432
433	3333
436	2305
436	3593
436	3939
437	1427
438	439
438	440
438	441
438	442
438	447
438	448
438	451
438	458
438	462
438	469
438	470
438	476
438	491
438	492
438	494
438	501
438	507
438	517
438	518
438	519
438	523
438	538
438	539
438	540
438	541
438	543
438	544
438	549
438	552
438	553
438	559
438	568
438	569
438	571
438	572
438	573
438	577
438	578
438	580
438	581
438	584
438	585
438	587
438	590
438	597
438	598
439	440
439	442
439	447
439	469
439	470
439	506
439	518
439	540
439	553
439	568
439	577
439	578
439	587
439	682
439	999
439	1448
439	1547
439	1820
439	1973
439	2508
439	2730
439	2732
439	2764
439	2776
439	2790
439	2791
439	2792
439	2797
439	2866
439	2906
439	2949
439	2993
439	3000
439	3050
441	581
441	2913
441	3080
442	587
443	1684
445	454
445	455
445	467
445	468
445	482
445	487
445	488
445	497
445	499
445	510
445	512
445	516
445	524
445	525
445	526
445	533
445	534
445	535
445	555
445	560
445	566
445	574
445	586
445	593
446	1342
447	501
447	539
447	541
447	573
447	581
447	584
447	587
447	620
447	629
447	641
447	719
447	793
447	828
447	961
447	983
447	1189
447	1210
447	1416
447	1536
447	2292
447	2429
447	2484
447	2757
447	2802
447	2803
447	2804
447	2821
447	2824
447	2865
447	2967
447	2988
447	2991
447	3012
447	3058
448	3540
449	450
449	473
449	551
449	601
451	682
452	453
452	460
452	461
452	494
452	499
452	508
452	520
452	530
452	537
452	542
452	554
452	567
452	576
452	582
452	583
452	588
452	596
453	520
454	467
454	468
454	2699
455	468
455	534
455	2698
455	2699
456	511
456	1503
456	1722
456	1790
456	2066
456	2072
456	2079
456	2191
457	565
457	600
458	467
458	468
458	1188
459	532
459	3401
461	520
461	554
461	2729
464	2249
465	466
466	2205
467	497
467	505
467	510
467	524
467	525
467	526
467	560
467	566
467	586
467	591
467	593
467	620
467	661
467	790
467	824
467	849
467	1039
467	1352
467	1387
467	1393
467	1409
467	1481
467	1509
467	1555
467	1571
467	1610
467	1849
467	1858
467	1879
467	1949
467	1987
467	2125
467	2166
467	2472
467	2485
467	2698
467	2737
467	2746
467	2773
467	2786
467	2808
467	2850
467	2853
467	2856
467	2881
467	2910
467	2911
467	2914
467	2915
467	2927
467	2953
467	3614
467	3616
467	3876
467	3908
467	3977
467	4019
467	4084
467	4147
467	4249
467	4252
467	4289
467	4313
467	4331
467	4383
467	4390
467	4391
467	4392
467	4430
468	497
468	499
468	508
468	510
468	512
468	516
468	524
468	525
468	526
468	560
468	566
468	574
468	586
468	593
468	627
468	1393
468	1613
468	1849
468	1851
468	2309
468	2698
468	2699
468	2737
468	2786
468	2854
468	2856
468	2881
468	2886
468	2895
468	2910
468	2914
468	2915
468	2927
468	3016
468	3041
468	3065
468	3203
468	3521
468	3614
468	3641
468	3713
468	3868
468	3882
468	3904
468	4152
468	4199
470	814
471	629
471	1683
473	676
475	2192
475	2249
476	581
476	629
476	682
477	478
477	490
477	498
477	558
479	480
479	485
479	589
480	485
481	933
481	1161
481	2192
481	2249
482	3301
483	484
483	486
483	502
483	513
483	536
484	1733
485	3860
487	534
491	685
491	822
491	1857
492	2192
492	2249
493	1016
493	1017
494	520
494	554
494	915
494	2729
496	933
496	2192
496	2249
496	2621
497	534
497	2709
497	2968
497	2970
499	520
499	554
499	586
500	578
503	751
503	3479
504	1342
506	2192
506	2249
507	581
507	629
507	682
507	738
507	1239
508	520
508	554
508	2698
508	2699
509	703
510	554
510	2698
510	2699
511	1369
511	1594
511	1643
511	2909
512	534
512	2698
512	2699
513	1733
513	2106
514	2249
515	1216
516	534
516	2698
516	2699
518	578
518	2192
520	537
520	542
520	554
520	576
520	583
520	588
520	596
520	618
520	775
520	915
520	1006
520	1149
520	1285
521	522
521	599
522	1512
523	1525
524	534
524	2202
524	2709
524	2882
525	534
525	2698
525	2699
526	534
526	2699
527	528
527	550
529	753
529	2579
530	1621
531	532
532	635
533	534
534	560
534	566
534	574
534	586
534	593
534	2589
535	1083
535	2582
537	554
537	915
537	1965
538	581
538	682
538	2249
539	581
539	629
541	587
541	629
541	1239
541	1467
541	1728
542	554
542	915
542	2729
543	3282
548	1372
548	1827
548	2201
549	581
549	682
549	1239
551	601
551	794
551	1867
552	682
552	1467
552	2698
552	2699
552	4110
553	682
553	1239
553	2192
554	576
554	583
554	588
554	596
554	2425
554	2436
554	2454
554	2458
554	2543
554	2550
554	2551
554	2624
556	557
556	561
556	564
556	575
560	1039
560	2698
560	2699
560	2882
560	3203
561	575
562	653
562	746
562	778
562	809
562	1239
563	629
563	1107
563	2579
564	1825
564	3242
564	3243
565	600
566	2882
566	3203
573	933
573	934
574	2698
574	2699
575	2952
575	2954
576	915
577	578
578	590
578	682
578	956
578	1653
578	1656
578	2036
578	2104
578	2346
578	2349
578	2385
578	2423
578	2442
578	2445
578	2508
578	2597
578	2608
578	2623
578	2764
578	2904
578	2946
578	2979
578	3000
578	3569
578	3570
578	3626
578	3641
578	3642
578	3643
578	3646
578	3647
578	3649
578	3686
578	3727
578	3772
578	3782
578	3796
578	3820
578	3831
578	3867
578	3891
578	3894
578	3895
578	3916
578	3917
578	3919
578	3926
578	3927
578	3933
578	3957
578	3963
578	4006
579	3248
580	682
581	587
581	590
581	1096
581	1204
581	1536
581	1567
581	3197
581	3237
581	3279
581	3378
581	3562
581	3668
581	3681
581	3899
581	3932
581	4014
583	2729
584	933
584	934
586	3808
586	3904
587	590
587	757
587	793
587	828
587	859
587	1448
587	1463
587	1536
587	1547
587	1556
587	1557
587	1576
587	1586
587	1615
588	1828
588	2729
589	933
589	2192
590	682
591	3080
592	933
592	2104
592	2192
592	2249
593	2698
593	2699
593	2882
594	627
594	720
594	809
594	835
594	1027
594	1233
594	1982
594	1998
594	2004
594	2161
594	2176
594	2202
594	2373
594	2857
594	2986
595	1372
596	915
598	933
598	1467
599	3801
600	619
600	809
601	1734
601	2248
601	2276
601	2277
601	2279
601	2280
601	2281
601	2297
601	2299
601	2338
601	2339
601	2341
601	2347
601	2348
602	615
603	604
603	607
604	4049
605	606
605	617
606	2104
606	2377
608	609
608	612
608	616
610	611
613	615
613	2263
614	3221
614	3318
615	2184
615	2365
615	2384
615	2395
615	2398
615	2415
615	2506
615	2573
615	2635
615	2657
615	2658
615	2686
617	2104
617	2176
617	2377
619	620
619	621
619	622
619	628
619	634
619	648
619	661
619	662
619	669
619	670
619	699
619	739
619	754
619	757
619	798
619	801
619	802
619	807
619	809
619	822
619	831
619	836
619	838
619	846
619	849
619	858
619	859
619	864
619	876
619	877
619	878
619	879
619	886
619	887
619	888
619	893
619	898
619	899
619	900
619	902
619	914
619	918
619	930
619	931
619	933
619	934
619	963
619	1009
619	1012
619	1015
619	1020
619	1022
619	1044
619	1045
619	1048
619	1049
619	1055
619	1064
619	1068
619	1073
619	1075
619	1083
619	1092
619	1103
619	1109
619	1116
619	1132
619	1175
619	1177
619	1199
619	1213
619	1217
619	1224
619	1231
619	1257
619	1278
619	1302
620	631
620	1039
620	1106
620	2696
620	3432
620	3726
620	4095
621	1904
621	2311
622	809
622	829
623	624
624	1832
624	3309
625	626
625	663
625	753
625	754
625	809
626	753
627	678
627	679
627	682
627	684
627	706
627	709
627	725
627	746
627	757
627	759
627	784
627	786
627	788
627	791
627	798
627	824
627	859
627	872
627	895
627	946
627	949
627	950
627	951
627	956
627	982
627	983
627	984
627	987
627	988
627	1000
627	1018
627	1047
627	1084
627	1095
627	1104
627	1124
627	1145
627	1160
627	1168
627	1174
627	1254
628	629
628	684
629	630
629	631
629	637
629	640
629	641
629	643
629	644
629	645
629	646
629	648
629	649
629	654
629	655
629	656
629	657
629	664
629	665
629	666
629	667
629	668
629	673
629	684
629	685
629	686
629	687
629	688
629	689
629	690
629	694
629	698
629	701
629	706
629	710
629	711
629	712
629	713
629	717
629	718
629	719
629	720
629	721
629	722
629	724
629	725
629	730
629	732
629	733
629	734
629	735
629	736
629	737
629	738
629	740
629	741
629	742
629	744
629	745
629	747
629	754
629	758
629	761
629	762
629	765
629	766
629	767
629	768
629	769
629	771
629	772
629	773
629	774
629	776
629	777
629	779
629	780
629	781
629	782
629	783
629	785
629	792
629	793
629	796
629	797
629	798
629	813
629	814
629	815
629	816
629	817
629	821
629	822
629	823
629	834
629	835
629	836
629	842
629	844
629	849
629	855
629	856
629	857
629	859
629	860
629	861
629	863
629	865
629	866
629	867
629	870
629	871
629	875
629	879
629	880
629	881
629	882
629	883
629	889
629	890
629	892
629	901
629	904
629	905
629	906
629	917
629	920
629	921
629	922
629	924
629	925
629	926
629	927
629	928
629	935
629	936
629	938
629	939
629	940
629	943
629	944
629	945
629	947
629	958
629	960
629	966
629	967
629	968
629	969
629	970
629	971
629	974
629	979
629	980
629	989
629	991
629	992
629	993
629	994
629	995
629	1001
629	1002
629	1003
629	1004
629	1005
629	1010
629	1012
629	1013
629	1024
629	1025
629	1026
629	1027
629	1028
629	1029
629	1030
629	1031
629	1034
629	1036
629	1037
629	1038
629	1040
629	1041
629	1042
629	1046
629	1051
629	1054
629	1056
629	1057
629	1058
629	1060
629	1063
629	1066
629	1069
629	1070
629	1071
629	1072
629	1074
629	1078
629	1085
629	1086
629	1094
629	1095
629	1096
629	1098
629	1099
629	1106
629	1109
629	1112
629	1113
629	1116
629	1119
629	1120
629	1121
629	1122
629	1123
629	1128
629	1134
629	1137
629	1138
629	1147
629	1162
629	1163
629	1164
629	1165
629	1167
629	1168
629	1169
629	1170
629	1171
629	1178
629	1179
629	1180
629	1181
629	1182
629	1188
629	1189
629	1190
629	1191
629	1192
629	1194
629	1195
629	1197
629	1201
629	1202
629	1203
629	1204
629	1205
629	1206
629	1207
629	1208
629	1209
629	1210
629	1211
629	1212
629	1225
629	1229
629	1230
629	1232
629	1234
629	1235
629	1236
629	1237
629	1238
629	1244
629	1247
629	1248
629	1249
629	1251
629	1253
629	1259
629	1260
629	1261
629	1266
629	1272
629	1273
629	1274
629	1276
629	1279
629	1280
629	1281
629	1283
629	1286
629	1287
629	1288
629	1289
629	1290
629	1291
629	1292
629	1293
629	1294
629	1295
629	1299
629	1300
629	1301
629	1303
629	1304
629	1306
629	1308
629	1310
629	1311
629	1312
629	1314
629	1315
629	1316
629	1317
629	1318
629	1319
629	1320
629	1322
630	634
630	641
630	699
630	740
630	801
630	823
630	879
630	909
630	931
630	933
630	934
630	1039
630	1137
630	1162
630	1163
630	1252
630	1272
630	1373
630	1646
630	1746
630	1766
630	1793
630	1794
630	1796
630	1806
630	1807
630	1816
630	1824
630	1849
630	1871
630	1887
630	1892
630	1924
630	1925
630	1926
630	1976
630	1995
630	2001
630	2042
630	2069
630	2121
630	2129
630	2158
630	2190
630	2198
630	2199
631	719
631	822
631	1101
631	1109
631	1721
631	1729
631	1748
631	1760
631	1822
631	1844
631	2015
632	633
632	847
632	929
632	1166
632	1268
634	1188
634	2058
635	636
635	658
635	663
635	695
635	831
635	873
635	874
635	885
635	887
635	891
635	894
635	913
635	942
635	952
635	957
635	985
635	1008
635	1089
635	1108
635	1118
635	1143
635	1172
636	1354
636	1443
638	639
638	716
638	755
638	803
638	830
638	884
638	910
638	955
638	1014
638	1023
638	1076
638	1100
638	1133
638	1142
638	1156
638	1198
638	1200
638	1216
638	1228
638	1242
638	1258
639	2149
639	3330
640	641
640	933
640	1752
640	2192
641	642
641	682
641	715
641	731
641	742
641	743
641	744
641	745
641	798
641	814
641	823
641	864
641	892
641	909
641	961
641	963
641	975
641	978
641	1012
641	1030
641	1041
641	1062
641	1069
641	1074
641	1086
641	1103
641	1109
641	1111
641	1116
641	1128
641	1137
641	1161
641	1165
641	1170
641	1181
641	1183
641	1184
641	1187
641	1188
641	1233
641	1238
641	1252
642	740
642	742
642	994
642	1273
645	758
645	1467
646	2373
647	1226
647	1855
648	649
648	706
648	792
648	814
648	878
648	935
648	963
648	1109
648	1174
648	2004
648	2691
648	3667
648	3855
648	3866
648	3913
648	3980
649	814
649	3855
650	3221
650	3318
651	652
652	804
652	868
652	869
652	1223
653	719
653	763
653	810
653	872
653	1101
653	1102
653	1140
653	1241
653	1305
654	1683
656	1244
658	1089
658	1785
659	660
659	981
659	1136
659	1193
660	1188
660	1193
660	1425
660	1518
660	1795
660	1888
660	2057
660	2435
660	2466
660	2527
660	2560
661	1467
661	3432
662	1904
663	1354
663	1443
664	771
665	684
665	771
667	684
667	758
667	1273
667	1658
668	1273
669	898
669	1154
669	1467
669	2192
669	2275
669	2323
669	2464
669	3135
669	3773
669	3797
669	3818
669	3838
669	3903
670	766
670	1305
670	1374
670	1629
670	1642
670	1861
670	1920
670	1953
670	2539
670	3044
670	3229
671	672
671	714
671	818
673	2459
674	675
674	897
674	912
674	919
674	1019
674	1065
674	1090
674	1117
674	1296
676	677
676	808
677	1451
678	1273
679	810
680	681
680	691
680	730
680	790
680	833
680	859
680	862
680	932
680	1064
681	1308
681	1379
681	1397
681	1618
681	1682
681	1700
681	1701
681	1703
681	1726
681	1732
681	1735
681	1804
681	1852
681	1868
681	1890
681	1913
681	1927
681	1932
681	1944
681	1948
681	1968
681	1984
681	1991
681	1993
681	2027
681	2049
681	2108
681	2117
681	2161
681	2214
681	2218
681	2221
682	744
682	752
682	790
682	792
682	828
682	859
682	863
682	878
682	886
682	938
682	950
682	990
682	1001
682	1003
682	1024
682	1103
682	1161
682	1168
682	1189
682	1213
682	1225
682	1229
682	1444
682	1460
682	1516
682	1556
682	1567
682	1590
682	1650
682	1653
682	1661
682	1759
682	1830
682	1981
682	2082
682	2120
682	2130
682	2135
682	2148
682	2152
682	2179
682	2224
682	2245
682	2253
682	2258
682	2312
682	2442
682	2445
682	2557
682	2583
682	2587
682	2608
682	2675
682	2724
682	2757
682	2764
682	2777
682	2800
682	2810
682	2875
682	2904
682	2907
682	2993
682	3025
682	3026
682	3032
682	3054
682	3061
682	3069
682	3111
682	3458
682	3519
682	3569
682	3641
682	3643
682	3681
682	3686
682	3697
682	3720
682	3772
682	3855
682	3927
682	3936
682	4004
682	4030
682	4046
682	4048
682	4052
682	4053
682	4054
682	4093
682	4096
682	4099
682	4102
682	4103
682	4108
682	4109
682	4111
682	4112
682	4116
682	4117
682	4119
682	4121
682	4122
682	4124
682	4125
682	4126
682	4127
682	4128
682	4129
682	4131
682	4133
682	4136
682	4149
682	4150
682	4163
682	4181
682	4191
682	4195
682	4196
682	4197
682	4206
682	4213
682	4214
682	4217
682	4227
682	4228
682	4230
682	4231
682	4233
682	4234
682	4236
682	4243
682	4257
682	4270
682	4274
682	4276
682	4283
682	4288
682	4306
682	4309
682	4322
682	4323
682	4324
682	4325
682	4326
682	4333
682	4334
682	4338
682	4339
682	4340
682	4354
682	4377
682	4378
682	4381
682	4385
682	4386
682	4396
682	4400
682	4401
682	4409
682	4410
682	4413
682	4414
682	4422
682	4423
682	4426
682	4427
682	4428
682	4429
682	4433
682	4434
683	684
683	685
683	764
683	771
683	798
683	841
683	948
683	977
683	1060
683	1087
683	1110
683	1130
683	1256
683	1267
683	1269
683	1297
683	1321
683	1323
684	688
684	690
684	706
684	711
684	712
684	722
684	735
684	738
684	745
684	758
684	761
684	762
684	771
684	774
684	776
684	777
684	781
684	782
684	784
684	796
684	798
684	815
684	816
684	842
684	855
684	863
684	870
684	881
684	920
684	938
684	946
684	949
684	968
684	969
684	977
684	979
684	980
684	991
684	994
684	1001
684	1005
684	1012
684	1013
684	1026
684	1031
684	1037
684	1038
684	1040
684	1041
684	1046
684	1054
684	1056
684	1058
684	1060
684	1066
684	1069
684	1071
684	1074
684	1078
684	1087
684	1094
684	1095
684	1099
684	1112
684	1130
684	1134
684	1147
684	1164
684	1167
684	1174
684	1187
684	1205
684	1209
684	1211
684	1229
684	1230
684	1236
684	1244
684	1261
684	1266
684	1273
684	1290
684	1294
684	1300
684	1301
684	1306
684	1317
684	1319
684	1375
684	1384
684	1597
684	1658
684	2024
684	2743
684	2803
684	2837
684	2921
684	2972
684	3021
684	3078
684	3089
684	3090
684	3093
684	3099
684	3100
684	3123
684	3124
684	3125
684	3126
684	3148
684	3149
684	3150
684	3160
684	3165
684	3174
684	3185
684	3186
684	3191
684	3193
684	3200
684	3213
684	3214
684	3215
684	3227
684	3239
684	3247
684	3259
684	3273
684	3275
684	3281
684	3284
684	3286
684	3287
685	720
685	1060
685	1323
685	1385
685	1499
685	1860
685	1944
685	2252
685	2309
685	2329
685	2856
685	2897
685	2912
685	3036
685	3105
685	3107
685	3119
685	3178
685	3188
685	3203
685	3206
685	3253
688	771
688	4095
690	1273
690	2141
690	2579
691	714
691	715
691	730
691	835
691	1027
691	1086
691	1193
691	1233
691	1276
691	1400
691	1424
691	1437
691	1518
691	1598
691	1697
691	1708
691	1710
691	1712
691	1739
691	1752
691	1754
691	1757
691	1761
691	1782
691	1792
691	1817
691	1851
691	1856
691	1857
691	1859
691	1881
691	1897
691	1945
691	1949
691	1952
691	1982
691	2003
691	2004
691	2037
691	2045
691	2058
691	2080
691	2083
691	2095
691	2099
691	2137
691	2152
691	2183
691	2202
691	2209
692	693
692	752
692	845
692	996
692	1196
692	1215
693	1683
694	1086
694	2055
694	2447
695	1089
695	1731
695	1785
696	697
696	787
696	1125
696	1159
697	787
697	1125
697	2247
697	2302
697	2352
698	758
698	1683
699	700
699	737
699	790
699	809
699	829
699	852
699	859
699	1083
699	1086
699	1106
699	1111
699	1233
699	1351
699	1352
699	1400
699	1404
699	1444
699	1479
699	1486
699	1497
699	1511
699	1528
699	1553
699	1554
699	1567
699	1589
699	1591
699	1592
699	1682
699	2027
699	2178
699	2202
699	2255
699	2545
699	2696
699	2706
699	2708
699	2787
699	2935
699	2959
700	701
700	829
700	1115
701	1086
701	1349
701	3937
702	1007
702	1214
702	1684
702	1842
702	1847
702	2098
702	2155
702	2181
702	3528
703	751
703	916
703	1155
703	1262
704	705
704	723
704	756
704	760
704	799
704	800
704	825
704	826
704	848
704	896
704	959
704	1080
704	1082
704	1093
704	1114
704	1151
704	1173
704	1298
706	814
707	708
707	1077
707	1139
711	1273
713	771
714	2045
714	2058
714	2202
715	1086
715	1233
715	1752
716	735
716	942
716	1749
716	2046
716	2056
720	1188
720	1274
720	1385
720	1422
720	1472
720	1499
720	1671
720	1944
720	2149
720	3103
721	3372
722	771
722	1273
724	1361
725	1134
726	727
726	1313
728	729
728	750
728	770
728	805
728	820
728	941
728	962
728	965
728	1081
728	1091
728	1185
728	1240
728	1264
728	1307
730	809
730	865
730	1106
731	933
731	1183
731	1401
731	1467
731	1525
731	1585
731	2170
732	758
735	1629
735	1642
735	2141
735	2579
737	1106
737	1379
737	1396
737	1479
737	1500
737	1579
738	761
738	777
738	798
738	924
738	939
738	967
738	991
738	1005
738	1078
738	1134
738	1225
738	1260
738	1343
738	1363
738	1375
738	1376
738	1384
738	1484
738	1597
738	1620
738	1658
740	798
740	924
740	939
743	2702
745	771
745	1273
746	1413
748	749
748	908
748	1050
749	908
749	2629
750	3653
753	754
753	843
753	851
758	798
758	842
758	855
758	924
758	939
758	971
758	994
758	1026
758	1042
758	1063
758	1134
758	1201
758	1247
758	1261
758	1343
758	1658
758	1672
758	1730
758	1741
758	1755
758	1803
758	2207
758	2424
758	2784
758	2785
758	2890
758	2921
758	2942
758	2972
758	2981
758	3021
758	3038
758	3062
758	3063
759	1467
761	1413
761	1869
761	2141
761	2579
762	1273
762	1658
763	1339
763	1467
763	1527
763	1688
763	1944
763	2165
763	2257
763	2463
763	2600
763	2637
763	2669
763	2685
764	838
764	849
764	948
764	976
764	1055
764	1481
764	1736
764	1770
764	1805
764	1977
764	2620
764	2697
764	3168
764	3628
764	3669
764	3844
764	3941
764	3944
764	3981
764	4017
764	4042
764	4057
764	4098
764	4110
764	4118
764	4120
764	4140
764	4198
764	4201
764	4282
764	4388
764	4448
765	933
765	2375
768	1273
769	892
771	776
771	797
771	863
771	889
771	945
771	958
771	960
771	1005
771	1025
771	1037
771	1046
771	1066
771	1072
771	1078
771	1112
771	1130
771	1147
771	1195
771	1205
771	1208
771	1229
771	1234
771	1280
771	1293
771	1303
771	1308
771	1317
771	1319
771	1446
771	2187
771	2223
771	2369
771	2617
771	2754
771	3090
771	3099
771	3239
771	3286
771	4061
771	4063
771	4072
771	4083
771	4087
771	4089
771	4090
771	4091
771	4130
771	4146
771	4153
771	4160
771	4179
771	4188
771	4215
771	4216
771	4218
771	4232
771	4235
771	4294
771	4303
771	4308
771	4317
771	4319
771	4320
771	4327
771	4335
771	4336
771	4337
771	4352
771	4357
771	4358
771	4359
771	4361
771	4364
771	4366
771	4367
771	4372
771	4373
771	4384
771	4389
771	4394
771	4395
771	4399
771	4411
771	4421
771	4438
771	4439
771	4447
771	4450
772	1486
774	1413
774	1869
774	2141
774	2579
777	2579
778	955
778	1014
778	1133
778	1142
780	1110
780	1202
780	1272
783	1683
783	2024
787	2254
787	2284
787	2318
787	2343
789	790
789	1083
790	1039
790	1083
790	1106
790	1351
790	1404
790	1479
790	1486
790	2111
790	2919
791	983
792	2691
793	2913
793	4047
794	795
794	964
796	1233
798	994
798	1134
798	1244
798	1273
798	1658
799	1800
801	933
801	934
802	1817
802	1857
802	2045
802	2811
804	2269
806	1089
806	1731
806	3602
807	1132
807	4097
808	3939
809	810
809	819
809	827
809	836
809	844
809	850
809	852
809	859
809	903
809	907
809	923
809	932
809	934
809	999
809	1011
809	1012
809	1039
809	1043
809	1059
809	1067
809	1079
809	1083
809	1094
809	1097
809	1106
809	1129
809	1131
809	1140
809	1146
809	1154
809	1218
809	1243
809	1263
809	1282
809	1309
810	850
810	859
810	895
810	1045
810	1467
810	1572
810	1602
810	1664
810	1742
810	1904
810	1966
810	2082
810	2143
810	2192
810	2224
810	2298
810	3032
810	3051
810	3054
810	3070
810	3111
810	3127
810	3194
811	812
811	832
811	837
811	976
811	1088
811	1148
811	1153
814	859
814	935
814	1024
814	1174
814	1557
814	1872
814	2092
814	3157
814	3229
814	3278
817	1273
818	3638
819	1413
819	3339
820	3653
822	852
822	859
822	907
822	914
822	923
822	934
822	961
822	1015
822	1059
822	1073
822	1079
822	1103
822	1109
822	1231
822	1263
822	1278
822	1486
822	1624
822	1648
822	1674
822	1699
822	1721
822	1747
822	1783
822	1808
822	2062
822	2083
822	2211
822	2261
822	2474
822	2742
822	2936
822	3127
822	4126
822	4148
822	4201
822	4207
822	4343
822	4346
827	1109
827	1467
827	1525
827	1527
828	4047
829	1106
829	1408
829	1511
829	1855
829	2195
829	2202
829	2545
829	2706
829	2887
829	3316
829	3338
829	3377
829	3379
829	3380
829	3386
829	3398
829	3434
829	3440
829	3515
830	2149
830	3330
831	885
831	887
831	952
831	1143
831	1467
831	1731
831	1882
832	2501
832	2697
832	3542
833	3361
833	3362
833	3608
834	2702
835	892
835	1002
835	1086
835	1233
835	1276
835	1437
835	1697
835	1752
835	1757
835	1817
835	1859
835	1945
835	1957
835	1982
835	2004
835	2055
835	2058
835	2161
835	2176
835	2202
835	2237
835	2739
835	2961
835	3088
835	3591
836	892
836	973
836	1107
836	1188
836	1250
836	1390
836	1466
836	1508
836	1542
836	1605
836	1650
836	1652
836	1653
836	1663
836	1677
836	1758
836	1759
836	1832
836	2271
836	2312
836	2336
836	2357
837	2259
837	2697
837	4060
837	4115
838	1904
838	2192
839	840
842	1683
842	1731
843	1061
846	3944
847	1268
849	1339
849	1467
849	1666
849	1904
849	2329
849	2763
849	3944
850	1904
850	2192
851	1867
852	934
852	1106
852	1109
853	854
854	1368
854	2569
855	1002
855	1244
855	1272
855	1273
857	4113
858	933
858	934
859	933
859	963
859	1086
859	1109
859	1183
859	1188
859	1467
859	1527
859	1857
859	1875
859	2055
859	2192
859	2237
859	3114
859	3540
861	1683
861	2913
861	4047
862	1486
862	1778
862	1857
862	2005
864	961
864	963
864	1109
864	1116
866	1683
866	2913
866	4047
871	933
871	1161
871	1183
871	1401
871	1629
873	1339
873	1443
875	2249
877	1132
877	1467
878	933
878	934
878	1460
879	1110
879	1273
879	1385
880	933
881	1273
882	3372
884	1133
885	1089
885	1108
885	1467
887	986
887	1089
887	1339
887	1366
887	1467
887	1731
887	1785
887	2149
887	3602
888	1904
888	2311
891	1089
891	2149
892	892
892	1002
892	1027
892	1110
892	1137
892	1186
892	1188
892	1202
892	1584
892	1671
892	1695
892	1810
892	1829
892	1983
892	2086
892	2185
892	2186
894	986
894	1089
894	1785
896	934
896	2070
898	2192
900	933
900	934
903	1467
906	1002
906	2055
906	2237
907	934
907	1109
908	1050
908	2475
908	2629
909	934
909	1252
909	2042
911	1176
912	1724
914	933
914	934
914	1109
915	1006
915	1149
915	1285
915	1347
915	1905
918	1132
920	2141
920	2579
923	934
923	1106
923	1109
923	1553
924	1134
924	1273
924	1658
926	1250
926	2479
927	1273
928	1361
930	1944
930	2311
931	933
931	934
931	1111
931	1224
931	2311
933	934
933	950
933	956
933	1001
933	1073
933	1103
933	1140
933	1161
933	1162
933	1213
933	1650
933	1656
933	1674
933	1830
933	1849
933	1866
933	1892
933	2152
933	2224
933	2251
933	2312
933	2466
933	2539
933	2703
933	2704
933	2712
933	2722
933	2724
933	2728
933	2776
933	2790
933	2796
933	2807
933	2810
933	2812
933	2813
933	2816
933	2827
933	2879
933	2880
933	2904
933	2907
933	2908
933	2918
933	2944
933	2946
933	2974
933	2979
933	2995
933	3011
933	3023
933	3025
933	3028
933	3047
933	3061
933	3064
933	3068
933	3069
934	956
934	1073
934	1103
934	1116
934	1161
934	1263
934	1278
934	1576
934	1674
934	1699
934	1783
934	2001
934	2030
934	2042
934	2062
934	2158
934	2539
934	2679
934	2712
934	2728
934	2807
934	2812
934	2827
934	2936
935	1321
937	1089
937	1731
939	1134
939	1273
939	1658
940	1903
941	962
947	1305
948	1666
952	985
952	986
952	1108
952	1305
952	1731
952	1785
952	1953
953	954
953	1157
954	1411
955	1014
955	1142
955	1216
955	3031
957	1089
957	1731
957	1786
958	1499
961	1109
961	1183
962	965
962	3633
963	1109
963	2374
963	2411
963	2412
963	2432
965	1307
965	2265
965	4039
966	1259
966	1666
966	1904
967	1273
967	1658
967	2459
968	1273
968	2141
968	2579
969	1273
969	1658
972	973
972	1107
973	1061
973	2621
973	3564
976	2697
976	2709
976	2763
976	3944
978	1238
978	1686
979	2437
979	2697
980	1109
982	1134
983	1106
983	1188
983	1350
983	1379
983	1579
983	1682
983	1860
983	2026
983	2164
984	1467
984	1957
985	1089
985	1188
985	1731
986	3232
986	3288
986	3300
990	2104
990	3540
991	1244
991	1273
991	1658
993	1276
993	3540
994	1273
997	998
998	1333
1002	1027
1002	1137
1002	1276
1002	1577
1002	1802
1002	1829
1002	1945
1002	1982
1002	1998
1002	2093
1002	2095
1002	2171
1002	2592
1002	2783
1002	2921
1002	2936
1002	2951
1002	3082
1002	3164
1002	3173
1002	3267
1004	1961
1007	1684
1009	1233
1011	1140
1011	1243
1011	1305
1011	1339
1011	1340
1011	1390
1011	1413
1011	1445
1011	1467
1011	1525
1011	1535
1011	1585
1011	1630
1011	1702
1011	1987
1011	2604
1012	1869
1015	1233
1015	1467
1016	1017
1021	1061
1022	1752
1022	1792
1022	2897
1022	3080
1023	1156
1023	2149
1024	1134
1027	1086
1027	1752
1027	1757
1027	1817
1027	1945
1027	1982
1027	2055
1027	2202
1028	1683
1028	2024
1030	1244
1030	1273
1032	1033
1032	1141
1038	1273
1039	1233
1039	1352
1039	1409
1039	1416
1039	1555
1039	1849
1039	1949
1039	2176
1039	2203
1039	2709
1039	2995
1039	3432
1039	3599
1039	3614
1039	3634
1039	3683
1039	3713
1039	3908
1039	3989
1040	1273
1040	2579
1044	2311
1045	1156
1048	3944
1049	1233
1049	1904
1050	2629
1052	1053
1055	1904
1055	1944
1058	1321
1058	2049
1059	1109
1060	1321
1061	1413
1061	2578
1062	3660
1063	3282
1064	1357
1066	1273
1067	2192
1068	1323
1073	1109
1075	1323
1075	3248
1078	1683
1078	2897
1079	1109
1082	2282
1083	1098
1083	1106
1083	1338
1083	1351
1083	1352
1083	1360
1083	1380
1083	1404
1083	1409
1083	1410
1083	1438
1083	1479
1083	1486
1083	1493
1083	1509
1083	1510
1083	1511
1083	1523
1083	1528
1083	1537
1083	1555
1083	1571
1083	1598
1083	1599
1083	1606
1083	1637
1083	1647
1083	1680
1084	1467
1084	1957
1085	1305
1085	1953
1085	3187
1086	1107
1086	1188
1086	1437
1086	1538
1086	1617
1086	1650
1086	1663
1086	1697
1086	1739
1086	1752
1086	1757
1086	1759
1086	1817
1086	1851
1086	1897
1086	1945
1086	1982
1086	2004
1086	2036
1086	2148
1086	2154
1086	2161
1086	2176
1086	2202
1086	2237
1086	2274
1086	2368
1086	2373
1086	2714
1086	2738
1086	2783
1086	2860
1086	2905
1086	3029
1088	2259
1088	2605
1089	1108
1089	1143
1089	1277
1089	1731
1089	1785
1089	1821
1089	1970
1089	4154
1089	4356
1092	1132
1096	3167
1096	4047
1097	2192
1097	3039
1098	1528
1098	3716
1100	2149
1102	2016
1102	3113
1102	3145
1103	1233
1103	1467
1103	1486
1103	1875
1105	1183
1106	1107
1106	1122
1106	1350
1106	1352
1106	1357
1106	1386
1106	1396
1106	1400
1106	1404
1106	1406
1106	1408
1106	1414
1106	1415
1106	1420
1106	1444
1106	1446
1106	1497
1106	1500
1106	1509
1106	1511
1106	1513
1106	1516
1106	1520
1106	1589
1106	1590
1106	1591
1106	1592
1106	1604
1106	1631
1106	1672
1106	1673
1106	1682
1107	1467
1107	2767
1108	1731
1108	3602
1109	1116
1109	1218
1109	1231
1109	1233
1109	1263
1109	1749
1109	2170
1109	2326
1109	2374
1109	2411
1109	2412
1109	2432
1109	2474
1109	2484
1109	2519
1109	2606
1109	2679
1110	1202
1110	1272
1110	1353
1110	1373
1110	1405
1110	1471
1110	1475
1110	1481
1110	1487
1110	1492
1110	1494
1110	1495
1110	1538
1110	1584
1110	1603
1110	1608
1110	1622
1110	1624
1110	1634
1110	1635
1110	1636
1110	1638
1110	1646
1110	1648
1110	1654
1110	1674
1111	1188
1111	1254
1111	1592
1111	1732
1111	1735
1111	1824
1111	1875
1111	2111
1111	2162
1111	2217
1115	1752
1116	1525
1116	1585
1117	2170
1118	1443
1118	3282
1120	1273
1120	1869
1120	2579
1123	1683
1126	1127
1126	1158
1128	1233
1128	3114
1131	3567
1132	1601
1132	1639
1132	2368
1132	2390
1132	2525
1132	2548
1132	2610
1132	2616
1132	2673
1133	1142
1134	1192
1134	1201
1134	1260
1134	1273
1134	1658
1134	1803
1134	2424
1135	3660
1137	1188
1137	1252
1137	1272
1137	1584
1137	2388
1137	2443
1137	2613
1138	1188
1138	2389
1140	1339
1140	1413
1140	3339
1141	3393
1142	1198
1143	1785
1143	1786
1145	1273
1145	1321
1146	1467
1146	1527
1147	1273
1150	1275
1152	3310
1153	2697
1153	2709
1153	3944
1156	1467
1156	1525
1156	1669
1156	1786
1156	2465
1161	1664
1161	1820
1161	2764
1161	2776
1161	2875
1161	3599
1164	1629
1164	1642
1164	2141
1164	2579
1165	1188
1166	1268
1166	3139
1169	1683
1169	2913
1169	3167
1170	1188
1172	1467
1172	1585
1172	3602
1173	2873
1177	2192
1180	1683
1180	2913
1180	4047
1181	1259
1181	1467
1181	1525
1181	1786
1182	2141
1182	2579
1183	1525
1183	1866
1183	2326
1183	2804
1183	3229
1183	3429
1183	3519
1184	1339
1184	1467
1184	1533
1184	1534
1184	1535
1184	1572
1184	1585
1184	1602
1184	1630
1184	1934
1184	2091
1184	2465
1184	3229
1188	1202
1188	1250
1188	1274
1188	1374
1188	1396
1188	1403
1188	1404
1188	1417
1188	1419
1188	1422
1188	1424
1188	1425
1188	1430
1188	1435
1188	1436
1188	1437
1188	1461
1188	1466
1188	1472
1188	1483
1188	1500
1188	1508
1188	1518
1188	1524
1188	1541
1188	1542
1188	1558
1188	1581
1188	1583
1188	1605
1188	1612
1188	1616
1188	1629
1188	1642
1188	1650
1188	1653
1188	1659
1188	1660
1188	1661
1188	1663
1188	1664
1188	1671
1188	1677
1192	1244
1192	1273
1193	1425
1193	1710
1193	1888
1193	2045
1193	2104
1193	3540
1194	1683
1196	1606
1196	4060
1197	1683
1198	1324
1198	2238
1200	3167
1201	1658
1202	1272
1202	1635
1202	2116
1202	2176
1202	2443
1202	2897
1202	3248
1202	3783
1204	2104
1204	3540
1205	1321
1207	1683
1207	2913
1212	3167
1214	1684
1216	1459
1216	1501
1216	1669
1219	1220
1220	2060
1221	1222
1221	1265
1222	3102
1223	2269
1224	2114
1224	2214
1224	2245
1224	2311
1224	2723
1224	3135
1224	3234
1225	1239
1226	1227
1228	2149
1231	1554
1231	2375
1232	1683
1232	2913
1232	4047
1233	1387
1233	1416
1233	1423
1233	1586
1233	1700
1233	1742
1233	1773
1233	1778
1233	1851
1233	1932
1233	2004
1233	2081
1233	2117
1233	2161
1233	2176
1233	2190
1233	2202
1233	2264
1233	2329
1233	2372
1233	2373
1233	2393
1233	2400
1233	2402
1233	2407
1233	2420
1233	2429
1233	2467
1233	2468
1233	2471
1233	2472
1233	2473
1233	2485
1233	2487
1233	2488
1233	2498
1233	2502
1233	2510
1233	2515
1233	2516
1233	2521
1233	2526
1233	2533
1233	2544
1233	2545
1233	2549
1233	2555
1233	2591
1233	2593
1233	2594
1233	2595
1233	2612
1233	2646
1233	2654
1233	2655
1233	2688
1233	2689
1238	1390
1238	1429
1238	1515
1239	1933
1239	1967
1239	2024
1239	3181
1239	3428
1239	3448
1239	3481
1239	3503
1239	3539
1242	3039
1243	1339
1243	3187
1244	1273
1244	2754
1244	2921
1245	1246
1246	1473
1246	1474
1246	2284
1251	1683
1251	2913
1253	2373
1254	1467
1254	1957
1254	2111
1255	1564
1255	1649
1259	2237
1259	2691
1261	1273
1261	1658
1267	1323
1268	2401
1268	2446
1268	2461
1268	2462
1268	2529
1268	2531
1268	2561
1268	2572
1268	2615
1268	2644
1268	2661
1268	2663
1268	2665
1270	1271
1271	1337
1271	2238
1271	2263
1272	1353
1272	1373
1272	1584
1272	1635
1272	1636
1272	1646
1272	1752
1272	1757
1272	2388
1272	2420
1272	2443
1272	2948
1273	1375
1273	1384
1273	1597
1273	1658
1273	2743
1273	2754
1273	2837
1273	2864
1274	1671
1274	1870
1274	2736
1274	2855
1276	1437
1276	1584
1276	1697
1276	2095
1276	2613
1277	1731
1277	3602
1278	1486
1287	1683
1287	4113
1288	1683
1289	1683
1289	2913
1289	3167
1300	2702
1302	2058
1305	1339
1305	1416
1305	1652
1305	1731
1305	1749
1305	1785
1305	1797
1305	1823
1305	1953
1306	2202
1309	1666
1309	1904
1309	2329
1310	1683
1310	2913
1310	4047
1311	1683
1311	2913
1313	2242
1313	3238
1313	3270
1313	3272
1313	3295
1314	1683
1314	2913
1321	1397
1321	2505
1321	2610
1321	2719
1321	2758
1321	2806
1321	2869
1321	2964
1321	2987
1321	2997
1321	3035
1323	3057
1324	1325
1324	1326
1324	1327
1324	1332
1324	1334
1325	1326
1325	3494
1326	2645
1327	4290
1327	4291
1328	1329
1330	1331
1331	2268
1331	3250
1331	3305
1333	1389
1334	3268
1335	1336
1335	1354
1335	1355
1335	1364
1335	1377
1335	1388
1335	1418
1335	1421
1335	1443
1335	1454
1335	1457
1335	1464
1335	1465
1335	1489
1335	1490
1335	1496
1335	1504
1335	1514
1335	1527
1335	1539
1335	1540
1335	1600
1335	1601
1335	1619
1335	1662
1335	1665
1336	2104
1336	3540
1338	1736
1338	1770
1339	1340
1339	1344
1339	1345
1339	1346
1339	1348
1339	1365
1339	1371
1339	1378
1339	1387
1339	1397
1339	1401
1339	1402
1339	1413
1339	1416
1339	1423
1339	1445
1339	1467
1339	1525
1339	1526
1339	1527
1339	1532
1339	1533
1339	1534
1339	1535
1339	1563
1339	1572
1339	1574
1339	1585
1339	1602
1339	1630
1339	1639
1339	1641
1339	1652
1340	1413
1340	1445
1341	1462
1341	1517
1341	1529
1341	1573
1342	1372
1342	1391
1342	1432
1342	1578
1342	1593
1344	1413
1344	1869
1345	1445
1345	1467
1346	1467
1346	3339
1347	1392
1347	1498
1348	1434
1348	1958
1348	1959
1348	1990
1348	2007
1348	2133
1348	2437
1349	1460
1349	1513
1350	1500
1350	2897
1351	1352
1351	1438
1351	1493
1351	1509
1351	1510
1351	1528
1351	1606
1351	1680
1351	2268
1351	2294
1351	2351
1352	1404
1352	2065
1352	2111
1352	2882
1353	3540
1354	1355
1354	1377
1354	1388
1354	1418
1354	1443
1354	1464
1354	1465
1354	1468
1354	1480
1354	1489
1354	1490
1354	1496
1354	1504
1354	1539
1354	1625
1355	1767
1356	1393
1356	1394
1356	1455
1356	1613
1356	1655
1356	1676
1357	1832
1357	3309
1358	1359
1358	1499
1360	3499
1360	4115
1361	1362
1361	1395
1361	1458
1361	1627
1361	1628
1361	1681
1364	1443
1364	2055
1364	2065
1365	1445
1365	1467
1365	3540
1366	1367
1366	1453
1366	1457
1366	1468
1366	1490
1366	1519
1366	1550
1366	1563
1366	1607
1367	1741
1367	1826
1369	1370
1369	1442
1369	1485
1369	1503
1369	1543
1369	1548
1369	1643
1372	1432
1372	1827
1372	2419
1372	2476
1372	2614
1373	3540
1374	1403
1374	1467
1374	1558
1374	1583
1374	1612
1374	1629
1374	1642
1374	1659
1374	1661
1374	1838
1374	1923
1374	1941
1374	2016
1374	2606
1374	2759
1374	2760
1374	2775
1374	3087
1374	3161
1374	3207
1374	3236
1378	1467
1379	2026
1379	2255
1379	2696
1379	2709
1380	3499
1381	1382
1381	1560
1383	1398
1385	1397
1385	1422
1385	1567
1385	1577
1385	1580
1385	1596
1385	1597
1385	1611
1385	1618
1385	1666
1385	1668
1387	1467
1387	1987
1387	2832
1388	1468
1390	1686
1390	1713
1396	2026
1397	1426
1397	1527
1397	1749
1398	1399
1400	1528
1400	1553
1400	2264
1400	2296
1401	1585
1401	1843
1401	3659
1402	1467
1402	1533
1403	1430
1403	1549
1403	1558
1403	1583
1403	1616
1403	1629
1403	1642
1403	1659
1403	1661
1403	1834
1403	2344
1403	2603
1403	2659
1403	2702
1403	2759
1403	2760
1403	2775
1403	2777
1403	2926
1403	2947
1403	2983
1403	3044
1404	1509
1404	2834
1405	1487
1405	1638
1405	1695
1405	2311
1407	1447
1411	1412
1411	1482
1411	1502
1411	1507
1411	1551
1411	1552
1411	1561
1411	1565
1411	1623
1412	1908
1412	2709
1412	2852
1413	1445
1413	1640
1413	1702
1413	1835
1413	1869
1413	1930
1413	2141
1413	2579
1413	3947
1414	1736
1414	3542
1416	2045
1416	2811
1417	2759
1418	1527
1419	1671
1421	1443
1422	1472
1422	1870
1424	1425
1424	1437
1424	1460
1424	1697
1424	1710
1424	1751
1424	1752
1424	1856
1424	1859
1425	1518
1425	1618
1425	1677
1425	1732
1425	1774
1425	1788
1425	1789
1425	1817
1425	1880
1425	1888
1425	1912
1425	1935
1425	1992
1425	1994
1425	2008
1425	2017
1425	2022
1425	2028
1425	2075
1425	2089
1425	2103
1425	2154
1425	2157
1425	2169
1425	2171
1425	2180
1426	1505
1426	1617
1426	1923
1426	1944
1426	1993
1426	2161
1426	2342
1426	2360
1426	2396
1426	2450
1426	2547
1426	2586
1426	2632
1426	2660
1427	1428
1428	4194
1429	4070
1433	1434
1433	1626
1434	1958
1434	1959
1434	1990
1434	2007
1434	2133
1434	2283
1435	1961
1437	1694
1437	1697
1437	1710
1437	1752
1437	1855
1437	1856
1437	1859
1437	1929
1437	1957
1437	2036
1437	2142
1437	2166
1437	2216
1438	1493
1438	2351
1438	2959
1439	1440
1439	1488
1439	1559
1439	1566
1439	1667
1440	1488
1440	1559
1440	1566
1440	1667
1442	1643
1443	1489
1443	1600
1443	1918
1443	2035
1443	2065
1443	2173
1444	2264
1444	2545
1444	2706
1444	2708
1444	2738
1445	1467
1445	1533
1445	1535
1445	1585
1445	1630
1445	1641
1445	1843
1445	2018
1446	2084
1448	2143
1449	1450
1449	1476
1449	1568
1450	2413
1451	1452
1453	1550
1454	1467
1454	1731
1454	1785
1456	2192
1460	1801
1460	2196
1461	1683
1461	1841
1461	2759
1465	1539
1467	1525
1467	1526
1467	1527
1467	1533
1467	1534
1467	1535
1467	1539
1467	1543
1467	1563
1467	1572
1467	1585
1467	1602
1467	1630
1467	1639
1467	1641
1467	1642
1467	1664
1467	1669
1467	1691
1467	1702
1467	1706
1467	1707
1467	1718
1467	1723
1467	1741
1467	1742
1467	1759
1467	1779
1467	1780
1467	1786
1467	1824
1467	1831
1467	1832
1467	1834
1467	1835
1467	1838
1467	1839
1467	1840
1467	1861
1467	1866
1467	1868
1467	1877
1467	1893
1467	1904
1467	1914
1467	1923
1467	1930
1467	1934
1467	1936
1467	1938
1467	1941
1467	1944
1467	1950
1467	1956
1467	1957
1467	1966
1467	1971
1467	1972
1467	1981
1467	1984
1467	1987
1467	1997
1467	2021
1467	2029
1467	2051
1467	2053
1467	2081
1467	2082
1467	2087
1467	2088
1467	2091
1467	2094
1467	2096
1467	2097
1467	2115
1467	2125
1467	2131
1467	2143
1467	2149
1467	2150
1467	2174
1467	2177
1467	2179
1467	2182
1467	2208
1467	2212
1467	2213
1467	2215
1467	2219
1467	2220
1467	2224
1467	2226
1467	2228
1468	1738
1468	1767
1468	1876
1471	1695
1473	1474
1473	1546
1473	1614
1474	2740
1474	2826
1475	1635
1475	3923
1476	1568
1476	2104
1476	2413
1476	3540
1477	1478
1477	1549
1477	1575
1477	1587
1477	1610
1477	1670
1477	1675
1479	1528
1483	2759
1485	1989
1485	2105
1486	1542
1486	1653
1486	1727
1486	1777
1486	1783
1486	1852
1486	1891
1486	1919
1486	1954
1486	1988
1486	1998
1486	2002
1486	2034
1486	2038
1486	2085
1486	2168
1486	2192
1486	2229
1487	1756
1488	1566
1489	1687
1490	2065
1491	1521
1491	1562
1491	1582
1491	1657
1492	3248
1493	2750
1494	1832
1494	3309
1495	1756
1497	1606
1497	2324
1499	1809
1499	1822
1499	2368
1499	2504
1499	2505
1499	2525
1499	2637
1499	3109
1499	3143
1499	3152
1499	3205
1499	3231
1499	3257
1499	3258
1501	2621
1503	1594
1503	1643
1504	2055
1505	2995
1505	3566
1506	1522
1511	2545
1511	2706
1512	1544
1512	1545
1515	1766
1515	1843
1515	1849
1515	2018
1515	3277
1515	3502
1517	1573
1518	1710
1518	1888
1518	2045
1518	2104
1518	2202
1518	3540
1518	3939
1519	4161
1520	2706
1520	2709
1521	1530
1523	3432
1525	1534
1525	1535
1525	1539
1525	1585
1525	1669
1525	1786
1525	1831
1525	2051
1525	2149
1525	2219
1525	2224
1525	2275
1525	2298
1525	2326
1527	1563
1527	1630
1527	1662
1527	1840
1527	1950
1527	2212
1527	2235
1527	2257
1527	2301
1528	1751
1528	2980
1533	1944
1534	1585
1534	1957
1535	1585
1536	4047
1537	3119
1537	3716
1538	2058
1539	1786
1543	2064
1550	2287
1550	3198
1550	3299
1550	4151
1550	4176
1550	4193
1550	4279
1550	4332
1551	2363
1551	2852
1553	1554
1553	1679
1554	2175
1555	3432
1557	2044
1558	2759
1559	1566
1561	2709
1561	2852
1566	1667
1566	2479
1568	2140
1569	1570
1570	2544
1571	1606
1571	1666
1571	1680
1571	1904
1571	2195
1572	1585
1572	3187
1573	2452
1576	2192
1577	1580
1577	2443
1579	2026
1579	2255
1579	2709
1580	2443
1581	2104
1581	3540
1583	1642
1584	2095
1584	3540
1585	1602
1585	2143
1585	2465
1589	2192
1589	2255
1591	2255
1592	2255
1592	2709
1594	1645
1594	1678
1596	1666
1596	1904
1596	2342
1598	1710
1598	2104
1601	2065
1602	3187
1605	1945
1605	3540
1606	2438
1606	2489
1606	2583
1608	1695
1610	2202
1612	2759
1618	1710
1618	3540
1622	1671
1622	1695
1629	1642
1629	1661
1629	1838
1629	1861
1629	2016
1629	2775
1629	3087
1629	3104
1629	3157
1629	3161
1629	3187
1629	3207
1629	3236
1632	1633
1634	1635
1634	1671
1634	2104
1634	2270
1634	2286
1634	2726
1634	3540
1634	4113
1635	1636
1635	1695
1635	2443
1635	2948
1638	1695
1639	1723
1639	2212
1640	1869
1640	2579
1642	1659
1642	1661
1642	1838
1642	1861
1642	1923
1642	2606
1642	2759
1642	3044
1642	3087
1642	3104
1642	3181
1642	3187
1644	3117
1645	2909
1648	1695
1649	2862
1649	3073
1650	1758
1650	2104
1651	1652
1652	1731
1652	1785
1652	1791
1660	1989
1660	3147
1661	1785
1661	1875
1661	2342
1661	2702
1663	3250
1664	2192
1664	2330
1664	2621
1664	3685
1665	2065
1665	2192
1665	2913
1666	1779
1666	2097
1666	2175
1666	2291
1666	2329
1666	2402
1666	3944
1666	4057
1666	4141
1666	4144
1666	4175
1666	4198
1666	4238
1666	4293
1666	4316
1669	1786
1669	2149
1669	2150
1669	3251
1671	2124
1671	2262
1671	2270
1671	2286
1671	2320
1673	2709
1677	1817
1677	3540
1677	3589
1678	2909
1680	2438
1682	2026
1682	2255
1683	1693
1683	1709
1683	1717
1683	1719
1683	1720
1683	1725
1683	1730
1683	1755
1683	1776
1683	1803
1683	1814
1683	1818
1683	1841
1683	1848
1683	1863
1683	1864
1683	1865
1683	1895
1683	1936
1683	1937
1683	1939
1683	1940
1683	1960
1683	1974
1683	2000
1683	2024
1683	2033
1683	2071
1683	2076
1683	2112
1683	2113
1683	2114
1683	2119
1683	2134
1683	2200
1683	2206
1683	2207
1684	1685
1684	1743
1684	1842
1684	1845
1684	1847
1684	1873
1684	1874
1684	2006
1684	2098
1684	2151
1684	2155
1684	2163
1684	2181
1684	2201
1686	1713
1686	1813
1686	2222
1687	1688
1687	1767
1687	1799
1687	1833
1687	2023
1687	2165
1689	1690
1689	1798
1689	2156
1692	2621
1692	3685
1693	1841
1694	1982
1695	1696
1695	1699
1695	1703
1695	1747
1695	1756
1695	1768
1695	1769
1695	1783
1695	1784
1695	1802
1695	1808
1695	1850
1695	1872
1695	1916
1695	1927
1695	1980
1695	2032
1695	2039
1695	2040
1695	2054
1695	2061
1695	2062
1695	2093
1695	2116
1695	2135
1695	2136
1695	2145
1695	2194
1695	2210
1695	2211
1696	1757
1697	1752
1697	1757
1697	1856
1697	1859
1697	1929
1697	1945
1697	1957
1697	2146
1697	2197
1698	1752
1700	2176
1702	1869
1704	1705
1705	3197
1707	1957
1710	1711
1710	1716
1710	1739
1710	1740
1710	1752
1710	1754
1710	1761
1710	1773
1710	1774
1710	1789
1710	1856
1710	1859
1710	1862
1710	1879
1710	1880
1710	1881
1710	1889
1710	1896
1710	1899
1710	1906
1710	1928
1710	1942
1710	1992
1710	1994
1710	2008
1710	2028
1710	2043
1710	2057
1710	2102
1710	2118
1710	2120
1710	2122
1710	2130
1710	2137
1710	2138
1710	2139
1710	2147
1710	2148
1713	4040
1713	4345
1713	4404
1714	1715
1714	1922
1714	1975
1714	1996
1714	2052
1720	1841
1720	2387
1721	1729
1721	1748
1721	1844
1721	2062
1721	2217
1723	1898
1723	2107
1723	2159
1728	1729
1728	1748
1728	1760
1728	1844
1728	1933
1729	2055
1729	4095
1730	1841
1731	1785
1731	1821
1731	1915
1731	1970
1731	2012
1731	2055
1731	2176
1733	1734
1733	1951
1733	2025
1733	2106
1733	2110
1733	2225
1735	1857
1735	1875
1736	1737
1736	1770
1736	1781
1736	1805
1736	1890
1736	1913
1736	1977
1736	2109
1736	2124
1736	2153
1736	2203
1738	2238
1738	2263
1739	1817
1739	2045
1739	2055
1739	2104
1739	2192
1739	2249
1739	2811
1742	2192
1744	1745
1748	2004
1748	2055
1749	1750
1749	1834
1749	1931
1749	1936
1749	2092
1749	2178
1749	2187
1749	2223
1750	2363
1750	2501
1751	1928
1752	1753
1752	1757
1752	1792
1752	1811
1752	1812
1752	1820
1752	1830
1752	1851
1752	1856
1752	1859
1752	1878
1752	1945
1752	2041
1752	2050
1752	2101
1752	2195
1755	1841
1756	2061
1756	2897
1756	3022
1756	3129
1756	3248
1756	3346
1757	1830
1757	1857
1757	1878
1757	1881
1757	1919
1757	1945
1757	1982
1757	1998
1757	2034
1757	2083
1757	2195
1757	2251
1757	2272
1757	2330
1757	2421
1757	2447
1757	2532
1757	2570
1757	2588
1757	2592
1758	1759
1761	1817
1761	2104
1761	3540
1762	1763
1762	2144
1763	2144
1764	1765
1764	1787
1764	2073
1768	1857
1768	1944
1769	2104
1770	2861
1770	3174
1770	3666
1770	3719
1770	3767
1770	4016
1770	4017
1770	4031
1771	1772
1771	2059
1773	2249
1774	1817
1776	1841
1777	3271
1778	2176
1778	4110
1779	1904
1779	2329
1782	1795
1784	1875
1785	1821
1786	1831
1786	2051
1786	2149
1786	2219
1788	1817
1789	1817
1791	2011
1792	2237
1792	2305
1792	3949
1795	2104
1800	1917
1802	1945
1807	1904
1811	2104
1811	3540
1815	1999
1816	2058
1816	2176
1817	1896
1817	1912
1817	1982
1817	1992
1817	1994
1817	2008
1817	2017
1817	2022
1817	2045
1817	2103
1817	2171
1817	2237
1817	2713
1817	2733
1817	2808
1817	2809
1817	2811
1817	2916
1817	2937
1817	3071
1819	1961
1820	2192
1820	2249
1823	1953
1823	3187
1824	2398
1825	1826
1825	1900
1825	2100
1829	1945
1829	2055
1830	2104
1832	1882
1832	3004
1832	3101
1832	3228
1832	3314
1832	3315
1832	3336
1832	3345
1832	3350
1832	3353
1832	3355
1832	3357
1832	3358
1832	3360
1832	3363
1832	3368
1832	3387
1832	3391
1832	3394
1832	3409
1832	3422
1832	3426
1832	3444
1832	3445
1832	3455
1832	3456
1832	3457
1832	3490
1832	3493
1834	1923
1834	2405
1835	2141
1835	2249
1835	2579
1835	2621
1835	2913
1835	3039
1835	3685
1836	1837
1836	1894
1836	2031
1837	2295
1840	4247
1841	1877
1841	1940
1841	2000
1841	2076
1841	2119
1841	2134
1841	2371
1841	2387
1841	2426
1841	2451
1841	2486
1841	2576
1841	2603
1841	2619
1841	2659
1843	2702
1843	3039
1844	2004
1844	2375
1847	3849
1849	2375
1850	3022
1851	2065
1851	2237
1852	2202
1853	1854
1855	2264
1855	2545
1855	2706
1855	2708
1855	2820
1855	3163
1855	3323
1855	3337
1855	3354
1855	3363
1855	3513
1856	1982
1857	1878
1857	1916
1857	1919
1857	1944
1857	1949
1857	1980
1857	2027
1857	2032
1857	2034
1857	2040
1857	2049
1857	2054
1857	2120
1857	2136
1857	2162
1857	2194
1857	2230
1857	2231
1857	2234
1857	2239
1857	2243
1857	2244
1857	2250
1857	2253
1857	2258
1857	2260
1857	2261
1857	2272
1857	2289
1857	2292
1857	2293
1857	2300
1857	2308
1857	2317
1857	2319
1857	2321
1857	2325
1857	2327
1857	2328
1857	2337
1857	2345
1857	2346
1857	2349
1857	2355
1857	2356
1859	1957
1859	1982
1860	2127
1860	2702
1860	2711
1860	2793
1860	2859
1860	2897
1860	2898
1860	2912
1860	2913
1860	2920
1860	2931
1860	2932
1860	2933
1860	2934
1860	2971
1860	3008
1860	3009
1861	3187
1861	3339
1869	1930
1869	2579
1870	1944
1875	1919
1875	2162
1875	2194
1875	2214
1875	2311
1875	2325
1875	2337
1875	2635
1875	2675
1875	2720
1875	2723
1875	2774
1875	2805
1875	2814
1875	2884
1875	2930
1875	2943
1875	2960
1875	2998
1875	3045
1875	3052
1876	2238
1876	2263
1877	2387
1878	1945
1878	2202
1879	2104
1879	3540
1880	2859
1881	1945
1881	1982
1881	2104
1881	2202
1881	3540
1882	3282
1882	3309
1883	1884
1885	1886
1885	2193
1885	2227
1888	1912
1888	2171
1888	2435
1888	2527
1888	3053
1895	4047
1898	2212
1899	2104
1899	3939
1901	1902
1904	2097
1904	2228
1904	2291
1904	2329
1904	2402
1904	3127
1904	3234
1904	4057
1904	4141
1904	4175
1904	4238
1904	4314
1905	3674
1906	2305
1906	3593
1908	1909
1908	2160
1908	2167
1910	1911
1910	2090
1912	2045
1912	2104
1912	3540
1923	1980
1923	2182
1923	2291
1923	3589
1923	4408
1924	2863
1924	4138
1928	1945
1929	2238
1929	2263
1929	2565
1929	2917
1931	2913
1932	2176
1934	2621
1934	3685
1936	2055
1936	2149
1936	2933
1936	3083
1936	3282
1938	2192
1938	3039
1938	3282
1941	2150
1942	3540
1943	2913
1944	1957
1944	2040
1944	2232
1944	2233
1944	2240
1944	2245
1944	2252
1944	2255
1944	2259
1944	2278
1944	2285
1944	2290
1944	2291
1944	2304
1944	2309
1944	2311
1944	2314
1944	2323
1944	2340
1944	2342
1944	2344
1945	1982
1945	1998
1945	2050
1945	2083
1945	2148
1945	2421
1945	2570
1945	2588
1945	2592
1945	2742
1945	2846
1945	2951
1945	3019
1945	3164
1945	3267
1945	3379
1945	3489
1945	3578
1945	3670
1945	3771
1945	3830
1946	1947
1953	2378
1953	2539
1954	3540
1956	1957
1957	2215
1958	1959
1958	1990
1958	2007
1958	2132
1958	2133
1961	1962
1961	1967
1961	2084
1963	1964
1963	2073
1963	2074
1968	2202
1970	3602
1974	2391
1978	1979
1982	2083
1982	2192
1982	2249
1982	2251
1982	2330
1984	2027
1984	2691
1985	1986
1991	2063
1991	2696
1992	2104
1992	3540
1995	2195
1995	3660
1997	2088
1998	2202
1998	2330
2000	2759
2003	2037
2003	2095
2003	2439
2003	2690
2004	2161
2004	2176
2004	2202
2004	2533
2004	2675
2004	2691
2008	2202
2008	3309
2009	2010
2011	2867
2011	2888
2013	2014
2015	2217
2017	3540
2018	3567
2019	2020
2020	2381
2022	3540
2024	2602
2024	4079
2024	4202
2026	2255
2026	2696
2026	4009
2027	2049
2027	2124
2027	2214
2027	2255
2028	2104
2028	3540
2029	3039
2036	2202
2037	2055
2037	2095
2041	2055
2043	2104
2043	3540
2044	2048
2044	2184
2045	2075
2045	2087
2045	2171
2045	2420
2045	2510
2045	2516
2045	2733
2045	2809
2045	2810
2045	2811
2045	2918
2045	3047
2045	3071
2045	3341
2045	3596
2045	3656
2045	3658
2045	3753
2045	3785
2045	3786
2045	3898
2045	4000
2045	4029
2048	2452
2048	4067
2049	2329
2055	2065
2055	2305
2055	3088
2055	3132
2055	3153
2055	3170
2055	3176
2055	3179
2055	3182
2055	3196
2055	3202
2055	3208
2055	3230
2055	3249
2055	3254
2055	3264
2055	3276
2055	3289
2055	3291
2055	3292
2057	2104
2057	3540
2058	2083
2058	2274
2058	2439
2058	2794
2058	2798
2058	3088
2058	3396
2058	3507
2061	2897
2061	3248
2062	2606
2065	2967
2065	3130
2065	3170
2065	3276
2065	3289
2065	3463
2065	3557
2065	3651
2065	3731
2065	3992
2065	4010
2066	2909
2067	2068
2068	2726
2075	2104
2075	2249
2077	2078
2079	2104
2079	3540
2080	2202
2080	2296
2080	2545
2080	2706
2080	2708
2080	2738
2082	2192
2083	2202
2083	2237
2083	2330
2084	2719
2084	2918
2084	3438
2084	3508
2088	3567
2091	3685
2092	2913
2095	2664
2097	2329
2101	2739
2102	2104
2102	3540
2104	2137
2104	2140
2104	2169
2104	2171
2104	2191
2104	2262
2104	2420
2104	2431
2104	2588
2104	2594
2104	2596
2104	2607
2104	2630
2104	2638
2104	2823
2104	2824
2104	2860
2104	2904
2104	2918
2104	2937
2104	2979
2104	3009
2104	3023
2104	3070
2104	3166
2104	3211
2104	3227
2104	3341
2104	3362
2104	3400
2104	3419
2104	3425
2104	3484
2104	3540
2104	3541
2104	3576
2104	3604
2104	3609
2104	3641
2104	3652
2104	3656
2104	3658
2104	3661
2104	3662
2104	3663
2104	3664
2104	3698
2104	3721
2104	3722
2104	3732
2104	3733
2104	3735
2104	3737
2104	3739
2104	3744
2104	3745
2104	3746
2104	3751
2104	3754
2104	3755
2104	3756
2104	3757
2104	3776
2104	3782
2104	3802
2104	3803
2104	3811
2104	3812
2104	3821
2104	3822
2104	3840
2104	3842
2104	3852
2104	3853
2104	3858
2104	3862
2104	3863
2104	3874
2104	3876
2104	3878
2104	3886
2104	3891
2104	3895
2104	3898
2104	3907
2104	3912
2104	3915
2104	3924
2104	3933
2104	3934
2104	3951
2104	3959
2104	3966
2104	3967
2104	3968
2104	3970
2104	3974
2104	3977
2104	3985
2104	3986
2104	3987
2104	3998
2104	4001
2104	4003
2104	4013
2104	4015
2104	4026
2104	4027
2104	4028
2104	4029
2104	4032
2104	4041
2104	4074
2104	4075
2104	4157
2104	4158
2104	4164
2104	4174
2104	4180
2104	4208
2104	4209
2104	4243
2104	4244
2104	4259
2104	4260
2104	4265
2104	4266
2104	4267
2104	4268
2104	4271
2104	4272
2104	4276
2104	4277
2104	4278
2104	4287
2104	4297
2104	4300
2104	4307
2104	4315
2104	4329
2104	4339
2104	4347
2104	4351
2104	4371
2104	4397
2104	4402
2104	4418
2104	4420
2106	2110
2106	2297
2106	3216
2109	2933
2111	2505
2111	2756
2114	2311
2117	2176
2123	2149
2123	3039
2123	3218
2123	3219
2126	2127
2133	2437
2137	2202
2138	3939
2140	3540
2141	3100
2141	3158
2143	2224
2143	2723
2143	3140
2143	3280
2143	3336
2143	3575
2143	3629
2143	3682
2143	3688
2143	3825
2143	3870
2143	3940
2144	3804
2144	4085
2144	4159
2144	4261
2144	4263
2144	4264
2144	4281
2144	4370
2144	4379
2145	2398
2146	2709
2149	2174
2149	2220
2149	2495
2149	2496
2149	2507
2149	2535
2149	2559
2149	2651
2149	2656
2149	2671
2153	2709
2154	3540
2155	2469
2155	3549
2157	2478
2160	2852
2161	2176
2161	2202
2161	2375
2164	3282
2167	2709
2167	2852
2168	2192
2169	3540
2174	2405
2175	2259
2175	2709
2175	4115
2176	2202
2176	2372
2176	2375
2176	2471
2176	2472
2176	2485
2176	2498
2176	2515
2176	2544
2176	2564
2176	2630
2176	2638
2178	2363
2178	2501
2178	3197
2178	3282
2184	2437
2187	2750
2188	2189
2189	2563
2189	2636
2191	3540
2192	2202
2192	2249
2192	2485
2192	2621
2192	2713
2192	2733
2192	2737
2192	2741
2192	2753
2192	2755
2192	2771
2192	2800
2192	2822
2192	2823
2192	2875
2192	2885
2192	2892
2192	2893
2192	2918
2192	2939
2192	2940
2192	2941
2192	2946
2192	2957
2192	3005
2192	3018
2192	3026
2192	3032
2192	3037
2192	3039
2192	3051
2192	3054
2192	3059
2192	3060
2192	3070
2194	3103
2195	2202
2195	2447
2195	2808
2201	2310
2201	2313
2202	2296
2202	2356
2202	2368
2202	2447
2202	2487
2202	2488
2202	2521
2202	2544
2202	2545
2202	2588
2202	2592
2202	2654
2202	2706
2202	2708
2202	2714
2202	2719
2202	2721
2202	2738
2202	2742
2202	2749
2202	2794
2202	2795
2202	2798
2202	2811
2202	2846
2202	2853
2202	2917
2202	2951
2202	2953
2202	2985
2202	3004
2202	3017
2202	3019
2202	3034
2202	3043
2203	2351
2203	2709
2212	4023
2213	2933
2217	2522
2220	2933
2237	2273
2237	2274
2237	2305
2237	2315
2238	2246
2238	2256
2238	2263
2238	2283
2238	2287
2238	2288
2238	2307
2238	2316
2238	2333
2238	2350
2241	2242
2242	3272
2242	3905
2246	2263
2246	4065
2249	2330
2249	2604
2249	2722
2249	2724
2249	2733
2249	2776
2249	2918
2249	2937
2249	3080
2249	3312
2249	3341
2249	3381
2249	3383
2249	3395
2249	3397
2249	3412
2249	3413
2249	3416
2249	3417
2249	3418
2249	3419
2249	3425
2249	3428
2249	3458
2249	3474
2249	3497
2249	3509
2249	3512
2249	3538
2252	3203
2254	2318
2254	3558
2254	3871
2256	2263
2257	2283
2257	3567
2259	2548
2259	2605
2259	2887
2259	3101
2259	3225
2259	3355
2259	3376
2259	3462
2259	3465
2259	3610
2259	3640
2259	3678
2259	3743
2259	4060
2259	4061
2259	4062
2259	4101
2259	4106
2259	4115
2259	4145
2259	4147
2259	4153
2259	4160
2259	4162
2259	4167
2259	4172
2259	4183
2259	4186
2259	4219
2259	4237
2259	4239
2259	4245
2259	4254
2259	4255
2259	4310
2259	4328
2259	4330
2259	4355
2259	4416
2259	4432
2259	4441
2263	2287
2263	2288
2263	2307
2263	2316
2263	2333
2263	2350
2263	4044
2264	2545
2264	2738
2264	2768
2264	2789
2264	2820
2266	2322
2267	2840
2267	3013
2268	2622
2268	2765
2268	2933
2268	3119
2268	3305
2270	2286
2270	2397
2270	2571
2270	2575
2270	2584
2270	2590
2271	3542
2273	3593
2273	4071
2274	3088
2282	2353
2283	2833
2283	2989
2286	2397
2286	2408
2286	2571
2286	2575
2286	2584
2286	2590
2286	2627
2286	2631
2286	2662
2287	2897
2291	2329
2294	3119
2295	2306
2295	3460
2295	3530
2295	4055
2295	4076
2295	4220
2295	4222
2295	4225
2295	4256
2295	4273
2295	4298
2295	4305
2295	4374
2296	2545
2296	2706
2296	2708
2296	2738
2297	2769
2303	2409
2305	2315
2305	3593
2305	3708
2305	3900
2305	4169
2305	4200
2309	3203
2311	2405
2311	2443
2311	2723
2311	3001
2311	3135
2311	3140
2311	3172
2311	3233
2311	3234
2311	3293
2315	3593
2315	4071
2325	2765
2329	3234
2329	3844
2329	4241
2329	4314
2329	4442
2330	2464
2330	2504
2330	2580
2330	2621
2331	2332
2334	2335
2343	3169
2343	3175
2343	3204
2343	3246
2346	2377
2347	3141
2351	2709
2351	2854
2351	2895
2351	3432
2351	3482
2354	2568
2357	2705
2358	2359
2358	2394
2358	2416
2358	2497
2358	2554
2358	2558
2358	2585
2358	2643
2358	2666
2361	2362
2363	2364
2363	2413
2363	2449
2363	2480
2363	2481
2363	2483
2363	2494
2363	2501
2363	2536
2363	2562
2363	2649
2363	2650
2366	2367
2368	2525
2368	2828
2368	3210
2369	2370
2369	2448
2369	2524
2369	2605
2369	2611
2369	2617
2373	2393
2373	2472
2373	2549
2373	2595
2373	2646
2373	3455
2373	3586
2375	2376
2375	2386
2375	2477
2377	2385
2377	2423
2377	2442
2377	2444
2377	2445
2377	2482
2377	2508
2377	2509
2377	2514
2377	2520
2377	2557
2377	2564
2377	2587
2377	2588
2377	2596
2377	2597
2377	2607
2377	2608
2377	2623
2377	2628
2377	2639
2377	2676
2377	2680
2379	2380
2379	2556
2379	2633
2379	2634
2382	2383
2382	2695
2383	2625
2383	2684
2384	2398
2391	2392
2391	2406
2391	2667
2391	2687
2397	2702
2397	2859
2397	4113
2398	2399
2398	2422
2398	2528
2398	2573
2403	2404
2403	2534
2403	2683
2404	2683
2404	3524
2405	2678
2407	2698
2407	2699
2409	2410
2409	2546
2409	2672
2409	2677
2410	3119
2413	2431
2413	2513
2413	2581
2413	2626
2413	2640
2417	2418
2417	2517
2417	2518
2417	2694
2420	2811
2420	3540
2427	2428
2427	2530
2428	2530
2428	3705
2431	3540
2433	2434
2440	2441
2440	2523
2440	2537
2440	2538
2440	2668
2447	3337
2447	3478
2452	2453
2452	2460
2452	2552
2452	2553
2452	2574
2452	2609
2453	4067
2456	2457
2457	2698
2457	2699
2459	2618
2465	3039
2469	2470
2469	2490
2469	2493
2469	2499
2469	2503
2469	2648
2469	2674
2472	4110
2473	3309
2475	2629
2478	3540
2479	2799
2490	3581
2490	3630
2491	2492
2492	2811
2497	3602
2501	2770
2501	2825
2503	3076
2505	2620
2511	2512
2515	4110
2516	2811
2522	3579
2530	4068
2535	3330
2536	2852
2539	3187
2540	2541
2540	2542
2545	2706
2545	2708
2545	2725
2545	2738
2545	2768
2545	2789
2545	2798
2545	2820
2548	2750
2548	4060
2553	4067
2554	3712
2558	3602
2563	3743
2563	3784
2563	3939
2566	2567
2566	2670
2574	4067
2578	3564
2579	3100
2594	3540
2596	3540
2598	2599
2599	3758
2601	2602
2602	3674
2605	3225
2605	3376
2605	3610
2605	4062
2605	4106
2605	4162
2605	4173
2605	4183
2605	4237
2605	4239
2605	4255
2606	4095
2613	3540
2621	3080
2621	3560
2621	3655
2621	3685
2621	3688
2625	2647
2625	2684
2632	3566
2635	3540
2641	2642
2643	3602
2645	3080
2645	3083
2645	3167
2652	2653
2653	2700
2655	2933
2659	3104
2660	3566
2669	3567
2671	3330
2683	3326
2683	3344
2683	3349
2683	3447
2683	3492
2683	3518
2683	3524
2684	2780
2685	3567
2691	3667
2691	3855
2691	3936
2691	3942
2691	3980
2692	2693
2695	3244
2696	2697
2697	2945
2697	3006
2697	3089
2697	3148
2697	3231
2697	3547
2697	3607
2697	3620
2697	3625
2697	3628
2697	3640
2697	3669
2697	3680
2697	3793
2697	3824
2697	3844
2697	3906
2697	3911
2697	3944
2697	3981
2698	2746
2698	2747
2698	2870
2698	2881
2698	2886
2698	2895
2698	2910
2698	2924
2698	2927
2698	2928
2698	2929
2698	2976
2699	2746
2699	2747
2699	2786
2699	2854
2699	2881
2699	2886
2699	2895
2699	2910
2699	2911
2699	2914
2699	2915
2699	2924
2699	2927
2699	2928
2699	2929
2699	2976
2699	3016
2699	3041
2699	3065
2700	2701
2700	2745
2700	2839
2700	2925
2700	2977
2700	2990
2700	2996
2700	3024
2702	2898
2702	2967
2702	2971
2702	3008
2702	3130
2702	3159
2702	3355
2702	3404
2702	3568
2702	3580
2702	3583
2702	3620
2702	3621
2702	3636
2702	3657
2702	3691
2702	3710
2702	3742
2702	3798
2702	4018
2706	2707
2706	2708
2706	2725
2706	2738
2706	2768
2706	2789
2706	2820
2706	2861
2706	3014
2708	2738
2708	2768
2708	2789
2708	2820
2709	2710
2709	2726
2709	2731
2709	2735
2709	2737
2709	2744
2709	2748
2709	2750
2709	2763
2709	2772
2709	2773
2709	2779
2709	2817
2709	2818
2709	2819
2709	2835
2709	2836
2709	2840
2709	2841
2709	2843
2709	2850
2709	2851
2709	2852
2709	2856
2709	2868
2709	2882
2709	2883
2709	2887
2709	2915
2709	2945
2709	2955
2709	2956
2709	2958
2709	2959
2709	2966
2709	2968
2709	2969
2709	2970
2709	2975
2709	2984
2709	2999
2709	3006
2709	3013
2709	3036
2709	3042
2709	3055
2709	3056
2709	3067
2715	2716
2715	2788
2717	2718
2717	2815
2717	2894
2718	3348
2719	2750
2723	2897
2725	2750
2726	3101
2726	3331
2726	3400
2726	3450
2735	2750
2737	4115
2739	3015
2744	2852
2750	2887
2750	2975
2750	2984
2750	3327
2750	3328
2750	3332
2750	3335
2750	3352
2750	3441
2750	3461
2750	3522
2750	3523
2751	2752
2751	3072
2759	2760
2761	2762
2761	2982
2761	3010
2763	3274
2765	2766
2765	2801
2765	2938
2765	2973
2765	3027
2769	2842
2771	3282
2772	2852
2774	3542
2779	2852
2781	2782
2782	3330
2788	3761
2793	3393
2794	3088
2796	2811
2798	3088
2808	3939
2809	2811
2809	3540
2811	2918
2811	3047
2811	3071
2811	3652
2811	3658
2811	3662
2811	3664
2811	3753
2811	3854
2811	3864
2811	3935
2811	3958
2817	2852
2818	2852
2819	2852
2820	3080
2820	3316
2823	3540
2823	3939
2824	3540
2828	2829
2829	2900
2830	2831
2830	3020
2830	3030
2840	4070
2844	2845
2847	2848
2847	2878
2847	2899
2847	2994
2847	3033
2847	3049
2852	2945
2852	2955
2852	2984
2852	3006
2852	3036
2852	3158
2852	3550
2852	3556
2852	3559
2852	3561
2852	3725
2852	3869
2852	3873
2852	3893
2853	3248
2854	3119
2856	3203
2858	2859
2859	2898
2859	2931
2859	2934
2859	3136
2859	3162
2859	3313
2859	3399
2859	3454
2859	3470
2859	3488
2870	3615
2871	2872
2871	2874
2871	2965
2876	2877
2882	3203
2882	3868
2882	3882
2882	3938
2883	2959
2883	3382
2883	3508
2883	3768
2887	3309
2893	3282
2895	3494
2897	2912
2897	2932
2897	2933
2897	3022
2897	3096
2897	3097
2897	3112
2897	3118
2897	3119
2897	3128
2897	3129
2897	3145
2897	3209
2897	3248
2897	3266
2898	3540
2899	3505
2899	4059
2899	4073
2899	4092
2899	4187
2899	4189
2899	4203
2899	4211
2899	4212
2899	4250
2899	4286
2899	4353
2900	2901
2902	2903
2904	3540
2911	4056
2911	4115
2912	2913
2912	2932
2912	3119
2912	3277
2913	2971
2913	3080
2913	3083
2913	3119
2913	3122
2913	3130
2913	3180
2913	3226
2913	3237
2913	3279
2922	2923
2922	3066
2932	3019
2932	3086
2932	3098
2932	3101
2932	3108
2932	3119
2932	3121
2932	3137
2932	3138
2932	3188
2932	3198
2932	3201
2932	3222
2932	3225
2932	3228
2932	3262
2932	3304
2933	3055
2933	3116
2933	3119
2933	3151
2933	3163
2933	3166
2933	3189
2933	3192
2933	3195
2933	3197
2933	3211
2933	3217
2933	3219
2933	3240
2933	3241
2933	3271
2933	3277
2933	3290
2933	3294
2933	3296
2933	3297
2933	3303
2934	3540
2936	3048
2937	3540
2953	3540
2957	3282
2962	2963
2962	3001
2967	3282
2968	4064
2968	4170
2969	3056
2969	4210
2969	4292
2969	4296
2969	4363
2971	3039
2971	3119
2973	3305
2979	3540
2980	3389
2986	3119
2986	3592
2986	4113
2994	4059
2995	4192
2995	4365
2996	4070
3002	3003
3004	3309
3006	3542
3008	3393
3008	4113
3009	3540
3022	3222
3022	3248
3022	3322
3022	3346
3022	3404
3022	3408
3022	3420
3022	3423
3022	3442
3022	3464
3028	3591
3029	3489
3036	3566
3039	3111
3039	3174
3039	3282
3039	3412
3039	3584
3039	3611
3039	3622
3039	3690
3039	3815
3039	3903
3039	3907
3042	4115
3044	3104
3053	3540
3055	4115
3059	3282
3070	3540
3071	3540
3074	3075
3074	3079
3074	3255
3076	3077
3076	3184
3080	3081
3080	3083
3080	3106
3080	3122
3080	3130
3080	3131
3080	3146
3080	3167
3080	3180
3080	3220
3080	3223
3080	3226
3080	3306
3081	3540
3083	3146
3083	3180
3083	3226
3083	3487
3084	3085
3084	3144
3084	3155
3085	3133
3088	3396
3088	3507
3088	4058
3088	4094
3088	4221
3088	4258
3091	3092
3091	3136
3091	3162
3091	3171
3091	3283
3091	3285
3091	3308
3094	3095
3096	3566
3097	3248
3098	3304
3101	3108
3101	3304
3101	3309
3102	3976
3102	3993
3103	3109
3103	3120
3104	3187
3105	3119
3105	3203
3106	3167
3106	3197
3107	3432
3108	3188
3108	3198
3108	3201
3108	3222
3108	3304
3109	3110
3109	3209
3112	3566
3114	3115
3119	3142
3119	3156
3119	3159
3119	3177
3119	3198
3119	3199
3119	3256
3119	3263
3119	3265
3119	3269
3119	3280
3119	3282
3119	3299
3119	3302
3122	3309
3128	3248
3129	3248
3131	3167
3132	3593
3133	3134
3133	3183
3133	3212
3133	3235
3133	3298
3133	3307
3134	3320
3136	3592
3138	3304
3138	3579
3141	3190
3147	4204
3151	3282
3154	3155
3162	3765
3166	3540
3166	3939
3167	3560
3167	4123
3167	4137
3167	4246
3167	4251
3167	4301
3167	4380
3167	4415
3167	4436
3167	4437
3168	3579
3170	3593
3173	3248
3174	3282
3178	3203
3183	3630
3188	3203
3188	3282
3188	4060
3189	3219
3193	3309
3195	3219
3196	3593
3197	3241
3197	3775
3197	3879
3197	3928
3198	3282
3198	3304
3198	3579
3199	3304
3201	3304
3202	3593
3203	3614
3217	4110
3218	3219
3218	3277
3219	3277
3219	3296
3219	3329
3219	3415
3219	3446
3219	3455
3219	3532
3219	3533
3222	3248
3222	3304
3227	3540
3228	3304
3228	3309
3228	4113
3229	3516
3240	3356
3244	3245
3248	3321
3248	3322
3248	3324
3248	3325
3248	3402
3248	3403
3248	3404
3248	3406
3248	3408
3248	3410
3248	3414
3248	3415
3248	3420
3248	3423
3248	3442
3248	3455
3248	3464
3249	3593
3250	3359
3250	3407
3250	3453
3254	3593
3260	3261
3261	4138
3262	3282
3262	3304
3263	3271
3266	3566
3271	3316
3271	4362
3276	3593
3280	3282
3281	3282
3281	3309
3282	3336
3282	3353
3282	3363
3282	3465
3282	3486
3282	3490
3282	3491
3282	3537
3282	3548
3282	3553
3282	3563
3282	3571
3282	3574
3282	3575
3282	3579
3282	3584
3282	3629
3282	3684
3282	3718
3282	3720
3282	3769
3282	3813
3282	3816
3282	3817
3282	3825
3282	3826
3282	3828
3282	3834
3282	3847
3282	3848
3282	3870
3282	3928
3282	3940
3282	3941
3282	3990
3282	4042
3282	4045
3283	3765
3287	4115
3292	3593
3292	4071
3303	3591
3304	3376
3304	3384
3304	3385
3304	3409
3304	3463
3304	3483
3304	3486
3304	3491
3304	3498
3304	3514
3304	3521
3304	3527
3305	3787
3305	3861
3305	3909
3305	3914
3305	4012
3305	4021
3309	3314
3309	3315
3309	3336
3309	3345
3309	3347
3309	3350
3309	3351
3309	3353
3309	3355
3309	3357
3309	3358
3309	3360
3309	3363
3309	3368
3309	3382
3309	3387
3309	3391
3309	3394
3309	3409
3309	3422
3309	3426
3309	3438
3309	3444
3309	3445
3309	3456
3309	3457
3309	3462
3309	3465
3309	3477
3309	3480
3309	3490
3309	3493
3309	3537
3310	3311
3310	3388
3310	3449
3310	3452
3310	3501
3310	3505
3310	3520
3313	3399
3316	3317
3316	3336
3316	3340
3316	3484
3318	3369
3319	3320
3319	3443
3319	3466
3319	3471
3320	3765
3326	3524
3333	3334
3333	3366
3333	3427
3333	3472
3334	3392
3339	3378
3342	3343
3342	3469
3342	3496
3348	3349
3348	3518
3349	3524
3349	4132
3353	4113
3354	4115
3356	3495
3357	4056
3357	4115
3359	3453
3361	3362
3362	3540
3364	3365
3364	3473
3370	3371
3370	3433
3370	3475
3370	3504
3370	3510
3370	3517
3372	3373
3372	3405
3372	3430
3372	3529
3372	3536
3373	3529
3374	3375
3374	3411
3374	3424
3374	3435
3374	3531
3376	4060
3385	3592
3392	3421
3392	3451
3394	4113
3400	3540
3401	3431
3401	3534
3414	3468
3423	3592
3426	4115
3432	3521
3432	3605
3432	3713
3432	3768
3432	3892
3436	3437
3447	3524
3459	3460
3459	3476
3459	3530
3462	4060
3466	3467
3482	3542
3483	3579
3484	3540
3485	3511
3488	3540
3490	4113
3492	3524
3495	3619
3495	4295
3495	4312
3495	4344
3499	3500
3499	3535
3508	3615
3518	4132
3524	4142
3525	3526
3527	3579
3540	3541
3540	3576
3540	3582
3540	3603
3540	3604
3540	3609
3540	3641
3540	3644
3540	3652
3540	3658
3540	3661
3540	3662
3540	3663
3540	3664
3540	3673
3540	3689
3540	3697
3540	3698
3540	3699
3540	3700
3540	3715
3540	3717
3540	3721
3540	3722
3540	3732
3540	3733
3540	3735
3540	3737
3540	3738
3540	3739
3540	3744
3540	3745
3540	3746
3540	3750
3540	3751
3540	3753
3540	3754
3540	3755
3540	3756
3540	3757
3540	3776
3540	3781
3540	3782
3540	3795
3540	3802
3540	3803
3540	3807
3540	3810
3540	3811
3540	3812
3540	3821
3540	3822
3540	3840
3540	3842
3540	3852
3540	3853
3540	3857
3540	3858
3540	3859
3540	3862
3540	3863
3540	3874
3540	3875
3540	3876
3540	3878
3540	3885
3540	3886
3540	3887
3540	3898
3540	3912
3540	3915
3540	3920
3540	3924
3540	3925
3540	3933
3540	3934
3540	3951
3540	3953
3540	3959
3540	3960
3540	3961
3540	3962
3540	3966
3540	3967
3540	3968
3540	3969
3540	3970
3540	3973
3540	3974
3540	3975
3540	3977
3540	3978
3540	3979
3540	3982
3540	3983
3540	3985
3540	3986
3540	3987
3540	3997
3540	3998
3540	3999
3540	4001
3540	4002
3540	4003
3540	4004
3540	4013
3540	4015
3540	4022
3540	4024
3540	4026
3540	4027
3540	4028
3540	4030
3540	4032
3540	4036
3540	4040
3540	4041
3542	3577
3542	3645
3542	3669
3542	3687
3542	3766
3542	3901
3543	3637
3543	3965
3544	3545
3544	3546
3547	3944
3551	3552
3551	3665
3551	3790
3554	3555
3554	3612
3554	3613
3554	3665
3554	3694
3554	3711
3554	3714
3554	3790
3554	3806
3554	3827
3554	3856
3554	3945
3554	3972
3554	3984
3554	4007
3560	3685
3566	3709
3566	3889
3566	3988
3567	3622
3572	3573
3572	3740
3579	3580
3579	3632
3579	3639
3579	3651
3579	3734
3579	3883
3579	3896
3579	3897
3579	3921
3579	4011
3581	3598
3581	3630
3581	3631
3587	3588
3587	3890
3589	3590
3589	4020
3591	3656
3591	3723
3592	3778
3592	3789
3592	3814
3593	3594
3593	3595
3593	3606
3593	3623
3593	3627
3593	3708
3593	3792
3593	3837
3593	3843
3593	3900
3593	3996
3593	4008
3598	3630
3600	3601
3600	3638
3600	3729
3600	3770
3600	3804
3600	3805
3600	3884
3601	3638
3602	3617
3602	3650
3602	3730
3602	3800
3602	3836
3615	3616
3615	3747
3615	3791
3618	3619
3618	3624
3630	3631
3638	3729
3638	3752
3638	3770
3638	3804
3638	3805
3638	3884
3640	3944
3653	3654
3653	3777
3653	3872
3655	3685
3671	3672
3674	3799
3674	3922
3674	3943
3680	3944
3685	3688
3685	3760
3692	3693
3692	3888
3695	3696
3703	3704
3703	3877
3706	3707
3706	3829
3712	3794
3712	3910
3716	3946
3716	3991
3732	3880
3740	3741
3743	4056
3743	4060
3743	4115
3748	3749
3758	3759
3758	3835
3763	3764
3763	3930
3765	3774
3768	4192
3779	3780
3780	4080
3811	4104
3824	3944
3832	3833
3832	4025
3832	4043
3845	3846
3845	3929
3849	3850
3852	3939
3878	3939
3880	3881
3880	3950
3880	3952
3880	3971
3881	3964
3939	3946
3939	3969
3939	3985
3939	4002
3939	4284
3939	4368
3939	4369
3939	4387
3939	4398
3939	4403
3939	4405
3939	4407
3939	4417
3939	4444
3939	4446
3944	4113
3944	4140
3954	3955
3954	3956
3955	3956
3994	3995
3996	4071
4019	4060
4034	4035
4049	4082
4049	4341
4050	4051
4050	4088
4050	4445
4060	4061
4060	4062
4060	4091
4060	4106
4060	4107
4060	4171
4060	4184
4060	4186
4060	4239
4060	4245
4060	4249
4060	4310
4065	4066
4065	4229
4065	4360
4067	4253
4067	4285
4068	4069
4068	4086
4068	4143
4068	4155
4068	4156
4068	4318
4070	4321
4070	4406
4070	4419
4077	4078
4077	4185
4077	4382
4077	4393
4080	4081
4080	4226
4080	4269
4100	4101
4104	4105
4104	4280
4104	4443
4113	4114
4113	4190
4113	4348
4114	4168
4115	4240
4115	4262
4115	4275
4115	4304
4115	4440
4134	4135
4138	4139
4165	4166
4168	4182
4168	4311
4168	4431
4168	4449
4177	4178
4204	4205
4204	4299
4204	4412
4223	4224
4223	4435
4242	4248
4242	4302
4242	4342
4349	4350
4375	4376
4424	4425
