0	1
2	3
2	17
2	34
2	36
4	5
4	17
6	7
6	25
6	35
8	9
8	33
8	40
10	11
10	23
10	24
12	13
12	44
14	15
14	16
14	20
14	21
14	22
14	26
14	27
14	28
14	29
14	30
14	38
14	41
14	42
14	43
18	19
31	32
31	37
31	39
45	46
45	57
45	69
45	77
45	79
45	81
45	90
45	91
45	95
45	102
45	105
45	106
45	107
45	113
45	117
45	118
45	122
45	125
45	138
45	139
45	140
45	149
45	151
47	48
47	146
49	50
49	100
49	101
51	52
51	62
51	63
51	73
51	75
51	76
51	80
51	85
51	87
51	88
51	92
51	96
51	97
51	111
51	112
51	115
51	116
51	123
51	133
51	139
51	143
51	144
51	150
51	153
53	54
53	55
53	56
53	66
53	67
53	68
53	72
53	74
53	78
53	82
53	84
53	86
53	89
53	109
53	124
53	126
53	127
53	128
53	142
53	155
58	59
58	98
60	61
60	108
64	65
64	83
64	99
64	119
64	131
64	132
64	134
64	136
64	137
64	141
64	145
70	71
70	110
70	135
70	148
70	152
93	94
93	147
103	104
103	114
103	154
120	121
129	130
