0	1
2	3
2	17
2	34
2	36
3	221
4	5
4	17
6	7
6	25
6	35
8	9
8	33
8	40
10	11
10	23
10	24
12	13
12	44
13	250
13	305
13	353
13	420
13	425
13	426
14	15
14	16
14	20
14	21
14	22
14	26
14	27
14	28
14	29
14	30
14	38
14	41
14	42
14	43
15	21
18	19
21	26
21	27
21	28
21	30
21	38
21	42
21	158
21	164
21	203
21	214
21	230
21	236
21	237
21	246
21	247
21	269
21	270
21	276
21	277
21	278
21	281
21	288
21	303
21	308
21	310
21	324
21	335
21	341
21	347
21	351
21	357
21	362
21	365
21	366
21	376
21	377
21	386
21	389
21	395
21	408
21	409
21	422
21	434
21	435
31	32
31	37
31	39
34	291
38	267
45	46
45	57
45	69
45	77
45	79
45	81
45	90
45	91
45	95
45	102
45	105
45	106
45	107
45	113
45	117
45	118
45	122
45	125
45	138
45	139
45	140
45	149
45	151
47	48
47	146
49	50
49	100
49	101
51	52
51	62
51	63
51	73
51	75
51	76
51	80
51	85
51	87
51	88
51	92
51	96
51	97
51	111
51	112
51	115
51	116
51	123
51	133
51	139
51	143
51	144
51	150
51	153
52	76
53	54
53	55
53	56
53	66
53	67
53	68
53	72
53	74
53	78
53	82
53	84
53	86
53	89
53	109
53	124
53	126
53	127
53	128
53	142
53	155
58	59
58	98
60	61
60	108
63	76
63	290
64	65
64	83
64	99
64	119
64	131
64	132
64	134
64	136
64	137
64	141
64	145
70	71
70	110
70	135
70	148
70	152
75	76
76	92
76	97
76	111
76	116
76	144
76	161
76	245
76	264
76	296
76	297
76	302
76	316
76	319
76	361
93	94
93	147
94	165
101	295
103	104
103	114
103	154
120	121
129	130
139	358
143	290
147	165
156	157
156	173
156	200
156	205
156	304
156	339
156	348
156	367
156	370
159	160
159	169
159	179
159	196
159	222
159	223
159	229
159	238
159	241
159	242
159	249
159	271
159	301
159	307
159	317
159	318
159	320
159	322
159	331
159	379
159	387
159	390
159	394
159	396
159	398
159	411
162	163
162	176
162	177
162	178
162	198
162	216
162	233
162	298
162	344
162	354
162	383
162	392
165	166
165	187
165	193
165	195
165	204
165	235
165	240
165	243
165	244
165	262
165	263
165	273
165	274
165	292
165	311
165	312
165	326
165	337
165	375
165	429
167	168
167	184
167	275
167	332
167	350
167	355
167	427
170	171
170	325
170	338
172	173
172	194
172	306
172	327
172	328
172	380
174	175
174	299
174	372
174	378
180	181
180	188
182	183
182	248
182	289
182	393
182	405
182	413
185	186
185	253
185	272
185	356
185	360
185	397
189	190
189	401
191	192
191	199
191	252
191	286
191	433
196	197
196	215
196	260
196	280
196	282
196	300
196	314
196	329
196	330
196	336
196	352
196	399
196	424
201	202
206	207
207	284
207	340
208	209
208	251
208	259
208	309
208	323
208	402
208	430
208	437
210	211
210	234
210	266
212	213
212	261
212	279
212	283
212	428
217	218
217	285
217	294
217	373
217	374
219	220
219	228
219	239
219	254
219	369
219	371
219	421
224	225
226	227
226	287
227	265
231	232
235	293
240	293
244	391
255	256
255	321
255	400
255	403
255	404
257	258
265	313
265	315
267	268
290	364
290	406
295	410
327	328
327	363
327	368
327	412
333	334
336	388
342	343
345	346
345	407
349	350
349	423
358	359
381	382
384	385
414	415
414	436
416	417
418	419
431	432
