0	1
2	3
2	17
2	34
2	36
3	32
3	221
3	635
4	5
4	17
6	7
6	25
6	35
7	25
7	702
7	1007
7	1035
7	1214
8	9
8	33
8	40
10	11
10	23
10	24
11	23
11	24
11	579
12	13
12	44
13	250
13	305
13	353
13	420
13	425
13	426
14	15
14	16
14	20
14	21
14	22
14	26
14	27
14	28
14	29
14	30
14	38
14	41
14	42
14	43
15	21
18	19
19	493
21	26
21	27
21	28
21	30
21	38
21	42
21	158
21	164
21	203
21	214
21	230
21	236
21	237
21	246
21	247
21	269
21	270
21	276
21	277
21	278
21	281
21	288
21	303
21	308
21	310
21	324
21	335
21	341
21	347
21	351
21	357
21	362
21	365
21	366
21	376
21	377
21	386
21	389
21	395
21	408
21	409
21	422
21	434
21	435
29	1135
29	1152
31	32
31	37
31	39
32	635
32	658
32	695
32	806
32	831
32	885
32	891
32	937
32	952
32	957
32	985
32	986
32	1089
32	1108
32	1277
34	291
38	267
45	46
45	57
45	69
45	77
45	79
45	81
45	90
45	91
45	95
45	102
45	105
45	106
45	107
45	113
45	117
45	118
45	122
45	125
45	138
45	139
45	140
45	149
45	151
47	48
47	146
49	50
49	100
49	101
51	52
51	62
51	63
51	73
51	75
51	76
51	80
51	85
51	87
51	88
51	92
51	96
51	97
51	111
51	112
51	115
51	116
51	123
51	133
51	139
51	143
51	144
51	150
51	153
52	76
52	1186
53	54
53	55
53	56
53	66
53	67
53	68
53	72
53	74
53	78
53	82
53	84
53	86
53	89
53	109
53	124
53	126
53	127
53	128
53	142
53	155
58	59
58	98
60	61
60	108
63	76
63	290
64	65
64	83
64	99
64	119
64	131
64	132
64	134
64	136
64	137
64	141
64	145
68	629
70	71
70	110
70	135
70	148
70	152
72	629
75	76
76	92
76	97
76	111
76	116
76	144
76	161
76	245
76	264
76	296
76	297
76	302
76	316
76	319
76	361
80	629
82	472
85	153
88	153
93	94
93	147
94	165
101	295
101	459
103	104
103	114
103	154
111	619
113	651
116	153
116	619
116	629
116	638
116	809
120	121
124	627
124	629
129	130
139	358
142	629
143	290
144	153
147	165
151	438
153	245
156	157
156	173
156	200
156	205
156	304
156	339
156	348
156	367
156	370
157	318
159	160
159	169
159	179
159	196
159	222
159	223
159	229
159	238
159	241
159	242
159	249
159	271
159	301
159	307
159	317
159	318
159	320
159	322
159	331
159	379
159	387
159	390
159	394
159	396
159	398
159	411
160	317
160	629
162	163
162	176
162	177
162	178
162	198
162	216
162	233
162	298
162	344
162	354
162	383
162	392
165	166
165	187
165	193
165	195
165	204
165	235
165	240
165	243
165	244
165	262
165	263
165	273
165	274
165	292
165	311
165	312
165	326
165	337
165	375
165	429
167	168
167	184
167	275
167	332
167	350
167	355
167	427
169	379
169	626
169	1021
169	1061
170	171
170	325
170	338
172	173
172	194
172	306
172	327
172	328
172	380
173	653
174	175
174	299
174	372
174	378
176	375
176	438
176	452
179	394
179	1255
180	181
180	188
182	183
182	248
182	289
182	393
182	405
182	413
185	186
185	253
185	272
185	356
185	360
185	397
189	190
189	401
191	192
191	199
191	252
191	286
191	433
196	197
196	215
196	260
196	280
196	282
196	300
196	314
196	329
196	330
196	336
196	352
196	399
196	424
200	627
201	202
205	447
205	619
205	627
205	629
205	809
205	828
205	1105
205	1210
206	207
207	284
207	340
208	209
208	251
208	259
208	309
208	323
208	402
208	430
208	437
210	211
210	234
210	266
212	213
212	261
212	279
212	283
212	428
217	218
217	285
217	294
217	373
217	374
218	285
219	220
219	228
219	239
219	254
219	369
219	371
219	421
222	619
222	653
222	809
224	225
226	227
226	287
227	265
227	456
227	511
228	371
229	317
231	232
234	629
235	293
239	371
240	293
242	629
242	641
244	391
250	438
255	256
255	321
255	400
255	403
255	404
257	258
265	313
265	315
266	602
266	613
266	614
266	615
267	268
273	375
278	704
285	373
290	364
290	406
292	375
295	410
301	317
301	809
305	703
306	653
311	375
317	371
317	463
317	471
317	505
317	515
317	529
317	562
317	563
317	591
317	594
318	421
318	464
318	475
318	481
318	492
318	496
318	506
318	514
318	592
327	328
327	363
327	368
327	412
328	1144
332	726
333	334
336	388
336	457
336	619
337	375
341	477
342	343
343	700
345	346
345	407
349	350
349	423
350	674
356	445
358	359
360	445
369	371
369	650
370	619
371	650
371	1250
371	1284
373	647
373	990
373	1150
374	911
374	1176
375	443
375	444
375	446
375	474
375	489
375	495
375	500
375	503
375	504
375	509
375	545
375	546
375	547
375	548
375	570
375	595
381	382
384	385
397	953
410	638
410	778
414	415
414	436
416	417
418	419
424	457
428	627
431	432
438	439
438	440
438	441
438	442
438	447
438	448
438	451
438	458
438	462
438	469
438	470
438	476
438	491
438	492
438	494
438	501
438	507
438	517
438	518
438	519
438	523
438	538
438	539
438	540
438	541
438	543
438	544
438	549
438	552
438	553
438	559
438	568
438	569
438	571
438	572
438	573
438	577
438	578
438	580
438	581
438	584
438	585
438	587
438	590
438	597
438	598
445	454
445	455
445	467
445	468
445	482
445	487
445	488
445	497
445	499
445	510
445	512
445	516
445	524
445	525
445	526
445	533
445	534
445	535
445	555
445	560
445	566
445	574
445	586
445	593
447	629
447	641
449	450
449	473
449	551
449	601
452	453
452	460
452	461
452	494
452	499
452	508
452	520
452	530
452	537
452	542
452	554
452	567
452	576
452	582
452	583
452	588
452	596
453	520
457	565
457	600
461	520
465	466
468	627
471	629
473	676
476	629
477	478
477	490
477	498
477	558
479	480
479	485
479	589
483	484
483	486
483	502
483	513
483	536
493	1016
494	520
499	520
507	629
508	520
509	703
520	537
520	542
520	554
520	576
520	583
520	588
520	596
520	618
520	775
520	915
520	1006
520	1149
520	1285
521	522
521	599
527	528
527	550
529	753
531	532
532	635
539	629
541	629
551	794
556	557
556	561
556	564
556	575
562	653
562	746
562	778
562	809
562	1239
563	629
594	627
594	809
600	619
600	809
603	604
603	607
605	606
605	617
608	609
608	612
608	616
610	611
619	620
619	621
619	622
619	628
619	634
619	648
619	661
619	662
619	669
619	670
619	699
619	739
619	754
619	757
619	798
619	801
619	802
619	807
619	809
619	822
619	831
619	836
619	838
619	846
619	849
619	858
619	859
619	864
619	876
619	877
619	878
619	879
619	886
619	887
619	888
619	893
619	898
619	899
619	900
619	902
619	914
619	918
619	930
619	931
619	933
619	934
619	963
619	1009
619	1012
619	1015
619	1020
619	1022
619	1044
619	1045
619	1048
619	1049
619	1055
619	1064
619	1068
619	1073
619	1075
619	1083
619	1092
619	1103
619	1109
619	1116
619	1132
619	1175
619	1177
619	1199
619	1213
619	1217
619	1224
619	1231
619	1257
619	1278
619	1302
622	809
623	624
625	626
625	663
625	753
625	754
625	809
626	753
627	678
627	679
627	682
627	684
627	706
627	709
627	725
627	746
627	757
627	759
627	784
627	786
627	788
627	791
627	798
627	824
627	859
627	872
627	895
627	946
627	949
627	950
627	951
627	956
627	982
627	983
627	984
627	987
627	988
627	1000
627	1018
627	1047
627	1084
627	1095
627	1104
627	1124
627	1145
627	1160
627	1168
627	1174
627	1254
628	629
629	630
629	631
629	637
629	640
629	641
629	643
629	644
629	645
629	646
629	648
629	649
629	654
629	655
629	656
629	657
629	664
629	665
629	666
629	667
629	668
629	673
629	684
629	685
629	686
629	687
629	688
629	689
629	690
629	694
629	698
629	701
629	706
629	710
629	711
629	712
629	713
629	717
629	718
629	719
629	720
629	721
629	722
629	724
629	725
629	730
629	732
629	733
629	734
629	735
629	736
629	737
629	738
629	740
629	741
629	742
629	744
629	745
629	747
629	754
629	758
629	761
629	762
629	765
629	766
629	767
629	768
629	769
629	771
629	772
629	773
629	774
629	776
629	777
629	779
629	780
629	781
629	782
629	783
629	785
629	792
629	793
629	796
629	797
629	798
629	813
629	814
629	815
629	816
629	817
629	821
629	822
629	823
629	834
629	835
629	836
629	842
629	844
629	849
629	855
629	856
629	857
629	859
629	860
629	861
629	863
629	865
629	866
629	867
629	870
629	871
629	875
629	879
629	880
629	881
629	882
629	883
629	889
629	890
629	892
629	901
629	904
629	905
629	906
629	917
629	920
629	921
629	922
629	924
629	925
629	926
629	927
629	928
629	935
629	936
629	938
629	939
629	940
629	943
629	944
629	945
629	947
629	958
629	960
629	966
629	967
629	968
629	969
629	970
629	971
629	974
629	979
629	980
629	989
629	991
629	992
629	993
629	994
629	995
629	1001
629	1002
629	1003
629	1004
629	1005
629	1010
629	1012
629	1013
629	1024
629	1025
629	1026
629	1027
629	1028
629	1029
629	1030
629	1031
629	1034
629	1036
629	1037
629	1038
629	1040
629	1041
629	1042
629	1046
629	1051
629	1054
629	1056
629	1057
629	1058
629	1060
629	1063
629	1066
629	1069
629	1070
629	1071
629	1072
629	1074
629	1078
629	1085
629	1086
629	1094
629	1095
629	1096
629	1098
629	1099
629	1106
629	1109
629	1112
629	1113
629	1116
629	1119
629	1120
629	1121
629	1122
629	1123
629	1128
629	1134
629	1137
629	1138
629	1147
629	1162
629	1163
629	1164
629	1165
629	1167
629	1168
629	1169
629	1170
629	1171
629	1178
629	1179
629	1180
629	1181
629	1182
629	1188
629	1189
629	1190
629	1191
629	1192
629	1194
629	1195
629	1197
629	1201
629	1202
629	1203
629	1204
629	1205
629	1206
629	1207
629	1208
629	1209
629	1210
629	1211
629	1212
629	1225
629	1229
629	1230
629	1232
629	1234
629	1235
629	1236
629	1237
629	1238
629	1244
629	1247
629	1248
629	1249
629	1251
629	1253
629	1259
629	1260
629	1261
629	1266
629	1272
629	1273
629	1274
629	1276
629	1279
629	1280
629	1281
629	1283
629	1286
629	1287
629	1288
629	1289
629	1290
629	1291
629	1292
629	1293
629	1294
629	1295
629	1299
629	1300
629	1301
629	1303
629	1304
629	1306
629	1308
629	1310
629	1311
629	1312
629	1314
629	1315
629	1316
629	1317
629	1318
629	1319
629	1320
629	1322
630	641
632	633
632	847
632	929
632	1166
632	1268
635	636
635	658
635	663
635	695
635	831
635	873
635	874
635	885
635	887
635	891
635	894
635	913
635	942
635	952
635	957
635	985
635	1008
635	1089
635	1108
635	1118
635	1143
635	1172
638	639
638	716
638	755
638	803
638	830
638	884
638	910
638	955
638	1014
638	1023
638	1076
638	1100
638	1133
638	1142
638	1156
638	1198
638	1200
638	1216
638	1228
638	1242
638	1258
640	641
641	642
641	682
641	715
641	731
641	742
641	743
641	744
641	745
641	798
641	814
641	823
641	864
641	892
641	909
641	961
641	963
641	975
641	978
641	1012
641	1030
641	1041
641	1062
641	1069
641	1074
641	1086
641	1103
641	1109
641	1111
641	1116
641	1128
641	1137
641	1161
641	1165
641	1170
641	1181
641	1183
641	1184
641	1187
641	1188
641	1233
641	1238
641	1252
647	1226
651	652
652	804
652	868
652	869
652	1223
653	719
653	763
653	810
653	872
653	1101
653	1102
653	1140
653	1241
653	1305
659	660
659	981
659	1136
659	1193
671	672
671	714
671	818
674	675
674	897
674	912
674	919
674	1019
674	1065
674	1090
674	1117
674	1296
676	677
676	808
680	681
680	691
680	730
680	790
680	833
680	859
680	862
680	932
680	1064
683	684
683	685
683	764
683	771
683	798
683	841
683	948
683	977
683	1060
683	1087
683	1110
683	1130
683	1256
683	1267
683	1269
683	1297
683	1321
683	1323
691	730
692	693
692	752
692	845
692	996
692	1196
692	1215
696	697
696	787
696	1125
696	1159
699	700
699	809
700	701
700	829
700	1115
703	751
703	916
703	1155
703	1262
704	705
704	723
704	756
704	760
704	799
704	800
704	825
704	826
704	848
704	896
704	959
704	1080
704	1082
704	1093
704	1114
704	1151
704	1173
704	1298
707	708
707	1077
707	1139
726	727
726	1313
728	729
728	750
728	770
728	805
728	820
728	941
728	962
728	965
728	1081
728	1091
728	1185
728	1240
728	1264
728	1307
730	809
730	865
730	1106
748	749
748	908
748	1050
753	754
753	843
753	851
778	955
778	1014
778	1133
778	1142
789	790
789	1083
794	795
794	964
809	810
809	819
809	827
809	836
809	844
809	850
809	852
809	859
809	903
809	907
809	923
809	932
809	934
809	999
809	1011
809	1012
809	1039
809	1043
809	1059
809	1067
809	1079
809	1083
809	1094
809	1097
809	1106
809	1129
809	1131
809	1140
809	1146
809	1154
809	1218
809	1243
809	1263
809	1282
809	1309
811	812
811	832
811	837
811	976
811	1088
811	1148
811	1153
839	840
853	854
953	954
953	1157
972	973
972	1107
997	998
998	1333
1016	1017
1032	1033
1032	1141
1052	1053
1126	1127
1126	1158
1150	1275
1198	1324
1219	1220
1221	1222
1221	1265
1226	1227
1245	1246
1270	1271
1324	1325
1324	1326
1324	1327
1324	1332
1324	1334
1328	1329
1330	1331
